"","AGB_Change","Plot","PercentRemoved"
"1",-764.687038602424,"ACDG_P015",25
"2",-1958.1309838646,"ACDG_P015",50
"3",-4190.20279465333,"ACDG_P015",100
"4",-895.854775037646,"ACDG_P015",25
"5",-1776.28239746165,"ACDG_P015",50
"6",-4195.58371905016,"ACDG_P015",100
"7",-2223.47584184699,"ACDG_P015",25
"8",1679.30135759461,"ACDG_P015",50
"9",1733.49797301038,"ACDG_P015",100
"10",3558.14300461079,"ACDG_P015",25
"11",-1867.52662973068,"ACDG_P015",50
"12",-292.623896669073,"ACDG_P015",100
"13",-1772.76927273656,"ACDG_P015",25
"14",-771.127929655253,"ACDG_P015",50
"15",-3789.36021991679,"ACDG_P015",100
"16",1648.62488788256,"ACDG_P015",25
"17",-2527.00873576291,"ACDG_P015",50
"18",-4250.00280533059,"ACDG_P015",100
"19",609.134143831179,"ACDG_P015",25
"20",-3128.97521969138,"ACDG_P015",50
"21",1221.38586148957,"ACDG_P015",100
"22",-949.174157139525,"ACDG_P015",25
"23",-1263.82104288696,"ACDG_P015",50
"24",-3969.62628963651,"ACDG_P015",100
"25",-1011.38370406433,"ACDG_P015",25
"26",-3397.77398584303,"ACDG_P015",50
"27",-4516.85290670386,"ACDG_P015",100
"28",-442.249594092718,"ACDG_P015",25
"29",-2538.91954488645,"ACDG_P015",50
"30",-3719.0927220548,"ACDG_P015",100
"31",1209.56130635785,"ACDG_P015",25
"32",-791.387237407995,"ACDG_P015",50
"33",-1035.22338862374,"ACDG_P015",100
"34",-319.184711785172,"ACDG_P015",25
"35",-772.450700168149,"ACDG_P015",50
"36",-3763.14906975636,"ACDG_P015",100
"37",-2224.92671907262,"ACDG_P015",25
"38",-3277.76573359693,"ACDG_P015",50
"39",-476.691192113009,"ACDG_P015",100
"40",-277.099998022692,"ACDG_P015",25
"41",-2013.14770247444,"ACDG_P015",50
"42",-1827.8721354127,"ACDG_P015",100
"43",-1110.31895490567,"ACDG_P015",25
"44",486.869362025085,"ACDG_P015",50
"45",-4160.91803539355,"ACDG_P015",100
"46",-633.510084714304,"ACDG_P015",25
"47",-328.811267234007,"ACDG_P015",50
"48",-4071.35857223059,"ACDG_P015",100
"49",5114.27511728808,"ACDG_P015",25
"50",-559.054498400976,"ACDG_P015",50
"51",-977.131639109895,"ACDG_P015",100
"52",-572.689222306741,"ACDG_P015",25
"53",4347.68312390728,"ACDG_P015",50
"54",-2473.13074097136,"ACDG_P015",100
"55",-2225.70941763447,"ACDG_P015",25
"56",-803.444848270039,"ACDG_P015",50
"57",-3902.27625390442,"ACDG_P015",100
"58",-211.69080476099,"ACDG_P015",25
"59",-1429.11036982326,"ACDG_P015",50
"60",-2657.63542824553,"ACDG_P015",100
"61",-672.338207743538,"ACDG_P015",25
"62",-1918.64504923217,"ACDG_P015",50
"63",-786.104962483776,"ACDG_P015",100
"64",3630.91215514627,"ACDG_P015",25
"65",-2809.81009746846,"ACDG_P015",50
"66",573.427319947717,"ACDG_P015",100
"67",-543.084499020857,"ACDG_P015",25
"68",-1046.20568407778,"ACDG_P015",50
"69",-2502.08551334721,"ACDG_P015",100
"70",-2199.63335004452,"ACDG_P015",25
"71",-1211.44640047115,"ACDG_P015",50
"72",-2663.25248164596,"ACDG_P015",100
"73",-2199.63335004452,"ACDG_P015",25
"74",-953.369193143153,"ACDG_P015",50
"75",-3087.81882384096,"ACDG_P015",100
"76",-596.238459520362,"ACDG_P015",25
"77",3972.32481799184,"ACDG_P015",50
"78",-1759.69091617674,"ACDG_P015",100
"79",-596.636373737478,"ACDG_P015",25
"80",-2733.12627545747,"ACDG_P015",50
"81",-899.812673998182,"ACDG_P015",100
"82",3020.23431543776,"ACDG_P015",25
"83",-3077.69944239224,"ACDG_P015",50
"84",2429.25489180273,"ACDG_P015",100
"85",300.818159670103,"ACDG_P015",25
"86",-594.04748405164,"ACDG_P015",50
"87",-3322.95170178605,"ACDG_P015",100
"88",-609.670679650997,"ACDG_P015",25
"89",2677.7614014578,"ACDG_P015",50
"90",6403.09428177142,"ACDG_P015",100
"91",-943.866311990772,"ACDG_P015",25
"92",-2926.69685486349,"ACDG_P015",50
"93",-2531.33079340143,"ACDG_P015",100
"94",-493.094854425348,"ACDG_P015",25
"95",-2501.14668094448,"ACDG_P015",50
"96",-3792.42757272968,"ACDG_P015",100
"97",-31.7529093900812,"ACDG_P015",25
"98",-3335.16582029412,"ACDG_P015",50
"99",-3860.30993642786,"ACDG_P015",100
"100",-840.207734800904,"ACDG_P015",25
"101",-481.788347205846,"ACDG_P015",50
"102",-4017.9051549265,"ACDG_P015",100
"103",-1074.30594020479,"ACDG_P015",25
"104",-1513.35599146903,"ACDG_P015",50
"105",539.89639467033,"ACDG_P015",100
"106",827.393946503813,"ACDG_P015",25
"107",12731.3333550357,"ACDG_P015",50
"108",4999.49291597909,"ACDG_P015",100
"109",-439.136898557481,"ACDG_P015",25
"110",-2570.49753474109,"ACDG_P015",50
"111",-4270.34558375637,"ACDG_P015",100
"112",-618.536825690739,"ACDG_P015",25
"113",2731.41898700839,"ACDG_P015",50
"114",-807.742764021415,"ACDG_P015",100
"115",-2271.27682177434,"ACDG_P015",25
"116",-1808.75020360606,"ACDG_P015",50
"117",-1534.81611167092,"ACDG_P015",100
"118",-1884.42297589534,"ACDG_P015",25
"119",-1246.6829196164,"ACDG_P015",50
"120",6681.65047213118,"ACDG_P015",100
"121",-2055.58239041726,"ACDG_P015",25
"122",-1879.41833547398,"ACDG_P015",50
"123",818.120762455888,"ACDG_P015",100
"124",8152.50692898445,"ACDG_P015",25
"125",-1991.91691221911,"ACDG_P015",50
"126",-3722.60006645464,"ACDG_P015",100
"127",-499.450277739932,"ACDG_P015",25
"128",-52.6885978078935,"ACDG_P015",50
"129",-2898.66905231914,"ACDG_P015",100
"130",-116.920107792714,"ACDG_P015",25
"131",-3020.43477972812,"ACDG_P015",50
"132",1309.4192043849,"ACDG_P015",100
"133",-2224.92671907262,"ACDG_P015",25
"134",1140.29948599156,"ACDG_P015",50
"135",-2667.40995673335,"ACDG_P015",100
"136",-694.700799252547,"ACDG_P015",25
"137",1938.55080101921,"ACDG_P015",50
"138",-1462.9739354862,"ACDG_P015",100
"139",-1222.78243405523,"ACDG_P015",25
"140",3316.59872455889,"ACDG_P015",50
"141",5.12218242583913,"ACDG_P015",100
"142",395.802735439385,"ACDG_P015",25
"143",-1880.80462790019,"ACDG_P015",50
"144",2247.07003451043,"ACDG_P015",100
"145",3222.42295095327,"ACDG_P015",25
"146",-2867.38373947921,"ACDG_P015",50
"147",-4082.45581616924,"ACDG_P015",100
"148",1290.52212714514,"ACDG_P015",25
"149",289.164187156246,"ACDG_P015",50
"150",-2897.19993341374,"ACDG_P015",100
"151",-1616.64840961676,"ACDG_P015",25
"152",-2549.66467336609,"ACDG_P015",50
"153",2758.37410679852,"ACDG_P015",100
"154",-380.542697536061,"ACDG_P015",25
"155",-3129.9954042648,"ACDG_P015",50
"156",-2361.45186706955,"ACDG_P015",100
"157",2437.97771271534,"ACDG_P015",25
"158",-987.36545640495,"ACDG_P015",50
"159",1236.11304418964,"ACDG_P015",100
"160",-1550.90361103564,"ACDG_P015",25
"161",2045.96033542478,"ACDG_P015",50
"162",-1547.08844816257,"ACDG_P015",100
"163",675.86812307185,"ACDG_P015",25
"164",-422.733484356693,"ACDG_P015",50
"165",-2177.48193328321,"ACDG_P015",100
"166",-629.782699522359,"ACDG_P015",25
"167",-2834.39368657343,"ACDG_P015",50
"168",-3121.95246240252,"ACDG_P015",100
"169",-1141.78157769062,"ACDG_P015",25
"170",-3126.77717510087,"ACDG_P015",50
"171",-3037.77233473829,"ACDG_P015",100
"172",-1205.98565173842,"ACDG_P015",25
"173",-1550.22014188176,"ACDG_P015",50
"174",-2589.91677668208,"ACDG_P015",100
"175",-1177.53384731381,"ACDG_P015",25
"176",-2858.72030534947,"ACDG_P015",50
"177",-3310.0532443533,"ACDG_P015",100
"178",-608.702237007616,"ACDG_P015",25
"179",574.095825331839,"ACDG_P015",50
"180",-4198.58970183643,"ACDG_P015",100
"181",-422.791643098433,"ACDG_P015",25
"182",859.576857310487,"ACDG_P015",50
"183",-757.614959325991,"ACDG_P015",100
"184",-1801.80715099699,"ACDG_P015",25
"185",-1734.15267952415,"ACDG_P015",50
"186",-4487.72519645147,"ACDG_P015",100
"187",-1252.39780447018,"ACDG_P015",25
"188",-1493.84374543419,"ACDG_P015",50
"189",2524.8182891761,"ACDG_P015",100
"190",1355.3335544494,"ACDG_P015",25
"191",-808.297898635472,"ACDG_P015",50
"192",-2487.06539837463,"ACDG_P015",100
"193",-623.842904789024,"ACDG_P015",25
"194",-2063.68582764058,"ACDG_P015",50
"195",240.313697580335,"ACDG_P015",100
"196",-338.59101690285,"ACDG_P015",25
"197",-1163.68057842122,"ACDG_P015",50
"198",8571.4439521239,"ACDG_P015",100
"199",-531.703573385021,"ACDG_P015",25
"200",-1274.71700415821,"ACDG_P015",50
"201",-2710.28775864412,"ACDG_P015",100
"202",-1443.14150549029,"ACDG_P015",25
"203",-2903.46470123748,"ACDG_P015",50
"204",-4272.36443085372,"ACDG_P015",100
"205",8881.48288192981,"ACDG_P015",25
"206",-929.880618236668,"ACDG_P015",50
"207",7351.44419071733,"ACDG_P015",100
"208",-721.799933246191,"ACDG_P015",25
"209",-2030.59628696414,"ACDG_P015",50
"210",-2881.91209447765,"ACDG_P015",100
"211",-976.515126693004,"ACDG_P015",25
"212",-1030.59816215208,"ACDG_P015",50
"213",-4559.19016117058,"ACDG_P015",100
"214",315.913014013262,"ACDG_P015",25
"215",-2892.69547568753,"ACDG_P015",50
"216",2188.50997255137,"ACDG_P015",100
"217",-875.086170366965,"ACDG_P015",25
"218",-757.167486362683,"ACDG_P015",50
"219",-3473.7377269268,"ACDG_P015",100
"220",-442.249594092718,"ACDG_P015",25
"221",-2318.61651813128,"ACDG_P015",50
"222",763.580469591689,"ACDG_P015",100
"223",2747.40895005548,"ACDG_P015",25
"224",2325.56463823188,"ACDG_P015",50
"225",4157.48205677362,"ACDG_P015",100
"226",112.990607187035,"ACDG_P015",25
"227",-1130.94269016388,"ACDG_P015",50
"228",-3142.63558489498,"ACDG_P015",100
"229",-31.7529093900812,"ACDG_P015",25
"230",-2966.40717899252,"ACDG_P015",50
"231",-2969.14868009617,"ACDG_P015",100
"232",-1550.90361103564,"ACDG_P015",25
"233",-2393.46028590493,"ACDG_P015",50
"234",7412.57578939697,"ACDG_P015",100
"235",-1134.73532235154,"ACDG_P015",25
"236",1621.6469800963,"ACDG_P015",50
"237",-3196.10001433725,"ACDG_P015",100
"238",-968.61217006261,"ACDG_P015",25
"239",1278.07552358779,"ACDG_P015",50
"240",-1062.92059460504,"ACDG_P015",100
"241",-1055.11072313105,"ACDG_P015",25
"242",-1313.48166467948,"ACDG_P015",50
"243",-968.531014480221,"ACDG_P015",100
"244",-301.67720577502,"ACDG_P015",25
"245",-347.424719879375,"ACDG_P015",50
"246",-739.197954050091,"ACDG_P015",100
"247",1096.4990858438,"ACDG_P015",25
"248",-2012.75350268043,"ACDG_P015",50
"249",-2350.21672737197,"ACDG_P015",100
"250",-253.528790289682,"ACDG_P015",25
"251",-509.908011556632,"ACDG_P015",50
"252",-3939.89091608321,"ACDG_P015",100
"253",-1170.41132429335,"ACDG_P015",25
"254",-2517.91756548482,"ACDG_P015",50
"255",-592.399542615778,"ACDG_P015",100
"256",-730.768019495416,"ACDG_P015",25
"257",2466.92749463595,"ACDG_P015",50
"258",-3775.70907405994,"ACDG_P015",100
"259",-411.490218998631,"ACDG_P015",25
"260",-3145.85917143384,"ACDG_P015",50
"261",7119.60080610562,"ACDG_P015",100
"262",-458.858863341273,"ACDG_P015",25
"263",-957.701243194926,"ACDG_P015",50
"264",-908.662457145751,"ACDG_P015",100
"265",-2266.13082329251,"ACDG_P015",25
"266",-980.785537779157,"ACDG_P015",50
"267",-2429.21883553528,"ACDG_P015",100
"268",1290.52212714514,"ACDG_P015",25
"269",-1693.80968022873,"ACDG_P015",50
"270",-2303.20246745565,"ACDG_P015",100
"271",-2091.09392168681,"ACDG_P015",25
"272",-2229.79690691945,"ACDG_P015",50
"273",-787.111270948721,"ACDG_P015",100
"274",-1056.35146368068,"ACDG_P015",25
"275",-1908.22757521979,"ACDG_P015",50
"276",-2791.89035721269,"ACDG_P015",100
"277",-1260.92758228004,"ACDG_P015",25
"278",-46.223498103267,"ACDG_P015",50
"279",-3223.609269604,"ACDG_P015",100
"280",-662.078663230059,"ACDG_P015",25
"281",-601.783003827353,"ACDG_P015",50
"282",-2589.95674999902,"ACDG_P015",100
"283",-499.450277739932,"ACDG_P015",25
"284",-1810.06709368646,"ACDG_P015",50
"285",-4084.3371686434,"ACDG_P015",100
"286",-1884.42297589534,"ACDG_P015",25
"287",-1638.35199279082,"ACDG_P015",50
"288",-3053.6110098082,"ACDG_P015",100
"289",56.814614707022,"ACDG_P015",25
"290",-2708.51266236108,"ACDG_P015",50
"291",-4680.06884026629,"ACDG_P015",100
"292",-1675.20640794726,"ACDG_P015",25
"293",882.837173558743,"ACDG_P015",50
"294",-4717.51870096303,"ACDG_P015",100
"295",-2270.73731508461,"ACDG_P015",25
"296",3403.71544113991,"ACDG_P015",50
"297",15665.6502753217,"ACDG_P015",100
"298",-1998.38170677004,"ACDG_P015",25
"299",-1705.24397044195,"ACDG_P015",50
"300",-4222.41722689607,"ACDG_P015",100
"301",-4047.96436085514,"ACDG_P016",25
"302",-4721.40283699753,"ACDG_P016",50
"303",2950.17157600811,"ACDG_P016",100
"304",-1040.35819506602,"ACDG_P016",25
"305",1643.51717352169,"ACDG_P016",50
"306",-2948.77025889399,"ACDG_P016",100
"307",2266.91413138399,"ACDG_P016",25
"308",-4404.47572548091,"ACDG_P016",50
"309",-4008.85524616973,"ACDG_P016",100
"310",3067.76078753581,"ACDG_P016",25
"311",6550.49630044494,"ACDG_P016",50
"312",-7002.71471355329,"ACDG_P016",100
"313",2508.82310568946,"ACDG_P016",25
"314",-7071.72126594253,"ACDG_P016",50
"315",-6686.30817364386,"ACDG_P016",100
"316",-94.9825107592915,"ACDG_P016",25
"317",4432.73755013588,"ACDG_P016",50
"318",331.384008912719,"ACDG_P016",100
"319",1589.401969306,"ACDG_P016",25
"320",-5971.67900771333,"ACDG_P016",50
"321",5854.05856997371,"ACDG_P016",100
"322",2216.82765789097,"ACDG_P016",25
"323",3894.68821356032,"ACDG_P016",50
"324",-1972.05804287136,"ACDG_P016",100
"325",4474.91954266361,"ACDG_P016",25
"326",-1573.74810506555,"ACDG_P016",50
"327",-3670.36184845012,"ACDG_P016",100
"328",147.226944738562,"ACDG_P016",25
"329",-7795.36441908672,"ACDG_P016",50
"330",-8926.84250631163,"ACDG_P016",100
"331",579.054291120847,"ACDG_P016",25
"332",-24.785167822527,"ACDG_P016",50
"333",-6387.83431734197,"ACDG_P016",100
"334",608.357761889056,"ACDG_P016",25
"335",-536.88978453126,"ACDG_P016",50
"336",667.278235347301,"ACDG_P016",100
"337",-783.96567072373,"ACDG_P016",25
"338",-3432.98073528131,"ACDG_P016",50
"339",5556.19389747514,"ACDG_P016",100
"340",-1241.19266701807,"ACDG_P016",25
"341",1773.87991210012,"ACDG_P016",50
"342",-4090.12516416865,"ACDG_P016",100
"343",-3994.75074565571,"ACDG_P016",25
"344",-3977.69338980614,"ACDG_P016",50
"345",-3751.45388755106,"ACDG_P016",100
"346",2888.62166442457,"ACDG_P016",25
"347",168.606540918787,"ACDG_P016",50
"348",-947.155298965255,"ACDG_P016",100
"349",-334.231261663255,"ACDG_P016",25
"350",-979.531580620183,"ACDG_P016",50
"351",-9997.21585248972,"ACDG_P016",100
"352",-1763.31407925676,"ACDG_P016",25
"353",-8332.37752177558,"ACDG_P016",50
"354",-8461.86356899355,"ACDG_P016",100
"355",814.515740976349,"ACDG_P016",25
"356",-436.814585515211,"ACDG_P016",50
"357",-4727.57626339063,"ACDG_P016",100
"358",-5575.78326411659,"ACDG_P016",25
"359",-2502.44190843779,"ACDG_P016",50
"360",-4792.83655432519,"ACDG_P016",100
"361",5164.20243690495,"ACDG_P016",25
"362",-1276.75654553331,"ACDG_P016",50
"363",8121.86781960583,"ACDG_P016",100
"364",-1516.2508171369,"ACDG_P016",25
"365",10180.9902372203,"ACDG_P016",50
"366",-3762.74871788599,"ACDG_P016",100
"367",-2959.03612932633,"ACDG_P016",25
"368",-1117.81514277167,"ACDG_P016",50
"369",681.021260296722,"ACDG_P016",100
"370",-2486.20946448183,"ACDG_P016",25
"371",-2008.67175959604,"ACDG_P016",50
"372",2392.75561957451,"ACDG_P016",100
"373",-2761.79405947874,"ACDG_P016",25
"374",1401.93155957511,"ACDG_P016",50
"375",-2103.60372174502,"ACDG_P016",100
"376",-3351.44694475914,"ACDG_P016",25
"377",-2119.74749208218,"ACDG_P016",50
"378",-4465.79385804944,"ACDG_P016",100
"379",-4869.19653654683,"ACDG_P016",25
"380",-426.106802850089,"ACDG_P016",50
"381",894.979593550757,"ACDG_P016",100
"382",2738.13058703035,"ACDG_P016",25
"383",-2117.62940481873,"ACDG_P016",50
"384",-2032.411250331,"ACDG_P016",100
"385",-2335.66995693248,"ACDG_P016",25
"386",2021.5304470424,"ACDG_P016",50
"387",-3787.29056733928,"ACDG_P016",100
"388",-1420.74029655955,"ACDG_P016",25
"389",-1350.74273994964,"ACDG_P016",50
"390",667.341056750098,"ACDG_P016",100
"391",-30.6592036018264,"ACDG_P016",25
"392",-3080.02266376893,"ACDG_P016",50
"393",-1064.61030562874,"ACDG_P016",100
"394",-3872.46762728138,"ACDG_P016",25
"395",-6293.13809891863,"ACDG_P016",50
"396",-3428.3418098359,"ACDG_P016",100
"397",596.393549972068,"ACDG_P016",25
"398",-232.432378910249,"ACDG_P016",50
"399",-1888.07788247595,"ACDG_P016",100
"400",-939.607284455473,"ACDG_P016",25
"401",-3673.6781400849,"ACDG_P016",50
"402",-1767.26848484774,"ACDG_P016",100
"403",523.043380660791,"ACDG_P016",25
"404",1009.58490005034,"ACDG_P016",50
"405",2789.07643862141,"ACDG_P016",100
"406",2322.42745468317,"ACDG_P016",25
"407",-3707.254799032,"ACDG_P016",50
"408",-47.2394436946779,"ACDG_P016",100
"409",2929.03880711063,"ACDG_P016",25
"410",-3727.78911709099,"ACDG_P016",50
"411",-6302.55829538824,"ACDG_P016",100
"412",-1731.36863172156,"ACDG_P016",25
"413",-2128.49988315115,"ACDG_P016",50
"414",2791.618495537,"ACDG_P016",100
"415",-2836.4981204308,"ACDG_P016",25
"416",-3520.59994059193,"ACDG_P016",50
"417",5322.54338889971,"ACDG_P016",100
"418",-157.659361012949,"ACDG_P016",25
"419",-2940.64528391123,"ACDG_P016",50
"420",7425.31344112195,"ACDG_P016",100
"421",1803.465439583,"ACDG_P016",25
"422",-2177.17964880299,"ACDG_P016",50
"423",-8957.2093675799,"ACDG_P016",100
"424",-4774.54508223382,"ACDG_P016",25
"425",881.003814313794,"ACDG_P016",50
"426",-2422.28931391417,"ACDG_P016",100
"427",-316.957069697266,"ACDG_P016",25
"428",-1524.37851554493,"ACDG_P016",50
"429",2779.87839348885,"ACDG_P016",100
"430",-254.337933808623,"ACDG_P016",25
"431",-6297.31468126018,"ACDG_P016",50
"432",-5705.7778355513,"ACDG_P016",100
"433",-1999.62680875053,"ACDG_P016",25
"434",4305.27443677315,"ACDG_P016",50
"435",-2433.04529298082,"ACDG_P016",100
"436",-1442.35594542939,"ACDG_P016",25
"437",-5745.85993204519,"ACDG_P016",50
"438",-130.461792548973,"ACDG_P016",100
"439",3240.34150133125,"ACDG_P016",25
"440",-4404.39643364924,"ACDG_P016",50
"441",-2249.17732814886,"ACDG_P016",100
"442",4507.20689824509,"ACDG_P016",25
"443",-4924.74699695379,"ACDG_P016",50
"444",4812.60754107204,"ACDG_P016",100
"445",-4723.17771436705,"ACDG_P016",25
"446",2720.96992961847,"ACDG_P016",50
"447",-7016.51343960466,"ACDG_P016",100
"448",5446.4210034982,"ACDG_P016",25
"449",1785.45904265033,"ACDG_P016",50
"450",-1325.26781129264,"ACDG_P016",100
"451",8129.59695165991,"ACDG_P016",25
"452",-3505.16480253814,"ACDG_P016",50
"453",-2548.76854835043,"ACDG_P016",100
"454",-1059.26906444062,"ACDG_P016",25
"455",-640.208872076357,"ACDG_P016",50
"456",-7296.87676983487,"ACDG_P016",100
"457",-588.375468053069,"ACDG_P016",25
"458",-1810.1312871151,"ACDG_P016",50
"459",113.765306351677,"ACDG_P016",100
"460",-889.491374151898,"ACDG_P016",25
"461",-8834.60307611755,"ACDG_P016",50
"462",-7885.7742513328,"ACDG_P016",100
"463",7154.55341666684,"ACDG_P016",25
"464",1233.53498133153,"ACDG_P016",50
"465",-2880.95773403006,"ACDG_P016",100
"466",-285.963730435236,"ACDG_P016",25
"467",3954.39740724018,"ACDG_P016",50
"468",9176.0636617803,"ACDG_P016",100
"469",-2040.3129968493,"ACDG_P016",25
"470",1920.19098752647,"ACDG_P016",50
"471",-4787.12199042112,"ACDG_P016",100
"472",4749.95313633347,"ACDG_P016",25
"473",-3182.51567111534,"ACDG_P016",50
"474",-4770.13508400731,"ACDG_P016",100
"475",4431.13068832658,"ACDG_P016",25
"476",-1396.55072272493,"ACDG_P016",50
"477",-7077.61603318295,"ACDG_P016",100
"478",-3939.06658859132,"ACDG_P016",25
"479",-2575.6393731288,"ACDG_P016",50
"480",-1375.02349258208,"ACDG_P016",100
"481",-5675.15264652393,"ACDG_P016",25
"482",1480.18489872426,"ACDG_P016",50
"483",-2437.48819511087,"ACDG_P016",100
"484",3390.5239187007,"ACDG_P016",25
"485",-3575.68222875713,"ACDG_P016",50
"486",-1167.09853043026,"ACDG_P016",100
"487",3491.51529539825,"ACDG_P016",25
"488",3478.0419112214,"ACDG_P016",50
"489",-3706.86987107791,"ACDG_P016",100
"490",2291.84128962303,"ACDG_P016",25
"491",-3112.97836578221,"ACDG_P016",50
"492",-98.7550712236552,"ACDG_P016",100
"493",2300.74269707353,"ACDG_P016",25
"494",-6712.5875106141,"ACDG_P016",50
"495",-1456.26929712968,"ACDG_P016",100
"496",-4445.82589037504,"ACDG_P016",25
"497",-1335.34881452672,"ACDG_P016",50
"498",-2422.9328107019,"ACDG_P016",100
"499",-558.977748589125,"ACDG_P016",25
"500",-7708.31193985313,"ACDG_P016",50
"501",-3371.39626892898,"ACDG_P016",100
"502",4724.21072410379,"ACDG_P016",25
"503",414.023309586773,"ACDG_P016",50
"504",-5906.21633927047,"ACDG_P016",100
"505",-1027.84878225808,"ACDG_P016",25
"506",-3775.70850356089,"ACDG_P016",50
"507",6288.06179177764,"ACDG_P016",100
"508",291.140125696198,"ACDG_P016",25
"509",-2561.54738367451,"ACDG_P016",50
"510",-5270.02801228702,"ACDG_P016",100
"511",-1467.07987387312,"ACDG_P016",25
"512",-590.056556779688,"ACDG_P016",50
"513",-8482.39789672187,"ACDG_P016",100
"514",1491.45146428817,"ACDG_P016",25
"515",3321.29239194366,"ACDG_P016",50
"516",-2937.60663641503,"ACDG_P016",100
"517",-4078.54303831546,"ACDG_P016",25
"518",-5786.02001169985,"ACDG_P016",50
"519",-6394.58217761872,"ACDG_P016",100
"520",827.074900938198,"ACDG_P016",25
"521",-9332.31371912101,"ACDG_P016",50
"522",-6068.98858056255,"ACDG_P016",100
"523",-1320.86142508188,"ACDG_P016",25
"524",-3564.41556145428,"ACDG_P016",50
"525",-3934.3995350984,"ACDG_P016",100
"526",6476.93043055365,"ACDG_P016",25
"527",-6099.86787423451,"ACDG_P016",50
"528",-3988.53600144622,"ACDG_P016",100
"529",-2450.81432754424,"ACDG_P016",25
"530",-5379.61712084871,"ACDG_P016",50
"531",2631.32903471563,"ACDG_P016",100
"532",-1113.74161496985,"ACDG_P016",25
"533",-9036.04040191858,"ACDG_P016",50
"534",-2662.86607269733,"ACDG_P016",100
"535",342.624037887639,"ACDG_P016",25
"536",-4936.81894245904,"ACDG_P016",50
"537",-2925.14412512811,"ACDG_P016",100
"538",-2801.18196877788,"ACDG_P016",25
"539",1517.82925702483,"ACDG_P016",50
"540",-3143.28479660093,"ACDG_P016",100
"541",2903.619383315,"ACDG_P016",25
"542",-895.402334134356,"ACDG_P016",50
"543",-4170.83669035608,"ACDG_P016",100
"544",-1485.87348272916,"ACDG_P016",25
"545",6238.98070926784,"ACDG_P016",50
"546",-2824.87617430175,"ACDG_P016",100
"547",-3897.8749810255,"ACDG_P016",25
"548",-3173.38422457915,"ACDG_P016",50
"549",3262.90965583822,"ACDG_P016",100
"550",1450.21812289394,"ACDG_P016",25
"551",-440.081242488726,"ACDG_P016",50
"552",1155.98950519215,"ACDG_P016",100
"553",-2163.50131892631,"ACDG_P016",25
"554",-3894.34418867787,"ACDG_P016",50
"555",-2148.50202865928,"ACDG_P016",100
"556",1821.86781100754,"ACDG_P016",25
"557",4535.17924870001,"ACDG_P016",50
"558",-1260.37744990995,"ACDG_P016",100
"559",-1667.88689434403,"ACDG_P016",25
"560",-790.56389153027,"ACDG_P016",50
"561",625.300935187086,"ACDG_P016",100
"562",-1014.02299511584,"ACDG_P016",25
"563",-3415.35381109023,"ACDG_P016",50
"564",-2538.015623541,"ACDG_P016",100
"565",915.306750289135,"ACDG_P016",25
"566",-993.488988943776,"ACDG_P016",50
"567",-9341.36436044148,"ACDG_P016",100
"568",-1335.03518335006,"ACDG_P016",25
"569",-5832.41650330526,"ACDG_P016",50
"570",-4384.03687237535,"ACDG_P016",100
"571",-2251.11799621556,"ACDG_P016",25
"572",-2451.31658703685,"ACDG_P016",50
"573",-689.72333021852,"ACDG_P016",100
"574",-4751.41182746258,"ACDG_P016",25
"575",2114.75791481129,"ACDG_P016",50
"576",-7739.61867231893,"ACDG_P016",100
"577",1368.30865302394,"ACDG_P016",25
"578",3182.17299746163,"ACDG_P016",50
"579",3433.48656894971,"ACDG_P016",100
"580",-3579.98590403749,"ACDG_P016",25
"581",-2607.43345422743,"ACDG_P016",50
"582",2098.37737226966,"ACDG_P016",100
"583",1785.08366777006,"ACDG_P016",25
"584",-1429.97731369879,"ACDG_P016",50
"585",-5153.61767094067,"ACDG_P016",100
"586",-191.253556293756,"ACDG_P016",25
"587",-5424.53232461197,"ACDG_P016",50
"588",-2501.9995673536,"ACDG_P016",100
"589",-2140.44841307236,"ACDG_P016",25
"590",2396.58597755927,"ACDG_P016",50
"591",-9558.48972703205,"ACDG_P016",100
"592",-6850.86572057795,"ACDG_P016",25
"593",3603.09253322345,"ACDG_P016",50
"594",1377.09244365533,"ACDG_P016",100
"595",-1680.21907612396,"ACDG_P016",25
"596",-6891.93300667047,"ACDG_P016",50
"597",959.862185326579,"ACDG_P016",100
"598",-2296.66693644747,"ACDG_P016",25
"599",-1184.51455221602,"ACDG_P016",50
"600",-5203.43807541285,"ACDG_P016",100
"601",9486.24651134294,"ACDG_P041",25
"602",-18521.9512473662,"ACDG_P041",50
"603",-27692.2441099621,"ACDG_P041",100
"604",-6635.50067480147,"ACDG_P041",25
"605",-757.638991607062,"ACDG_P041",50
"606",-11776.6875388724,"ACDG_P041",100
"607",8896.63354702748,"ACDG_P041",25
"608",-4596.27158861305,"ACDG_P041",50
"609",-28054.454952175,"ACDG_P041",100
"610",-13244.6064243919,"ACDG_P041",25
"611",1742.47489997541,"ACDG_P041",50
"612",-24026.1663823795,"ACDG_P041",100
"613",7841.83096606709,"ACDG_P041",25
"614",-16340.2298915301,"ACDG_P041",50
"615",-25141.7561491624,"ACDG_P041",100
"616",-15438.8989349536,"ACDG_P041",25
"617",-17795.8297720726,"ACDG_P041",50
"618",-24577.3365431804,"ACDG_P041",100
"619",-2674.44874626322,"ACDG_P041",25
"620",-13388.7401572188,"ACDG_P041",50
"621",-23566.9014458857,"ACDG_P041",100
"622",-24.5154899088666,"ACDG_P041",25
"623",-18295.566918971,"ACDG_P041",50
"624",-28971.7685404193,"ACDG_P041",100
"625",-1373.65584943665,"ACDG_P041",25
"626",-6180.07165758149,"ACDG_P041",50
"627",-22178.4024371708,"ACDG_P041",100
"628",18666.3529828274,"ACDG_P041",25
"629",12108.1056775408,"ACDG_P041",50
"630",-10935.1314015619,"ACDG_P041",100
"631",-1938.97999691195,"ACDG_P041",25
"632",-11320.7397554971,"ACDG_P041",50
"633",-13947.85942726,"ACDG_P041",100
"634",6010.66319812177,"ACDG_P041",25
"635",-20174.4911205036,"ACDG_P041",50
"636",-18605.3463515091,"ACDG_P041",100
"637",-14998.637474342,"ACDG_P041",25
"638",-14885.3854640232,"ACDG_P041",50
"639",-10446.3656786443,"ACDG_P041",100
"640",-2989.79237180657,"ACDG_P041",25
"641",-10908.3516890835,"ACDG_P041",50
"642",-24786.7739511305,"ACDG_P041",100
"643",752.015777735098,"ACDG_P041",25
"644",-6041.96824204037,"ACDG_P041",50
"645",-17623.4544616248,"ACDG_P041",100
"646",-4526.85119136336,"ACDG_P041",25
"647",3930.0644297938,"ACDG_P041",50
"648",-15785.8890567692,"ACDG_P041",100
"649",-5004.80203310592,"ACDG_P041",25
"650",-30988.685279921,"ACDG_P041",50
"651",-26639.5966505539,"ACDG_P041",100
"652",930.383350177319,"ACDG_P041",25
"653",-14930.8832938259,"ACDG_P041",50
"654",-29984.4109258039,"ACDG_P041",100
"655",-808.85114902613,"ACDG_P041",25
"656",-6769.67552325723,"ACDG_P041",50
"657",-38952.6956783542,"ACDG_P041",100
"658",-28337.2766226875,"ACDG_P041",25
"659",-2942.57186702202,"ACDG_P041",50
"660",-19994.5060845918,"ACDG_P041",100
"661",-12295.6402420484,"ACDG_P041",25
"662",-1329.45186536334,"ACDG_P041",50
"663",-17984.0593147731,"ACDG_P041",100
"664",-51.8257538605831,"ACDG_P041",25
"665",-3740.38644223893,"ACDG_P041",50
"666",-8277.87239675678,"ACDG_P041",100
"667",3589.9861252915,"ACDG_P041",25
"668",-17775.2421957785,"ACDG_P041",50
"669",-30649.9572176925,"ACDG_P041",100
"670",6102.73408280063,"ACDG_P041",25
"671",-1931.74301723612,"ACDG_P041",50
"672",-17134.3928475813,"ACDG_P041",100
"673",-16738.9234742655,"ACDG_P041",25
"674",-1960.35651567124,"ACDG_P041",50
"675",-28372.056254316,"ACDG_P041",100
"676",1761.00477738638,"ACDG_P041",25
"677",-1605.60419225984,"ACDG_P041",50
"678",-29109.9174895139,"ACDG_P041",100
"679",-5866.33945556002,"ACDG_P041",25
"680",-12938.1889493961,"ACDG_P041",50
"681",-21407.7747524403,"ACDG_P041",100
"682",-6518.4687845321,"ACDG_P041",25
"683",-4710.81610805658,"ACDG_P041",50
"684",-12562.8002543639,"ACDG_P041",100
"685",-16941.4192247152,"ACDG_P041",25
"686",-2751.8759792354,"ACDG_P041",50
"687",-11315.9676156351,"ACDG_P041",100
"688",-21190.403282201,"ACDG_P041",25
"689",-35900.4716109697,"ACDG_P041",50
"690",-37986.5349732816,"ACDG_P041",100
"691",-20887.3007359215,"ACDG_P041",25
"692",6925.94223568705,"ACDG_P041",50
"693",-34453.7559182384,"ACDG_P041",100
"694",16398.4920111721,"ACDG_P041",25
"695",-28086.2154088949,"ACDG_P041",50
"696",-4334.3291100057,"ACDG_P041",100
"697",14910.137760343,"ACDG_P041",25
"698",-15400.1857791317,"ACDG_P041",50
"699",-15050.4274865068,"ACDG_P041",100
"700",7670.96482274518,"ACDG_P041",25
"701",-15742.2554895407,"ACDG_P041",50
"702",-13029.4081355235,"ACDG_P041",100
"703",10363.0289511101,"ACDG_P041",25
"704",1794.02033080772,"ACDG_P041",50
"705",-29422.1819601179,"ACDG_P041",100
"706",1177.99673068081,"ACDG_P041",25
"707",-13308.7920427448,"ACDG_P041",50
"708",-8158.73722206987,"ACDG_P041",100
"709",-26470.036130924,"ACDG_P041",25
"710",-23091.8214766887,"ACDG_P041",50
"711",-27040.6305872702,"ACDG_P041",100
"712",-27901.7585497598,"ACDG_P041",25
"713",841.520101916743,"ACDG_P041",50
"714",-28358.4365045763,"ACDG_P041",100
"715",78.7151058769668,"ACDG_P041",25
"716",-20989.0205701255,"ACDG_P041",50
"717",-14343.7343595041,"ACDG_P041",100
"718",-1541.16746404517,"ACDG_P041",25
"719",-826.352902268583,"ACDG_P041",50
"720",-34346.7979465811,"ACDG_P041",100
"721",-1705.43159184681,"ACDG_P041",25
"722",-21625.5633825354,"ACDG_P041",50
"723",-22053.5013264096,"ACDG_P041",100
"724",-28669.4316764488,"ACDG_P041",25
"725",-4572.49145337468,"ACDG_P041",50
"726",-33274.5389253261,"ACDG_P041",100
"727",-19094.064991812,"ACDG_P041",25
"728",-3602.03729612497,"ACDG_P041",50
"729",-26896.9548639526,"ACDG_P041",100
"730",-5606.25933378475,"ACDG_P041",25
"731",-23056.9669328281,"ACDG_P041",50
"732",-13228.2020725874,"ACDG_P041",100
"733",4886.35394697002,"ACDG_P041",25
"734",-6685.7832044168,"ACDG_P041",50
"735",-17909.1668150433,"ACDG_P041",100
"736",1830.52540706412,"ACDG_P041",25
"737",-5352.64750507753,"ACDG_P041",50
"738",-16757.3479761669,"ACDG_P041",100
"739",-1574.78747083416,"ACDG_P041",25
"740",-9152.24780930969,"ACDG_P041",50
"741",-14213.1729392853,"ACDG_P041",100
"742",-1046.56558296399,"ACDG_P041",25
"743",-4878.31124296418,"ACDG_P041",50
"744",-23931.2209133466,"ACDG_P041",100
"745",-10355.6485046319,"ACDG_P041",25
"746",-6547.28356718383,"ACDG_P041",50
"747",-6163.04973954085,"ACDG_P041",100
"748",-4145.04233444354,"ACDG_P041",25
"749",-11812.6951538437,"ACDG_P041",50
"750",-10536.3660678205,"ACDG_P041",100
"751",-16749.0930303401,"ACDG_P041",25
"752",13284.5225395181,"ACDG_P041",50
"753",-26764.5431022097,"ACDG_P041",100
"754",-9388.56674981338,"ACDG_P041",25
"755",2438.6632686496,"ACDG_P041",50
"756",-15706.8707046548,"ACDG_P041",100
"757",866.016170785413,"ACDG_P041",25
"758",-18693.4676919043,"ACDG_P041",50
"759",-20767.5727390856,"ACDG_P041",100
"760",5704.50698134064,"ACDG_P041",25
"761",-18412.0502813333,"ACDG_P041",50
"762",-20061.8372786762,"ACDG_P041",100
"763",1430.82804197696,"ACDG_P041",25
"764",-23928.7967425145,"ACDG_P041",50
"765",-22844.4728948326,"ACDG_P041",100
"766",-7877.21317348548,"ACDG_P041",25
"767",-15775.0012303933,"ACDG_P041",50
"768",-18816.9052764967,"ACDG_P041",100
"769",-27398.1195348004,"ACDG_P041",25
"770",-14322.5805556372,"ACDG_P041",50
"771",-24740.2524648715,"ACDG_P041",100
"772",-2043.17609037476,"ACDG_P041",25
"773",-15275.6523665539,"ACDG_P041",50
"774",-15977.0646880056,"ACDG_P041",100
"775",570.486116360582,"ACDG_P041",25
"776",-2691.70113101217,"ACDG_P041",50
"777",-25204.7902065338,"ACDG_P041",100
"778",4404.34733939636,"ACDG_P041",25
"779",4014.32690662087,"ACDG_P041",50
"780",-18454.9365147644,"ACDG_P041",100
"781",1514.2851760909,"ACDG_P041",25
"782",-19023.7431730546,"ACDG_P041",50
"783",-6026.9055009674,"ACDG_P041",100
"784",-1209.83661293512,"ACDG_P041",25
"785",-20539.7992362871,"ACDG_P041",50
"786",-31040.2734338529,"ACDG_P041",100
"787",-904.481678087439,"ACDG_P041",25
"788",-29539.72120856,"ACDG_P041",50
"789",-26278.3897036694,"ACDG_P041",100
"790",-14867.6424995237,"ACDG_P041",25
"791",-30509.6907885399,"ACDG_P041",50
"792",-31691.2905339422,"ACDG_P041",100
"793",-16264.09625886,"ACDG_P041",25
"794",-30557.9328001594,"ACDG_P041",50
"795",-29812.8217984233,"ACDG_P041",100
"796",-7922.19369412411,"ACDG_P041",25
"797",716.177732917073,"ACDG_P041",50
"798",-29258.6045735775,"ACDG_P041",100
"799",-1940.69618227665,"ACDG_P041",25
"800",-31703.5475994035,"ACDG_P041",50
"801",-13857.3184969662,"ACDG_P041",100
"802",-2277.47968395276,"ACDG_P041",25
"803",-4399.05538630363,"ACDG_P041",50
"804",-10256.4939010164,"ACDG_P041",100
"805",5052.95131047204,"ACDG_P041",25
"806",-5713.67519244272,"ACDG_P041",50
"807",-3127.74203854572,"ACDG_P041",100
"808",1098.3357837185,"ACDG_P041",25
"809",-8826.26158736937,"ACDG_P041",50
"810",-20202.9373661863,"ACDG_P041",100
"811",-12728.689668288,"ACDG_P041",25
"812",-16457.2617795514,"ACDG_P041",50
"813",-13847.296774709,"ACDG_P041",100
"814",-9680.88706230425,"ACDG_P041",25
"815",-20799.3017659909,"ACDG_P041",50
"816",-29187.3280238328,"ACDG_P041",100
"817",-1871.7415390879,"ACDG_P041",25
"818",-15541.0677512044,"ACDG_P041",50
"819",-25132.6704669839,"ACDG_P041",100
"820",-29589.9535633948,"ACDG_P041",25
"821",4912.20313381177,"ACDG_P041",50
"822",-19621.9226285271,"ACDG_P041",100
"823",-9595.81252474105,"ACDG_P041",25
"824",17078.2495991412,"ACDG_P041",50
"825",-20977.6214795742,"ACDG_P041",100
"826",-15620.167917418,"ACDG_P041",25
"827",10916.9777608572,"ACDG_P041",50
"828",-36832.1149680543,"ACDG_P041",100
"829",-1145.06970836216,"ACDG_P041",25
"830",-17070.195397893,"ACDG_P041",50
"831",-7646.03409691679,"ACDG_P041",100
"832",-8556.93228388857,"ACDG_P041",25
"833",2472.78257161012,"ACDG_P041",50
"834",-27453.499016744,"ACDG_P041",100
"835",-10802.1461451902,"ACDG_P041",25
"836",8749.57675988082,"ACDG_P041",50
"837",-26623.692050729,"ACDG_P041",100
"838",-676.440381722467,"ACDG_P041",25
"839",-11180.3763688219,"ACDG_P041",50
"840",-34363.6140848453,"ACDG_P041",100
"841",-4980.53451924113,"ACDG_P041",25
"842",-34204.5839017295,"ACDG_P041",50
"843",-29634.0104170284,"ACDG_P041",100
"844",1205.35406706319,"ACDG_P041",25
"845",-14583.5455783841,"ACDG_P041",50
"846",-2540.90596978209,"ACDG_P041",100
"847",-22657.9930419294,"ACDG_P041",25
"848",10292.4872471334,"ACDG_P041",50
"849",-28108.4078424314,"ACDG_P041",100
"850",-9509.82285611471,"ACDG_P041",25
"851",-823.60069161799,"ACDG_P041",50
"852",-21667.2165786657,"ACDG_P041",100
"853",5303.05037237692,"ACDG_P041",25
"854",-10767.5767449616,"ACDG_P041",50
"855",-2649.71151694417,"ACDG_P041",100
"856",7853.91876274551,"ACDG_P041",25
"857",-17243.5723220526,"ACDG_P041",50
"858",-37183.3770661844,"ACDG_P041",100
"859",-4923.8396399683,"ACDG_P041",25
"860",-25284.6054756896,"ACDG_P041",50
"861",-18857.5741284509,"ACDG_P041",100
"862",5287.77863575984,"ACDG_P041",25
"863",-12744.7690491389,"ACDG_P041",50
"864",-10606.668913315,"ACDG_P041",100
"865",-15813.3889287919,"ACDG_P041",25
"866",-1990.31260010338,"ACDG_P041",50
"867",-35623.6453023323,"ACDG_P041",100
"868",1329.18536470906,"ACDG_P041",25
"869",-12520.8129550802,"ACDG_P041",50
"870",-32785.3635418527,"ACDG_P041",100
"871",-14817.931367796,"ACDG_P041",25
"872",-12459.8926029183,"ACDG_P041",50
"873",-5921.43958698836,"ACDG_P041",100
"874",2199.82494911883,"ACDG_P041",25
"875",16075.9312951081,"ACDG_P041",50
"876",-21060.4702559522,"ACDG_P041",100
"877",5572.53686133708,"ACDG_P041",25
"878",-35739.6281753757,"ACDG_P041",50
"879",-10506.7484561621,"ACDG_P041",100
"880",-32067.9575492303,"ACDG_P041",25
"881",-17510.3511316307,"ACDG_P041",50
"882",-25488.4648130345,"ACDG_P041",100
"883",-2007.66737184569,"ACDG_P041",25
"884",-8299.9737290605,"ACDG_P041",50
"885",-13839.2987612913,"ACDG_P041",100
"886",-11109.0815171844,"ACDG_P041",25
"887",-15587.585039466,"ACDG_P041",50
"888",-33933.1741817831,"ACDG_P041",100
"889",2590.2679203609,"ACDG_P041",25
"890",15076.0689744875,"ACDG_P041",50
"891",-17649.475683067,"ACDG_P041",100
"892",-27837.6721676389,"ACDG_P041",25
"893",1410.66285376286,"ACDG_P041",50
"894",-12766.9184759313,"ACDG_P041",100
"895",-2787.94325848116,"ACDG_P041",25
"896",4448.1056193533,"ACDG_P041",50
"897",-29628.824611585,"ACDG_P041",100
"898",-15221.5764877453,"ACDG_P041",25
"899",-25892.0144261456,"ACDG_P041",50
"900",-26179.903988226,"ACDG_P041",100
"901",-4020.14666410378,"ACDG_P052",25
"902",-1948.81198500673,"ACDG_P052",50
"903",9930.53190097294,"ACDG_P052",100
"904",3405.33328051356,"ACDG_P052",25
"905",-3130.22141472436,"ACDG_P052",50
"906",1489.2688384589,"ACDG_P052",100
"907",167.422405266028,"ACDG_P052",25
"908",-5477.50086186151,"ACDG_P052",50
"909",5243.71305248205,"ACDG_P052",100
"910",674.840920264687,"ACDG_P052",25
"911",3925.13402317444,"ACDG_P052",50
"912",-3772.51119658377,"ACDG_P052",100
"913",-201.564239322557,"ACDG_P052",25
"914",423.563089395524,"ACDG_P052",50
"915",-796.253618056304,"ACDG_P052",100
"916",65336.340455855,"ACDG_P052",25
"917",2815.46478076719,"ACDG_P052",50
"918",1239.01901240242,"ACDG_P052",100
"919",1765.40934386296,"ACDG_P052",25
"920",1886.91222736661,"ACDG_P052",50
"921",773.97126046379,"ACDG_P052",100
"922",94.8457175979274,"ACDG_P052",25
"923",1824.46886294472,"ACDG_P052",50
"924",-1346.09234202525,"ACDG_P052",100
"925",-2546.09083423129,"ACDG_P052",25
"926",-1741.80211125404,"ACDG_P052",50
"927",-948.02276790794,"ACDG_P052",100
"928",-119.798411676136,"ACDG_P052",25
"929",3416.80453220403,"ACDG_P052",50
"930",-5708.86009652875,"ACDG_P052",100
"931",74.333151703584,"ACDG_P052",25
"932",6035.98812055937,"ACDG_P052",50
"933",-3206.3091704883,"ACDG_P052",100
"934",389.505190033175,"ACDG_P052",25
"935",41.2864020923153,"ACDG_P052",50
"936",-281.476356011088,"ACDG_P052",100
"937",2137.21444787318,"ACDG_P052",25
"938",-2423.5080248976,"ACDG_P052",50
"939",-2294.21191599994,"ACDG_P052",100
"940",476.096317982941,"ACDG_P052",25
"941",-4052.15965331456,"ACDG_P052",50
"942",-2739.97107490071,"ACDG_P052",100
"943",-158.376227875211,"ACDG_P052",25
"944",-1279.47844383857,"ACDG_P052",50
"945",1761.37348859227,"ACDG_P052",100
"946",-971.914743597881,"ACDG_P052",25
"947",163.948220995633,"ACDG_P052",50
"948",-4852.25130602755,"ACDG_P052",100
"949",4567.78169319875,"ACDG_P052",25
"950",-2859.63938230998,"ACDG_P052",50
"951",6789.62695836718,"ACDG_P052",100
"952",334.043018806144,"ACDG_P052",25
"953",749.639256194991,"ACDG_P052",50
"954",-3645.57783736166,"ACDG_P052",100
"955",-326.947533684695,"ACDG_P052",25
"956",-3919.3093392821,"ACDG_P052",50
"957",-1032.77536687689,"ACDG_P052",100
"958",1606.77045513658,"ACDG_P052",25
"959",-4250.58903545351,"ACDG_P052",50
"960",-1886.6866897791,"ACDG_P052",100
"961",218.205561506329,"ACDG_P052",25
"962",9111.01341966284,"ACDG_P052",50
"963",62408.9868543954,"ACDG_P052",100
"964",-1706.97108042912,"ACDG_P052",25
"965",15.0116564546479,"ACDG_P052",50
"966",-3194.45722528468,"ACDG_P052",100
"967",18.582318419707,"ACDG_P052",25
"968",336.813428991911,"ACDG_P052",50
"969",64314.947408877,"ACDG_P052",100
"970",9030.17985259957,"ACDG_P052",25
"971",-4238.97453951341,"ACDG_P052",50
"972",-3184.36176839756,"ACDG_P052",100
"973",-811.028355530434,"ACDG_P052",25
"974",-3109.94956030769,"ACDG_P052",50
"975",-350.248729833693,"ACDG_P052",100
"976",-3042.81529387593,"ACDG_P052",25
"977",-1107.56120185944,"ACDG_P052",50
"978",4903.68062596527,"ACDG_P052",100
"979",-1969.41027504814,"ACDG_P052",25
"980",-691.473311382084,"ACDG_P052",50
"981",-4899.50458131675,"ACDG_P052",100
"982",362.837588509632,"ACDG_P052",25
"983",3504.62843992969,"ACDG_P052",50
"984",-904.246454801556,"ACDG_P052",100
"985",-4995.4305787503,"ACDG_P052",25
"986",-4445.71664217659,"ACDG_P052",50
"987",-4184.24807397474,"ACDG_P052",100
"988",165.833172652172,"ACDG_P052",25
"989",-2205.74755017299,"ACDG_P052",50
"990",-4486.79972616237,"ACDG_P052",100
"991",6328.79356762394,"ACDG_P052",25
"992",4622.98684305459,"ACDG_P052",50
"993",-2364.30571297166,"ACDG_P052",100
"994",-2773.39240211633,"ACDG_P052",25
"995",5435.60890229311,"ACDG_P052",50
"996",-5604.12102190795,"ACDG_P052",100
"997",7051.35308300733,"ACDG_P052",25
"998",547.996336846816,"ACDG_P052",50
"999",-2476.31826529381,"ACDG_P052",100
"1000",-708.397165506874,"ACDG_P052",25
"1001",-1444.22989256174,"ACDG_P052",50
"1002",3361.06582702801,"ACDG_P052",100
"1003",1796.47567846673,"ACDG_P052",25
"1004",-98.9864299233304,"ACDG_P052",50
"1005",-1032.95688465182,"ACDG_P052",100
"1006",1213.43304643666,"ACDG_P052",25
"1007",-1676.6221010088,"ACDG_P052",50
"1008",5107.84940917676,"ACDG_P052",100
"1009",10199.9962437304,"ACDG_P052",25
"1010",-5243.62358650929,"ACDG_P052",50
"1011",-781.224010786595,"ACDG_P052",100
"1012",119.261586355395,"ACDG_P052",25
"1013",103.069121832523,"ACDG_P052",50
"1014",-2527.89896045622,"ACDG_P052",100
"1015",-4549.87911163809,"ACDG_P052",25
"1016",-3056.21034587437,"ACDG_P052",50
"1017",-3254.61318164581,"ACDG_P052",100
"1018",-2063.34397731512,"ACDG_P052",25
"1019",1044.52233161099,"ACDG_P052",50
"1020",-980.200929708983,"ACDG_P052",100
"1021",-994.987573544669,"ACDG_P052",25
"1022",-3795.87032971074,"ACDG_P052",50
"1023",71368.2312568664,"ACDG_P052",100
"1024",1357.54993009631,"ACDG_P052",25
"1025",-4312.5798881432,"ACDG_P052",50
"1026",395.638763507828,"ACDG_P052",100
"1027",-291.13226939959,"ACDG_P052",25
"1028",-4424.02926770458,"ACDG_P052",50
"1029",-2108.04705724624,"ACDG_P052",100
"1030",-4652.59006564892,"ACDG_P052",25
"1031",-2860.92620253691,"ACDG_P052",50
"1032",-1414.98425576996,"ACDG_P052",100
"1033",-213.469765606133,"ACDG_P052",25
"1034",-164.852136575908,"ACDG_P052",50
"1035",-2925.45132979797,"ACDG_P052",100
"1036",-4525.60266641737,"ACDG_P052",25
"1037",-1847.28132931088,"ACDG_P052",50
"1038",-5065.89526066367,"ACDG_P052",100
"1039",2742.20146675009,"ACDG_P052",25
"1040",79.9851666945324,"ACDG_P052",50
"1041",-4109.60444542207,"ACDG_P052",100
"1042",819.139934363135,"ACDG_P052",25
"1043",60.2487044276786,"ACDG_P052",50
"1044",-4177.48921654109,"ACDG_P052",100
"1045",-1918.78847226279,"ACDG_P052",25
"1046",5325.15101873127,"ACDG_P052",50
"1047",-5382.62667760043,"ACDG_P052",100
"1048",196.461522388621,"ACDG_P052",25
"1049",-5302.86881980664,"ACDG_P052",50
"1050",2430.93306101882,"ACDG_P052",100
"1051",-2527.16154410408,"ACDG_P052",25
"1052",-4557.9218926093,"ACDG_P052",50
"1053",-5490.18521888007,"ACDG_P052",100
"1054",218.802235168987,"ACDG_P052",25
"1055",-3889.90400247666,"ACDG_P052",50
"1056",-1276.18880210031,"ACDG_P052",100
"1057",-5095.14469291113,"ACDG_P052",25
"1058",-1028.70647325192,"ACDG_P052",50
"1059",1533.57004343244,"ACDG_P052",100
"1060",-910.353732717485,"ACDG_P052",25
"1061",-3674.72720339472,"ACDG_P052",50
"1062",-3715.21297619259,"ACDG_P052",100
"1063",-3567.11456912305,"ACDG_P052",25
"1064",-978.391770957358,"ACDG_P052",50
"1065",-5896.51538202009,"ACDG_P052",100
"1066",4453.12331698326,"ACDG_P052",25
"1067",1329.06176250201,"ACDG_P052",50
"1068",-5172.42643915227,"ACDG_P052",100
"1069",-248.182670082635,"ACDG_P052",25
"1070",-438.323415090854,"ACDG_P052",50
"1071",-5167.10468551214,"ACDG_P052",100
"1072",-2190.04358189765,"ACDG_P052",25
"1073",-3138.22970119753,"ACDG_P052",50
"1074",-1775.66766183218,"ACDG_P052",100
"1075",381.172755590262,"ACDG_P052",25
"1076",-3220.95069839238,"ACDG_P052",50
"1077",-3936.50607774517,"ACDG_P052",100
"1078",752.695728569117,"ACDG_P052",25
"1079",-2945.74264838515,"ACDG_P052",50
"1080",236.761832018819,"ACDG_P052",100
"1081",-1087.27734398202,"ACDG_P052",25
"1082",-775.592971182952,"ACDG_P052",50
"1083",-2145.80723627444,"ACDG_P052",100
"1084",661.101131394535,"ACDG_P052",25
"1085",1507.86495391879,"ACDG_P052",50
"1086",6034.41193621978,"ACDG_P052",100
"1087",2933.5090514998,"ACDG_P052",25
"1088",-2642.61590558619,"ACDG_P052",50
"1089",7439.22269073047,"ACDG_P052",100
"1090",1924.58633181537,"ACDG_P052",25
"1091",689.349312401551,"ACDG_P052",50
"1092",-5916.692287707,"ACDG_P052",100
"1093",-1011.53213641123,"ACDG_P052",25
"1094",-2007.47083669246,"ACDG_P052",50
"1095",818.348516206868,"ACDG_P052",100
"1096",1698.1566624752,"ACDG_P052",25
"1097",1917.61070375846,"ACDG_P052",50
"1098",4627.8456055233,"ACDG_P052",100
"1099",460.051753274282,"ACDG_P052",25
"1100",-180.341378192912,"ACDG_P052",50
"1101",212.927025347977,"ACDG_P052",100
"1102",-4081.70328772237,"ACDG_P052",25
"1103",141.533805910149,"ACDG_P052",50
"1104",-3999.55906372989,"ACDG_P052",100
"1105",2322.95773876153,"ACDG_P052",25
"1106",-5318.26748005903,"ACDG_P052",50
"1107",821.189272003568,"ACDG_P052",100
"1108",-1367.49741393927,"ACDG_P052",25
"1109",4327.46719798114,"ACDG_P052",50
"1110",-239.539959915041,"ACDG_P052",100
"1111",-1894.58322513124,"ACDG_P052",25
"1112",386.621699552255,"ACDG_P052",50
"1113",7624.8766272756,"ACDG_P052",100
"1114",1506.17603314715,"ACDG_P052",25
"1115",2855.1732270433,"ACDG_P052",50
"1116",-1988.77411326201,"ACDG_P052",100
"1117",134.03005241981,"ACDG_P052",25
"1118",650.274406897835,"ACDG_P052",50
"1119",4864.38247196091,"ACDG_P052",100
"1120",-707.420425344433,"ACDG_P052",25
"1121",-3996.43900706494,"ACDG_P052",50
"1122",-1940.49051941742,"ACDG_P052",100
"1123",864.793848906906,"ACDG_P052",25
"1124",-929.130572193186,"ACDG_P052",50
"1125",-2046.13499574011,"ACDG_P052",100
"1126",-3041.450112875,"ACDG_P052",25
"1127",1031.84407721454,"ACDG_P052",50
"1128",61367.4278495903,"ACDG_P052",100
"1129",-1626.98130150023,"ACDG_P052",25
"1130",1660.77145222994,"ACDG_P052",50
"1131",-1792.66290174043,"ACDG_P052",100
"1132",55.0919706053683,"ACDG_P052",25
"1133",-35.7615360834461,"ACDG_P052",50
"1134",-861.404909365054,"ACDG_P052",100
"1135",-1076.70635497451,"ACDG_P052",25
"1136",-3548.6927489615,"ACDG_P052",50
"1137",-3712.20710605357,"ACDG_P052",100
"1138",-4598.93947967686,"ACDG_P052",25
"1139",1443.37609391662,"ACDG_P052",50
"1140",1915.58587090814,"ACDG_P052",100
"1141",1423.58553079018,"ACDG_P052",25
"1142",-185.080785946746,"ACDG_P052",50
"1143",-2286.71157389681,"ACDG_P052",100
"1144",-471.271979023819,"ACDG_P052",25
"1145",10507.2721305877,"ACDG_P052",50
"1146",100.278485440213,"ACDG_P052",100
"1147",-2629.45855322326,"ACDG_P052",25
"1148",-3889.60676138246,"ACDG_P052",50
"1149",-4089.10964334221,"ACDG_P052",100
"1150",7633.18271513161,"ACDG_P052",25
"1151",3407.19565296185,"ACDG_P052",50
"1152",-4586.64139495199,"ACDG_P052",100
"1153",-1260.04609576764,"ACDG_P052",25
"1154",106.497288568818,"ACDG_P052",50
"1155",-1910.85935283784,"ACDG_P052",100
"1156",-203.796393191908,"ACDG_P052",25
"1157",2490.29891550093,"ACDG_P052",50
"1158",-4683.06721776066,"ACDG_P052",100
"1159",-602.558177304774,"ACDG_P052",25
"1160",-3032.34337188865,"ACDG_P052",50
"1161",-2238.19372704855,"ACDG_P052",100
"1162",-178.229742958967,"ACDG_P052",25
"1163",-1046.80925293016,"ACDG_P052",50
"1164",3201.50304816247,"ACDG_P052",100
"1165",-2966.07299189869,"ACDG_P052",25
"1166",-3657.19066406216,"ACDG_P052",50
"1167",-1231.94553676524,"ACDG_P052",100
"1168",-12.2298085456132,"ACDG_P052",25
"1169",-3411.83030024939,"ACDG_P052",50
"1170",-3935.48346060206,"ACDG_P052",100
"1171",1.05472300233669,"ACDG_P052",25
"1172",-2021.8844870757,"ACDG_P052",50
"1173",-2753.07740374544,"ACDG_P052",100
"1174",4048.03505252232,"ACDG_P052",25
"1175",-3467.10454760934,"ACDG_P052",50
"1176",-1979.05834790884,"ACDG_P052",100
"1177",-4047.9302614312,"ACDG_P052",25
"1178",486.856036622572,"ACDG_P052",50
"1179",-5630.03712507963,"ACDG_P052",100
"1180",1344.62656333199,"ACDG_P052",25
"1181",5401.01823179363,"ACDG_P052",50
"1182",2815.64564085117,"ACDG_P052",100
"1183",261.087035015895,"ACDG_P052",25
"1184",-1783.03749980105,"ACDG_P052",50
"1185",4225.77096049124,"ACDG_P052",100
"1186",9333.08137058758,"ACDG_P052",25
"1187",-672.723724018142,"ACDG_P052",50
"1188",-4274.76856150659,"ACDG_P052",100
"1189",1527.77308290245,"ACDG_P052",25
"1190",-4227.5358342804,"ACDG_P052",50
"1191",-4349.23551507347,"ACDG_P052",100
"1192",340.506292093196,"ACDG_P052",25
"1193",-2272.02476101782,"ACDG_P052",50
"1194",2147.75617922415,"ACDG_P052",100
"1195",-1042.72320375478,"ACDG_P052",25
"1196",-4191.01940871854,"ACDG_P052",50
"1197",2540.23677809883,"ACDG_P052",100
"1198",-3541.23530719677,"ACDG_P052",25
"1199",2802.92802914919,"ACDG_P052",50
"1200",-3180.58819106186,"ACDG_P052",100
"1201",-934.663683521241,"ACDG_P053",25
"1202",-1176.89342072085,"ACDG_P053",50
"1203",3002.65508892815,"ACDG_P053",100
"1204",3294.95823286998,"ACDG_P053",25
"1205",1490.87350010255,"ACDG_P053",50
"1206",1814.96958833598,"ACDG_P053",100
"1207",2109.8195686301,"ACDG_P053",25
"1208",-452.810813253338,"ACDG_P053",50
"1209",3598.73603171727,"ACDG_P053",100
"1210",2526.77256443832,"ACDG_P053",25
"1211",3272.97068162961,"ACDG_P053",50
"1212",6347.84135561559,"ACDG_P053",100
"1213",-145.804630110157,"ACDG_P053",25
"1214",7538.233632363,"ACDG_P053",50
"1215",7942.52566778092,"ACDG_P053",100
"1216",-394.083131729392,"ACDG_P053",25
"1217",819.975768343691,"ACDG_P053",50
"1218",9526.85363464817,"ACDG_P053",100
"1219",-358.684476915485,"ACDG_P053",25
"1220",-463.158017419861,"ACDG_P053",50
"1221",5319.37936792133,"ACDG_P053",100
"1222",12815.7149651605,"ACDG_P053",25
"1223",-324.59260732698,"ACDG_P053",50
"1224",1742.89355113995,"ACDG_P053",100
"1225",4509.85668180702,"ACDG_P053",25
"1226",3826.64553112001,"ACDG_P053",50
"1227",12605.1308576973,"ACDG_P053",100
"1228",-207.98721631337,"ACDG_P053",25
"1229",6647.15804627916,"ACDG_P053",50
"1230",-374.05924652156,"ACDG_P053",100
"1231",9627.61154051052,"ACDG_P053",25
"1232",9863.84482535697,"ACDG_P053",50
"1233",8937.34351160019,"ACDG_P053",100
"1234",-499.730422954453,"ACDG_P053",25
"1235",3964.5120625415,"ACDG_P053",50
"1236",12495.9720053342,"ACDG_P053",100
"1237",4075.14365030208,"ACDG_P053",25
"1238",3108.866730065,"ACDG_P053",50
"1239",8297.25220543204,"ACDG_P053",100
"1240",40.9042027279793,"ACDG_P053",25
"1241",4480.89097036919,"ACDG_P053",50
"1242",338.914142776659,"ACDG_P053",100
"1243",690.100983486453,"ACDG_P053",25
"1244",1912.08400807218,"ACDG_P053",50
"1245",11942.4125578429,"ACDG_P053",100
"1246",-745.803573443234,"ACDG_P053",25
"1247",3977.99650096157,"ACDG_P053",50
"1248",11000.2804015916,"ACDG_P053",100
"1249",-244.42724469307,"ACDG_P053",25
"1250",2539.70400189658,"ACDG_P053",50
"1251",5248.20168528522,"ACDG_P053",100
"1252",-260.182481402793,"ACDG_P053",25
"1253",5998.28094127474,"ACDG_P053",50
"1254",1904.86817757395,"ACDG_P053",100
"1255",1495.9007298302,"ACDG_P053",25
"1256",3489.89547596127,"ACDG_P053",50
"1257",1194.21088455743,"ACDG_P053",100
"1258",2384.42119686451,"ACDG_P053",25
"1259",2610.42253924152,"ACDG_P053",50
"1260",-353.859205348708,"ACDG_P053",100
"1261",-782.633529003506,"ACDG_P053",25
"1262",1569.98392271943,"ACDG_P053",50
"1263",10556.8356223791,"ACDG_P053",100
"1264",1342.75939010628,"ACDG_P053",25
"1265",3849.39364520219,"ACDG_P053",50
"1266",10075.2707626259,"ACDG_P053",100
"1267",-816.996631268208,"ACDG_P053",25
"1268",4621.08136613082,"ACDG_P053",50
"1269",2025.23894144187,"ACDG_P053",100
"1270",1143.56493229591,"ACDG_P053",25
"1271",3937.28043265789,"ACDG_P053",50
"1272",14819.8511305288,"ACDG_P053",100
"1273",6266.09844232746,"ACDG_P053",25
"1274",-1994.9431111798,"ACDG_P053",50
"1275",10295.6438869676,"ACDG_P053",100
"1276",7193.21798156758,"ACDG_P053",25
"1277",696.480032975436,"ACDG_P053",50
"1278",994.262428210932,"ACDG_P053",100
"1279",240.057425393956,"ACDG_P053",25
"1280",1185.63072624308,"ACDG_P053",50
"1281",7521.78157853443,"ACDG_P053",100
"1282",3561.99798048098,"ACDG_P053",25
"1283",495.412154430582,"ACDG_P053",50
"1284",4485.08646058736,"ACDG_P053",100
"1285",115.800893108652,"ACDG_P053",25
"1286",3038.18732295104,"ACDG_P053",50
"1287",7875.21630054328,"ACDG_P053",100
"1288",-661.755354025663,"ACDG_P053",25
"1289",280.525062765635,"ACDG_P053",50
"1290",6004.91359672241,"ACDG_P053",100
"1291",378.376514041971,"ACDG_P053",25
"1292",773.692188754008,"ACDG_P053",50
"1293",3871.64138021326,"ACDG_P053",100
"1294",-473.86468962091,"ACDG_P053",25
"1295",-362.981340590166,"ACDG_P053",50
"1296",7407.28578221274,"ACDG_P053",100
"1297",4399.28455531059,"ACDG_P053",25
"1298",2560.58166130653,"ACDG_P053",50
"1299",73.0709231954243,"ACDG_P053",100
"1300",312.663249289239,"ACDG_P053",25
"1301",8026.65469137806,"ACDG_P053",50
"1302",3152.89325214084,"ACDG_P053",100
"1303",2428.36370394699,"ACDG_P053",25
"1304",119.407369368564,"ACDG_P053",50
"1305",12187.790620005,"ACDG_P053",100
"1306",2391.37306835075,"ACDG_P053",25
"1307",-34.8929674708052,"ACDG_P053",50
"1308",8624.42850973297,"ACDG_P053",100
"1309",4165.55837965847,"ACDG_P053",25
"1310",-475.381698209647,"ACDG_P053",50
"1311",10271.0212153802,"ACDG_P053",100
"1312",4129.64807889023,"ACDG_P053",25
"1313",-29.8536267078307,"ACDG_P053",50
"1314",2084.82366102599,"ACDG_P053",100
"1315",2315.44380881285,"ACDG_P053",25
"1316",-1123.59304610567,"ACDG_P053",50
"1317",723.752963961451,"ACDG_P053",100
"1318",191.995646706346,"ACDG_P053",25
"1319",4876.06690629566,"ACDG_P053",50
"1320",5536.43326601302,"ACDG_P053",100
"1321",562.310428905446,"ACDG_P053",25
"1322",23391.2347819601,"ACDG_P053",50
"1323",12983.3371932907,"ACDG_P053",100
"1324",2407.12750100179,"ACDG_P053",25
"1325",-937.98606911875,"ACDG_P053",50
"1326",1112.019412522,"ACDG_P053",100
"1327",-485.576905165392,"ACDG_P053",25
"1328",-130.811085416353,"ACDG_P053",50
"1329",2907.4952814639,"ACDG_P053",100
"1330",-657.90434666365,"ACDG_P053",25
"1331",3317.32286538018,"ACDG_P053",50
"1332",10352.4845740383,"ACDG_P053",100
"1333",694.277706064662,"ACDG_P053",25
"1334",4101.76946331165,"ACDG_P053",50
"1335",8742.22799623964,"ACDG_P053",100
"1336",-1442.7513901646,"ACDG_P053",25
"1337",1679.89597205012,"ACDG_P053",50
"1338",1969.42557040689,"ACDG_P053",100
"1339",348.407035293436,"ACDG_P053",25
"1340",3449.79168633895,"ACDG_P053",50
"1341",4210.3810359397,"ACDG_P053",100
"1342",4568.26830351117,"ACDG_P053",25
"1343",8152.74357536776,"ACDG_P053",50
"1344",2695.09019280408,"ACDG_P053",100
"1345",3055.35565159956,"ACDG_P053",25
"1346",-427.22994335508,"ACDG_P053",50
"1347",4762.36468511907,"ACDG_P053",100
"1348",-82.3395626550482,"ACDG_P053",25
"1349",4575.89474168586,"ACDG_P053",50
"1350",-335.470925227681,"ACDG_P053",100
"1351",498.356451060128,"ACDG_P053",25
"1352",6436.49649317062,"ACDG_P053",50
"1353",4142.46357704466,"ACDG_P053",100
"1354",1081.54763788905,"ACDG_P053",25
"1355",-882.774468786607,"ACDG_P053",50
"1356",-37.9606402129575,"ACDG_P053",100
"1357",730.137696211663,"ACDG_P053",25
"1358",256.226731210278,"ACDG_P053",50
"1359",52.2632673442131,"ACDG_P053",100
"1360",-1027.50066069179,"ACDG_P053",25
"1361",5969.89446618178,"ACDG_P053",50
"1362",5939.49645851404,"ACDG_P053",100
"1363",2764.3029558566,"ACDG_P053",25
"1364",-139.329727073666,"ACDG_P053",50
"1365",-1691.45523284414,"ACDG_P053",100
"1366",122.674774091196,"ACDG_P053",25
"1367",5043.14520042163,"ACDG_P053",50
"1368",6560.8728156001,"ACDG_P053",100
"1369",4145.9225908292,"ACDG_P053",25
"1370",1003.64891107412,"ACDG_P053",50
"1371",-24.2666875814029,"ACDG_P053",100
"1372",7696.07666925524,"ACDG_P053",25
"1373",5495.56438746731,"ACDG_P053",50
"1374",13840.6030999021,"ACDG_P053",100
"1375",-276.875279207336,"ACDG_P053",25
"1376",681.939811527904,"ACDG_P053",50
"1377",12416.5027323122,"ACDG_P053",100
"1378",-1871.69891815493,"ACDG_P053",25
"1379",-517.888889438589,"ACDG_P053",50
"1380",18072.7351846415,"ACDG_P053",100
"1381",1399.13998113718,"ACDG_P053",25
"1382",661.969902365207,"ACDG_P053",50
"1383",1156.16504433847,"ACDG_P053",100
"1384",571.326539956033,"ACDG_P053",25
"1385",-937.173316264147,"ACDG_P053",50
"1386",10794.4480493281,"ACDG_P053",100
"1387",563.148143733677,"ACDG_P053",25
"1388",-1805.72776205806,"ACDG_P053",50
"1389",1556.43460898841,"ACDG_P053",100
"1390",461.497117096646,"ACDG_P053",25
"1391",-839.042347220471,"ACDG_P053",50
"1392",3101.68609018289,"ACDG_P053",100
"1393",2085.39049606514,"ACDG_P053",25
"1394",4146.24627029471,"ACDG_P053",50
"1395",162.929069668549,"ACDG_P053",100
"1396",691.024102395779,"ACDG_P053",25
"1397",205.561790377862,"ACDG_P053",50
"1398",6365.4899793345,"ACDG_P053",100
"1399",-846.920885907952,"ACDG_P053",25
"1400",911.327201453067,"ACDG_P053",50
"1401",9269.05744341333,"ACDG_P053",100
"1402",-349.869366386032,"ACDG_P053",25
"1403",6786.63014084831,"ACDG_P053",50
"1404",2151.51524378604,"ACDG_P053",100
"1405",505.015136292117,"ACDG_P053",25
"1406",2153.96708557048,"ACDG_P053",50
"1407",16153.5224778116,"ACDG_P053",100
"1408",1795.779987663,"ACDG_P053",25
"1409",3841.99493375901,"ACDG_P053",50
"1410",2672.07304977532,"ACDG_P053",100
"1411",-861.352229958691,"ACDG_P053",25
"1412",14523.4047648716,"ACDG_P053",50
"1413",1771.05130428256,"ACDG_P053",100
"1414",1598.50685364436,"ACDG_P053",25
"1415",1656.19268087222,"ACDG_P053",50
"1416",1101.41454879037,"ACDG_P053",100
"1417",-215.966172369401,"ACDG_P053",25
"1418",3749.55914269679,"ACDG_P053",50
"1419",4969.79112049428,"ACDG_P053",100
"1420",4025.15973604901,"ACDG_P053",25
"1421",1945.39750634143,"ACDG_P053",50
"1422",11053.6598790323,"ACDG_P053",100
"1423",9049.50735435556,"ACDG_P053",25
"1424",-939.154579832946,"ACDG_P053",50
"1425",8325.19999417642,"ACDG_P053",100
"1426",-1124.68275973582,"ACDG_P053",25
"1427",7755.82876753324,"ACDG_P053",50
"1428",5771.62068776196,"ACDG_P053",100
"1429",894.132430860947,"ACDG_P053",25
"1430",-509.045032698108,"ACDG_P053",50
"1431",5174.79719031305,"ACDG_P053",100
"1432",-628.179632936895,"ACDG_P053",25
"1433",1733.58347821911,"ACDG_P053",50
"1434",9128.32382533277,"ACDG_P053",100
"1435",1697.80898267066,"ACDG_P053",25
"1436",5973.49018730325,"ACDG_P053",50
"1437",4696.62448915603,"ACDG_P053",100
"1438",5169.17955975054,"ACDG_P053",25
"1439",894.828970515286,"ACDG_P053",50
"1440",11096.3214053482,"ACDG_P053",100
"1441",-392.625365186133,"ACDG_P053",25
"1442",706.318204942654,"ACDG_P053",50
"1443",4900.61006414948,"ACDG_P053",100
"1444",4078.826616948,"ACDG_P053",25
"1445",5212.53460168338,"ACDG_P053",50
"1446",2856.45222564551,"ACDG_P053",100
"1447",1698.81365196046,"ACDG_P053",25
"1448",-1277.89597091606,"ACDG_P053",50
"1449",3958.14685220376,"ACDG_P053",100
"1450",1722.2058972395,"ACDG_P053",25
"1451",-277.948343258613,"ACDG_P053",50
"1452",6343.36445030585,"ACDG_P053",100
"1453",2299.94924831676,"ACDG_P053",25
"1454",1482.4148578787,"ACDG_P053",50
"1455",-273.782879309292,"ACDG_P053",100
"1456",2739.2274205226,"ACDG_P053",25
"1457",-1570.56538329064,"ACDG_P053",50
"1458",-439.054366589204,"ACDG_P053",100
"1459",-480.587225614581,"ACDG_P053",25
"1460",2464.4732433715,"ACDG_P053",50
"1461",13338.0055794122,"ACDG_P053",100
"1462",-193.27173515645,"ACDG_P053",25
"1463",4845.96495072488,"ACDG_P053",50
"1464",692.617387957318,"ACDG_P053",100
"1465",745.090582094766,"ACDG_P053",25
"1466",2552.64631762664,"ACDG_P053",50
"1467",12026.125336988,"ACDG_P053",100
"1468",44.6810750126606,"ACDG_P053",25
"1469",495.553234453459,"ACDG_P053",50
"1470",2392.15573269819,"ACDG_P053",100
"1471",5065.92235791811,"ACDG_P053",25
"1472",4406.52069134419,"ACDG_P053",50
"1473",731.394659509708,"ACDG_P053",100
"1474",2546.09902092893,"ACDG_P053",25
"1475",2249.19681112087,"ACDG_P053",50
"1476",842.807690128451,"ACDG_P053",100
"1477",-1065.01627160719,"ACDG_P053",25
"1478",7340.74794829311,"ACDG_P053",50
"1479",3933.25263430586,"ACDG_P053",100
"1480",3893.1817238566,"ACDG_P053",25
"1481",-1753.90402579532,"ACDG_P053",50
"1482",12715.3386905286,"ACDG_P053",100
"1483",242.652565321856,"ACDG_P053",25
"1484",4156.30491474574,"ACDG_P053",50
"1485",8444.31208859771,"ACDG_P053",100
"1486",-211.378539141122,"ACDG_P053",25
"1487",9448.33951523594,"ACDG_P053",50
"1488",10028.3777095589,"ACDG_P053",100
"1489",4558.78090150657,"ACDG_P053",25
"1490",-677.845868802193,"ACDG_P053",50
"1491",8142.14986422606,"ACDG_P053",100
"1492",-744.881062407629,"ACDG_P053",25
"1493",3677.20925187686,"ACDG_P053",50
"1494",26529.3256853164,"ACDG_P053",100
"1495",3508.4679295939,"ACDG_P053",25
"1496",4229.75187245617,"ACDG_P053",50
"1497",6442.76273917095,"ACDG_P053",100
"1498",746.774052477995,"ACDG_P053",25
"1499",579.420492675796,"ACDG_P053",50
"1500",3513.85737350106,"ACDG_P053",100
"1501",-692.883394909441,"ACDG_P055",25
"1502",-21781.8631465435,"ACDG_P055",50
"1503",-20675.3552487058,"ACDG_P055",100
"1504",-7001.03010355029,"ACDG_P055",25
"1505",-3419.38808060274,"ACDG_P055",50
"1506",-21431.0561707522,"ACDG_P055",100
"1507",67.4841210714658,"ACDG_P055",25
"1508",-16850.4970962385,"ACDG_P055",50
"1509",-18938.32623995,"ACDG_P055",100
"1510",-631.545716280991,"ACDG_P055",25
"1511",-4350.71422551665,"ACDG_P055",50
"1512",-19909.3563941507,"ACDG_P055",100
"1513",-14543.7783496825,"ACDG_P055",25
"1514",-1936.11785315152,"ACDG_P055",50
"1515",-24404.9340655773,"ACDG_P055",100
"1516",-51.003088574158,"ACDG_P055",25
"1517",-26581.9361291021,"ACDG_P055",50
"1518",-25231.5413560064,"ACDG_P055",100
"1519",-1852.10479027696,"ACDG_P055",25
"1520",-15428.7015259416,"ACDG_P055",50
"1521",-26652.7450415529,"ACDG_P055",100
"1522",-11168.3299285477,"ACDG_P055",25
"1523",-21306.7470157971,"ACDG_P055",50
"1524",-25949.3558031126,"ACDG_P055",100
"1525",-1204.5449567872,"ACDG_P055",25
"1526",-17921.7081469822,"ACDG_P055",50
"1527",-28140.3218681812,"ACDG_P055",100
"1528",-2278.28130022303,"ACDG_P055",25
"1529",-7353.15518816002,"ACDG_P055",50
"1530",-27271.7680937302,"ACDG_P055",100
"1531",-6398.90343563486,"ACDG_P055",25
"1532",-19777.659489572,"ACDG_P055",50
"1533",-23772.0297222311,"ACDG_P055",100
"1534",-6764.98130653077,"ACDG_P055",25
"1535",-9024.83530613716,"ACDG_P055",50
"1536",-24428.176134411,"ACDG_P055",100
"1537",624.551229596662,"ACDG_P055",25
"1538",-16353.9411657706,"ACDG_P055",50
"1539",-17183.616961037,"ACDG_P055",100
"1540",950.969636734459,"ACDG_P055",25
"1541",-6559.10338737117,"ACDG_P055",50
"1542",-28248.960290299,"ACDG_P055",100
"1543",-355.877633957483,"ACDG_P055",25
"1544",-19165.7243023248,"ACDG_P055",50
"1545",-25960.5608481702,"ACDG_P055",100
"1546",-7073.37610661564,"ACDG_P055",25
"1547",-20797.9995109371,"ACDG_P055",50
"1548",-28068.2955366674,"ACDG_P055",100
"1549",32.1650687926449,"ACDG_P055",25
"1550",-27377.0108564649,"ACDG_P055",50
"1551",-25517.3547468063,"ACDG_P055",100
"1552",-790.519140469725,"ACDG_P055",25
"1553",-7515.59726619173,"ACDG_P055",50
"1554",-27104.3869824496,"ACDG_P055",100
"1555",-2739.38109856471,"ACDG_P055",25
"1556",-18858.3697351061,"ACDG_P055",50
"1557",-26270.1176930338,"ACDG_P055",100
"1558",3609.05388511316,"ACDG_P055",25
"1559",-10657.1604868154,"ACDG_P055",50
"1560",-25155.161272477,"ACDG_P055",100
"1561",-8269.67800527991,"ACDG_P055",25
"1562",-8308.20297547634,"ACDG_P055",50
"1563",-26817.4455107067,"ACDG_P055",100
"1564",-13023.4983719511,"ACDG_P055",25
"1565",-749.771008324751,"ACDG_P055",50
"1566",-28280.2237553531,"ACDG_P055",100
"1567",-7491.58396426094,"ACDG_P055",25
"1568",-5418.91352593794,"ACDG_P055",50
"1569",-23589.1467562155,"ACDG_P055",100
"1570",-8805.75293430645,"ACDG_P055",25
"1571",-6275.55367474206,"ACDG_P055",50
"1572",-15901.2598872467,"ACDG_P055",100
"1573",-2962.04625055095,"ACDG_P055",25
"1574",-18788.0573306498,"ACDG_P055",50
"1575",-25001.9502833018,"ACDG_P055",100
"1576",-6787.22768031742,"ACDG_P055",25
"1577",-6503.84396100184,"ACDG_P055",50
"1578",-26238.0760026332,"ACDG_P055",100
"1579",-968.485099338519,"ACDG_P055",25
"1580",-20013.7154645493,"ACDG_P055",50
"1581",-28585.4838775606,"ACDG_P055",100
"1582",-2103.0396728256,"ACDG_P055",25
"1583",-7403.6932572872,"ACDG_P055",50
"1584",-14380.0356207457,"ACDG_P055",100
"1585",-570.714062945102,"ACDG_P055",25
"1586",869.381526390556,"ACDG_P055",50
"1587",-25058.6883554123,"ACDG_P055",100
"1588",-3277.97631017433,"ACDG_P055",25
"1589",-4842.37203725928,"ACDG_P055",50
"1590",-27979.9658173517,"ACDG_P055",100
"1591",-18786.5320088488,"ACDG_P055",25
"1592",-20686.2714558393,"ACDG_P055",50
"1593",-16823.7654339834,"ACDG_P055",100
"1594",-7387.09299699805,"ACDG_P055",25
"1595",-14701.7650627793,"ACDG_P055",50
"1596",-22580.4399339001,"ACDG_P055",100
"1597",-0.365677991416305,"ACDG_P055",25
"1598",-3398.15548464772,"ACDG_P055",50
"1599",-25055.988472346,"ACDG_P055",100
"1600",339.45090359787,"ACDG_P055",25
"1601",-7417.04888933245,"ACDG_P055",50
"1602",-26228.2610050923,"ACDG_P055",100
"1603",-92.4597257138812,"ACDG_P055",25
"1604",-2420.32600096846,"ACDG_P055",50
"1605",-25999.9305936193,"ACDG_P055",100
"1606",-12932.2821400997,"ACDG_P055",25
"1607",-160.006000018562,"ACDG_P055",50
"1608",-28072.1823697561,"ACDG_P055",100
"1609",-7077.60669443401,"ACDG_P055",25
"1610",-26126.3273995029,"ACDG_P055",50
"1611",-24111.8683807625,"ACDG_P055",100
"1612",-14007.8108219533,"ACDG_P055",25
"1613",-19513.6152569901,"ACDG_P055",50
"1614",-30310.5236211699,"ACDG_P055",100
"1615",-400.033934631734,"ACDG_P055",25
"1616",-7689.9474988085,"ACDG_P055",50
"1617",-30447.8614768222,"ACDG_P055",100
"1618",-3596.50339581457,"ACDG_P055",25
"1619",-2483.04270536645,"ACDG_P055",50
"1620",-25030.476847028,"ACDG_P055",100
"1621",-2367.34396245866,"ACDG_P055",25
"1622",-15682.5729889887,"ACDG_P055",50
"1623",-24443.8664486396,"ACDG_P055",100
"1624",-4262.66894740786,"ACDG_P055",25
"1625",-14149.8384601055,"ACDG_P055",50
"1626",-28319.9830478824,"ACDG_P055",100
"1627",421.90246090194,"ACDG_P055",25
"1628",-10800.4161239268,"ACDG_P055",50
"1629",-17565.6329477019,"ACDG_P055",100
"1630",-4436.35834384878,"ACDG_P055",25
"1631",-2799.20037922414,"ACDG_P055",50
"1632",-19615.8166838608,"ACDG_P055",100
"1633",-589.804197216115,"ACDG_P055",25
"1634",-7522.05868039245,"ACDG_P055",50
"1635",-20899.2371388347,"ACDG_P055",100
"1636",-1145.97972454579,"ACDG_P055",25
"1637",-23132.6627315859,"ACDG_P055",50
"1638",-24386.6231217791,"ACDG_P055",100
"1639",-13735.5854208272,"ACDG_P055",25
"1640",-9948.07587913366,"ACDG_P055",50
"1641",-27650.7584899964,"ACDG_P055",100
"1642",-1573.4713133297,"ACDG_P055",25
"1643",-3215.63597672997,"ACDG_P055",50
"1644",-29110.6554288,"ACDG_P055",100
"1645",-7264.78707806504,"ACDG_P055",25
"1646",-17648.9276285648,"ACDG_P055",50
"1647",-25486.566483429,"ACDG_P055",100
"1648",240.197838201944,"ACDG_P055",25
"1649",-11932.551273753,"ACDG_P055",50
"1650",-28950.9043061649,"ACDG_P055",100
"1651",295.408147086157,"ACDG_P055",25
"1652",-5064.87493833265,"ACDG_P055",50
"1653",-23650.4588756452,"ACDG_P055",100
"1654",-638.800929095654,"ACDG_P055",25
"1655",-8834.99893540045,"ACDG_P055",50
"1656",-28166.4247298494,"ACDG_P055",100
"1657",-3316.52420484979,"ACDG_P055",25
"1658",2445.09724375617,"ACDG_P055",50
"1659",-25592.7493911418,"ACDG_P055",100
"1660",-2649.70230363315,"ACDG_P055",25
"1661",-9596.17361056391,"ACDG_P055",50
"1662",-27315.3224900647,"ACDG_P055",100
"1663",-3442.91226217733,"ACDG_P055",25
"1664",-3779.89046446653,"ACDG_P055",50
"1665",-26324.5295234614,"ACDG_P055",100
"1666",346.304074505402,"ACDG_P055",25
"1667",-6493.6928517209,"ACDG_P055",50
"1668",-23675.6610417257,"ACDG_P055",100
"1669",-14350.9192836956,"ACDG_P055",25
"1670",-10363.5366533365,"ACDG_P055",50
"1671",-28896.2861917088,"ACDG_P055",100
"1672",-14539.3227039282,"ACDG_P055",25
"1673",-908.698820586083,"ACDG_P055",50
"1674",-26627.8875221105,"ACDG_P055",100
"1675",-12535.6187515877,"ACDG_P055",25
"1676",-2062.39676666656,"ACDG_P055",50
"1677",-27584.3310211264,"ACDG_P055",100
"1678",-15740.1541312514,"ACDG_P055",25
"1679",-14938.1396581897,"ACDG_P055",50
"1680",-27835.7497948152,"ACDG_P055",100
"1681",-14352.2949024159,"ACDG_P055",25
"1682",-5173.83823376271,"ACDG_P055",50
"1683",-27094.4713414955,"ACDG_P055",100
"1684",-9029.32603977231,"ACDG_P055",25
"1685",-11546.484845956,"ACDG_P055",50
"1686",-24984.2313647912,"ACDG_P055",100
"1687",-6865.09634461562,"ACDG_P055",25
"1688",-7682.54175196699,"ACDG_P055",50
"1689",-24563.8362745961,"ACDG_P055",100
"1690",3479.31438691542,"ACDG_P055",25
"1691",-21877.9918294658,"ACDG_P055",50
"1692",-28710.9985837271,"ACDG_P055",100
"1693",-14148.3202107814,"ACDG_P055",25
"1694",-6054.57529266085,"ACDG_P055",50
"1695",-27178.8720266864,"ACDG_P055",100
"1696",-3861.8601474287,"ACDG_P055",25
"1697",-20736.9865967018,"ACDG_P055",50
"1698",-28488.9300822215,"ACDG_P055",100
"1699",1590.33042361913,"ACDG_P055",25
"1700",-20917.6147760114,"ACDG_P055",50
"1701",-15370.4387426824,"ACDG_P055",100
"1702",775.795984330645,"ACDG_P055",25
"1703",-22382.8922844346,"ACDG_P055",50
"1704",-20406.3323869946,"ACDG_P055",100
"1705",-17762.9407710191,"ACDG_P055",25
"1706",-16540.3643764412,"ACDG_P055",50
"1707",-28198.8203133999,"ACDG_P055",100
"1708",-3152.63694754499,"ACDG_P055",25
"1709",-15276.668923542,"ACDG_P055",50
"1710",-25572.8328176384,"ACDG_P055",100
"1711",-11834.6328110613,"ACDG_P055",25
"1712",-9063.6865143177,"ACDG_P055",50
"1713",-17811.522775723,"ACDG_P055",100
"1714",-652.192947523319,"ACDG_P055",25
"1715",-5748.58054250013,"ACDG_P055",50
"1716",-26191.0724025057,"ACDG_P055",100
"1717",-11125.3600611709,"ACDG_P055",25
"1718",-8842.16549555049,"ACDG_P055",50
"1719",-29340.6448823962,"ACDG_P055",100
"1720",-4176.68533749675,"ACDG_P055",25
"1721",-28295.744078269,"ACDG_P055",50
"1722",-15911.5582399213,"ACDG_P055",100
"1723",-14624.0306094264,"ACDG_P055",25
"1724",-19938.1445232424,"ACDG_P055",50
"1725",-23931.319145044,"ACDG_P055",100
"1726",2368.43773458066,"ACDG_P055",25
"1727",-18544.0992898634,"ACDG_P055",50
"1728",-25222.6469474517,"ACDG_P055",100
"1729",-4811.82458884886,"ACDG_P055",25
"1730",-3301.87336565391,"ACDG_P055",50
"1731",-28193.2561675833,"ACDG_P055",100
"1732",-1445.83592152043,"ACDG_P055",25
"1733",-5322.92053399782,"ACDG_P055",50
"1734",-21828.1025936762,"ACDG_P055",100
"1735",-18146.6925661447,"ACDG_P055",25
"1736",-14378.1422680806,"ACDG_P055",50
"1737",-23355.9088562404,"ACDG_P055",100
"1738",-1024.25447286561,"ACDG_P055",25
"1739",-14531.0077564044,"ACDG_P055",50
"1740",-19159.9644434204,"ACDG_P055",100
"1741",-899.06752054859,"ACDG_P055",25
"1742",-23457.2934464081,"ACDG_P055",50
"1743",-25869.9945364585,"ACDG_P055",100
"1744",-3174.51822172164,"ACDG_P055",25
"1745",-6706.18838718295,"ACDG_P055",50
"1746",-23468.2946133353,"ACDG_P055",100
"1747",-5700.60977398918,"ACDG_P055",25
"1748",-19685.9552702878,"ACDG_P055",50
"1749",-22427.6775044323,"ACDG_P055",100
"1750",-5463.46734031581,"ACDG_P055",25
"1751",-21069.9393164374,"ACDG_P055",50
"1752",-22425.2923321721,"ACDG_P055",100
"1753",-2940.23835126334,"ACDG_P055",25
"1754",-9147.52035030979,"ACDG_P055",50
"1755",-27911.5852801731,"ACDG_P055",100
"1756",-1654.86039747117,"ACDG_P055",25
"1757",-13696.4775587452,"ACDG_P055",50
"1758",-14855.2162299969,"ACDG_P055",100
"1759",-820.31298352062,"ACDG_P055",25
"1760",-19612.8238606793,"ACDG_P055",50
"1761",-27933.7544304321,"ACDG_P055",100
"1762",-207.307517066714,"ACDG_P055",25
"1763",-10331.0741863946,"ACDG_P055",50
"1764",-25629.5764746522,"ACDG_P055",100
"1765",2745.58645322704,"ACDG_P055",25
"1766",-2874.32744375581,"ACDG_P055",50
"1767",-23459.3575301154,"ACDG_P055",100
"1768",-6723.74994439859,"ACDG_P055",25
"1769",-18295.2459799993,"ACDG_P055",50
"1770",-25196.1432699516,"ACDG_P055",100
"1771",-15201.2315876026,"ACDG_P055",25
"1772",-15362.0478994485,"ACDG_P055",50
"1773",-26190.7650687628,"ACDG_P055",100
"1774",-6530.91811962653,"ACDG_P055",25
"1775",-12792.3766894195,"ACDG_P055",50
"1776",-27231.1541798827,"ACDG_P055",100
"1777",-9836.3285380195,"ACDG_P055",25
"1778",-16733.7864124198,"ACDG_P055",50
"1779",-25987.5666707111,"ACDG_P055",100
"1780",-5926.75240172149,"ACDG_P055",25
"1781",-17986.601627592,"ACDG_P055",50
"1782",-24097.518177006,"ACDG_P055",100
"1783",-7596.59066397481,"ACDG_P055",25
"1784",-23734.6626679724,"ACDG_P055",50
"1785",-25916.5287472168,"ACDG_P055",100
"1786",7653.8860221213,"ACDG_P055",25
"1787",-12497.1000717971,"ACDG_P055",50
"1788",-13149.1895086801,"ACDG_P055",100
"1789",7546.6640017294,"ACDG_P055",25
"1790",-9917.64596873662,"ACDG_P055",50
"1791",-26459.5441339954,"ACDG_P055",100
"1792",-2757.07497034018,"ACDG_P055",25
"1793",-18453.4362496271,"ACDG_P055",50
"1794",-25989.7575357382,"ACDG_P055",100
"1795",-7872.85718099884,"ACDG_P055",25
"1796",-9364.17538614187,"ACDG_P055",50
"1797",-17030.0144640642,"ACDG_P055",100
"1798",1759.18500646547,"ACDG_P055",25
"1799",-22521.5498187257,"ACDG_P055",50
"1800",-20603.4914611079,"ACDG_P055",100
"1801",-7491.69788186334,"CAFI_P001",25
"1802",-13797.8684839815,"CAFI_P001",50
"1803",4050.86368206234,"CAFI_P001",100
"1804",-3653.37207763662,"CAFI_P001",25
"1805",-4432.25173776498,"CAFI_P001",50
"1806",-11175.5548377719,"CAFI_P001",100
"1807",706.978448127309,"CAFI_P001",25
"1808",2702.19130447172,"CAFI_P001",50
"1809",-19057.1761577196,"CAFI_P001",100
"1810",-824.710200554866,"CAFI_P001",25
"1811",-11224.6651793215,"CAFI_P001",50
"1812",-7531.08007793195,"CAFI_P001",100
"1813",-8413.49312393507,"CAFI_P001",25
"1814",8273.43579308913,"CAFI_P001",50
"1815",-1114.43930184623,"CAFI_P001",100
"1816",-1089.49449288825,"CAFI_P001",25
"1817",-5690.86224908457,"CAFI_P001",50
"1818",4327.58783297098,"CAFI_P001",100
"1819",-4171.04401275446,"CAFI_P001",25
"1820",-5000.52219526659,"CAFI_P001",50
"1821",-6731.07321419992,"CAFI_P001",100
"1822",-7663.57529185398,"CAFI_P001",25
"1823",-2800.48107532074,"CAFI_P001",50
"1824",-14453.4119077252,"CAFI_P001",100
"1825",-2734.00520610652,"CAFI_P001",25
"1826",-9540.59743128487,"CAFI_P001",50
"1827",-19346.9644141904,"CAFI_P001",100
"1828",-6052.55568069039,"CAFI_P001",25
"1829",-2635.20572269463,"CAFI_P001",50
"1830",-15770.4063115928,"CAFI_P001",100
"1831",-22627.6903068003,"CAFI_P001",25
"1832",389.533766682085,"CAFI_P001",50
"1833",-11003.8536863684,"CAFI_P001",100
"1834",-13092.9509521006,"CAFI_P001",25
"1835",-5627.78513607665,"CAFI_P001",50
"1836",-5415.36273464424,"CAFI_P001",100
"1837",-405.692088270094,"CAFI_P001",25
"1838",-3998.56229110633,"CAFI_P001",50
"1839",-20665.748160319,"CAFI_P001",100
"1840",-3262.81366626814,"CAFI_P001",25
"1841",-14705.1602197257,"CAFI_P001",50
"1842",-17486.7356870778,"CAFI_P001",100
"1843",5939.60228514243,"CAFI_P001",25
"1844",-5803.84548443384,"CAFI_P001",50
"1845",-11134.6310357674,"CAFI_P001",100
"1846",-2051.58280159932,"CAFI_P001",25
"1847",-3966.15623282816,"CAFI_P001",50
"1848",-14062.0325843683,"CAFI_P001",100
"1849",2171.9641854162,"CAFI_P001",25
"1850",1156.90348488581,"CAFI_P001",50
"1851",-15498.0959325216,"CAFI_P001",100
"1852",-6093.56271382381,"CAFI_P001",25
"1853",-5887.29547129586,"CAFI_P001",50
"1854",-4452.56226245366,"CAFI_P001",100
"1855",-5651.50645300513,"CAFI_P001",25
"1856",-216.086643272021,"CAFI_P001",50
"1857",-11725.9741963235,"CAFI_P001",100
"1858",-6229.07337194795,"CAFI_P001",25
"1859",-14710.1078358944,"CAFI_P001",50
"1860",-7627.89893446441,"CAFI_P001",100
"1861",2296.85470088062,"CAFI_P001",25
"1862",-10411.4444240219,"CAFI_P001",50
"1863",-6954.08540360475,"CAFI_P001",100
"1864",-3083.26534809338,"CAFI_P001",25
"1865",-6627.8528354748,"CAFI_P001",50
"1866",-17178.0891947109,"CAFI_P001",100
"1867",-5008.27434367954,"CAFI_P001",25
"1868",-6453.63457244003,"CAFI_P001",50
"1869",-16190.1036082783,"CAFI_P001",100
"1870",-5054.78056802356,"CAFI_P001",25
"1871",-4914.23963580086,"CAFI_P001",50
"1872",-10706.8552626335,"CAFI_P001",100
"1873",1611.09449969066,"CAFI_P001",25
"1874",3473.40004875642,"CAFI_P001",50
"1875",-16896.9607870897,"CAFI_P001",100
"1876",-6884.87754969951,"CAFI_P001",25
"1877",2665.24321846824,"CAFI_P001",50
"1878",-20107.895164681,"CAFI_P001",100
"1879",-5477.6232926716,"CAFI_P001",25
"1880",-3784.24212537141,"CAFI_P001",50
"1881",-19810.0866155777,"CAFI_P001",100
"1882",-2290.35427238938,"CAFI_P001",25
"1883",3992.47480103179,"CAFI_P001",50
"1884",9220.70056519946,"CAFI_P001",100
"1885",-12392.3826158356,"CAFI_P001",25
"1886",-9730.14874658582,"CAFI_P001",50
"1887",-17209.1320415288,"CAFI_P001",100
"1888",-5540.34188508056,"CAFI_P001",25
"1889",-3197.56512057982,"CAFI_P001",50
"1890",-17705.6669572735,"CAFI_P001",100
"1891",-6553.85352523881,"CAFI_P001",25
"1892",4632.79761742873,"CAFI_P001",50
"1893",-12849.801229534,"CAFI_P001",100
"1894",-4185.79569688576,"CAFI_P001",25
"1895",-3762.85515017243,"CAFI_P001",50
"1896",-14950.1509629538,"CAFI_P001",100
"1897",-8241.87810665471,"CAFI_P001",25
"1898",-558.74763610962,"CAFI_P001",50
"1899",-1568.81112814104,"CAFI_P001",100
"1900",-6578.39040424491,"CAFI_P001",25
"1901",-2816.15343218148,"CAFI_P001",50
"1902",-11424.5436752582,"CAFI_P001",100
"1903",-12029.3065727395,"CAFI_P001",25
"1904",-9397.15738907177,"CAFI_P001",50
"1905",-10063.909930637,"CAFI_P001",100
"1906",-119.832972484204,"CAFI_P001",25
"1907",-3609.8670792199,"CAFI_P001",50
"1908",-10058.038631548,"CAFI_P001",100
"1909",-5878.6590744007,"CAFI_P001",25
"1910",-2435.38936859762,"CAFI_P001",50
"1911",-5913.68424547199,"CAFI_P001",100
"1912",1859.79859874057,"CAFI_P001",25
"1913",-11027.0429712638,"CAFI_P001",50
"1914",-10100.6658091786,"CAFI_P001",100
"1915",5101.5565583102,"CAFI_P001",25
"1916",-7078.01344352405,"CAFI_P001",50
"1917",-18502.298784578,"CAFI_P001",100
"1918",-3726.28909302747,"CAFI_P001",25
"1919",-2048.92790516542,"CAFI_P001",50
"1920",-21138.091875573,"CAFI_P001",100
"1921",-5950.11206023299,"CAFI_P001",25
"1922",16.6581114597211,"CAFI_P001",50
"1923",-13185.0276120745,"CAFI_P001",100
"1924",-1017.6574582312,"CAFI_P001",25
"1925",5683.54253016817,"CAFI_P001",50
"1926",-19182.4155489186,"CAFI_P001",100
"1927",-13280.2983501773,"CAFI_P001",25
"1928",613.448614016728,"CAFI_P001",50
"1929",-3241.80678659625,"CAFI_P001",100
"1930",-7616.60586438311,"CAFI_P001",25
"1931",-12890.5481920998,"CAFI_P001",50
"1932",-16991.465874264,"CAFI_P001",100
"1933",-6895.83460695352,"CAFI_P001",25
"1934",-7873.46834676663,"CAFI_P001",50
"1935",-6973.8311194774,"CAFI_P001",100
"1936",-6128.00338850758,"CAFI_P001",25
"1937",-11816.8896584715,"CAFI_P001",50
"1938",-14844.3731890921,"CAFI_P001",100
"1939",-5586.60341844746,"CAFI_P001",25
"1940",-16246.6063542429,"CAFI_P001",50
"1941",-15399.5627949875,"CAFI_P001",100
"1942",-3992.20810706189,"CAFI_P001",25
"1943",-2344.24200873496,"CAFI_P001",50
"1944",-7668.77947752245,"CAFI_P001",100
"1945",-3540.60946534385,"CAFI_P001",25
"1946",-6724.01668196943,"CAFI_P001",50
"1947",-14758.3565591564,"CAFI_P001",100
"1948",-5181.3666382815,"CAFI_P001",25
"1949",-5084.80550740202,"CAFI_P001",50
"1950",-13311.322563954,"CAFI_P001",100
"1951",-2621.50560163011,"CAFI_P001",25
"1952",-9329.8590419137,"CAFI_P001",50
"1953",-4225.12432359092,"CAFI_P001",100
"1954",-7668.82303822992,"CAFI_P001",25
"1955",-6679.97393789096,"CAFI_P001",50
"1956",-14436.6133110157,"CAFI_P001",100
"1957",-3059.87728699253,"CAFI_P001",25
"1958",-3453.0693502808,"CAFI_P001",50
"1959",-14584.0646941317,"CAFI_P001",100
"1960",-7970.24364924117,"CAFI_P001",25
"1961",-12507.8895642296,"CAFI_P001",50
"1962",-14510.5330636637,"CAFI_P001",100
"1963",4301.91314461231,"CAFI_P001",25
"1964",-2124.42272488037,"CAFI_P001",50
"1965",-17138.8078095291,"CAFI_P001",100
"1966",-4153.27690739025,"CAFI_P001",25
"1967",3918.45193689436,"CAFI_P001",50
"1968",-17522.2662319744,"CAFI_P001",100
"1969",-3666.35304713316,"CAFI_P001",25
"1970",-13283.5749643579,"CAFI_P001",50
"1971",-21291.2211887216,"CAFI_P001",100
"1972",798.451497421309,"CAFI_P001",25
"1973",-987.162699002656,"CAFI_P001",50
"1974",-11608.5388435714,"CAFI_P001",100
"1975",-2325.54596163289,"CAFI_P001",25
"1976",-16516.2892668101,"CAFI_P001",50
"1977",-8538.4081059341,"CAFI_P001",100
"1978",599.925216042204,"CAFI_P001",25
"1979",-13865.1457580926,"CAFI_P001",50
"1980",1647.17350696857,"CAFI_P001",100
"1981",-7.17562154532061,"CAFI_P001",25
"1982",-3245.64674413079,"CAFI_P001",50
"1983",-6725.86628738407,"CAFI_P001",100
"1984",7344.87076009254,"CAFI_P001",25
"1985",-7820.95017462692,"CAFI_P001",50
"1986",-9584.61024047565,"CAFI_P001",100
"1987",-2769.5541027963,"CAFI_P001",25
"1988",-19749.7772918835,"CAFI_P001",50
"1989",-7857.30985499444,"CAFI_P001",100
"1990",-4874.88308628573,"CAFI_P001",25
"1991",-11584.5993591721,"CAFI_P001",50
"1992",-22803.4509554365,"CAFI_P001",100
"1993",-10724.5994923295,"CAFI_P001",25
"1994",-9245.43049947606,"CAFI_P001",50
"1995",-19144.795708778,"CAFI_P001",100
"1996",7674.73515939675,"CAFI_P001",25
"1997",-9988.85139999335,"CAFI_P001",50
"1998",14511.6843297759,"CAFI_P001",100
"1999",-13242.1158064166,"CAFI_P001",25
"2000",-876.665736401104,"CAFI_P001",50
"2001",-21533.6743289299,"CAFI_P001",100
"2002",-7677.27306466267,"CAFI_P001",25
"2003",-13651.9911589974,"CAFI_P001",50
"2004",-22441.7475239441,"CAFI_P001",100
"2005",-6478.17727731814,"CAFI_P001",25
"2006",-11282.0370844438,"CAFI_P001",50
"2007",-2244.97109219298,"CAFI_P001",100
"2008",7563.48735752332,"CAFI_P001",25
"2009",7974.707138547,"CAFI_P001",50
"2010",-7565.04314975228,"CAFI_P001",100
"2011",-6922.66643841632,"CAFI_P001",25
"2012",-7296.83921786264,"CAFI_P001",50
"2013",-11614.6552293843,"CAFI_P001",100
"2014",7004.03098133122,"CAFI_P001",25
"2015",-9245.559120758,"CAFI_P001",50
"2016",-13360.8926359907,"CAFI_P001",100
"2017",-8957.7278473367,"CAFI_P001",25
"2018",528.021989156114,"CAFI_P001",50
"2019",-907.369333690323,"CAFI_P001",100
"2020",-4594.94695664296,"CAFI_P001",25
"2021",-5917.85985907665,"CAFI_P001",50
"2022",8013.80618231432,"CAFI_P001",100
"2023",-6035.17048989577,"CAFI_P001",25
"2024",-9190.74983857336,"CAFI_P001",50
"2025",-15662.4378939757,"CAFI_P001",100
"2026",-2623.38114540913,"CAFI_P001",25
"2027",5196.07100529791,"CAFI_P001",50
"2028",-16590.0982788168,"CAFI_P001",100
"2029",814.963915411005,"CAFI_P001",25
"2030",-1833.50625981329,"CAFI_P001",50
"2031",-24527.4164100835,"CAFI_P001",100
"2032",-3653.60873555442,"CAFI_P001",25
"2033",6595.93139607567,"CAFI_P001",50
"2034",-21299.9726248179,"CAFI_P001",100
"2035",-11838.9464438025,"CAFI_P001",25
"2036",-17404.9766643222,"CAFI_P001",50
"2037",-13679.9133104678,"CAFI_P001",100
"2038",-7213.0147825224,"CAFI_P001",25
"2039",-6972.08704634264,"CAFI_P001",50
"2040",-4836.59059976603,"CAFI_P001",100
"2041",-2976.74599529183,"CAFI_P001",25
"2042",-8769.37494281447,"CAFI_P001",50
"2043",-17663.9789141102,"CAFI_P001",100
"2044",-66.8031538465293,"CAFI_P001",25
"2045",-40.102481496986,"CAFI_P001",50
"2046",-8470.68034374999,"CAFI_P001",100
"2047",7590.93581523394,"CAFI_P001",25
"2048",-11529.4297520066,"CAFI_P001",50
"2049",-14610.745359212,"CAFI_P001",100
"2050",-7440.23249847515,"CAFI_P001",25
"2051",4109.49142993815,"CAFI_P001",50
"2052",-15245.4017494942,"CAFI_P001",100
"2053",-598.924022811378,"CAFI_P001",25
"2054",-6827.44610195144,"CAFI_P001",50
"2055",-12538.9341939586,"CAFI_P001",100
"2056",-10887.2463862897,"CAFI_P001",25
"2057",-6168.15707351267,"CAFI_P001",50
"2058",-7548.43881598019,"CAFI_P001",100
"2059",-5153.29283813585,"CAFI_P001",25
"2060",-9199.89471561165,"CAFI_P001",50
"2061",-9632.08807182848,"CAFI_P001",100
"2062",-218.07686630424,"CAFI_P001",25
"2063",3237.56965991555,"CAFI_P001",50
"2064",-10410.479685256,"CAFI_P001",100
"2065",-5840.34335460127,"CAFI_P001",25
"2066",-16019.9821579439,"CAFI_P001",50
"2067",-20056.5471223815,"CAFI_P001",100
"2068",-3974.02300959587,"CAFI_P001",25
"2069",-361.175683215406,"CAFI_P001",50
"2070",-17061.8226585166,"CAFI_P001",100
"2071",-2649.92768382959,"CAFI_P001",25
"2072",-11880.9040836004,"CAFI_P001",50
"2073",-15142.5750582085,"CAFI_P001",100
"2074",-65.1920490678749,"CAFI_P001",25
"2075",2689.64722064752,"CAFI_P001",50
"2076",-16409.0368007738,"CAFI_P001",100
"2077",10479.5400120766,"CAFI_P001",25
"2078",-10962.6614578906,"CAFI_P001",50
"2079",-18371.3710105993,"CAFI_P001",100
"2080",4704.35025020517,"CAFI_P001",25
"2081",-4488.84582286191,"CAFI_P001",50
"2082",-16160.1570746096,"CAFI_P001",100
"2083",-2013.33603751098,"CAFI_P001",25
"2084",-4407.56132469204,"CAFI_P001",50
"2085",-13746.6810501958,"CAFI_P001",100
"2086",-251.701193560264,"CAFI_P001",25
"2087",-10964.3702331121,"CAFI_P001",50
"2088",-19160.5727513938,"CAFI_P001",100
"2089",-8825.60899231659,"CAFI_P001",25
"2090",-7689.67713010861,"CAFI_P001",50
"2091",-19419.182853252,"CAFI_P001",100
"2092",-9604.05330583992,"CAFI_P001",25
"2093",-5314.28554484659,"CAFI_P001",50
"2094",-15734.6841541654,"CAFI_P001",100
"2095",-1980.69063442171,"CAFI_P001",25
"2096",-8811.87055003672,"CAFI_P001",50
"2097",-21401.4525255864,"CAFI_P001",100
"2098",-12295.6797251669,"CAFI_P001",25
"2099",1512.19763483104,"CAFI_P001",50
"2100",-18494.031284551,"CAFI_P001",100
"2101",-4149.47056865829,"CAFI_P002",25
"2102",13460.7494188504,"CAFI_P002",50
"2103",-2829.58949931167,"CAFI_P002",100
"2104",-5418.39196346892,"CAFI_P002",25
"2105",20979.7013332881,"CAFI_P002",50
"2106",-520.256047698698,"CAFI_P002",100
"2107",-1309.30109414784,"CAFI_P002",25
"2108",-11940.6893868625,"CAFI_P002",50
"2109",-10167.176613949,"CAFI_P002",100
"2110",-7447.1503607927,"CAFI_P002",25
"2111",-788.199259330053,"CAFI_P002",50
"2112",-6909.88875007236,"CAFI_P002",100
"2113",-3162.68104107099,"CAFI_P002",25
"2114",23186.2432748624,"CAFI_P002",50
"2115",-15872.0370782216,"CAFI_P002",100
"2116",-4199.19651426221,"CAFI_P002",25
"2117",-5145.9160667425,"CAFI_P002",50
"2118",10438.7300544212,"CAFI_P002",100
"2119",-4197.64629314485,"CAFI_P002",25
"2120",-5371.98898624277,"CAFI_P002",50
"2121",-9581.45779767598,"CAFI_P002",100
"2122",-376.746214672457,"CAFI_P002",25
"2123",-10769.1099383905,"CAFI_P002",50
"2124",39963.9851729672,"CAFI_P002",100
"2125",-1523.43276846266,"CAFI_P002",25
"2126",-11087.0667586343,"CAFI_P002",50
"2127",15700.5362126709,"CAFI_P002",100
"2128",-1057.08714237341,"CAFI_P002",25
"2129",20445.3609154153,"CAFI_P002",50
"2130",-9794.2780146205,"CAFI_P002",100
"2131",-4795.54355943183,"CAFI_P002",25
"2132",-3617.91962634711,"CAFI_P002",50
"2133",-13586.5873173862,"CAFI_P002",100
"2134",5960.4312608887,"CAFI_P002",25
"2135",-2652.49946198874,"CAFI_P002",50
"2136",-713.138763468538,"CAFI_P002",100
"2137",-3687.46968937127,"CAFI_P002",25
"2138",-9637.05572520301,"CAFI_P002",50
"2139",-10626.8329946376,"CAFI_P002",100
"2140",-8325.76234394661,"CAFI_P002",25
"2141",-4993.54952884605,"CAFI_P002",50
"2142",-7737.12124046133,"CAFI_P002",100
"2143",2078.7989219283,"CAFI_P002",25
"2144",-7020.78263831991,"CAFI_P002",50
"2145",-7643.11983955104,"CAFI_P002",100
"2146",-647.571630489721,"CAFI_P002",25
"2147",-2105.69028622325,"CAFI_P002",50
"2148",-1766.38706747894,"CAFI_P002",100
"2149",-4705.3514873338,"CAFI_P002",25
"2150",12170.6606263069,"CAFI_P002",50
"2151",-7409.76133250553,"CAFI_P002",100
"2152",-3912.76923661036,"CAFI_P002",25
"2153",-8790.59006752999,"CAFI_P002",50
"2154",-13730.5605047805,"CAFI_P002",100
"2155",-5681.92149819469,"CAFI_P002",25
"2156",-1286.2339939579,"CAFI_P002",50
"2157",-15305.977750561,"CAFI_P002",100
"2158",1377.1919385035,"CAFI_P002",25
"2159",1029.79194659812,"CAFI_P002",50
"2160",-14640.6006677898,"CAFI_P002",100
"2161",-1316.73017677991,"CAFI_P002",25
"2162",-12949.7353068464,"CAFI_P002",50
"2163",31949.5381879989,"CAFI_P002",100
"2164",-10299.8725070043,"CAFI_P002",25
"2165",-7513.85873567639,"CAFI_P002",50
"2166",1428.46251321281,"CAFI_P002",100
"2167",2877.52863320112,"CAFI_P002",25
"2168",33906.2232225923,"CAFI_P002",50
"2169",2140.47367406951,"CAFI_P002",100
"2170",-3767.42648989055,"CAFI_P002",25
"2171",-13475.6831623613,"CAFI_P002",50
"2172",-12084.9361442779,"CAFI_P002",100
"2173",490.156074420636,"CAFI_P002",25
"2174",-10409.5166466784,"CAFI_P002",50
"2175",-14275.0279157055,"CAFI_P002",100
"2176",-5096.68304149472,"CAFI_P002",25
"2177",5209.69041012754,"CAFI_P002",50
"2178",-2530.12376100029,"CAFI_P002",100
"2179",4256.19929543851,"CAFI_P002",25
"2180",-4661.39021595634,"CAFI_P002",50
"2181",-4312.18087432621,"CAFI_P002",100
"2182",-3620.37083304304,"CAFI_P002",25
"2183",-3849.83126118005,"CAFI_P002",50
"2184",22042.347721059,"CAFI_P002",100
"2185",-10198.5796102444,"CAFI_P002",25
"2186",1208.49759867045,"CAFI_P002",50
"2187",-9169.10465873283,"CAFI_P002",100
"2188",231.396919536841,"CAFI_P002",25
"2189",-6778.42290361959,"CAFI_P002",50
"2190",-16015.887308336,"CAFI_P002",100
"2191",-5143.90037122663,"CAFI_P002",25
"2192",-8779.02618493233,"CAFI_P002",50
"2193",-3145.29017023128,"CAFI_P002",100
"2194",2727.46987770734,"CAFI_P002",25
"2195",-4701.83951574558,"CAFI_P002",50
"2196",7600.13185747928,"CAFI_P002",100
"2197",-1843.13563422122,"CAFI_P002",25
"2198",-1214.2080260251,"CAFI_P002",50
"2199",-12967.4640061642,"CAFI_P002",100
"2200",1568.58173550593,"CAFI_P002",25
"2201",22273.9933967991,"CAFI_P002",50
"2202",7602.30965228914,"CAFI_P002",100
"2203",6734.98558769765,"CAFI_P002",25
"2204",-1326.98596261413,"CAFI_P002",50
"2205",-11707.4244922995,"CAFI_P002",100
"2206",-1417.43859316575,"CAFI_P002",25
"2207",-779.170948060171,"CAFI_P002",50
"2208",29557.512741662,"CAFI_P002",100
"2209",8369.22079282271,"CAFI_P002",25
"2210",-8102.05228563328,"CAFI_P002",50
"2211",-9418.24729121756,"CAFI_P002",100
"2212",-3485.88165851534,"CAFI_P002",25
"2213",22103.4678031983,"CAFI_P002",50
"2214",7517.9625086429,"CAFI_P002",100
"2215",1052.2742616203,"CAFI_P002",25
"2216",-4540.22140911801,"CAFI_P002",50
"2217",-9013.67938820474,"CAFI_P002",100
"2218",-92.3701393056544,"CAFI_P002",25
"2219",21273.0609013233,"CAFI_P002",50
"2220",17400.6358461843,"CAFI_P002",100
"2221",-2323.06818320139,"CAFI_P002",25
"2222",-4871.03965205877,"CAFI_P002",50
"2223",-10942.2513172851,"CAFI_P002",100
"2224",3892.38598717269,"CAFI_P002",25
"2225",-6469.82042939868,"CAFI_P002",50
"2226",-8013.02854954029,"CAFI_P002",100
"2227",-1841.25218191982,"CAFI_P002",25
"2228",4056.14509473846,"CAFI_P002",50
"2229",14065.0594308689,"CAFI_P002",100
"2230",-1116.56051579246,"CAFI_P002",25
"2231",-4158.76199536002,"CAFI_P002",50
"2232",-2044.38122015854,"CAFI_P002",100
"2233",-1810.9682224938,"CAFI_P002",25
"2234",-9154.82686252383,"CAFI_P002",50
"2235",-9456.3346428338,"CAFI_P002",100
"2236",-2483.36689513191,"CAFI_P002",25
"2237",-3597.85452110213,"CAFI_P002",50
"2238",-8481.63225950039,"CAFI_P002",100
"2239",-3897.4127334255,"CAFI_P002",25
"2240",-2787.17130953705,"CAFI_P002",50
"2241",-10319.6697714068,"CAFI_P002",100
"2242",-338.542453921575,"CAFI_P002",25
"2243",-4309.72648621185,"CAFI_P002",50
"2244",-11745.9816485104,"CAFI_P002",100
"2245",22.8496156078763,"CAFI_P002",25
"2246",-9996.62943219198,"CAFI_P002",50
"2247",-13244.7204308133,"CAFI_P002",100
"2248",-3143.23017801755,"CAFI_P002",25
"2249",-5404.91178967638,"CAFI_P002",50
"2250",-7141.17461215504,"CAFI_P002",100
"2251",-1804.68493767688,"CAFI_P002",25
"2252",18591.7757867921,"CAFI_P002",50
"2253",-15204.7045978147,"CAFI_P002",100
"2254",-1694.58790525096,"CAFI_P002",25
"2255",-3027.23509110496,"CAFI_P002",50
"2256",3311.04223467116,"CAFI_P002",100
"2257",-2493.83305735321,"CAFI_P002",25
"2258",-3506.86786535761,"CAFI_P002",50
"2259",3799.58445275549,"CAFI_P002",100
"2260",-4900.95288651643,"CAFI_P002",25
"2261",-2378.56174582441,"CAFI_P002",50
"2262",41328.4603682804,"CAFI_P002",100
"2263",-4737.33804984912,"CAFI_P002",25
"2264",-6057.50748099,"CAFI_P002",50
"2265",-10048.4300770428,"CAFI_P002",100
"2266",-2214.28685085123,"CAFI_P002",25
"2267",-4841.83190097308,"CAFI_P002",50
"2268",-7958.35890464281,"CAFI_P002",100
"2269",3886.5361787217,"CAFI_P002",25
"2270",-3684.36307527934,"CAFI_P002",50
"2271",-12228.9443171186,"CAFI_P002",100
"2272",-8006.48044851451,"CAFI_P002",25
"2273",-1869.71640492495,"CAFI_P002",50
"2274",12421.7509711061,"CAFI_P002",100
"2275",-3886.22462449997,"CAFI_P002",25
"2276",-6224.44549976662,"CAFI_P002",50
"2277",-6672.61671267234,"CAFI_P002",100
"2278",-8829.9048654474,"CAFI_P002",25
"2279",-3720.09120395913,"CAFI_P002",50
"2280",-4325.90306774559,"CAFI_P002",100
"2281",426.044827979204,"CAFI_P002",25
"2282",20474.1566457658,"CAFI_P002",50
"2283",9646.58887483887,"CAFI_P002",100
"2284",-4956.92203126501,"CAFI_P002",25
"2285",-6030.40485544867,"CAFI_P002",50
"2286",-4406.05325573101,"CAFI_P002",100
"2287",-6587.46822996129,"CAFI_P002",25
"2288",-1025.52376364099,"CAFI_P002",50
"2289",28561.3868261024,"CAFI_P002",100
"2290",-871.662539605924,"CAFI_P002",25
"2291",-2328.00080852956,"CAFI_P002",50
"2292",25347.3049192743,"CAFI_P002",100
"2293",-5302.23546025608,"CAFI_P002",25
"2294",2372.6907006244,"CAFI_P002",50
"2295",-10008.562485773,"CAFI_P002",100
"2296",-4643.86633434179,"CAFI_P002",25
"2297",-10960.7371023857,"CAFI_P002",50
"2298",-4449.55587509624,"CAFI_P002",100
"2299",-2175.0824390385,"CAFI_P002",25
"2300",906.695920127095,"CAFI_P002",50
"2301",-11385.1331653914,"CAFI_P002",100
"2302",-9871.65870764843,"CAFI_P002",25
"2303",-5901.30387908613,"CAFI_P002",50
"2304",12702.2677365407,"CAFI_P002",100
"2305",-1551.7519436795,"CAFI_P002",25
"2306",-1230.26556884745,"CAFI_P002",50
"2307",15179.3508997643,"CAFI_P002",100
"2308",71.9225079912576,"CAFI_P002",25
"2309",-6231.01676020637,"CAFI_P002",50
"2310",7694.54777129338,"CAFI_P002",100
"2311",24947.0655800128,"CAFI_P002",25
"2312",956.504182548088,"CAFI_P002",50
"2313",-11436.2810386472,"CAFI_P002",100
"2314",-5460.57934638683,"CAFI_P002",25
"2315",-2421.3581166454,"CAFI_P002",50
"2316",15463.389648922,"CAFI_P002",100
"2317",-6220.07217133354,"CAFI_P002",25
"2318",-4115.68350335679,"CAFI_P002",50
"2319",20476.5064218442,"CAFI_P002",100
"2320",-2224.72246322446,"CAFI_P002",25
"2321",-2696.21965117566,"CAFI_P002",50
"2322",-5762.0581631095,"CAFI_P002",100
"2323",-1127.83766716861,"CAFI_P002",25
"2324",-6490.80636293982,"CAFI_P002",50
"2325",-14548.3480360918,"CAFI_P002",100
"2326",-3011.47593223621,"CAFI_P002",25
"2327",-1646.94112582188,"CAFI_P002",50
"2328",15258.4929534188,"CAFI_P002",100
"2329",181.695068773435,"CAFI_P002",25
"2330",3334.58853079798,"CAFI_P002",50
"2331",-1922.35181963001,"CAFI_P002",100
"2332",-4331.20311889637,"CAFI_P002",25
"2333",-1328.22237274042,"CAFI_P002",50
"2334",-3231.65838226691,"CAFI_P002",100
"2335",233.04738938986,"CAFI_P002",25
"2336",-11647.3586722437,"CAFI_P002",50
"2337",-13313.2893566807,"CAFI_P002",100
"2338",1807.57388777731,"CAFI_P002",25
"2339",-2179.68327085167,"CAFI_P002",50
"2340",-11819.3476483616,"CAFI_P002",100
"2341",-69.7608866444207,"CAFI_P002",25
"2342",-2100.5911307288,"CAFI_P002",50
"2343",-6975.29477039713,"CAFI_P002",100
"2344",-4422.59784918418,"CAFI_P002",25
"2345",-7969.67421146235,"CAFI_P002",50
"2346",-11670.5473406128,"CAFI_P002",100
"2347",-1011.68059962254,"CAFI_P002",25
"2348",-5852.93571444959,"CAFI_P002",50
"2349",-11709.9038745004,"CAFI_P002",100
"2350",-2682.35618803001,"CAFI_P002",25
"2351",-8386.45745744192,"CAFI_P002",50
"2352",-8087.09800711804,"CAFI_P002",100
"2353",-2796.11917665138,"CAFI_P002",25
"2354",-5329.04735843444,"CAFI_P002",50
"2355",-5783.44951702352,"CAFI_P002",100
"2356",-6630.51291097904,"CAFI_P002",25
"2357",-2063.31537499331,"CAFI_P002",50
"2358",6609.20088432485,"CAFI_P002",100
"2359",167.545169421559,"CAFI_P002",25
"2360",-6473.67475344843,"CAFI_P002",50
"2361",8907.45324978189,"CAFI_P002",100
"2362",-7153.39730563259,"CAFI_P002",25
"2363",-5510.38163783067,"CAFI_P002",50
"2364",16505.9257730746,"CAFI_P002",100
"2365",-6240.93850559086,"CAFI_P002",25
"2366",18743.6145957262,"CAFI_P002",50
"2367",-15144.763237197,"CAFI_P002",100
"2368",-5223.77677834537,"CAFI_P002",25
"2369",-3254.20168817273,"CAFI_P002",50
"2370",-12812.3080266673,"CAFI_P002",100
"2371",-1800.28486758031,"CAFI_P002",25
"2372",2528.99885705853,"CAFI_P002",50
"2373",-8299.95518161467,"CAFI_P002",100
"2374",2553.40582830075,"CAFI_P002",25
"2375",252.292910787364,"CAFI_P002",50
"2376",-13816.8546799216,"CAFI_P002",100
"2377",-4405.61403572533,"CAFI_P002",25
"2378",5797.85726836498,"CAFI_P002",50
"2379",2461.26270770372,"CAFI_P002",100
"2380",4242.73093584043,"CAFI_P002",25
"2381",-9545.70137111685,"CAFI_P002",50
"2382",44555.4912438664,"CAFI_P002",100
"2383",-2700.76118398071,"CAFI_P002",25
"2384",-8324.19213955157,"CAFI_P002",50
"2385",-9453.20153798041,"CAFI_P002",100
"2386",-299.665547489974,"CAFI_P002",25
"2387",-1453.13273477944,"CAFI_P002",50
"2388",-13404.6610924458,"CAFI_P002",100
"2389",-1370.4681123356,"CAFI_P002",25
"2390",-5259.04100902175,"CAFI_P002",50
"2391",-4450.26776609334,"CAFI_P002",100
"2392",4823.73436928084,"CAFI_P002",25
"2393",4847.96399942267,"CAFI_P002",50
"2394",23698.2751951456,"CAFI_P002",100
"2395",-5480.26588151915,"CAFI_P002",25
"2396",-5700.74490188446,"CAFI_P002",50
"2397",-12135.0551785941,"CAFI_P002",100
"2398",7280.65904713358,"CAFI_P002",25
"2399",-5274.47131532952,"CAFI_P002",50
"2400",-12854.2526718171,"CAFI_P002",100
"2401",-805.52388359193,"CAFI_P003",25
"2402",-13322.4892660218,"CAFI_P003",50
"2403",-26769.3810433359,"CAFI_P003",100
"2404",-95.5774919879041,"CAFI_P003",25
"2405",-26350.7927848012,"CAFI_P003",50
"2406",-30990.4750411522,"CAFI_P003",100
"2407",11352.0524804732,"CAFI_P003",25
"2408",48568.2028699978,"CAFI_P003",50
"2409",-31176.1644306122,"CAFI_P003",100
"2410",-21069.6418532003,"CAFI_P003",25
"2411",-28310.5627677793,"CAFI_P003",50
"2412",-18333.2562946877,"CAFI_P003",100
"2413",-692.939216890896,"CAFI_P003",25
"2414",5244.75183401594,"CAFI_P003",50
"2415",-14660.640991487,"CAFI_P003",100
"2416",-8586.78403508791,"CAFI_P003",25
"2417",-5616.75472601916,"CAFI_P003",50
"2418",-3789.37059859146,"CAFI_P003",100
"2419",4374.32352182758,"CAFI_P003",25
"2420",-28792.0648374232,"CAFI_P003",50
"2421",5865.65759169566,"CAFI_P003",100
"2422",-16591.7618503734,"CAFI_P003",25
"2423",-11910.546594554,"CAFI_P003",50
"2424",-39687.1726737223,"CAFI_P003",100
"2425",11872.1949003766,"CAFI_P003",25
"2426",-6412.2180034279,"CAFI_P003",50
"2427",-24649.3650897725,"CAFI_P003",100
"2428",-29092.8249585287,"CAFI_P003",25
"2429",-19343.6681189405,"CAFI_P003",50
"2430",-23778.9988657595,"CAFI_P003",100
"2431",-7328.19445979421,"CAFI_P003",25
"2432",-14343.7291822063,"CAFI_P003",50
"2433",-1412.13865588303,"CAFI_P003",100
"2434",-1437.13456579827,"CAFI_P003",25
"2435",-24590.8313010558,"CAFI_P003",50
"2436",-41916.8494448815,"CAFI_P003",100
"2437",4856.98032432212,"CAFI_P003",25
"2438",-7615.18509035668,"CAFI_P003",50
"2439",15041.9520812343,"CAFI_P003",100
"2440",-16344.1718758298,"CAFI_P003",25
"2441",-40538.0457062407,"CAFI_P003",50
"2442",-25797.6407029268,"CAFI_P003",100
"2443",7728.30904416024,"CAFI_P003",25
"2444",-57497.6082075777,"CAFI_P003",50
"2445",31125.1227155453,"CAFI_P003",100
"2446",-4375.72956596088,"CAFI_P003",25
"2447",16367.7003323962,"CAFI_P003",50
"2448",6296.4519912636,"CAFI_P003",100
"2449",-11128.3793709736,"CAFI_P003",25
"2450",12685.2291103675,"CAFI_P003",50
"2451",-25429.3365513064,"CAFI_P003",100
"2452",-5633.48464527575,"CAFI_P003",25
"2453",-24315.4059223767,"CAFI_P003",50
"2454",-44009.5041669876,"CAFI_P003",100
"2455",-5243.94314802549,"CAFI_P003",25
"2456",-225.968842533475,"CAFI_P003",50
"2457",-4599.54375304934,"CAFI_P003",100
"2458",3810.77661775809,"CAFI_P003",25
"2459",6462.9581418637,"CAFI_P003",50
"2460",-25569.9404348697,"CAFI_P003",100
"2461",-12192.8589534707,"CAFI_P003",25
"2462",-26069.7696415839,"CAFI_P003",50
"2463",-25571.0623035844,"CAFI_P003",100
"2464",-14885.6734934715,"CAFI_P003",25
"2465",1283.98593923048,"CAFI_P003",50
"2466",5706.08512411063,"CAFI_P003",100
"2467",-13736.6041628519,"CAFI_P003",25
"2468",4873.79587988829,"CAFI_P003",50
"2469",-40143.2178791502,"CAFI_P003",100
"2470",-11589.181863079,"CAFI_P003",25
"2471",-35109.2704687481,"CAFI_P003",50
"2472",572.162894810666,"CAFI_P003",100
"2473",-1701.78216515301,"CAFI_P003",25
"2474",-17044.9966000174,"CAFI_P003",50
"2475",-17672.862614731,"CAFI_P003",100
"2476",-15301.4529346679,"CAFI_P003",25
"2477",-22098.2466378697,"CAFI_P003",50
"2478",1648.7864148299,"CAFI_P003",100
"2479",-30449.4769626428,"CAFI_P003",25
"2480",3363.8900459985,"CAFI_P003",50
"2481",-38286.107077822,"CAFI_P003",100
"2482",-17737.622090514,"CAFI_P003",25
"2483",-22739.0343530683,"CAFI_P003",50
"2484",36140.1905354016,"CAFI_P003",100
"2485",-29387.3267537975,"CAFI_P003",25
"2486",-32194.7068949524,"CAFI_P003",50
"2487",-11958.4870316865,"CAFI_P003",100
"2488",-7767.69923852349,"CAFI_P003",25
"2489",-3636.5046964417,"CAFI_P003",50
"2490",7886.49042058573,"CAFI_P003",100
"2491",-5550.75603381556,"CAFI_P003",25
"2492",-7455.03006591013,"CAFI_P003",50
"2493",-28098.9498678974,"CAFI_P003",100
"2494",2387.51470486482,"CAFI_P003",25
"2495",33742.8660180575,"CAFI_P003",50
"2496",-31232.2167398753,"CAFI_P003",100
"2497",-3513.38973335695,"CAFI_P003",25
"2498",-8991.15714446496,"CAFI_P003",50
"2499",-24377.3169229455,"CAFI_P003",100
"2500",-25688.6627985484,"CAFI_P003",25
"2501",-28252.2291989969,"CAFI_P003",50
"2502",-3315.64991697733,"CAFI_P003",100
"2503",-28387.9638378247,"CAFI_P003",25
"2504",-17765.5816800563,"CAFI_P003",50
"2505",-11859.2300858896,"CAFI_P003",100
"2506",14317.8644769504,"CAFI_P003",25
"2507",-22289.9915040716,"CAFI_P003",50
"2508",-32613.6548858496,"CAFI_P003",100
"2509",-20641.4280806978,"CAFI_P003",25
"2510",-392.819716502796,"CAFI_P003",50
"2511",-20322.7625073423,"CAFI_P003",100
"2512",18126.3200271769,"CAFI_P003",25
"2513",-7203.53707581811,"CAFI_P003",50
"2514",6679.11015858693,"CAFI_P003",100
"2515",-29570.4135950902,"CAFI_P003",25
"2516",-9859.32601315679,"CAFI_P003",50
"2517",-27186.6317365199,"CAFI_P003",100
"2518",-16333.0376875548,"CAFI_P003",25
"2519",-20842.8760174291,"CAFI_P003",50
"2520",4625.95719586703,"CAFI_P003",100
"2521",33863.2763547215,"CAFI_P003",25
"2522",-17845.6133233326,"CAFI_P003",50
"2523",-23963.8589172691,"CAFI_P003",100
"2524",-2849.63295356714,"CAFI_P003",25
"2525",-37160.3037724699,"CAFI_P003",50
"2526",-26653.1852756636,"CAFI_P003",100
"2527",-12336.2143554612,"CAFI_P003",25
"2528",745.877061397245,"CAFI_P003",50
"2529",-24991.6887487372,"CAFI_P003",100
"2530",-18079.9041723302,"CAFI_P003",25
"2531",-4383.56765609997,"CAFI_P003",50
"2532",-53751.2919472258,"CAFI_P003",100
"2533",-2340.44039281871,"CAFI_P003",25
"2534",-41653.6819874546,"CAFI_P003",50
"2535",-15096.1522260275,"CAFI_P003",100
"2536",11043.2255307295,"CAFI_P003",25
"2537",-21527.5833881516,"CAFI_P003",50
"2538",-50542.1138289384,"CAFI_P003",100
"2539",1433.20965105074,"CAFI_P003",25
"2540",-16430.7912761844,"CAFI_P003",50
"2541",12956.5001588308,"CAFI_P003",100
"2542",24069.1769316895,"CAFI_P003",25
"2543",10287.3837837677,"CAFI_P003",50
"2544",-39847.3675268029,"CAFI_P003",100
"2545",-27114.211614419,"CAFI_P003",25
"2546",28049.4728643349,"CAFI_P003",50
"2547",-32644.9476255048,"CAFI_P003",100
"2548",-11398.2583470226,"CAFI_P003",25
"2549",-22732.2667961979,"CAFI_P003",50
"2550",-4423.9688982325,"CAFI_P003",100
"2551",7753.06067285081,"CAFI_P003",25
"2552",-5276.94041122508,"CAFI_P003",50
"2553",-15728.8639878164,"CAFI_P003",100
"2554",-4594.3332354296,"CAFI_P003",25
"2555",-2679.8151823107,"CAFI_P003",50
"2556",-23103.7516847998,"CAFI_P003",100
"2557",-2519.07839435572,"CAFI_P003",25
"2558",9435.94061143935,"CAFI_P003",50
"2559",-51111.6574611234,"CAFI_P003",100
"2560",938.889143218228,"CAFI_P003",25
"2561",-30986.4298552801,"CAFI_P003",50
"2562",-48339.6114907939,"CAFI_P003",100
"2563",-320.499951874022,"CAFI_P003",25
"2564",-12281.9245347804,"CAFI_P003",50
"2565",16296.4026854517,"CAFI_P003",100
"2566",1333.74176337593,"CAFI_P003",25
"2567",5638.61064186669,"CAFI_P003",50
"2568",21572.8846986601,"CAFI_P003",100
"2569",-7970.93344137422,"CAFI_P003",25
"2570",26290.5404303851,"CAFI_P003",50
"2571",-42557.8530409212,"CAFI_P003",100
"2572",-14054.0959473727,"CAFI_P003",25
"2573",7948.2020537706,"CAFI_P003",50
"2574",-43092.812428135,"CAFI_P003",100
"2575",9969.1458199367,"CAFI_P003",25
"2576",29956.0955648656,"CAFI_P003",50
"2577",-28082.1808108878,"CAFI_P003",100
"2578",-15451.9138122887,"CAFI_P003",25
"2579",6250.04959140287,"CAFI_P003",50
"2580",-25180.8319933407,"CAFI_P003",100
"2581",25184.1980978345,"CAFI_P003",25
"2582",-25110.7332185956,"CAFI_P003",50
"2583",-24601.0044071811,"CAFI_P003",100
"2584",-4652.36328538571,"CAFI_P003",25
"2585",-10019.1967485763,"CAFI_P003",50
"2586",-45892.4495039726,"CAFI_P003",100
"2587",34553.6790052534,"CAFI_P003",25
"2588",-21823.5821755288,"CAFI_P003",50
"2589",-8654.854872806,"CAFI_P003",100
"2590",-17916.5959787564,"CAFI_P003",25
"2591",-33128.3623987587,"CAFI_P003",50
"2592",-8369.43692343967,"CAFI_P003",100
"2593",33517.6909819716,"CAFI_P003",25
"2594",8104.64243388665,"CAFI_P003",50
"2595",-44737.797410008,"CAFI_P003",100
"2596",2105.19328352081,"CAFI_P003",25
"2597",-23534.8519446749,"CAFI_P003",50
"2598",60084.2890003017,"CAFI_P003",100
"2599",-8217.71417469636,"CAFI_P003",25
"2600",-15695.7885351997,"CAFI_P003",50
"2601",-22425.8252112488,"CAFI_P003",100
"2602",-190.254029510077,"CAFI_P003",25
"2603",9280.06179665431,"CAFI_P003",50
"2604",-6021.86443157453,"CAFI_P003",100
"2605",11662.8738132371,"CAFI_P003",25
"2606",-5932.79066721362,"CAFI_P003",50
"2607",-17457.9917028244,"CAFI_P003",100
"2608",12333.202345667,"CAFI_P003",25
"2609",-43516.7009859715,"CAFI_P003",50
"2610",-26683.576377798,"CAFI_P003",100
"2611",-19337.7961517927,"CAFI_P003",25
"2612",-44210.6189644227,"CAFI_P003",50
"2613",-28715.5860401425,"CAFI_P003",100
"2614",-12066.7205847497,"CAFI_P003",25
"2615",-23949.8509193542,"CAFI_P003",50
"2616",-18463.6024207195,"CAFI_P003",100
"2617",-1086.97244943155,"CAFI_P003",25
"2618",9393.48728926916,"CAFI_P003",50
"2619",-38214.5059438269,"CAFI_P003",100
"2620",15120.0709324057,"CAFI_P003",25
"2621",-12739.738032511,"CAFI_P003",50
"2622",-20285.301265227,"CAFI_P003",100
"2623",1634.33395005803,"CAFI_P003",25
"2624",-34202.6295484219,"CAFI_P003",50
"2625",775.523288298456,"CAFI_P003",100
"2626",12117.889661449,"CAFI_P003",25
"2627",-27739.305888847,"CAFI_P003",50
"2628",-22297.9032436559,"CAFI_P003",100
"2629",815.49166195275,"CAFI_P003",25
"2630",-42563.8629779019,"CAFI_P003",50
"2631",-9354.22967808304,"CAFI_P003",100
"2632",-6369.26078608556,"CAFI_P003",25
"2633",-41626.1248880634,"CAFI_P003",50
"2634",-47390.9606663044,"CAFI_P003",100
"2635",-768.960357577074,"CAFI_P003",25
"2636",-4871.79125556431,"CAFI_P003",50
"2637",-4356.99903162557,"CAFI_P003",100
"2638",13206.629970039,"CAFI_P003",25
"2639",-2322.72089259973,"CAFI_P003",50
"2640",20520.3017608906,"CAFI_P003",100
"2641",-6946.00186820386,"CAFI_P003",25
"2642",-8215.18302231282,"CAFI_P003",50
"2643",-32811.1338908535,"CAFI_P003",100
"2644",-22994.4734377023,"CAFI_P003",25
"2645",-20559.8934086204,"CAFI_P003",50
"2646",-9490.29199833371,"CAFI_P003",100
"2647",-12247.6637977483,"CAFI_P003",25
"2648",8233.47840838128,"CAFI_P003",50
"2649",-30091.5710056404,"CAFI_P003",100
"2650",-17475.8185765629,"CAFI_P003",25
"2651",-27509.7009839594,"CAFI_P003",50
"2652",-44431.1285700662,"CAFI_P003",100
"2653",-17103.3280885404,"CAFI_P003",25
"2654",-9882.65945462039,"CAFI_P003",50
"2655",-4772.96873284609,"CAFI_P003",100
"2656",-2216.31837450928,"CAFI_P003",25
"2657",-4613.81657851848,"CAFI_P003",50
"2658",-9039.84647344786,"CAFI_P003",100
"2659",17175.3590180652,"CAFI_P003",25
"2660",-9039.49953937123,"CAFI_P003",50
"2661",-53586.0814402689,"CAFI_P003",100
"2662",3473.02440093306,"CAFI_P003",25
"2663",-17273.8557651847,"CAFI_P003",50
"2664",-19733.678944578,"CAFI_P003",100
"2665",11615.7968192282,"CAFI_P003",25
"2666",-4888.43395464524,"CAFI_P003",50
"2667",-52409.7587364511,"CAFI_P003",100
"2668",2457.48592826334,"CAFI_P003",25
"2669",1938.64736754005,"CAFI_P003",50
"2670",-44967.0593995313,"CAFI_P003",100
"2671",16280.5372702455,"CAFI_P003",25
"2672",-17585.6646338723,"CAFI_P003",50
"2673",-32518.2329057473,"CAFI_P003",100
"2674",-12809.1658683079,"CAFI_P003",25
"2675",-30959.7779078698,"CAFI_P003",50
"2676",-39795.1012119313,"CAFI_P003",100
"2677",-13502.268707855,"CAFI_P003",25
"2678",-22278.7455204668,"CAFI_P003",50
"2679",-43836.7078916708,"CAFI_P003",100
"2680",-8612.46742046089,"CAFI_P003",25
"2681",18719.6250787278,"CAFI_P003",50
"2682",-53655.3000014417,"CAFI_P003",100
"2683",-27287.1439139385,"CAFI_P003",25
"2684",3271.62841451867,"CAFI_P003",50
"2685",-7214.47944698425,"CAFI_P003",100
"2686",-9428.94691739703,"CAFI_P003",25
"2687",-7289.50392654538,"CAFI_P003",50
"2688",12044.7634598523,"CAFI_P003",100
"2689",-2112.61650287459,"CAFI_P003",25
"2690",-50451.4804872511,"CAFI_P003",50
"2691",-33216.9102067198,"CAFI_P003",100
"2692",-6821.95041480381,"CAFI_P003",25
"2693",-8150.90876499953,"CAFI_P003",50
"2694",-27075.2394562211,"CAFI_P003",100
"2695",1848.44797593815,"CAFI_P003",25
"2696",3837.03504907159,"CAFI_P003",50
"2697",-20486.944096859,"CAFI_P003",100
"2698",-2461.56730523729,"CAFI_P003",25
"2699",-10050.7010566546,"CAFI_P003",50
"2700",-34185.5355898802,"CAFI_P003",100
"2701",755.547370044253,"CAFI_P005",25
"2702",-1939.59612172467,"CAFI_P005",50
"2703",-12255.5938520261,"CAFI_P005",100
"2704",-4195.75554571531,"CAFI_P005",25
"2705",-4109.66454642548,"CAFI_P005",50
"2706",-9977.18897007749,"CAFI_P005",100
"2707",417.717795647273,"CAFI_P005",25
"2708",11467.0144236785,"CAFI_P005",50
"2709",7333.0987078074,"CAFI_P005",100
"2710",-5903.86182026478,"CAFI_P005",25
"2711",286.682718373078,"CAFI_P005",50
"2712",-4556.90327138369,"CAFI_P005",100
"2713",7062.71174634964,"CAFI_P005",25
"2714",7471.72050233479,"CAFI_P005",50
"2715",-1123.16929580498,"CAFI_P005",100
"2716",-324.585585807858,"CAFI_P005",25
"2717",860.059919037041,"CAFI_P005",50
"2718",-5276.77635761423,"CAFI_P005",100
"2719",-6397.2947107215,"CAFI_P005",25
"2720",-3377.53627976659,"CAFI_P005",50
"2721",5729.94242347381,"CAFI_P005",100
"2722",-2815.51177002731,"CAFI_P005",25
"2723",-3237.74268402206,"CAFI_P005",50
"2724",-8938.80659735398,"CAFI_P005",100
"2725",-964.598791495664,"CAFI_P005",25
"2726",-1412.92502317234,"CAFI_P005",50
"2727",-7368.93315408746,"CAFI_P005",100
"2728",-779.2638322126,"CAFI_P005",25
"2729",1184.77858899237,"CAFI_P005",50
"2730",-9180.98931138229,"CAFI_P005",100
"2731",-1813.41386494823,"CAFI_P005",25
"2732",-4048.05843337782,"CAFI_P005",50
"2733",-2806.21717217093,"CAFI_P005",100
"2734",3000.8789549857,"CAFI_P005",25
"2735",-2093.55077692983,"CAFI_P005",50
"2736",12606.0366063553,"CAFI_P005",100
"2737",8580.81408452621,"CAFI_P005",25
"2738",-4868.47639061281,"CAFI_P005",50
"2739",-9098.60048446551,"CAFI_P005",100
"2740",-4535.13128613235,"CAFI_P005",25
"2741",3466.16219406395,"CAFI_P005",50
"2742",1525.53032109825,"CAFI_P005",100
"2743",-1724.47725563205,"CAFI_P005",25
"2744",-2605.77915475727,"CAFI_P005",50
"2745",-6604.20754847804,"CAFI_P005",100
"2746",-3412.26165040367,"CAFI_P005",25
"2747",7925.33703463365,"CAFI_P005",50
"2748",13734.9758378991,"CAFI_P005",100
"2749",-2581.50324697647,"CAFI_P005",25
"2750",-5997.87928068542,"CAFI_P005",50
"2751",1414.06392006113,"CAFI_P005",100
"2752",-2692.07895797442,"CAFI_P005",25
"2753",-3161.5182048977,"CAFI_P005",50
"2754",3637.44336235736,"CAFI_P005",100
"2755",-7678.74621615946,"CAFI_P005",25
"2756",-6474.61955846025,"CAFI_P005",50
"2757",26900.0547108169,"CAFI_P005",100
"2758",-1402.37598015825,"CAFI_P005",25
"2759",158.916241281404,"CAFI_P005",50
"2760",1840.62687303699,"CAFI_P005",100
"2761",-668.108773457148,"CAFI_P005",25
"2762",315.80459374428,"CAFI_P005",50
"2763",3511.8892718564,"CAFI_P005",100
"2764",15538.3919142208,"CAFI_P005",25
"2765",-3823.63635355738,"CAFI_P005",50
"2766",9079.35317060421,"CAFI_P005",100
"2767",-5039.35421626104,"CAFI_P005",25
"2768",-5578.54433556955,"CAFI_P005",50
"2769",-2656.07745795487,"CAFI_P005",100
"2770",-1024.40860186832,"CAFI_P005",25
"2771",-506.30950931515,"CAFI_P005",50
"2772",-120.960308218491,"CAFI_P005",100
"2773",-1955.41045257822,"CAFI_P005",25
"2774",-5393.11231990723,"CAFI_P005",50
"2775",-3237.2042329114,"CAFI_P005",100
"2776",5499.73399527313,"CAFI_P005",25
"2777",8396.64306208066,"CAFI_P005",50
"2778",-114.423482655955,"CAFI_P005",100
"2779",-1528.74762369128,"CAFI_P005",25
"2780",-3208.07911174107,"CAFI_P005",50
"2781",-12535.8248925382,"CAFI_P005",100
"2782",2976.58411993505,"CAFI_P005",25
"2783",-1122.40104958665,"CAFI_P005",50
"2784",9086.9341085816,"CAFI_P005",100
"2785",-4420.42184198755,"CAFI_P005",25
"2786",-3688.38534310419,"CAFI_P005",50
"2787",-7999.01707262511,"CAFI_P005",100
"2788",-3740.41176788829,"CAFI_P005",25
"2789",2408.0442355788,"CAFI_P005",50
"2790",15113.7867381019,"CAFI_P005",100
"2791",4947.19197116091,"CAFI_P005",25
"2792",-5003.23051567373,"CAFI_P005",50
"2793",-11277.7326325433,"CAFI_P005",100
"2794",-1561.66026311371,"CAFI_P005",25
"2795",3637.82037716082,"CAFI_P005",50
"2796",3237.10268951851,"CAFI_P005",100
"2797",1542.868613403,"CAFI_P005",25
"2798",-9745.13667266211,"CAFI_P005",50
"2799",-5777.72029106756,"CAFI_P005",100
"2800",-8205.85432272774,"CAFI_P005",25
"2801",-121.592488394992,"CAFI_P005",50
"2802",-7677.45036404522,"CAFI_P005",100
"2803",3313.00597653206,"CAFI_P005",25
"2804",-3744.53679618155,"CAFI_P005",50
"2805",-11205.4140160773,"CAFI_P005",100
"2806",484.325839849567,"CAFI_P005",25
"2807",5099.93641089689,"CAFI_P005",50
"2808",-899.879396540782,"CAFI_P005",100
"2809",8125.57726517913,"CAFI_P005",25
"2810",-6650.57041385898,"CAFI_P005",50
"2811",-4040.79725607511,"CAFI_P005",100
"2812",1477.71037401192,"CAFI_P005",25
"2813",-4995.60038890515,"CAFI_P005",50
"2814",4541.89812637365,"CAFI_P005",100
"2815",744.016220001737,"CAFI_P005",25
"2816",5180.85024049939,"CAFI_P005",50
"2817",6256.39731304586,"CAFI_P005",100
"2818",6034.15281604417,"CAFI_P005",25
"2819",1551.59763885164,"CAFI_P005",50
"2820",-2508.676178275,"CAFI_P005",100
"2821",-5196.91817694693,"CAFI_P005",25
"2822",9222.02262793406,"CAFI_P005",50
"2823",15218.1388420212,"CAFI_P005",100
"2824",-7197.40548228551,"CAFI_P005",25
"2825",-768.17093848373,"CAFI_P005",50
"2826",4459.8853588895,"CAFI_P005",100
"2827",-163.634015443007,"CAFI_P005",25
"2828",-1106.71693238223,"CAFI_P005",50
"2829",14563.8774282082,"CAFI_P005",100
"2830",-1690.23082465201,"CAFI_P005",25
"2831",-1821.62705019204,"CAFI_P005",50
"2832",5843.22595852963,"CAFI_P005",100
"2833",7336.38746207935,"CAFI_P005",25
"2834",6586.33136453532,"CAFI_P005",50
"2835",20173.0307631792,"CAFI_P005",100
"2836",-1843.76859050381,"CAFI_P005",25
"2837",1600.49250119226,"CAFI_P005",50
"2838",-920.304496111872,"CAFI_P005",100
"2839",-1852.91376544337,"CAFI_P005",25
"2840",-4407.49401372645,"CAFI_P005",50
"2841",22594.8431041548,"CAFI_P005",100
"2842",1087.78163891146,"CAFI_P005",25
"2843",-1338.59558533481,"CAFI_P005",50
"2844",-7943.60390610524,"CAFI_P005",100
"2845",-4719.67135720444,"CAFI_P005",25
"2846",12754.8220999075,"CAFI_P005",50
"2847",3877.68834536473,"CAFI_P005",100
"2848",-4072.94921973007,"CAFI_P005",25
"2849",6.40497701283311,"CAFI_P005",50
"2850",-2821.34129574028,"CAFI_P005",100
"2851",-1475.35145589031,"CAFI_P005",25
"2852",1537.18096058711,"CAFI_P005",50
"2853",6301.43263064741,"CAFI_P005",100
"2854",5742.48042514356,"CAFI_P005",25
"2855",3026.21189606987,"CAFI_P005",50
"2856",13732.6777101782,"CAFI_P005",100
"2857",-2076.7111607281,"CAFI_P005",25
"2858",-3506.50553776763,"CAFI_P005",50
"2859",10769.3924438663,"CAFI_P005",100
"2860",-5048.97137036052,"CAFI_P005",25
"2861",-2237.99058891504,"CAFI_P005",50
"2862",-5092.26811681408,"CAFI_P005",100
"2863",11613.7881844287,"CAFI_P005",25
"2864",-682.442166908964,"CAFI_P005",50
"2865",312.589002060733,"CAFI_P005",100
"2866",506.836800926918,"CAFI_P005",25
"2867",-1.55689620776684,"CAFI_P005",50
"2868",-4874.7183467242,"CAFI_P005",100
"2869",2444.33405460909,"CAFI_P005",25
"2870",-9257.32235122126,"CAFI_P005",50
"2871",-4216.79117228728,"CAFI_P005",100
"2872",-7453.133389077,"CAFI_P005",25
"2873",-4987.13793800067,"CAFI_P005",50
"2874",-9134.47997298086,"CAFI_P005",100
"2875",3820.18939608653,"CAFI_P005",25
"2876",730.300941927184,"CAFI_P005",50
"2877",-9413.67525715142,"CAFI_P005",100
"2878",-5490.30568719623,"CAFI_P005",25
"2879",747.623166762118,"CAFI_P005",50
"2880",-1891.1700625704,"CAFI_P005",100
"2881",1728.16260284605,"CAFI_P005",25
"2882",-7728.51094596201,"CAFI_P005",50
"2883",275.55307629297,"CAFI_P005",100
"2884",981.669203499041,"CAFI_P005",25
"2885",-41.446690273413,"CAFI_P005",50
"2886",-6473.99517520922,"CAFI_P005",100
"2887",-10978.0780297203,"CAFI_P005",25
"2888",3105.871514395,"CAFI_P005",50
"2889",-3192.73028045142,"CAFI_P005",100
"2890",6064.74506244971,"CAFI_P005",25
"2891",-1628.80681470258,"CAFI_P005",50
"2892",-7971.2746954195,"CAFI_P005",100
"2893",-527.335178050795,"CAFI_P005",25
"2894",-7394.99026233488,"CAFI_P005",50
"2895",2663.8955393075,"CAFI_P005",100
"2896",-916.066909553425,"CAFI_P005",25
"2897",-176.72456433333,"CAFI_P005",50
"2898",-11624.3637212183,"CAFI_P005",100
"2899",-6883.54216634709,"CAFI_P005",25
"2900",2825.67737217117,"CAFI_P005",50
"2901",-3057.45001583642,"CAFI_P005",100
"2902",2771.20815751614,"CAFI_P005",25
"2903",-6430.69275971106,"CAFI_P005",50
"2904",-11978.8759622858,"CAFI_P005",100
"2905",5019.00386746292,"CAFI_P005",25
"2906",683.085726607533,"CAFI_P005",50
"2907",-3172.21093693969,"CAFI_P005",100
"2908",272.23215911322,"CAFI_P005",25
"2909",9917.63038411309,"CAFI_P005",50
"2910",26165.8130871252,"CAFI_P005",100
"2911",10456.0367890837,"CAFI_P005",25
"2912",8088.81566522887,"CAFI_P005",50
"2913",-4104.79858466686,"CAFI_P005",100
"2914",3654.11927174978,"CAFI_P005",25
"2915",-206.832982569438,"CAFI_P005",50
"2916",5974.90571646474,"CAFI_P005",100
"2917",6459.54263566592,"CAFI_P005",25
"2918",-1740.89442576465,"CAFI_P005",50
"2919",1633.65949835762,"CAFI_P005",100
"2920",1273.10375867996,"CAFI_P005",25
"2921",1851.64120294611,"CAFI_P005",50
"2922",-3470.96465451078,"CAFI_P005",100
"2923",37.884537647391,"CAFI_P005",25
"2924",9013.03505570916,"CAFI_P005",50
"2925",-6966.55943976238,"CAFI_P005",100
"2926",863.265331994335,"CAFI_P005",25
"2927",-11758.8672900818,"CAFI_P005",50
"2928",-11298.2690064807,"CAFI_P005",100
"2929",2852.55310838216,"CAFI_P005",25
"2930",-10585.4524607124,"CAFI_P005",50
"2931",7130.32489665112,"CAFI_P005",100
"2932",6577.21718418394,"CAFI_P005",25
"2933",1460.72753299042,"CAFI_P005",50
"2934",-4066.84854995966,"CAFI_P005",100
"2935",-3070.58157900409,"CAFI_P005",25
"2936",-3554.42258690481,"CAFI_P005",50
"2937",-4788.53038217904,"CAFI_P005",100
"2938",1595.4495763751,"CAFI_P005",25
"2939",-7883.15815852344,"CAFI_P005",50
"2940",2148.86387142079,"CAFI_P005",100
"2941",7088.15054743853,"CAFI_P005",25
"2942",-1712.29117521562,"CAFI_P005",50
"2943",-7584.47974098256,"CAFI_P005",100
"2944",-3072.91057793624,"CAFI_P005",25
"2945",-865.529191538692,"CAFI_P005",50
"2946",6667.51009816199,"CAFI_P005",100
"2947",-7794.75852515767,"CAFI_P005",25
"2948",-978.890581563668,"CAFI_P005",50
"2949",1789.95464328578,"CAFI_P005",100
"2950",-1414.96677905513,"CAFI_P005",25
"2951",92.3335196351691,"CAFI_P005",50
"2952",-15.8796566823439,"CAFI_P005",100
"2953",-9657.41605044829,"CAFI_P005",25
"2954",3931.37424704627,"CAFI_P005",50
"2955",-8369.65810217368,"CAFI_P005",100
"2956",-4834.71380774319,"CAFI_P005",25
"2957",-1994.73564061028,"CAFI_P005",50
"2958",-2374.06097027427,"CAFI_P005",100
"2959",-1401.68838594126,"CAFI_P005",25
"2960",2444.27567148293,"CAFI_P005",50
"2961",14444.2347263198,"CAFI_P005",100
"2962",5764.5837679668,"CAFI_P005",25
"2963",4367.10765589593,"CAFI_P005",50
"2964",-8452.76957758973,"CAFI_P005",100
"2965",2790.2654958856,"CAFI_P005",25
"2966",2053.33287825633,"CAFI_P005",50
"2967",-8984.06776005292,"CAFI_P005",100
"2968",-7402.06705650539,"CAFI_P005",25
"2969",2084.81528745327,"CAFI_P005",50
"2970",16009.8945364454,"CAFI_P005",100
"2971",2895.22939144168,"CAFI_P005",25
"2972",-2172.03520550809,"CAFI_P005",50
"2973",-1971.66575909403,"CAFI_P005",100
"2974",727.51283940085,"CAFI_P005",25
"2975",3736.27298291028,"CAFI_P005",50
"2976",-9435.84107317016,"CAFI_P005",100
"2977",-5805.42957595774,"CAFI_P005",25
"2978",153.348632911569,"CAFI_P005",50
"2979",4374.16683454727,"CAFI_P005",100
"2980",-3558.88685782134,"CAFI_P005",25
"2981",-298.669158114761,"CAFI_P005",50
"2982",314.541811149596,"CAFI_P005",100
"2983",-5326.45624435405,"CAFI_P005",25
"2984",564.574198974995,"CAFI_P005",50
"2985",13941.1804817856,"CAFI_P005",100
"2986",3357.54284051261,"CAFI_P005",25
"2987",356.895186399168,"CAFI_P005",50
"2988",-3539.89725272034,"CAFI_P005",100
"2989",-6969.10867766404,"CAFI_P005",25
"2990",-3661.81756609899,"CAFI_P005",50
"2991",1311.95705817026,"CAFI_P005",100
"2992",-1095.62128985967,"CAFI_P005",25
"2993",-8317.43362598016,"CAFI_P005",50
"2994",12403.4279369255,"CAFI_P005",100
"2995",-1168.02783562281,"CAFI_P005",25
"2996",-1728.43482905492,"CAFI_P005",50
"2997",-2852.78550976823,"CAFI_P005",100
"2998",-2072.71832985643,"CAFI_P005",25
"2999",5578.34309836495,"CAFI_P005",50
"3000",-9011.37217587366,"CAFI_P005",100
"3001",-481.126843633072,"CAFI_P006",25
"3002",-1003.55609870725,"CAFI_P006",50
"3003",5545.13146772742,"CAFI_P006",100
"3004",-730.580948869989,"CAFI_P006",25
"3005",-465.890003824839,"CAFI_P006",50
"3006",-9.83669918356463,"CAFI_P006",100
"3007",-154.392872147553,"CAFI_P006",25
"3008",-984.528483804781,"CAFI_P006",50
"3009",4215.91330754972,"CAFI_P006",100
"3010",-318.558333630441,"CAFI_P006",25
"3011",-647.243474419171,"CAFI_P006",50
"3012",5787.47549146612,"CAFI_P006",100
"3013",-13.0959715034114,"CAFI_P006",25
"3014",420.772920198797,"CAFI_P006",50
"3015",4389.89151551202,"CAFI_P006",100
"3016",178.180199638591,"CAFI_P006",25
"3017",-198.717333017325,"CAFI_P006",50
"3018",1945.80340053275,"CAFI_P006",100
"3019",620.505543062987,"CAFI_P006",25
"3020",-1276.02222685516,"CAFI_P006",50
"3021",5629.22297422175,"CAFI_P006",100
"3022",6305.46012724208,"CAFI_P006",25
"3023",-1052.09805375396,"CAFI_P006",50
"3024",16393.708513394,"CAFI_P006",100
"3025",-10.7397183634457,"CAFI_P006",25
"3026",-118.567093013029,"CAFI_P006",50
"3027",10502.6112940737,"CAFI_P006",100
"3028",-70.3165255287895,"CAFI_P006",25
"3029",-692.519634720928,"CAFI_P006",50
"3030",773.883935056336,"CAFI_P006",100
"3031",518.989506498212,"CAFI_P006",25
"3032",662.303694356175,"CAFI_P006",50
"3033",1796.25375729502,"CAFI_P006",100
"3034",62.5197094021714,"CAFI_P006",25
"3035",-180.23782071803,"CAFI_P006",50
"3036",6092.18080909021,"CAFI_P006",100
"3037",2325.63431082672,"CAFI_P006",25
"3038",-1133.66861216415,"CAFI_P006",50
"3039",4047.90505976725,"CAFI_P006",100
"3040",-755.825549455883,"CAFI_P006",25
"3041",4575.37693386216,"CAFI_P006",50
"3042",4936.8215857278,"CAFI_P006",100
"3043",-418.036216929613,"CAFI_P006",25
"3044",-274.516792437353,"CAFI_P006",50
"3045",13042.5981609125,"CAFI_P006",100
"3046",-206.041786149901,"CAFI_P006",25
"3047",104.499522671278,"CAFI_P006",50
"3048",15448.2252241172,"CAFI_P006",100
"3049",-624.859751987387,"CAFI_P006",25
"3050",-1265.49862745107,"CAFI_P006",50
"3051",-1610.43117111793,"CAFI_P006",100
"3052",-210.676153563545,"CAFI_P006",25
"3053",-901.102009301947,"CAFI_P006",50
"3054",455.79543703777,"CAFI_P006",100
"3055",-118.365761663765,"CAFI_P006",25
"3056",11706.9512334761,"CAFI_P006",50
"3057",-638.263627483975,"CAFI_P006",100
"3058",-508.873441922537,"CAFI_P006",25
"3059",-440.074467431288,"CAFI_P006",50
"3060",-668.369087291707,"CAFI_P006",100
"3061",5924.34428287443,"CAFI_P006",25
"3062",624.435586458712,"CAFI_P006",50
"3063",-1635.93568152806,"CAFI_P006",100
"3064",2368.08942147292,"CAFI_P006",25
"3065",-951.790232664091,"CAFI_P006",50
"3066",384.264989958203,"CAFI_P006",100
"3067",-74.3409312696313,"CAFI_P006",25
"3068",-724.518740141706,"CAFI_P006",50
"3069",10486.9075551586,"CAFI_P006",100
"3070",-146.336832486617,"CAFI_P006",25
"3071",843.835381932149,"CAFI_P006",50
"3072",2433.5621739846,"CAFI_P006",100
"3073",-84.9109602262033,"CAFI_P006",25
"3074",-27.0702814414981,"CAFI_P006",50
"3075",1691.77071839815,"CAFI_P006",100
"3076",-755.825549455883,"CAFI_P006",25
"3077",739.660672718717,"CAFI_P006",50
"3078",1873.25553251459,"CAFI_P006",100
"3079",5933.0180199396,"CAFI_P006",25
"3080",-17.1022787839174,"CAFI_P006",50
"3081",-1548.41977823869,"CAFI_P006",100
"3082",-740.305973396986,"CAFI_P006",25
"3083",-84.6653558342368,"CAFI_P006",50
"3084",1629.25508021639,"CAFI_P006",100
"3085",-286.942126495182,"CAFI_P006",25
"3086",14846.1910260299,"CAFI_P006",50
"3087",7.22012794046896,"CAFI_P006",100
"3088",-63.5843111735885,"CAFI_P006",25
"3089",-127.510664795875,"CAFI_P006",50
"3090",10541.2535002131,"CAFI_P006",100
"3091",8635.51388203661,"CAFI_P006",25
"3092",772.353741114261,"CAFI_P006",50
"3093",-1164.54874860431,"CAFI_P006",100
"3094",-104.098551536095,"CAFI_P006",25
"3095",1535.87657375785,"CAFI_P006",50
"3096",-589.892046533932,"CAFI_P006",100
"3097",-52.9910937534296,"CAFI_P006",25
"3098",-149.342605017766,"CAFI_P006",50
"3099",1889.1043714183,"CAFI_P006",100
"3100",2177.99656848668,"CAFI_P006",25
"3101",-137.047221450135,"CAFI_P006",50
"3102",-878.110538246867,"CAFI_P006",100
"3103",-33.4880883889855,"CAFI_P006",25
"3104",5667.72431705199,"CAFI_P006",50
"3105",1838.97022406722,"CAFI_P006",100
"3106",16062.0687784902,"CAFI_P006",25
"3107",-74.0519301601453,"CAFI_P006",50
"3108",6232.94915481308,"CAFI_P006",100
"3109",-22.0089320000261,"CAFI_P006",25
"3110",2739.4656002369,"CAFI_P006",50
"3111",1476.16072010587,"CAFI_P006",100
"3112",-34.0010181282414,"CAFI_P006",25
"3113",6811.71649476892,"CAFI_P006",50
"3114",-1209.44300108252,"CAFI_P006",100
"3115",-75.1019771518768,"CAFI_P006",25
"3116",-737.703657795384,"CAFI_P006",50
"3117",-613.444541760255,"CAFI_P006",100
"3118",-456.897412902268,"CAFI_P006",25
"3119",1747.72968027642,"CAFI_P006",50
"3120",-1415.12343676161,"CAFI_P006",100
"3121",-134.1981658187,"CAFI_P006",25
"3122",160.678972279071,"CAFI_P006",50
"3123",-1172.78561052051,"CAFI_P006",100
"3124",-730.692640117602,"CAFI_P006",25
"3125",2565.41824033496,"CAFI_P006",50
"3126",2586.5234724863,"CAFI_P006",100
"3127",224.816803784342,"CAFI_P006",25
"3128",-53.8436608666671,"CAFI_P006",50
"3129",-1707.55584386358,"CAFI_P006",100
"3130",217.285549561318,"CAFI_P006",25
"3131",982.712935613177,"CAFI_P006",50
"3132",4518.68770944024,"CAFI_P006",100
"3133",-239.950620347809,"CAFI_P006",25
"3134",3003.64635347069,"CAFI_P006",50
"3135",-428.828573076462,"CAFI_P006",100
"3136",6345.56628351484,"CAFI_P006",25
"3137",-1002.40639187157,"CAFI_P006",50
"3138",-764.863463625836,"CAFI_P006",100
"3139",-439.901051827357,"CAFI_P006",25
"3140",-1353.91650380415,"CAFI_P006",50
"3141",7651.65513393073,"CAFI_P006",100
"3142",-256.576814162137,"CAFI_P006",25
"3143",460.411794150714,"CAFI_P006",50
"3144",1463.67830581183,"CAFI_P006",100
"3145",348.813283617957,"CAFI_P006",25
"3146",-1370.10051631986,"CAFI_P006",50
"3147",5796.17483287473,"CAFI_P006",100
"3148",-164.617779162421,"CAFI_P006",25
"3149",-844.791650565341,"CAFI_P006",50
"3150",-540.347163328901,"CAFI_P006",100
"3151",2177.99656848668,"CAFI_P006",25
"3152",-880.394625292742,"CAFI_P006",50
"3153",947.604860750784,"CAFI_P006",100
"3154",1379.61774423724,"CAFI_P006",25
"3155",1011.94938440906,"CAFI_P006",50
"3156",3259.3448420082,"CAFI_P006",100
"3157",-49.2097704335465,"CAFI_P006",25
"3158",-732.123805595562,"CAFI_P006",50
"3159",-1159.36502625211,"CAFI_P006",100
"3160",11767.2518464258,"CAFI_P006",25
"3161",-735.314480995527,"CAFI_P006",50
"3162",-1667.36941060051,"CAFI_P006",100
"3163",-279.117160864815,"CAFI_P006",25
"3164",-543.399373675638,"CAFI_P006",50
"3165",14739.8058328754,"CAFI_P006",100
"3166",-614.770911798754,"CAFI_P006",25
"3167",6494.35015927389,"CAFI_P006",50
"3168",10559.4662154479,"CAFI_P006",100
"3169",674.950487829978,"CAFI_P006",25
"3170",-237.973510465876,"CAFI_P006",50
"3171",10.8717285555904,"CAFI_P006",100
"3172",-93.3365885792882,"CAFI_P006",25
"3173",-133.787030897336,"CAFI_P006",50
"3174",325.333803206857,"CAFI_P006",100
"3175",-61.8564780129236,"CAFI_P006",25
"3176",243.213590947737,"CAFI_P006",50
"3177",6594.04760878923,"CAFI_P006",100
"3178",5072.09760162834,"CAFI_P006",25
"3179",6249.77665031597,"CAFI_P006",50
"3180",-794.126224122592,"CAFI_P006",100
"3181",512.146433630318,"CAFI_P006",25
"3182",-374.136053053604,"CAFI_P006",50
"3183",-797.019758261216,"CAFI_P006",100
"3184",2661.81735535001,"CAFI_P006",25
"3185",7312.36736440042,"CAFI_P006",50
"3186",2124.30776494974,"CAFI_P006",100
"3187",-733.081794583763,"CAFI_P006",25
"3188",-937.910045551718,"CAFI_P006",50
"3189",1641.92267899791,"CAFI_P006",100
"3190",-227.454981087707,"CAFI_P006",25
"3191",-253.890594533877,"CAFI_P006",50
"3192",456.274729738361,"CAFI_P006",100
"3193",-620.602921758255,"CAFI_P006",25
"3194",-723.354647229949,"CAFI_P006",50
"3195",-155.181042579759,"CAFI_P006",100
"3196",-537.331208313233,"CAFI_P006",25
"3197",-1106.12190806103,"CAFI_P006",50
"3198",561.222772111418,"CAFI_P006",100
"3199",3862.9979898805,"CAFI_P006",25
"3200",406.491419224418,"CAFI_P006",50
"3201",176.121683886915,"CAFI_P006",100
"3202",-343.376709406613,"CAFI_P006",25
"3203",1501.42067438201,"CAFI_P006",50
"3204",-1654.24104593473,"CAFI_P006",100
"3205",6305.46012724208,"CAFI_P006",25
"3206",5387.92971540993,"CAFI_P006",50
"3207",1373.59679219837,"CAFI_P006",100
"3208",2389.83671783004,"CAFI_P006",25
"3209",-229.51993247564,"CAFI_P006",50
"3210",2559.0026409945,"CAFI_P006",100
"3211",62.5197094021714,"CAFI_P006",25
"3212",115.566753546475,"CAFI_P006",50
"3213",8515.95530712313,"CAFI_P006",100
"3214",-486.251191776537,"CAFI_P006",25
"3215",-773.876456719765,"CAFI_P006",50
"3216",3225.78098040249,"CAFI_P006",100
"3217",2873.65750469331,"CAFI_P006",25
"3218",885.578219824005,"CAFI_P006",50
"3219",-1644.08464601496,"CAFI_P006",100
"3220",-456.897412902268,"CAFI_P006",25
"3221",-657.954728400917,"CAFI_P006",50
"3222",231.607506998989,"CAFI_P006",100
"3223",-126.698189795134,"CAFI_P006",25
"3224",-150.406125535199,"CAFI_P006",50
"3225",-295.515599934268,"CAFI_P006",100
"3226",-372.648973484815,"CAFI_P006",25
"3227",1867.32861046889,"CAFI_P006",50
"3228",3445.65880508407,"CAFI_P006",100
"3229",532.922007496061,"CAFI_P006",25
"3230",306.66097058577,"CAFI_P006",50
"3231",4825.67920525064,"CAFI_P006",100
"3232",241.079776737257,"CAFI_P006",25
"3233",-375.450701508496,"CAFI_P006",50
"3234",7675.23259493249,"CAFI_P006",100
"3235",-696.261871965253,"CAFI_P006",25
"3236",1536.43733954459,"CAFI_P006",50
"3237",-726.579354686488,"CAFI_P006",100
"3238",-296.571107175201,"CAFI_P006",25
"3239",-813.581768474192,"CAFI_P006",50
"3240",1905.83357649785,"CAFI_P006",100
"3241",85.8574090342736,"CAFI_P006",25
"3242",334.586477717792,"CAFI_P006",50
"3243",5724.11714456487,"CAFI_P006",100
"3244",-577.420101120311,"CAFI_P006",25
"3245",1637.37483735982,"CAFI_P006",50
"3246",7877.58113803144,"CAFI_P006",100
"3247",-509.134680004965,"CAFI_P006",25
"3248",54.4028753858292,"CAFI_P006",50
"3249",-259.797492024896,"CAFI_P006",100
"3250",118.841039332154,"CAFI_P006",25
"3251",-167.465894946887,"CAFI_P006",50
"3252",-1671.3357437519,"CAFI_P006",100
"3253",-210.676153563545,"CAFI_P006",25
"3254",-695.02989097737,"CAFI_P006",50
"3255",-390.806426030176,"CAFI_P006",100
"3256",-36.2905081994832,"CAFI_P006",25
"3257",3269.07969571045,"CAFI_P006",50
"3258",5267.43869227526,"CAFI_P006",100
"3259",-300.989377318416,"CAFI_P006",25
"3260",1564.06403646397,"CAFI_P006",50
"3261",168.715076264867,"CAFI_P006",100
"3262",274.441663538571,"CAFI_P006",25
"3263",2393.612948608,"CAFI_P006",50
"3264",-575.983289385622,"CAFI_P006",100
"3265",5431.65060360974,"CAFI_P006",25
"3266",-295.241675438068,"CAFI_P006",50
"3267",-1297.51289439399,"CAFI_P006",100
"3268",85.1419595481711,"CAFI_P006",25
"3269",-1051.15386348218,"CAFI_P006",50
"3270",1245.67217073421,"CAFI_P006",100
"3271",-121.573841651669,"CAFI_P006",25
"3272",5964.26556604746,"CAFI_P006",50
"3273",3359.44807406393,"CAFI_P006",100
"3274",-381.561933981429,"CAFI_P006",25
"3275",411.159049057576,"CAFI_P006",50
"3276",-1448.09632397111,"CAFI_P006",100
"3277",560.653432961262,"CAFI_P006",25
"3278",837.122224589169,"CAFI_P006",50
"3279",1284.12102141406,"CAFI_P006",100
"3280",-161.009262663079,"CAFI_P006",25
"3281",5478.79275626468,"CAFI_P006",50
"3282",4869.19725389307,"CAFI_P006",100
"3283",11979.0919957691,"CAFI_P006",25
"3284",-1367.87713495863,"CAFI_P006",50
"3285",-1317.87239722745,"CAFI_P006",100
"3286",-268.527973043674,"CAFI_P006",25
"3287",-463.935958760558,"CAFI_P006",50
"3288",-897.114596656873,"CAFI_P006",100
"3289",36.6717033300083,"CAFI_P006",25
"3290",-23.1408532900969,"CAFI_P006",50
"3291",-1582.4671929655,"CAFI_P006",100
"3292",-597.04857195192,"CAFI_P006",25
"3293",2472.90177087346,"CAFI_P006",50
"3294",-986.576969330898,"CAFI_P006",100
"3295",-766.387779610523,"CAFI_P006",25
"3296",-644.759273761709,"CAFI_P006",50
"3297",5243.72293534444,"CAFI_P006",100
"3298",93.4743876795401,"CAFI_P006",25
"3299",-135.258117613266,"CAFI_P006",50
"3300",-1180.45085318992,"CAFI_P006",100
"3301",-1.16415321826935e-10,"CAFI_P007",25
"3302",-676.228326947545,"CAFI_P007",50
"3303",-909.864516098867,"CAFI_P007",100
"3304",-1.16415321826935e-10,"CAFI_P007",25
"3305",582.240211860044,"CAFI_P007",50
"3306",-880.251552528236,"CAFI_P007",100
"3307",-1.16415321826935e-10,"CAFI_P007",25
"3308",-217.182507989928,"CAFI_P007",50
"3309",2581.05851567793,"CAFI_P007",100
"3310",-1.16415321826935e-10,"CAFI_P007",25
"3311",245.928036318801,"CAFI_P007",50
"3312",-172.672223124944,"CAFI_P007",100
"3313",-1.16415321826935e-10,"CAFI_P007",25
"3314",-418.783328263205,"CAFI_P007",50
"3315",-829.887327710167,"CAFI_P007",100
"3316",-1.16415321826935e-10,"CAFI_P007",25
"3317",-188.251887337945,"CAFI_P007",50
"3318",-851.542413095653,"CAFI_P007",100
"3319",-1.16415321826935e-10,"CAFI_P007",25
"3320",-35.3292440756923,"CAFI_P007",50
"3321",-895.075756322301,"CAFI_P007",100
"3322",-1.16415321826935e-10,"CAFI_P007",25
"3323",2498.13197962102,"CAFI_P007",50
"3324",3494.92909989593,"CAFI_P007",100
"3325",-1.16415321826935e-10,"CAFI_P007",25
"3326",-181.482193030766,"CAFI_P007",50
"3327",10322.3240090646,"CAFI_P007",100
"3328",-1.16415321826935e-10,"CAFI_P007",25
"3329",135.227299172489,"CAFI_P007",50
"3330",219.114920831344,"CAFI_P007",100
"3331",-1.16415321826935e-10,"CAFI_P007",25
"3332",-694.630122483242,"CAFI_P007",50
"3333",-43.7755223792628,"CAFI_P007",100
"3334",-1.16415321826935e-10,"CAFI_P007",25
"3335",-692.622256887204,"CAFI_P007",50
"3336",-844.090214014519,"CAFI_P007",100
"3337",-1.16415321826935e-10,"CAFI_P007",25
"3338",-671.413002724934,"CAFI_P007",50
"3339",7857.28624287911,"CAFI_P007",100
"3340",-1.16415321826935e-10,"CAFI_P007",25
"3341",-687.002772614767,"CAFI_P007",50
"3342",-770.163023934292,"CAFI_P007",100
"3343",-1.16415321826935e-10,"CAFI_P007",25
"3344",40.3878119629808,"CAFI_P007",50
"3345",1915.71869434486,"CAFI_P007",100
"3346",-1.16415321826935e-10,"CAFI_P007",25
"3347",-651.689609781606,"CAFI_P007",50
"3348",-910.374733466597,"CAFI_P007",100
"3349",-1.16415321826935e-10,"CAFI_P007",25
"3350",335.101142171421,"CAFI_P007",50
"3351",-397.464477360481,"CAFI_P007",100
"3352",-1.16415321826935e-10,"CAFI_P007",25
"3353",6203.51627245138,"CAFI_P007",50
"3354",-749.57240895502,"CAFI_P007",100
"3355",-1.16415321826935e-10,"CAFI_P007",25
"3356",582.240211860044,"CAFI_P007",50
"3357",-158.703437835211,"CAFI_P007",100
"3358",-1.16415321826935e-10,"CAFI_P007",25
"3359",-562.846893125854,"CAFI_P007",50
"3360",-967.29401167453,"CAFI_P007",100
"3361",-1.16415321826935e-10,"CAFI_P007",25
"3362",8665.81379772461,"CAFI_P007",50
"3363",-611.36234970513,"CAFI_P007",100
"3364",-1.16415321826935e-10,"CAFI_P007",25
"3365",-42.9650774874608,"CAFI_P007",50
"3366",1214.06171009981,"CAFI_P007",100
"3367",-1.16415321826935e-10,"CAFI_P007",25
"3368",335.101142171421,"CAFI_P007",50
"3369",-863.601476293348,"CAFI_P007",100
"3370",-1.16415321826935e-10,"CAFI_P007",25
"3371",-235.771925467998,"CAFI_P007",50
"3372",4529.25880464131,"CAFI_P007",100
"3373",-1.16415321826935e-10,"CAFI_P007",25
"3374",-672.462855940103,"CAFI_P007",50
"3375",6.42780323134502,"CAFI_P007",100
"3376",-1.16415321826935e-10,"CAFI_P007",25
"3377",-246.596170914127,"CAFI_P007",50
"3378",-848.781751553703,"CAFI_P007",100
"3379",-1.16415321826935e-10,"CAFI_P007",25
"3380",-166.447976817901,"CAFI_P007",50
"3381",854.270976816886,"CAFI_P007",100
"3382",-1.16415321826935e-10,"CAFI_P007",25
"3383",-248.841863484937,"CAFI_P007",50
"3384",-420.346220025094,"CAFI_P007",100
"3385",-1.16415321826935e-10,"CAFI_P007",25
"3386",56.0810035812319,"CAFI_P007",50
"3387",-804.638916536758,"CAFI_P007",100
"3388",-1.16415321826935e-10,"CAFI_P007",25
"3389",-628.488871883193,"CAFI_P007",50
"3390",-843.604082261911,"CAFI_P007",100
"3391",-1.16415321826935e-10,"CAFI_P007",25
"3392",-692.622256887204,"CAFI_P007",50
"3393",-501.798446577683,"CAFI_P007",100
"3394",-1.16415321826935e-10,"CAFI_P007",25
"3395",-239.725481970177,"CAFI_P007",50
"3396",885.804027684848,"CAFI_P007",100
"3397",-1.16415321826935e-10,"CAFI_P007",25
"3398",3139.98244484916,"CAFI_P007",50
"3399",-563.838766646746,"CAFI_P007",100
"3400",-1.16415321826935e-10,"CAFI_P007",25
"3401",-713.965812281531,"CAFI_P007",50
"3402",-896.040065199428,"CAFI_P007",100
"3403",-1.16415321826935e-10,"CAFI_P007",25
"3404",-684.252192834916,"CAFI_P007",50
"3405",-724.605240133067,"CAFI_P007",100
"3406",-1.16415321826935e-10,"CAFI_P007",25
"3407",-42.9650774874608,"CAFI_P007",50
"3408",-716.462278740713,"CAFI_P007",100
"3409",-1.16415321826935e-10,"CAFI_P007",25
"3410",-231.656952350284,"CAFI_P007",50
"3411",-922.093651276198,"CAFI_P007",100
"3412",-1.16415321826935e-10,"CAFI_P007",25
"3413",-81.8996943688835,"CAFI_P007",50
"3414",-850.883050315664,"CAFI_P007",100
"3415",-1.16415321826935e-10,"CAFI_P007",25
"3416",-433.840189061535,"CAFI_P007",50
"3417",-763.674584218883,"CAFI_P007",100
"3418",-1.16415321826935e-10,"CAFI_P007",25
"3419",101.308072127053,"CAFI_P007",50
"3420",-945.681851326954,"CAFI_P007",100
"3421",-1.16415321826935e-10,"CAFI_P007",25
"3422",-621.729183301737,"CAFI_P007",50
"3423",-215.429092700477,"CAFI_P007",100
"3424",-1.16415321826935e-10,"CAFI_P007",25
"3425",-682.809349057556,"CAFI_P007",50
"3426",-857.801342817838,"CAFI_P007",100
"3427",-1.16415321826935e-10,"CAFI_P007",25
"3428",1690.39236044168,"CAFI_P007",50
"3429",2780.00207497156,"CAFI_P007",100
"3430",-1.16415321826935e-10,"CAFI_P007",25
"3431",3041.30728285259,"CAFI_P007",50
"3432",-75.531433671189,"CAFI_P007",100
"3433",-1.16415321826935e-10,"CAFI_P007",25
"3434",-636.51741160627,"CAFI_P007",50
"3435",-685.204202174151,"CAFI_P007",100
"3436",-1.16415321826935e-10,"CAFI_P007",25
"3437",-154.837453095883,"CAFI_P007",50
"3438",31.9643523244304,"CAFI_P007",100
"3439",-1.16415321826935e-10,"CAFI_P007",25
"3440",-502.711990626063,"CAFI_P007",50
"3441",-746.276935099333,"CAFI_P007",100
"3442",-1.16415321826935e-10,"CAFI_P007",25
"3443",-709.190990945906,"CAFI_P007",50
"3444",-760.422575361212,"CAFI_P007",100
"3445",-1.16415321826935e-10,"CAFI_P007",25
"3446",122.102825179289,"CAFI_P007",50
"3447",-660.366025539348,"CAFI_P007",100
"3448",-1.16415321826935e-10,"CAFI_P007",25
"3449",582.240211860044,"CAFI_P007",50
"3450",2307.97273387591,"CAFI_P007",100
"3451",-1.16415321826935e-10,"CAFI_P007",25
"3452",-212.032977800001,"CAFI_P007",50
"3453",-773.678872304677,"CAFI_P007",100
"3454",-1.16415321826935e-10,"CAFI_P007",25
"3455",170.85346683627,"CAFI_P007",50
"3456",445.604044537526,"CAFI_P007",100
"3457",-1.16415321826935e-10,"CAFI_P007",25
"3458",1235.04654017714,"CAFI_P007",50
"3459",-885.121050954738,"CAFI_P007",100
"3460",-1.16415321826935e-10,"CAFI_P007",25
"3461",122.102825179289,"CAFI_P007",50
"3462",1275.45529119606,"CAFI_P007",100
"3463",-1.16415321826935e-10,"CAFI_P007",25
"3464",-703.263401920558,"CAFI_P007",50
"3465",79.0987243161653,"CAFI_P007",100
"3466",-1.16415321826935e-10,"CAFI_P007",25
"3467",-249.853121554595,"CAFI_P007",50
"3468",1180.64482331532,"CAFI_P007",100
"3469",-1.16415321826935e-10,"CAFI_P007",25
"3470",-695.394028583483,"CAFI_P007",50
"3471",-664.927358247107,"CAFI_P007",100
"3472",-1.16415321826935e-10,"CAFI_P007",25
"3473",-237.435664776713,"CAFI_P007",50
"3474",-719.417783282523,"CAFI_P007",100
"3475",-1.16415321826935e-10,"CAFI_P007",25
"3476",-682.826397718745,"CAFI_P007",50
"3477",1486.32498174137,"CAFI_P007",100
"3478",-1.16415321826935e-10,"CAFI_P007",25
"3479",-665.332837249851,"CAFI_P007",50
"3480",-812.255707277975,"CAFI_P007",100
"3481",-1.16415321826935e-10,"CAFI_P007",25
"3482",639.747684087895,"CAFI_P007",50
"3483",93.4376786472276,"CAFI_P007",100
"3484",-1.16415321826935e-10,"CAFI_P007",25
"3485",-666.649126013683,"CAFI_P007",50
"3486",3902.84846152051,"CAFI_P007",100
"3487",-1.16415321826935e-10,"CAFI_P007",25
"3488",57.2775728846318,"CAFI_P007",50
"3489",-965.500244657276,"CAFI_P007",100
"3490",-1.16415321826935e-10,"CAFI_P007",25
"3491",336.06247154274,"CAFI_P007",50
"3492",-796.564583411324,"CAFI_P007",100
"3493",-1.16415321826935e-10,"CAFI_P007",25
"3494",113.358295949176,"CAFI_P007",50
"3495",-951.583842326654,"CAFI_P007",100
"3496",-1.16415321826935e-10,"CAFI_P007",25
"3497",83.511311735725,"CAFI_P007",50
"3498",1097.63673242246,"CAFI_P007",100
"3499",-1.16415321826935e-10,"CAFI_P007",25
"3500",-168.965724566951,"CAFI_P007",50
"3501",-911.064320809208,"CAFI_P007",100
"3502",-1.16415321826935e-10,"CAFI_P007",25
"3503",-211.303305749199,"CAFI_P007",50
"3504",-569.23903027206,"CAFI_P007",100
"3505",-1.16415321826935e-10,"CAFI_P007",25
"3506",-211.303305749199,"CAFI_P007",50
"3507",241.996763086703,"CAFI_P007",100
"3508",-1.16415321826935e-10,"CAFI_P007",25
"3509",-248.841863484937,"CAFI_P007",50
"3510",-824.419679100974,"CAFI_P007",100
"3511",-1.16415321826935e-10,"CAFI_P007",25
"3512",-672.528328254411,"CAFI_P007",50
"3513",-128.372909324069,"CAFI_P007",100
"3514",-1.16415321826935e-10,"CAFI_P007",25
"3515",-236.490860381164,"CAFI_P007",50
"3516",-205.384198855667,"CAFI_P007",100
"3517",-1.16415321826935e-10,"CAFI_P007",25
"3518",543.651551347284,"CAFI_P007",50
"3519",-819.278771107434,"CAFI_P007",100
"3520",-1.16415321826935e-10,"CAFI_P007",25
"3521",56.0810035812319,"CAFI_P007",50
"3522",-470.569007566257,"CAFI_P007",100
"3523",-1.16415321826935e-10,"CAFI_P007",25
"3524",-241.66346352431,"CAFI_P007",50
"3525",-367.729831417208,"CAFI_P007",100
"3526",-1.16415321826935e-10,"CAFI_P007",25
"3527",3041.30728285259,"CAFI_P007",50
"3528",-787.53405227128,"CAFI_P007",100
"3529",-1.16415321826935e-10,"CAFI_P007",25
"3530",-527.268421223678,"CAFI_P007",50
"3531",-334.506129266811,"CAFI_P007",100
"3532",-1.16415321826935e-10,"CAFI_P007",25
"3533",-341.579378936498,"CAFI_P007",50
"3534",-372.326226745383,"CAFI_P007",100
"3535",-1.16415321826935e-10,"CAFI_P007",25
"3536",-604.030184984906,"CAFI_P007",50
"3537",-452.505442500173,"CAFI_P007",100
"3538",-1.16415321826935e-10,"CAFI_P007",25
"3539",6658.86209271592,"CAFI_P007",50
"3540",-39.7590570618631,"CAFI_P007",100
"3541",-1.16415321826935e-10,"CAFI_P007",25
"3542",899.843134954397,"CAFI_P007",50
"3543",10267.0313938135,"CAFI_P007",100
"3544",-1.16415321826935e-10,"CAFI_P007",25
"3545",8095.98050364037,"CAFI_P007",50
"3546",-868.040064351517,"CAFI_P007",100
"3547",-1.16415321826935e-10,"CAFI_P007",25
"3548",17.8022966514109,"CAFI_P007",50
"3549",-921.084900167189,"CAFI_P007",100
"3550",-1.16415321826935e-10,"CAFI_P007",25
"3551",-235.076817294466,"CAFI_P007",50
"3552",-675.128440308501,"CAFI_P007",100
"3553",-1.16415321826935e-10,"CAFI_P007",25
"3554",-662.223717075074,"CAFI_P007",50
"3555",-677.262662314286,"CAFI_P007",100
"3556",-1.16415321826935e-10,"CAFI_P007",25
"3557",936.279108877701,"CAFI_P007",50
"3558",2769.39069864538,"CAFI_P007",100
"3559",-1.16415321826935e-10,"CAFI_P007",25
"3560",-418.783328263205,"CAFI_P007",50
"3561",-640.547417543072,"CAFI_P007",100
"3562",-1.16415321826935e-10,"CAFI_P007",25
"3563",104.958489145152,"CAFI_P007",50
"3564",112.154850651335,"CAFI_P007",100
"3565",-1.16415321826935e-10,"CAFI_P007",25
"3566",-173.924381328747,"CAFI_P007",50
"3567",760.281457493082,"CAFI_P007",100
"3568",-1.16415321826935e-10,"CAFI_P007",25
"3569",480.93328861316,"CAFI_P007",50
"3570",878.23913173622,"CAFI_P007",100
"3571",-1.16415321826935e-10,"CAFI_P007",25
"3572",-600.718314448663,"CAFI_P007",50
"3573",162.075936799985,"CAFI_P007",100
"3574",-1.16415321826935e-10,"CAFI_P007",25
"3575",-238.211111449928,"CAFI_P007",50
"3576",-530.192874297965,"CAFI_P007",100
"3577",-1.16415321826935e-10,"CAFI_P007",25
"3578",-698.657564263151,"CAFI_P007",50
"3579",105.186076219135,"CAFI_P007",100
"3580",-1.16415321826935e-10,"CAFI_P007",25
"3581",-661.070979594544,"CAFI_P007",50
"3582",-796.571461287735,"CAFI_P007",100
"3583",-1.16415321826935e-10,"CAFI_P007",25
"3584",-671.39911098982,"CAFI_P007",50
"3585",-436.279862456722,"CAFI_P007",100
"3586",-1.16415321826935e-10,"CAFI_P007",25
"3587",-686.93198677781,"CAFI_P007",50
"3588",-860.46762804297,"CAFI_P007",100
"3589",-1.16415321826935e-10,"CAFI_P007",25
"3590",2437.43281544582,"CAFI_P007",50
"3591",-832.524059932504,"CAFI_P007",100
"3592",-1.16415321826935e-10,"CAFI_P007",25
"3593",104.958489145152,"CAFI_P007",50
"3594",-854.359566972882,"CAFI_P007",100
"3595",-1.16415321826935e-10,"CAFI_P007",25
"3596",-99.7303117412375,"CAFI_P007",50
"3597",-748.492122613941,"CAFI_P007",100
"3598",-1.16415321826935e-10,"CAFI_P007",25
"3599",-350.387331119389,"CAFI_P007",50
"3600",-897.538387648354,"CAFI_P007",100
"3601",-4931.95495225256,"CAFI_P008",25
"3602",19496.6254317904,"CAFI_P008",50
"3603",1092.64457841171,"CAFI_P008",100
"3604",-143.809971116716,"CAFI_P008",25
"3605",26068.4909889026,"CAFI_P008",50
"3606",-11375.1978448342,"CAFI_P008",100
"3607",5863.25226550456,"CAFI_P008",25
"3608",32059.7272632258,"CAFI_P008",50
"3609",-9757.383547929,"CAFI_P008",100
"3610",25293.7963310675,"CAFI_P008",25
"3611",13252.0902905005,"CAFI_P008",50
"3612",17505.9212725919,"CAFI_P008",100
"3613",9543.53694120538,"CAFI_P008",25
"3614",17846.0930762326,"CAFI_P008",50
"3615",30452.4419288146,"CAFI_P008",100
"3616",-2781.74447086122,"CAFI_P008",25
"3617",2366.40431402612,"CAFI_P008",50
"3618",19944.4314918662,"CAFI_P008",100
"3619",3424.36897466454,"CAFI_P008",25
"3620",-4032.61734278017,"CAFI_P008",50
"3621",9741.57796912722,"CAFI_P008",100
"3622",1184.18472401454,"CAFI_P008",25
"3623",13230.7931690908,"CAFI_P008",50
"3624",49533.4983760049,"CAFI_P008",100
"3625",2022.53799609066,"CAFI_P008",25
"3626",2546.85681608936,"CAFI_P008",50
"3627",13198.2714839478,"CAFI_P008",100
"3628",3937.5284139365,"CAFI_P008",25
"3629",-9748.20009587985,"CAFI_P008",50
"3630",-8076.96851727238,"CAFI_P008",100
"3631",13188.2213132693,"CAFI_P008",25
"3632",2036.68433498143,"CAFI_P008",50
"3633",-10874.7856537704,"CAFI_P008",100
"3634",-9846.82127274072,"CAFI_P008",25
"3635",23776.3918639829,"CAFI_P008",50
"3636",9643.60496362508,"CAFI_P008",100
"3637",8916.71053815528,"CAFI_P008",25
"3638",13076.028584493,"CAFI_P008",50
"3639",36621.3247641952,"CAFI_P008",100
"3640",-1049.62686295738,"CAFI_P008",25
"3641",98.968373318261,"CAFI_P008",50
"3642",5334.56125640386,"CAFI_P008",100
"3643",-3178.35977993032,"CAFI_P008",25
"3644",-4505.39902215911,"CAFI_P008",50
"3645",50961.2293156161,"CAFI_P008",100
"3646",13760.5507748807,"CAFI_P008",25
"3647",698.222701014776,"CAFI_P008",50
"3648",26119.5415794819,"CAFI_P008",100
"3649",15143.7000081539,"CAFI_P008",25
"3650",20293.7895988652,"CAFI_P008",50
"3651",35434.9397031562,"CAFI_P008",100
"3652",-16857.0315493227,"CAFI_P008",25
"3653",20192.338103295,"CAFI_P008",50
"3654",-8399.54870382248,"CAFI_P008",100
"3655",17031.0920422444,"CAFI_P008",25
"3656",14830.4378059865,"CAFI_P008",50
"3657",16267.5667715167,"CAFI_P008",100
"3658",-1566.67815072165,"CAFI_P008",25
"3659",-1229.21929359803,"CAFI_P008",50
"3660",967.543702594296,"CAFI_P008",100
"3661",9805.07371077,"CAFI_P008",25
"3662",9488.63761406485,"CAFI_P008",50
"3663",1275.94410396449,"CAFI_P008",100
"3664",5536.75390635274,"CAFI_P008",25
"3665",9027.85209265171,"CAFI_P008",50
"3666",22023.3164262288,"CAFI_P008",100
"3667",4083.36198195087,"CAFI_P008",25
"3668",10802.8516111475,"CAFI_P008",50
"3669",30714.9701030343,"CAFI_P008",100
"3670",6771.91353280831,"CAFI_P008",25
"3671",16429.0108450589,"CAFI_P008",50
"3672",62088.4852094108,"CAFI_P008",100
"3673",7118.79977255641,"CAFI_P008",25
"3674",-2373.03797985538,"CAFI_P008",50
"3675",13982.8197365088,"CAFI_P008",100
"3676",12473.1863241376,"CAFI_P008",25
"3677",-2422.43915900233,"CAFI_P008",50
"3678",3137.62498040387,"CAFI_P008",100
"3679",1107.51036540617,"CAFI_P008",25
"3680",17683.3654786444,"CAFI_P008",50
"3681",59869.3812276574,"CAFI_P008",100
"3682",-2266.26153607026,"CAFI_P008",25
"3683",23833.7521903992,"CAFI_P008",50
"3684",23830.8499160603,"CAFI_P008",100
"3685",-9958.28731510445,"CAFI_P008",25
"3686",255.258866499527,"CAFI_P008",50
"3687",76650.9070146942,"CAFI_P008",100
"3688",6778.93655196234,"CAFI_P008",25
"3689",11909.8623721616,"CAFI_P008",50
"3690",18717.108404142,"CAFI_P008",100
"3691",643.162417675776,"CAFI_P008",25
"3692",10396.5204655086,"CAFI_P008",50
"3693",15866.3463528841,"CAFI_P008",100
"3694",28250.0526431439,"CAFI_P008",25
"3695",-3536.03121907817,"CAFI_P008",50
"3696",6801.32821754325,"CAFI_P008",100
"3697",32116.9836767589,"CAFI_P008",25
"3698",-6670.49067724618,"CAFI_P008",50
"3699",3537.27469812823,"CAFI_P008",100
"3700",5184.91450165689,"CAFI_P008",25
"3701",1380.69333639689,"CAFI_P008",50
"3702",-8310.2908796189,"CAFI_P008",100
"3703",496.68905910512,"CAFI_P008",25
"3704",13232.172748156,"CAFI_P008",50
"3705",9923.91169073113,"CAFI_P008",100
"3706",-1451.6322596299,"CAFI_P008",25
"3707",24344.8650264422,"CAFI_P008",50
"3708",18050.1817205544,"CAFI_P008",100
"3709",-5957.51012083224,"CAFI_P008",25
"3710",1088.11889670388,"CAFI_P008",50
"3711",-216.046493218048,"CAFI_P008",100
"3712",-9502.83463171154,"CAFI_P008",25
"3713",-13931.0753385209,"CAFI_P008",50
"3714",4506.20150653104,"CAFI_P008",100
"3715",25560.0388212368,"CAFI_P008",25
"3716",7607.93883001088,"CAFI_P008",50
"3717",40591.7238454515,"CAFI_P008",100
"3718",26631.7527022049,"CAFI_P008",25
"3719",-13353.8624665479,"CAFI_P008",50
"3720",13726.281795204,"CAFI_P008",100
"3721",6087.86144330341,"CAFI_P008",25
"3722",411.899675278983,"CAFI_P008",50
"3723",6279.27384796925,"CAFI_P008",100
"3724",3570.75683336984,"CAFI_P008",25
"3725",36605.3755500013,"CAFI_P008",50
"3726",64164.1093340805,"CAFI_P008",100
"3727",581.590090720274,"CAFI_P008",25
"3728",-10775.1131726142,"CAFI_P008",50
"3729",28664.4981050641,"CAFI_P008",100
"3730",7461.92452877667,"CAFI_P008",25
"3731",-8459.71309576975,"CAFI_P008",50
"3732",74035.1473608981,"CAFI_P008",100
"3733",-1033.52345344977,"CAFI_P008",25
"3734",35349.1780236274,"CAFI_P008",50
"3735",46976.8435701179,"CAFI_P008",100
"3736",6555.83697225834,"CAFI_P008",25
"3737",8844.18136393576,"CAFI_P008",50
"3738",11303.2504510073,"CAFI_P008",100
"3739",23620.4697903143,"CAFI_P008",25
"3740",-1113.82629482285,"CAFI_P008",50
"3741",14968.3404501523,"CAFI_P008",100
"3742",-517.194782835431,"CAFI_P008",25
"3743",9227.43191771634,"CAFI_P008",50
"3744",27114.8572736384,"CAFI_P008",100
"3745",-3742.48097835993,"CAFI_P008",25
"3746",16192.7617124875,"CAFI_P008",50
"3747",32713.7927266015,"CAFI_P008",100
"3748",2040.40946129092,"CAFI_P008",25
"3749",3495.17319316859,"CAFI_P008",50
"3750",10100.7143740559,"CAFI_P008",100
"3751",2004.09744903422,"CAFI_P008",25
"3752",22647.8424752067,"CAFI_P008",50
"3753",75031.9954088539,"CAFI_P008",100
"3754",11562.1985392089,"CAFI_P008",25
"3755",-13870.6441259141,"CAFI_P008",50
"3756",12315.9909107266,"CAFI_P008",100
"3757",2063.60226396052,"CAFI_P008",25
"3758",-4577.17987035192,"CAFI_P008",50
"3759",49268.124364114,"CAFI_P008",100
"3760",4566.99039458105,"CAFI_P008",25
"3761",10983.8331931959,"CAFI_P008",50
"3762",34925.2773765958,"CAFI_P008",100
"3763",51729.7275246333,"CAFI_P008",25
"3764",-1867.94953014213,"CAFI_P008",50
"3765",16352.3603334283,"CAFI_P008",100
"3766",18046.0762506766,"CAFI_P008",25
"3767",-11469.2990314084,"CAFI_P008",50
"3768",54130.7075365959,"CAFI_P008",100
"3769",-2103.4062920271,"CAFI_P008",25
"3770",-6144.0774089531,"CAFI_P008",50
"3771",-14499.2143257895,"CAFI_P008",100
"3772",3641.75995002413,"CAFI_P008",25
"3773",4787.49679543567,"CAFI_P008",50
"3774",28477.4016274219,"CAFI_P008",100
"3775",735.915350526688,"CAFI_P008",25
"3776",5813.30833690648,"CAFI_P008",50
"3777",31947.170069541,"CAFI_P008",100
"3778",-2687.03914470051,"CAFI_P008",25
"3779",6981.53024016821,"CAFI_P008",50
"3780",21739.5556044517,"CAFI_P008",100
"3781",14068.316937745,"CAFI_P008",25
"3782",21376.8038211968,"CAFI_P008",50
"3783",37240.0768426568,"CAFI_P008",100
"3784",9635.87585328898,"CAFI_P008",25
"3785",4138.40047006099,"CAFI_P008",50
"3786",3570.24241874652,"CAFI_P008",100
"3787",7287.86470042338,"CAFI_P008",25
"3788",4095.15930634219,"CAFI_P008",50
"3789",32804.6457966191,"CAFI_P008",100
"3790",-1887.47699634964,"CAFI_P008",25
"3791",15574.9264507202,"CAFI_P008",50
"3792",24184.5775020709,"CAFI_P008",100
"3793",-7776.80542212748,"CAFI_P008",25
"3794",17980.4214968131,"CAFI_P008",50
"3795",13479.3665470653,"CAFI_P008",100
"3796",18889.9395548441,"CAFI_P008",25
"3797",-1653.04282321827,"CAFI_P008",50
"3798",33869.84879036,"CAFI_P008",100
"3799",-1912.05387161241,"CAFI_P008",25
"3800",10129.7046590581,"CAFI_P008",50
"3801",40981.9305283433,"CAFI_P008",100
"3802",907.009327820269,"CAFI_P008",25
"3803",7432.62402610673,"CAFI_P008",50
"3804",2846.46344378073,"CAFI_P008",100
"3805",3716.85916828131,"CAFI_P008",25
"3806",-5109.03723262879,"CAFI_P008",50
"3807",62406.7181327257,"CAFI_P008",100
"3808",-267.336861202028,"CAFI_P008",25
"3809",14951.4947274275,"CAFI_P008",50
"3810",4331.36908860481,"CAFI_P008",100
"3811",5484.74674886971,"CAFI_P008",25
"3812",10008.3130103553,"CAFI_P008",50
"3813",3029.62058447587,"CAFI_P008",100
"3814",2596.41177097458,"CAFI_P008",25
"3815",51042.6386278616,"CAFI_P008",50
"3816",15338.7777607056,"CAFI_P008",100
"3817",9337.22574105603,"CAFI_P008",25
"3818",20239.2833172269,"CAFI_P008",50
"3819",31373.3473951477,"CAFI_P008",100
"3820",2870.84092346294,"CAFI_P008",25
"3821",13191.7127887486,"CAFI_P008",50
"3822",43569.8603930592,"CAFI_P008",100
"3823",29543.3855588392,"CAFI_P008",25
"3824",18577.6667529746,"CAFI_P008",50
"3825",-2386.98362948868,"CAFI_P008",100
"3826",8350.31071176962,"CAFI_P008",25
"3827",22209.080270465,"CAFI_P008",50
"3828",33831.7504640298,"CAFI_P008",100
"3829",15847.6618634784,"CAFI_P008",25
"3830",19741.5859944103,"CAFI_P008",50
"3831",47077.417655832,"CAFI_P008",100
"3832",2335.66079977521,"CAFI_P008",25
"3833",24340.5374238546,"CAFI_P008",50
"3834",-7714.71227638982,"CAFI_P008",100
"3835",109.885382219101,"CAFI_P008",25
"3836",-4297.24766967754,"CAFI_P008",50
"3837",4295.78920370986,"CAFI_P008",100
"3838",-7689.24840897322,"CAFI_P008",25
"3839",11326.9139789603,"CAFI_P008",50
"3840",6396.81583747035,"CAFI_P008",100
"3841",-2272.23237947718,"CAFI_P008",25
"3842",16299.6363910668,"CAFI_P008",50
"3843",18724.3735224326,"CAFI_P008",100
"3844",4520.80664999451,"CAFI_P008",25
"3845",-7487.16800873971,"CAFI_P008",50
"3846",73676.8777462105,"CAFI_P008",100
"3847",-7524.11779967981,"CAFI_P008",25
"3848",47.2751524914056,"CAFI_P008",50
"3849",40331.4037483441,"CAFI_P008",100
"3850",1473.44947189308,"CAFI_P008",25
"3851",49414.7733831122,"CAFI_P008",50
"3852",-2779.2864613299,"CAFI_P008",100
"3853",9612.48396357201,"CAFI_P008",25
"3854",51986.5144372636,"CAFI_P008",50
"3855",18094.9259309265,"CAFI_P008",100
"3856",2104.86739470059,"CAFI_P008",25
"3857",36311.899132052,"CAFI_P008",50
"3858",4274.80668685806,"CAFI_P008",100
"3859",1768.54897839454,"CAFI_P008",25
"3860",35788.3808532081,"CAFI_P008",50
"3861",-11117.2253074658,"CAFI_P008",100
"3862",18.6414994227234,"CAFI_P008",25
"3863",3110.0288150718,"CAFI_P008",50
"3864",31443.5741348012,"CAFI_P008",100
"3865",13823.985709384,"CAFI_P008",25
"3866",-9438.40058193495,"CAFI_P008",50
"3867",38258.9466069222,"CAFI_P008",100
"3868",14398.0872551884,"CAFI_P008",25
"3869",-3252.73941515206,"CAFI_P008",50
"3870",28515.2372693739,"CAFI_P008",100
"3871",455.062469371187,"CAFI_P008",25
"3872",19280.0813185927,"CAFI_P008",50
"3873",-12561.0559972631,"CAFI_P008",100
"3874",24814.8527405032,"CAFI_P008",25
"3875",30584.1214013527,"CAFI_P008",50
"3876",-6973.04428453534,"CAFI_P008",100
"3877",1789.0720004997,"CAFI_P008",25
"3878",20257.0875792661,"CAFI_P008",50
"3879",17891.6943167282,"CAFI_P008",100
"3880",-4896.83611418895,"CAFI_P008",25
"3881",-2387.5970930871,"CAFI_P008",50
"3882",19325.9930730285,"CAFI_P008",100
"3883",21610.2847198181,"CAFI_P008",25
"3884",19340.0204811537,"CAFI_P008",50
"3885",-256.659596433339,"CAFI_P008",100
"3886",1538.4796445893,"CAFI_P008",25
"3887",21566.3114734179,"CAFI_P008",50
"3888",33141.3235788104,"CAFI_P008",100
"3889",11127.183902104,"CAFI_P008",25
"3890",4793.21947149205,"CAFI_P008",50
"3891",31284.0657302937,"CAFI_P008",100
"3892",-3841.1352266235,"CAFI_P008",25
"3893",6454.14196820825,"CAFI_P008",50
"3894",2230.68609432608,"CAFI_P008",100
"3895",7912.2521695919,"CAFI_P008",25
"3896",15157.2059081321,"CAFI_P008",50
"3897",8714.84568385378,"CAFI_P008",100
"3898",-8537.56954981782,"CAFI_P008",25
"3899",4885.99434775929,"CAFI_P008",50
"3900",12225.2268515715,"CAFI_P008",100
"3901",-982.571021059528,"CAFI_P009",25
"3902",-232.760957960389,"CAFI_P009",50
"3903",28611.6338678871,"CAFI_P009",100
"3904",5248.12464073312,"CAFI_P009",25
"3905",2278.37230206333,"CAFI_P009",50
"3906",26967.0300441808,"CAFI_P009",100
"3907",665.1193262288,"CAFI_P009",25
"3908",16688.7137452041,"CAFI_P009",50
"3909",33317.1123907915,"CAFI_P009",100
"3910",-4664.72985630104,"CAFI_P009",25
"3911",2624.83631732402,"CAFI_P009",50
"3912",10885.8523995002,"CAFI_P009",100
"3913",-752.28393527033,"CAFI_P009",25
"3914",8239.10941097647,"CAFI_P009",50
"3915",13080.1134507238,"CAFI_P009",100
"3916",20845.2665441642,"CAFI_P009",25
"3917",21843.8256610407,"CAFI_P009",50
"3918",30348.4552456788,"CAFI_P009",100
"3919",10851.296978051,"CAFI_P009",25
"3920",18411.8397585863,"CAFI_P009",50
"3921",2420.31931762642,"CAFI_P009",100
"3922",7965.93318553432,"CAFI_P009",25
"3923",10510.9570362039,"CAFI_P009",50
"3924",9119.02749883628,"CAFI_P009",100
"3925",8570.73658779467,"CAFI_P009",25
"3926",19524.9756835363,"CAFI_P009",50
"3927",13070.0325288718,"CAFI_P009",100
"3928",-170.13842804567,"CAFI_P009",25
"3929",16158.1488208568,"CAFI_P009",50
"3930",9987.39531337441,"CAFI_P009",100
"3931",-4421.30446731095,"CAFI_P009",25
"3932",-2798.50479195383,"CAFI_P009",50
"3933",23274.6676480311,"CAFI_P009",100
"3934",31800.9964178764,"CAFI_P009",25
"3935",28316.9312492404,"CAFI_P009",50
"3936",16897.8405642658,"CAFI_P009",100
"3937",-1380.36500315141,"CAFI_P009",25
"3938",39395.6256976811,"CAFI_P009",50
"3939",25954.4364173369,"CAFI_P009",100
"3940",396.43652240996,"CAFI_P009",25
"3941",8459.35262890032,"CAFI_P009",50
"3942",24401.7018112301,"CAFI_P009",100
"3943",3685.58130116021,"CAFI_P009",25
"3944",905.119702783064,"CAFI_P009",50
"3945",3115.31839309167,"CAFI_P009",100
"3946",9551.49281591311,"CAFI_P009",25
"3947",30524.7499665847,"CAFI_P009",50
"3948",9821.06071066979,"CAFI_P009",100
"3949",8368.79438042926,"CAFI_P009",25
"3950",1414.16937617731,"CAFI_P009",50
"3951",19428.632867582,"CAFI_P009",100
"3952",787.089390397887,"CAFI_P009",25
"3953",10131.2540676431,"CAFI_P009",50
"3954",44382.2571938747,"CAFI_P009",100
"3955",12042.9154315662,"CAFI_P009",25
"3956",23783.2409561506,"CAFI_P009",50
"3957",6679.92615005566,"CAFI_P009",100
"3958",12074.0109384871,"CAFI_P009",25
"3959",11513.2184374692,"CAFI_P009",50
"3960",20942.2268751814,"CAFI_P009",100
"3961",-4556.27855181857,"CAFI_P009",25
"3962",25742.1190654729,"CAFI_P009",50
"3963",55050.7481910793,"CAFI_P009",100
"3964",11391.2635162998,"CAFI_P009",25
"3965",-657.761660722957,"CAFI_P009",50
"3966",13457.873682378,"CAFI_P009",100
"3967",-2083.21224952373,"CAFI_P009",25
"3968",-2712.17483257037,"CAFI_P009",50
"3969",13134.7546884011,"CAFI_P009",100
"3970",-4582.20944008685,"CAFI_P009",25
"3971",-11892.5993276255,"CAFI_P009",50
"3972",23507.6236699261,"CAFI_P009",100
"3973",991.651131534541,"CAFI_P009",25
"3974",-1342.49275415571,"CAFI_P009",50
"3975",36443.5300854423,"CAFI_P009",100
"3976",6734.19373151928,"CAFI_P009",25
"3977",23082.6825600204,"CAFI_P009",50
"3978",23667.2006728867,"CAFI_P009",100
"3979",281.498903506261,"CAFI_P009",25
"3980",1719.43857998442,"CAFI_P009",50
"3981",40472.1168162103,"CAFI_P009",100
"3982",5833.32877193397,"CAFI_P009",25
"3983",22694.9797426692,"CAFI_P009",50
"3984",18961.20171123,"CAFI_P009",100
"3985",7342.24115380441,"CAFI_P009",25
"3986",46179.4355945394,"CAFI_P009",50
"3987",8878.71321935835,"CAFI_P009",100
"3988",4311.3481991213,"CAFI_P009",25
"3989",8593.55691496597,"CAFI_P009",50
"3990",11190.691019194,"CAFI_P009",100
"3991",7705.34263449651,"CAFI_P009",25
"3992",14934.0462252904,"CAFI_P009",50
"3993",10902.7041295965,"CAFI_P009",100
"3994",4001.06730817055,"CAFI_P009",25
"3995",5008.94045067468,"CAFI_P009",50
"3996",17609.3479521232,"CAFI_P009",100
"3997",-5616.7834237644,"CAFI_P009",25
"3998",21778.5163560713,"CAFI_P009",50
"3999",4965.9746973869,"CAFI_P009",100
"4000",17075.5208848214,"CAFI_P009",25
"4001",-2276.35651493625,"CAFI_P009",50
"4002",38953.2851466473,"CAFI_P009",100
"4003",4454.29997425142,"CAFI_P009",25
"4004",-2332.56686201086,"CAFI_P009",50
"4005",29152.2893574285,"CAFI_P009",100
"4006",8568.39059955993,"CAFI_P009",25
"4007",7795.41837408702,"CAFI_P009",50
"4008",15831.1494542271,"CAFI_P009",100
"4009",11954.7367813599,"CAFI_P009",25
"4010",8630.9006945517,"CAFI_P009",50
"4011",58478.2317495433,"CAFI_P009",100
"4012",7175.98322085559,"CAFI_P009",25
"4013",3824.64059448993,"CAFI_P009",50
"4014",45229.295994647,"CAFI_P009",100
"4015",9771.80878017115,"CAFI_P009",25
"4016",7800.64067691297,"CAFI_P009",50
"4017",22903.3435974,"CAFI_P009",100
"4018",6434.62069936318,"CAFI_P009",25
"4019",29352.6583412686,"CAFI_P009",50
"4020",4768.10371454508,"CAFI_P009",100
"4021",13921.4044363834,"CAFI_P009",25
"4022",12968.9874623484,"CAFI_P009",50
"4023",42155.8248850497,"CAFI_P009",100
"4024",2117.01371627592,"CAFI_P009",25
"4025",7254.70828226849,"CAFI_P009",50
"4026",7997.8564869815,"CAFI_P009",100
"4027",-5683.16244049254,"CAFI_P009",25
"4028",7345.92254454253,"CAFI_P009",50
"4029",21667.0783960097,"CAFI_P009",100
"4030",-1693.47859264811,"CAFI_P009",25
"4031",21609.5955652893,"CAFI_P009",50
"4032",50838.5307824469,"CAFI_P009",100
"4033",1359.92848762462,"CAFI_P009",25
"4034",20527.4475133852,"CAFI_P009",50
"4035",29040.8619084012,"CAFI_P009",100
"4036",21867.9182270172,"CAFI_P009",25
"4037",7975.4739438126,"CAFI_P009",50
"4038",11523.7533835762,"CAFI_P009",100
"4039",185.131348742463,"CAFI_P009",25
"4040",-989.937723479117,"CAFI_P009",50
"4041",15181.7935325447,"CAFI_P009",100
"4042",20571.7135569793,"CAFI_P009",25
"4043",30752.7603424444,"CAFI_P009",50
"4044",3283.00301137014,"CAFI_P009",100
"4045",8384.58335956198,"CAFI_P009",25
"4046",18756.9848546661,"CAFI_P009",50
"4047",45550.2041658828,"CAFI_P009",100
"4048",612.743711984484,"CAFI_P009",25
"4049",18656.2940818882,"CAFI_P009",50
"4050",19353.9289772626,"CAFI_P009",100
"4051",-1391.32245088223,"CAFI_P009",25
"4052",13059.8587848591,"CAFI_P009",50
"4053",11723.4674407801,"CAFI_P009",100
"4054",-6909.49332776241,"CAFI_P009",25
"4055",11443.754458674,"CAFI_P009",50
"4056",21134.5785473856,"CAFI_P009",100
"4057",16495.84550977,"CAFI_P009",25
"4058",22449.657177042,"CAFI_P009",50
"4059",23030.3364579095,"CAFI_P009",100
"4060",4650.61713083606,"CAFI_P009",25
"4061",32963.2437191827,"CAFI_P009",50
"4062",8234.56759556965,"CAFI_P009",100
"4063",-1577.08466212859,"CAFI_P009",25
"4064",20997.8017577493,"CAFI_P009",50
"4065",-4462.74637837446,"CAFI_P009",100
"4066",11771.3514890065,"CAFI_P009",25
"4067",943.457684642053,"CAFI_P009",50
"4068",41465.5110540648,"CAFI_P009",100
"4069",14622.7973535929,"CAFI_P009",25
"4070",533.790348130686,"CAFI_P009",50
"4071",30330.8861323989,"CAFI_P009",100
"4072",14489.4431672493,"CAFI_P009",25
"4073",11574.0821162215,"CAFI_P009",50
"4074",10210.4561280115,"CAFI_P009",100
"4075",14363.8454594625,"CAFI_P009",25
"4076",10233.6645684986,"CAFI_P009",50
"4077",25200.3574528333,"CAFI_P009",100
"4078",-3462.23191185534,"CAFI_P009",25
"4079",12246.9144518348,"CAFI_P009",50
"4080",52651.6735069588,"CAFI_P009",100
"4081",2208.3218923125,"CAFI_P009",25
"4082",7903.2832105314,"CAFI_P009",50
"4083",17916.5473053348,"CAFI_P009",100
"4084",-3077.46830764646,"CAFI_P009",25
"4085",5921.0473351503,"CAFI_P009",50
"4086",-645.935497744824,"CAFI_P009",100
"4087",-2457.26091162465,"CAFI_P009",25
"4088",11552.3476670393,"CAFI_P009",50
"4089",18944.3082336658,"CAFI_P009",100
"4090",-3909.42855405092,"CAFI_P009",25
"4091",3851.657597969,"CAFI_P009",50
"4092",-131.38342379668,"CAFI_P009",100
"4093",9545.3553767252,"CAFI_P009",25
"4094",2420.75450693321,"CAFI_P009",50
"4095",19085.3009594933,"CAFI_P009",100
"4096",3914.1693253683,"CAFI_P009",25
"4097",-2191.10355272319,"CAFI_P009",50
"4098",17456.207135347,"CAFI_P009",100
"4099",1730.36450197536,"CAFI_P009",25
"4100",6305.79614842148,"CAFI_P009",50
"4101",14864.7046773328,"CAFI_P009",100
"4102",13393.8127397032,"CAFI_P009",25
"4103",-953.624131046468,"CAFI_P009",50
"4104",46237.4787727261,"CAFI_P009",100
"4105",1882.92067314952,"CAFI_P009",25
"4106",20142.8604711993,"CAFI_P009",50
"4107",37748.5099055832,"CAFI_P009",100
"4108",9340.20117442991,"CAFI_P009",25
"4109",19126.7209560834,"CAFI_P009",50
"4110",25944.4699569652,"CAFI_P009",100
"4111",688.426242572081,"CAFI_P009",25
"4112",4169.79809529695,"CAFI_P009",50
"4113",-7390.62823132268,"CAFI_P009",100
"4114",-4113.38237145415,"CAFI_P009",25
"4115",14402.8852644247,"CAFI_P009",50
"4116",44011.8937223048,"CAFI_P009",100
"4117",-739.769740354037,"CAFI_P009",25
"4118",5702.76751702366,"CAFI_P009",50
"4119",43011.02930713,"CAFI_P009",100
"4120",1595.20765943598,"CAFI_P009",25
"4121",-5383.270806271,"CAFI_P009",50
"4122",-2256.03354261833,"CAFI_P009",100
"4123",4261.0573653212,"CAFI_P009",25
"4124",2206.71133968158,"CAFI_P009",50
"4125",14381.6022999686,"CAFI_P009",100
"4126",4289.37268019002,"CAFI_P009",25
"4127",10130.7011793006,"CAFI_P009",50
"4128",14912.7679878359,"CAFI_P009",100
"4129",-4342.20773170312,"CAFI_P009",25
"4130",5058.11529621331,"CAFI_P009",50
"4131",9120.57125390269,"CAFI_P009",100
"4132",6937.98975015618,"CAFI_P009",25
"4133",-908.328268994344,"CAFI_P009",50
"4134",20210.6148475496,"CAFI_P009",100
"4135",359.151254026976,"CAFI_P009",25
"4136",-4398.29503347463,"CAFI_P009",50
"4137",13676.1334062727,"CAFI_P009",100
"4138",3149.40818478202,"CAFI_P009",25
"4139",-1821.41523321916,"CAFI_P009",50
"4140",27703.7305263051,"CAFI_P009",100
"4141",2519.88583645958,"CAFI_P009",25
"4142",6318.23151803989,"CAFI_P009",50
"4143",4059.05484114605,"CAFI_P009",100
"4144",11083.6894245876,"CAFI_P009",25
"4145",669.316301420797,"CAFI_P009",50
"4146",13624.4424691088,"CAFI_P009",100
"4147",4329.31242970278,"CAFI_P009",25
"4148",11641.671957099,"CAFI_P009",50
"4149",8778.98654286965,"CAFI_P009",100
"4150",-2303.54833771283,"CAFI_P009",25
"4151",23223.47528602,"CAFI_P009",50
"4152",5156.55343226355,"CAFI_P009",100
"4153",-1329.09294916462,"CAFI_P009",25
"4154",-523.601888663543,"CAFI_P009",50
"4155",30830.2555281602,"CAFI_P009",100
"4156",169.871859531559,"CAFI_P009",25
"4157",35622.013918305,"CAFI_P009",50
"4158",32749.0551957301,"CAFI_P009",100
"4159",14499.2530111151,"CAFI_P009",25
"4160",11774.0014075062,"CAFI_P009",50
"4161",18089.6393497231,"CAFI_P009",100
"4162",3372.77907757944,"CAFI_P009",25
"4163",1047.82213039527,"CAFI_P009",50
"4164",114.407937226875,"CAFI_P009",100
"4165",3232.23819162825,"CAFI_P009",25
"4166",4287.92743905832,"CAFI_P009",50
"4167",12990.2164617089,"CAFI_P009",100
"4168",772.524084499571,"CAFI_P009",25
"4169",485.0220286189,"CAFI_P009",50
"4170",20855.2323006577,"CAFI_P009",100
"4171",-4392.56034272473,"CAFI_P009",25
"4172",7546.79630202462,"CAFI_P009",50
"4173",11802.1270030212,"CAFI_P009",100
"4174",12527.1850878201,"CAFI_P009",25
"4175",20268.4739611226,"CAFI_P009",50
"4176",29102.5538440988,"CAFI_P009",100
"4177",5896.78294481453,"CAFI_P009",25
"4178",23065.4537503474,"CAFI_P009",50
"4179",72520.3249164452,"CAFI_P009",100
"4180",5.61188060208224,"CAFI_P009",25
"4181",9866.70583701617,"CAFI_P009",50
"4182",27721.5393793698,"CAFI_P009",100
"4183",13071.6819200063,"CAFI_P009",25
"4184",2856.37109772203,"CAFI_P009",50
"4185",32538.8471409694,"CAFI_P009",100
"4186",-2216.08206051483,"CAFI_P009",25
"4187",2969.41486890835,"CAFI_P009",50
"4188",2323.15253419708,"CAFI_P009",100
"4189",-4009.11816520849,"CAFI_P009",25
"4190",3830.53182801453,"CAFI_P009",50
"4191",35025.2620051084,"CAFI_P009",100
"4192",-482.226760824211,"CAFI_P009",25
"4193",1877.73304865044,"CAFI_P009",50
"4194",18191.0827525191,"CAFI_P009",100
"4195",13534.2729988522,"CAFI_P009",25
"4196",-6204.61312204989,"CAFI_P009",50
"4197",-271.759435859625,"CAFI_P009",100
"4198",6974.72357478976,"CAFI_P009",25
"4199",15589.6345710952,"CAFI_P009",50
"4200",-485.75062795094,"CAFI_P009",100
"4201",-10396.4288929719,"CAFI_P010",25
"4202",3028.14965637666,"CAFI_P010",50
"4203",-14255.2892445351,"CAFI_P010",100
"4204",-5081.61708549655,"CAFI_P010",25
"4205",-8747.58211159843,"CAFI_P010",50
"4206",-10575.4512689193,"CAFI_P010",100
"4207",-1259.61740518763,"CAFI_P010",25
"4208",810.768477824662,"CAFI_P010",50
"4209",-1879.60970229618,"CAFI_P010",100
"4210",505.367886210326,"CAFI_P010",25
"4211",-3799.4638387702,"CAFI_P010",50
"4212",-15773.3077815682,"CAFI_P010",100
"4213",734.293890408735,"CAFI_P010",25
"4214",-5896.80339727007,"CAFI_P010",50
"4215",-9615.30156460352,"CAFI_P010",100
"4216",-8886.64657307343,"CAFI_P010",25
"4217",9910.55607066152,"CAFI_P010",50
"4218",-11417.8381339764,"CAFI_P010",100
"4219",-673.904997524369,"CAFI_P010",25
"4220",-10300.5360026264,"CAFI_P010",50
"4221",-7825.27801384206,"CAFI_P010",100
"4222",948.866475879651,"CAFI_P010",25
"4223",2666.22176422601,"CAFI_P010",50
"4224",-11169.3457805364,"CAFI_P010",100
"4225",-10289.558923038,"CAFI_P010",25
"4226",-13633.2550882033,"CAFI_P010",50
"4227",-14019.8325082362,"CAFI_P010",100
"4228",1874.99751802365,"CAFI_P010",25
"4229",-11796.7842573515,"CAFI_P010",50
"4230",-1926.00700543437,"CAFI_P010",100
"4231",157.157356837444,"CAFI_P010",25
"4232",-3714.60639131541,"CAFI_P010",50
"4233",-13393.5448707284,"CAFI_P010",100
"4234",-2581.7805755914,"CAFI_P010",25
"4235",-1102.91723991296,"CAFI_P010",50
"4236",-4726.87295971694,"CAFI_P010",100
"4237",-1684.7112032132,"CAFI_P010",25
"4238",2297.47191370188,"CAFI_P010",50
"4239",-11105.3207342193,"CAFI_P010",100
"4240",-608.461279601965,"CAFI_P010",25
"4241",-12768.3754115687,"CAFI_P010",50
"4242",-9977.80483480147,"CAFI_P010",100
"4243",76.3037622912379,"CAFI_P010",25
"4244",-12559.0847282809,"CAFI_P010",50
"4245",-3944.11253581056,"CAFI_P010",100
"4246",-22.0760559010378,"CAFI_P010",25
"4247",-3459.81814559572,"CAFI_P010",50
"4248",-11764.3979088866,"CAFI_P010",100
"4249",-6485.44484206129,"CAFI_P010",25
"4250",-6414.89942535022,"CAFI_P010",50
"4251",-7625.29534395511,"CAFI_P010",100
"4252",-166.447803508141,"CAFI_P010",25
"4253",-1972.47586958355,"CAFI_P010",50
"4254",-5362.16541664823,"CAFI_P010",100
"4255",45.0161270593235,"CAFI_P010",25
"4256",-11369.3736207859,"CAFI_P010",50
"4257",-5555.59406442143,"CAFI_P010",100
"4258",532.349864550953,"CAFI_P010",25
"4259",2363.92521664297,"CAFI_P010",50
"4260",-15236.380851131,"CAFI_P010",100
"4261",-9329.38573680393,"CAFI_P010",25
"4262",-10047.2211297014,"CAFI_P010",50
"4263",-13310.9827488543,"CAFI_P010",100
"4264",-1607.76291322807,"CAFI_P010",25
"4265",-5901.3444615473,"CAFI_P010",50
"4266",-6967.83931270393,"CAFI_P010",100
"4267",-789.911164913123,"CAFI_P010",25
"4268",748.323105083167,"CAFI_P010",50
"4269",-12621.0542841813,"CAFI_P010",100
"4270",-1418.43487586061,"CAFI_P010",25
"4271",-10471.700879655,"CAFI_P010",50
"4272",-14934.0328665471,"CAFI_P010",100
"4273",569.105167378497,"CAFI_P010",25
"4274",-12259.1377267149,"CAFI_P010",50
"4275",-10741.1179301333,"CAFI_P010",100
"4276",163.446696463827,"CAFI_P010",25
"4277",-8776.58045598047,"CAFI_P010",50
"4278",-13048.1795877822,"CAFI_P010",100
"4279",364.327682350238,"CAFI_P010",25
"4280",1518.96948161768,"CAFI_P010",50
"4281",-7409.2445611507,"CAFI_P010",100
"4282",-378.75393426884,"CAFI_P010",25
"4283",-11531.9672886945,"CAFI_P010",50
"4284",-14140.9759402694,"CAFI_P010",100
"4285",3621.06758132763,"CAFI_P010",25
"4286",2852.88229319709,"CAFI_P010",50
"4287",-7232.37654012055,"CAFI_P010",100
"4288",1503.25691102073,"CAFI_P010",25
"4289",-4404.7905350131,"CAFI_P010",50
"4290",-12157.228153211,"CAFI_P010",100
"4291",-3592.36350639063,"CAFI_P010",25
"4292",-14223.6974567566,"CAFI_P010",50
"4293",-12951.1995937384,"CAFI_P010",100
"4294",-629.112762895384,"CAFI_P010",25
"4295",-3029.82279281746,"CAFI_P010",50
"4296",-9163.62760658414,"CAFI_P010",100
"4297",-3131.06539062559,"CAFI_P010",25
"4298",-14170.3886690874,"CAFI_P010",50
"4299",-15668.6460135642,"CAFI_P010",100
"4300",-317.951581727917,"CAFI_P010",25
"4301",-15158.3236066619,"CAFI_P010",50
"4302",-13461.8616076725,"CAFI_P010",100
"4303",3614.85397463079,"CAFI_P010",25
"4304",-7851.99200783492,"CAFI_P010",50
"4305",-12750.7238016112,"CAFI_P010",100
"4306",784.509189773933,"CAFI_P010",25
"4307",-10137.3047150483,"CAFI_P010",50
"4308",-15577.5578393872,"CAFI_P010",100
"4309",692.960616933182,"CAFI_P010",25
"4310",-7891.01450182963,"CAFI_P010",50
"4311",-7909.35153342393,"CAFI_P010",100
"4312",-2673.63790896189,"CAFI_P010",25
"4313",-971.294859212183,"CAFI_P010",50
"4314",-13488.7719209011,"CAFI_P010",100
"4315",3292.69331905121,"CAFI_P010",25
"4316",2664.63976016376,"CAFI_P010",50
"4317",-13258.4425804352,"CAFI_P010",100
"4318",-9984.44165172032,"CAFI_P010",25
"4319",628.303089631721,"CAFI_P010",50
"4320",-14094.879967965,"CAFI_P010",100
"4321",1494.80832653443,"CAFI_P010",25
"4322",-949.386873483134,"CAFI_P010",50
"4323",-15049.2448149108,"CAFI_P010",100
"4324",-9045.86708822168,"CAFI_P010",25
"4325",-8742.85398104953,"CAFI_P010",50
"4326",-12645.0086700224,"CAFI_P010",100
"4327",557.880166299961,"CAFI_P010",25
"4328",-6426.68874357885,"CAFI_P010",50
"4329",-11740.2508937607,"CAFI_P010",100
"4330",-341.81888264732,"CAFI_P010",25
"4331",-11623.7954949391,"CAFI_P010",50
"4332",-9419.25627490805,"CAFI_P010",100
"4333",-12272.4290888972,"CAFI_P010",25
"4334",1109.67644289552,"CAFI_P010",50
"4335",-12983.0728663576,"CAFI_P010",100
"4336",843.094659506372,"CAFI_P010",25
"4337",-121.492160532362,"CAFI_P010",50
"4338",-11843.8785933542,"CAFI_P010",100
"4339",-3503.97715185795,"CAFI_P010",25
"4340",-3320.27714959931,"CAFI_P010",50
"4341",-14769.3439308532,"CAFI_P010",100
"4342",-2909.55232499939,"CAFI_P010",25
"4343",-3521.4892209156,"CAFI_P010",50
"4344",-7503.95605368979,"CAFI_P010",100
"4345",-730.317809303611,"CAFI_P010",25
"4346",4201.01532239214,"CAFI_P010",50
"4347",-11685.6170733114,"CAFI_P010",100
"4348",-8605.2832260062,"CAFI_P010",25
"4349",-9067.88485179169,"CAFI_P010",50
"4350",-12416.7013779607,"CAFI_P010",100
"4351",-1512.39731439966,"CAFI_P010",25
"4352",-7359.72479839632,"CAFI_P010",50
"4353",-9620.24677583852,"CAFI_P010",100
"4354",-1801.00471949959,"CAFI_P010",25
"4355",-13254.9076222403,"CAFI_P010",50
"4356",-12440.4721617344,"CAFI_P010",100
"4357",-1969.75511028667,"CAFI_P010",25
"4358",-11845.0218795286,"CAFI_P010",50
"4359",-15173.6545369771,"CAFI_P010",100
"4360",2649.35361966956,"CAFI_P010",25
"4361",-10176.2080551851,"CAFI_P010",50
"4362",-8299.07050311513,"CAFI_P010",100
"4363",323.966732665402,"CAFI_P010",25
"4364",-2085.56355260912,"CAFI_P010",50
"4365",-12762.7757403936,"CAFI_P010",100
"4366",3366.68195009039,"CAFI_P010",25
"4367",-76.7446115565253,"CAFI_P010",50
"4368",-6300.50499087339,"CAFI_P010",100
"4369",-5470.72333001503,"CAFI_P010",25
"4370",-3626.6874911483,"CAFI_P010",50
"4371",-13297.5793312965,"CAFI_P010",100
"4372",-2879.55363194432,"CAFI_P010",25
"4373",-2929.36418364491,"CAFI_P010",50
"4374",-12208.0518539359,"CAFI_P010",100
"4375",-2486.37429066826,"CAFI_P010",25
"4376",1757.00699120347,"CAFI_P010",50
"4377",-13926.3161106189,"CAFI_P010",100
"4378",-1242.69515470549,"CAFI_P010",25
"4379",562.083533006051,"CAFI_P010",50
"4380",-14565.0260112783,"CAFI_P010",100
"4381",-4285.75618227728,"CAFI_P010",25
"4382",-12357.5953515299,"CAFI_P010",50
"4383",-12123.9275345039,"CAFI_P010",100
"4384",338.173422935099,"CAFI_P010",25
"4385",-12086.0888824434,"CAFI_P010",50
"4386",-10447.8644687348,"CAFI_P010",100
"4387",-11371.7375366023,"CAFI_P010",25
"4388",-5575.00855439226,"CAFI_P010",50
"4389",-13763.2241418039,"CAFI_P010",100
"4390",705.678624998749,"CAFI_P010",25
"4391",-7565.52611553422,"CAFI_P010",50
"4392",1389.96887920194,"CAFI_P010",100
"4393",-2745.21683327758,"CAFI_P010",25
"4394",10298.1841065093,"CAFI_P010",50
"4395",-10776.0122727813,"CAFI_P010",100
"4396",1067.80413512068,"CAFI_P010",25
"4397",-7227.61099650268,"CAFI_P010",50
"4398",-13146.590246958,"CAFI_P010",100
"4399",2698.82843117934,"CAFI_P010",25
"4400",-4621.90356762393,"CAFI_P010",50
"4401",-12266.1015483239,"CAFI_P010",100
"4402",-6815.70374773248,"CAFI_P010",25
"4403",-4400.71111126622,"CAFI_P010",50
"4404",-10736.2906203313,"CAFI_P010",100
"4405",-658.499483513937,"CAFI_P010",25
"4406",7493.20060964162,"CAFI_P010",50
"4407",-14274.3943545791,"CAFI_P010",100
"4408",-519.889746156172,"CAFI_P010",25
"4409",-11047.2528889944,"CAFI_P010",50
"4410",-2683.52458514992,"CAFI_P010",100
"4411",-4517.33403993747,"CAFI_P010",25
"4412",-13433.0348142621,"CAFI_P010",50
"4413",-10596.2711739313,"CAFI_P010",100
"4414",-3969.57739124217,"CAFI_P010",25
"4415",-6253.8019245906,"CAFI_P010",50
"4416",-6631.54901279553,"CAFI_P010",100
"4417",901.680747483653,"CAFI_P010",25
"4418",-3776.19762785561,"CAFI_P010",50
"4419",-10051.8421983518,"CAFI_P010",100
"4420",-3327.89088503874,"CAFI_P010",25
"4421",-2096.12479690989,"CAFI_P010",50
"4422",-11334.483391395,"CAFI_P010",100
"4423",-11334.6987437726,"CAFI_P010",25
"4424",357.884453265462,"CAFI_P010",50
"4425",-15246.1074761427,"CAFI_P010",100
"4426",1254.18449487537,"CAFI_P010",25
"4427",-12880.8305066889,"CAFI_P010",50
"4428",-9010.43450095158,"CAFI_P010",100
"4429",-2283.6969813467,"CAFI_P010",25
"4430",-2231.35120990194,"CAFI_P010",50
"4431",-14713.9303886659,"CAFI_P010",100
"4432",-589.033097803156,"CAFI_P010",25
"4433",-3150.39449479524,"CAFI_P010",50
"4434",-12504.3157479267,"CAFI_P010",100
"4435",7398.94590433853,"CAFI_P010",25
"4436",-9200.40308046105,"CAFI_P010",50
"4437",-11690.1148244471,"CAFI_P010",100
"4438",871.033323804324,"CAFI_P010",25
"4439",-102.953820899973,"CAFI_P010",50
"4440",8675.82491358052,"CAFI_P010",100
"4441",1324.74153103295,"CAFI_P010",25
"4442",707.138598491467,"CAFI_P010",50
"4443",-8049.57446906928,"CAFI_P010",100
"4444",-7858.94488763879,"CAFI_P010",25
"4445",-5096.88135188902,"CAFI_P010",50
"4446",-15365.0606893889,"CAFI_P010",100
"4447",297.26262190289,"CAFI_P010",25
"4448",546.876329519117,"CAFI_P010",50
"4449",-13931.2686768834,"CAFI_P010",100
"4450",-11502.5858092329,"CAFI_P010",25
"4451",-6868.27193367833,"CAFI_P010",50
"4452",-11419.0018466983,"CAFI_P010",100
"4453",-665.897890867287,"CAFI_P010",25
"4454",-5972.06461122024,"CAFI_P010",50
"4455",-12664.9960550109,"CAFI_P010",100
"4456",-10068.568644845,"CAFI_P010",25
"4457",-2056.99571488,"CAFI_P010",50
"4458",-10790.7535241915,"CAFI_P010",100
"4459",-12977.8905922333,"CAFI_P010",25
"4460",-10338.5731976025,"CAFI_P010",50
"4461",1927.57957658611,"CAFI_P010",100
"4462",319.705344074115,"CAFI_P010",25
"4463",4232.81098106646,"CAFI_P010",50
"4464",9067.46337802272,"CAFI_P010",100
"4465",2568.87454795663,"CAFI_P010",25
"4466",-10353.8775537683,"CAFI_P010",50
"4467",-11301.0963633656,"CAFI_P010",100
"4468",-5606.53524991177,"CAFI_P010",25
"4469",-12414.6710206185,"CAFI_P010",50
"4470",-7791.91883530677,"CAFI_P010",100
"4471",343.797793488222,"CAFI_P010",25
"4472",-6628.30611795632,"CAFI_P010",50
"4473",-10461.6754945002,"CAFI_P010",100
"4474",-3047.64724316739,"CAFI_P010",25
"4475",601.624157001876,"CAFI_P010",50
"4476",-10211.8013014511,"CAFI_P010",100
"4477",2334.48870196359,"CAFI_P010",25
"4478",-433.505223192333,"CAFI_P010",50
"4479",-10516.7533638474,"CAFI_P010",100
"4480",-2226.51258568914,"CAFI_P010",25
"4481",613.482246630534,"CAFI_P010",50
"4482",-4502.45804656358,"CAFI_P010",100
"4483",-2347.42921771883,"CAFI_P010",25
"4484",-10661.383741868,"CAFI_P010",50
"4485",-9764.14826052965,"CAFI_P010",100
"4486",-7218.2646578101,"CAFI_P010",25
"4487",-4815.67474349865,"CAFI_P010",50
"4488",-13321.3031825963,"CAFI_P010",100
"4489",-4942.43152171458,"CAFI_P010",25
"4490",-12423.228384796,"CAFI_P010",50
"4491",-13091.5581377877,"CAFI_P010",100
"4492",1251.25702507669,"CAFI_P010",25
"4493",-9583.79389058103,"CAFI_P010",50
"4494",-8618.52496903966,"CAFI_P010",100
"4495",-12185.6867364995,"CAFI_P010",25
"4496",-9929.75915242208,"CAFI_P010",50
"4497",-8961.08794725456,"CAFI_P010",100
"4498",-3061.24184193238,"CAFI_P010",25
"4499",-3623.41049695716,"CAFI_P010",50
"4500",-7036.2224037798,"CAFI_P010",100
"4501",4831.26154955023,"CAFI_P011",25
"4502",8732.73772301688,"CAFI_P011",50
"4503",12629.7172062959,"CAFI_P011",100
"4504",1704.98775456322,"CAFI_P011",25
"4505",20980.0647897872,"CAFI_P011",50
"4506",12764.874615066,"CAFI_P011",100
"4507",9515.16763604397,"CAFI_P011",25
"4508",6786.412496551,"CAFI_P011",50
"4509",3386.02747038973,"CAFI_P011",100
"4510",15623.85687805,"CAFI_P011",25
"4511",13038.8507460003,"CAFI_P011",50
"4512",20259.4140111346,"CAFI_P011",100
"4513",111.928221755777,"CAFI_P011",25
"4514",-164.612781886186,"CAFI_P011",50
"4515",27088.7033004566,"CAFI_P011",100
"4516",1979.76660627371,"CAFI_P011",25
"4517",8728.89877454191,"CAFI_P011",50
"4518",24793.6533808577,"CAFI_P011",100
"4519",9605.31976865698,"CAFI_P011",25
"4520",12284.2795838292,"CAFI_P011",50
"4521",29487.2655726689,"CAFI_P011",100
"4522",2519.38852278615,"CAFI_P011",25
"4523",9442.01322482666,"CAFI_P011",50
"4524",5618.05958652653,"CAFI_P011",100
"4525",5193.95135603333,"CAFI_P011",25
"4526",2710.09417472902,"CAFI_P011",50
"4527",11348.654972834,"CAFI_P011",100
"4528",3787.43908956583,"CAFI_P011",25
"4529",2684.37737991568,"CAFI_P011",50
"4530",21047.0267242682,"CAFI_P011",100
"4531",1601.11650285992,"CAFI_P011",25
"4532",4973.93511758873,"CAFI_P011",50
"4533",19863.4740986567,"CAFI_P011",100
"4534",4676.70906553074,"CAFI_P011",25
"4535",16574.8111535321,"CAFI_P011",50
"4536",23351.4258357346,"CAFI_P011",100
"4537",3835.33410184225,"CAFI_P011",25
"4538",4146.75233253808,"CAFI_P011",50
"4539",14834.5148744513,"CAFI_P011",100
"4540",7291.08724410716,"CAFI_P011",25
"4541",2763.34795149771,"CAFI_P011",50
"4542",20832.9673827199,"CAFI_P011",100
"4543",1126.12366893725,"CAFI_P011",25
"4544",3916.41958621499,"CAFI_P011",50
"4545",2355.99121485266,"CAFI_P011",100
"4546",7074.36016071099,"CAFI_P011",25
"4547",1086.23963241198,"CAFI_P011",50
"4548",19435.8835597666,"CAFI_P011",100
"4549",10964.8896158864,"CAFI_P011",25
"4550",-2284.49126373482,"CAFI_P011",50
"4551",12581.3672243821,"CAFI_P011",100
"4552",1613.29163428902,"CAFI_P011",25
"4553",9300.79473717557,"CAFI_P011",50
"4554",6449.12137590098,"CAFI_P011",100
"4555",1074.20335380931,"CAFI_P011",25
"4556",9504.80414897244,"CAFI_P011",50
"4557",24236.9685391754,"CAFI_P011",100
"4558",4485.58199887059,"CAFI_P011",25
"4559",21719.7139925041,"CAFI_P011",50
"4560",15340.2073333912,"CAFI_P011",100
"4561",513.559323215857,"CAFI_P011",25
"4562",2392.70654370036,"CAFI_P011",50
"4563",10672.5257852909,"CAFI_P011",100
"4564",7121.84731839836,"CAFI_P011",25
"4565",16524.1070889272,"CAFI_P011",50
"4566",28408.0053211586,"CAFI_P011",100
"4567",2826.81105565641,"CAFI_P011",25
"4568",10020.9345110555,"CAFI_P011",50
"4569",22965.7417744161,"CAFI_P011",100
"4570",4135.27379728336,"CAFI_P011",25
"4571",2729.91596880765,"CAFI_P011",50
"4572",16036.0441412003,"CAFI_P011",100
"4573",4676.63351266237,"CAFI_P011",25
"4574",10604.7044176316,"CAFI_P011",50
"4575",20050.0789637024,"CAFI_P011",100
"4576",18873.212625718,"CAFI_P011",25
"4577",8784.47034703539,"CAFI_P011",50
"4578",13604.4846664075,"CAFI_P011",100
"4579",10043.9738938298,"CAFI_P011",25
"4580",7794.63170357852,"CAFI_P011",50
"4581",10103.0891611498,"CAFI_P011",100
"4582",-3791.90903907362,"CAFI_P011",25
"4583",13376.2618861638,"CAFI_P011",50
"4584",24356.8740311268,"CAFI_P011",100
"4585",3932.1940858392,"CAFI_P011",25
"4586",3572.270943154,"CAFI_P011",50
"4587",2570.31950383476,"CAFI_P011",100
"4588",9413.42102679383,"CAFI_P011",25
"4589",12025.5374824916,"CAFI_P011",50
"4590",22673.3583796885,"CAFI_P011",100
"4591",8821.38160704751,"CAFI_P011",25
"4592",9256.35692821315,"CAFI_P011",50
"4593",2764.15471962071,"CAFI_P011",100
"4594",11959.1740570508,"CAFI_P011",25
"4595",3067.97055618721,"CAFI_P011",50
"4596",9643.15509886312,"CAFI_P011",100
"4597",2214.72877871833,"CAFI_P011",25
"4598",8187.02969209873,"CAFI_P011",50
"4599",24727.6109454738,"CAFI_P011",100
"4600",2599.47071082308,"CAFI_P011",25
"4601",23093.6252181866,"CAFI_P011",50
"4602",16839.9666186451,"CAFI_P011",100
"4603",1947.65992972301,"CAFI_P011",25
"4604",5297.8057064577,"CAFI_P011",50
"4605",8757.83653154748,"CAFI_P011",100
"4606",752.384692808671,"CAFI_P011",25
"4607",10786.0565423099,"CAFI_P011",50
"4608",25708.6404779358,"CAFI_P011",100
"4609",2271.21270439564,"CAFI_P011",25
"4610",7476.89963605488,"CAFI_P011",50
"4611",25957.2189028427,"CAFI_P011",100
"4612",1300.17287757614,"CAFI_P011",25
"4613",11844.7258590782,"CAFI_P011",50
"4614",12119.5273758201,"CAFI_P011",100
"4615",1138.64160869538,"CAFI_P011",25
"4616",3220.82191967318,"CAFI_P011",50
"4617",13328.2742398798,"CAFI_P011",100
"4618",8849.61477741087,"CAFI_P011",25
"4619",11506.6157042874,"CAFI_P011",50
"4620",7218.73100909131,"CAFI_P011",100
"4621",9174.23626835638,"CAFI_P011",25
"4622",5570.72043983481,"CAFI_P011",50
"4623",10755.8056011347,"CAFI_P011",100
"4624",-2505.21333007334,"CAFI_P011",25
"4625",10145.5645480005,"CAFI_P011",50
"4626",14971.5921673285,"CAFI_P011",100
"4627",10247.938895999,"CAFI_P011",25
"4628",2796.88675248105,"CAFI_P011",50
"4629",10814.931312484,"CAFI_P011",100
"4630",6221.69698002678,"CAFI_P011",25
"4631",11612.0667788803,"CAFI_P011",50
"4632",7790.11261069681,"CAFI_P011",100
"4633",585.799172332452,"CAFI_P011",25
"4634",6701.05493151001,"CAFI_P011",50
"4635",17433.4441922059,"CAFI_P011",100
"4636",1168.16071921604,"CAFI_P011",25
"4637",6390.87107858207,"CAFI_P011",50
"4638",11246.8648676396,"CAFI_P011",100
"4639",794.442978882522,"CAFI_P011",25
"4640",5064.30652639084,"CAFI_P011",50
"4641",4090.41262851207,"CAFI_P011",100
"4642",2653.60821170721,"CAFI_P011",25
"4643",192.613400344679,"CAFI_P011",50
"4644",12527.4859834305,"CAFI_P011",100
"4645",15098.257072341,"CAFI_P011",25
"4646",4860.73119692848,"CAFI_P011",50
"4647",17692.7382513467,"CAFI_P011",100
"4648",2915.52592888387,"CAFI_P011",25
"4649",6839.40309282043,"CAFI_P011",50
"4650",18648.9939153595,"CAFI_P011",100
"4651",10346.2086365087,"CAFI_P011",25
"4652",14382.7454587026,"CAFI_P011",50
"4653",14027.1369996041,"CAFI_P011",100
"4654",17660.2349161771,"CAFI_P011",25
"4655",-2207.05621120846,"CAFI_P011",50
"4656",16366.2832644437,"CAFI_P011",100
"4657",6270.6157396356,"CAFI_P011",25
"4658",21019.8180103597,"CAFI_P011",50
"4659",20587.6252360877,"CAFI_P011",100
"4660",913.145090691105,"CAFI_P011",25
"4661",-1750.8921387858,"CAFI_P011",50
"4662",11758.5187853666,"CAFI_P011",100
"4663",3873.0161051781,"CAFI_P011",25
"4664",14792.5773787339,"CAFI_P011",50
"4665",7681.94466844876,"CAFI_P011",100
"4666",9996.46297660202,"CAFI_P011",25
"4667",4221.51086310734,"CAFI_P011",50
"4668",22745.8579033317,"CAFI_P011",100
"4669",1904.80809321569,"CAFI_P011",25
"4670",4669.41019924608,"CAFI_P011",50
"4671",8948.91795475181,"CAFI_P011",100
"4672",3853.12281031098,"CAFI_P011",25
"4673",14042.4193969636,"CAFI_P011",50
"4674",26571.6822013648,"CAFI_P011",100
"4675",2108.70969178883,"CAFI_P011",25
"4676",1451.86763413658,"CAFI_P011",50
"4677",22742.7288091549,"CAFI_P011",100
"4678",-544.910630228638,"CAFI_P011",25
"4679",12449.7240701851,"CAFI_P011",50
"4680",4641.82085402578,"CAFI_P011",100
"4681",-639.129877517873,"CAFI_P011",25
"4682",11984.283868307,"CAFI_P011",50
"4683",19739.3995696844,"CAFI_P011",100
"4684",636.668026239495,"CAFI_P011",25
"4685",6888.59658894088,"CAFI_P011",50
"4686",14557.0028681585,"CAFI_P011",100
"4687",4696.90413273842,"CAFI_P011",25
"4688",9950.05731284537,"CAFI_P011",50
"4689",1459.89894196554,"CAFI_P011",100
"4690",2158.47423379117,"CAFI_P011",25
"4691",19234.2217783012,"CAFI_P011",50
"4692",16423.1739620568,"CAFI_P011",100
"4693",3333.70452303602,"CAFI_P011",25
"4694",1924.25477117917,"CAFI_P011",50
"4695",20719.0273636112,"CAFI_P011",100
"4696",11771.626936926,"CAFI_P011",25
"4697",6807.9875213115,"CAFI_P011",50
"4698",12664.6866491919,"CAFI_P011",100
"4699",4307.04895003652,"CAFI_P011",25
"4700",5568.07601902081,"CAFI_P011",50
"4701",6682.16140560433,"CAFI_P011",100
"4702",-52.6496825678623,"CAFI_P011",25
"4703",3534.9888584736,"CAFI_P011",50
"4704",16780.5534248755,"CAFI_P011",100
"4705",6414.95050123532,"CAFI_P011",25
"4706",14038.5195170345,"CAFI_P011",50
"4707",6825.28903576185,"CAFI_P011",100
"4708",1149.3416682565,"CAFI_P011",25
"4709",9058.98279014969,"CAFI_P011",50
"4710",40222.9649762711,"CAFI_P011",100
"4711",8799.83397393278,"CAFI_P011",25
"4712",24181.4114160498,"CAFI_P011",50
"4713",16222.3441811057,"CAFI_P011",100
"4714",1883.68670501118,"CAFI_P011",25
"4715",3597.18119050201,"CAFI_P011",50
"4716",13207.6695679525,"CAFI_P011",100
"4717",6589.49947485968,"CAFI_P011",25
"4718",4576.42630760482,"CAFI_P011",50
"4719",38982.0825302608,"CAFI_P011",100
"4720",-1877.28273145412,"CAFI_P011",25
"4721",14425.5840636014,"CAFI_P011",50
"4722",10432.8028542085,"CAFI_P011",100
"4723",2433.25127393228,"CAFI_P011",25
"4724",9289.15192591061,"CAFI_P011",50
"4725",11847.8304171066,"CAFI_P011",100
"4726",5456.57642869191,"CAFI_P011",25
"4727",13578.3900462827,"CAFI_P011",50
"4728",19483.3111455119,"CAFI_P011",100
"4729",3981.47012653179,"CAFI_P011",25
"4730",9035.02073946799,"CAFI_P011",50
"4731",3251.53210267471,"CAFI_P011",100
"4732",1401.20881219924,"CAFI_P011",25
"4733",97.598407426558,"CAFI_P011",50
"4734",11452.7524138147,"CAFI_P011",100
"4735",9998.18045278289,"CAFI_P011",25
"4736",2595.51078085549,"CAFI_P011",50
"4737",15432.4306607951,"CAFI_P011",100
"4738",3008.63262755523,"CAFI_P011",25
"4739",10227.7586267836,"CAFI_P011",50
"4740",17269.2768941246,"CAFI_P011",100
"4741",5898.11337278108,"CAFI_P011",25
"4742",-59.0961576252012,"CAFI_P011",50
"4743",23472.0177127823,"CAFI_P011",100
"4744",5761.77071666671,"CAFI_P011",25
"4745",4779.86950078263,"CAFI_P011",50
"4746",18146.3806655335,"CAFI_P011",100
"4747",8378.76051886252,"CAFI_P011",25
"4748",20019.8647910313,"CAFI_P011",50
"4749",12788.3191008578,"CAFI_P011",100
"4750",-776.997229246132,"CAFI_P011",25
"4751",7182.51524842525,"CAFI_P011",50
"4752",21840.9195781467,"CAFI_P011",100
"4753",6766.31078276859,"CAFI_P011",25
"4754",5313.12453504041,"CAFI_P011",50
"4755",5474.58952924237,"CAFI_P011",100
"4756",8999.1886199952,"CAFI_P011",25
"4757",11101.6463002583,"CAFI_P011",50
"4758",2490.96433225769,"CAFI_P011",100
"4759",5962.19716855348,"CAFI_P011",25
"4760",727.180344815366,"CAFI_P011",50
"4761",13544.5518890198,"CAFI_P011",100
"4762",-1834.19209170929,"CAFI_P011",25
"4763",12955.4956050043,"CAFI_P011",50
"4764",17128.950915401,"CAFI_P011",100
"4765",3842.29262171348,"CAFI_P011",25
"4766",10317.1060420956,"CAFI_P011",50
"4767",27418.7600488404,"CAFI_P011",100
"4768",-7.82853510190034,"CAFI_P011",25
"4769",19525.5926603944,"CAFI_P011",50
"4770",29867.4373062748,"CAFI_P011",100
"4771",2264.2599550786,"CAFI_P011",25
"4772",6366.11798899673,"CAFI_P011",50
"4773",6579.35724826931,"CAFI_P011",100
"4774",4146.37261848943,"CAFI_P011",25
"4775",5222.6838251375,"CAFI_P011",50
"4776",6323.23702295742,"CAFI_P011",100
"4777",2865.5510643351,"CAFI_P011",25
"4778",17363.5591778485,"CAFI_P011",50
"4779",11726.561953319,"CAFI_P011",100
"4780",6679.2585357654,"CAFI_P011",25
"4781",971.978811062581,"CAFI_P011",50
"4782",24601.8224512073,"CAFI_P011",100
"4783",-3112.56503032136,"CAFI_P011",25
"4784",10021.7001323267,"CAFI_P011",50
"4785",16507.3576783641,"CAFI_P011",100
"4786",6192.61578289419,"CAFI_P011",25
"4787",4239.24382350605,"CAFI_P011",50
"4788",20865.9011447083,"CAFI_P011",100
"4789",1666.34192914556,"CAFI_P011",25
"4790",2395.53101620957,"CAFI_P011",50
"4791",15357.103795558,"CAFI_P011",100
"4792",3273.69311779697,"CAFI_P011",25
"4793",9786.03002574021,"CAFI_P011",50
"4794",11239.391881375,"CAFI_P011",100
"4795",6346.44990360917,"CAFI_P011",25
"4796",3213.79157548508,"CAFI_P011",50
"4797",24435.8525724633,"CAFI_P011",100
"4798",1579.96035715449,"CAFI_P011",25
"4799",9544.70629831229,"CAFI_P011",50
"4800",13172.5673851543,"CAFI_P011",100
"4801",135.210303645406,"CAFI_P012",25
"4802",15626.7497777716,"CAFI_P012",50
"4803",-53555.8423660375,"CAFI_P012",100
"4804",-4696.55926969426,"CAFI_P012",25
"4805",-9072.10584687785,"CAFI_P012",50
"4806",-32184.2804471016,"CAFI_P012",100
"4807",-46302.0956488097,"CAFI_P012",25
"4808",-12978.1303518799,"CAFI_P012",50
"4809",-36861.7346023053,"CAFI_P012",100
"4810",30527.4212787427,"CAFI_P012",25
"4811",-7227.54761387414,"CAFI_P012",50
"4812",-31496.935666306,"CAFI_P012",100
"4813",8185.74512113532,"CAFI_P012",25
"4814",-5872.32350351283,"CAFI_P012",50
"4815",-48277.6494726464,"CAFI_P012",100
"4816",-6719.87820413063,"CAFI_P012",25
"4817",6359.33443339373,"CAFI_P012",50
"4818",-52721.625893655,"CAFI_P012",100
"4819",-46209.3636595134,"CAFI_P012",25
"4820",-58770.296150408,"CAFI_P012",50
"4821",-72380.4606818621,"CAFI_P012",100
"4822",24374.2778278995,"CAFI_P012",25
"4823",-12620.621133043,"CAFI_P012",50
"4824",-42329.6083311558,"CAFI_P012",100
"4825",4237.50255412457,"CAFI_P012",25
"4826",-62482.5290906661,"CAFI_P012",50
"4827",-69633.5879993416,"CAFI_P012",100
"4828",-41336.8451751841,"CAFI_P012",25
"4829",-39988.8327717357,"CAFI_P012",50
"4830",-52431.1095047069,"CAFI_P012",100
"4831",-39823.9554432356,"CAFI_P012",25
"4832",-16786.0115282809,"CAFI_P012",50
"4833",-79262.1362646915,"CAFI_P012",100
"4834",-16528.1982635931,"CAFI_P012",25
"4835",-42164.1912454707,"CAFI_P012",50
"4836",-48175.9138780607,"CAFI_P012",100
"4837",-62479.0909360967,"CAFI_P012",25
"4838",-34666.1297470196,"CAFI_P012",50
"4839",46930.3595768896,"CAFI_P012",100
"4840",29819.9626864611,"CAFI_P012",25
"4841",-6033.68244267488,"CAFI_P012",50
"4842",-71684.3686771798,"CAFI_P012",100
"4843",-23324.6531131798,"CAFI_P012",25
"4844",18509.3937488064,"CAFI_P012",50
"4845",-59041.4091482303,"CAFI_P012",100
"4846",9803.71532946784,"CAFI_P012",25
"4847",-43123.5283019445,"CAFI_P012",50
"4848",-27217.247916172,"CAFI_P012",100
"4849",-51033.6586992858,"CAFI_P012",25
"4850",-47530.576981464,"CAFI_P012",50
"4851",-66309.3959798521,"CAFI_P012",100
"4852",-4275.128371634,"CAFI_P012",25
"4853",-573.019521860057,"CAFI_P012",50
"4854",-60794.5285674,"CAFI_P012",100
"4855",5965.4120019332,"CAFI_P012",25
"4856",18050.5845056956,"CAFI_P012",50
"4857",-52714.4775876952,"CAFI_P012",100
"4858",16264.9759648041,"CAFI_P012",25
"4859",-70013.0320623011,"CAFI_P012",50
"4860",-28336.3673781054,"CAFI_P012",100
"4861",-7563.5987347567,"CAFI_P012",25
"4862",-31415.0375813259,"CAFI_P012",50
"4863",-42528.025443574,"CAFI_P012",100
"4864",-121.961680675216,"CAFI_P012",25
"4865",1000.26771813876,"CAFI_P012",50
"4866",5298.00441551849,"CAFI_P012",100
"4867",-17430.79874912,"CAFI_P012",25
"4868",-41409.1815130466,"CAFI_P012",50
"4869",-18529.3677283007,"CAFI_P012",100
"4870",-58460.9540412162,"CAFI_P012",25
"4871",-49231.4356049761,"CAFI_P012",50
"4872",-30362.6500483571,"CAFI_P012",100
"4873",-30492.4848276704,"CAFI_P012",25
"4874",-21105.7235290852,"CAFI_P012",50
"4875",-66729.6261928612,"CAFI_P012",100
"4876",82.9377239407622,"CAFI_P012",25
"4877",-16852.275739744,"CAFI_P012",50
"4878",-17628.8091000209,"CAFI_P012",100
"4879",-36166.1269428544,"CAFI_P012",25
"4880",-11267.886886158,"CAFI_P012",50
"4881",-68452.0237932689,"CAFI_P012",100
"4882",-48963.3037273136,"CAFI_P012",25
"4883",-12614.0406096296,"CAFI_P012",50
"4884",-76762.0405973136,"CAFI_P012",100
"4885",-56438.273648586,"CAFI_P012",25
"4886",-4046.22537260043,"CAFI_P012",50
"4887",-40585.6010263712,"CAFI_P012",100
"4888",10452.1809292785,"CAFI_P012",25
"4889",-42047.8251354926,"CAFI_P012",50
"4890",-41636.8377684379,"CAFI_P012",100
"4891",-3451.21728751902,"CAFI_P012",25
"4892",-3515.98382421839,"CAFI_P012",50
"4893",5013.80992592446,"CAFI_P012",100
"4894",4363.85105716751,"CAFI_P012",25
"4895",-9643.36719651741,"CAFI_P012",50
"4896",-68274.6915791421,"CAFI_P012",100
"4897",-537.395409101329,"CAFI_P012",25
"4898",-60521.5041837197,"CAFI_P012",50
"4899",-57653.2054279483,"CAFI_P012",100
"4900",-54063.9735076806,"CAFI_P012",25
"4901",-2693.34925746679,"CAFI_P012",50
"4902",-22293.7248783729,"CAFI_P012",100
"4903",2757.89209815045,"CAFI_P012",25
"4904",-13855.3648331392,"CAFI_P012",50
"4905",-65231.9352928051,"CAFI_P012",100
"4906",-5146.7203581169,"CAFI_P012",25
"4907",-2619.49890693877,"CAFI_P012",50
"4908",13861.4000220834,"CAFI_P012",100
"4909",-9484.34510545048,"CAFI_P012",25
"4910",-29211.9536172954,"CAFI_P012",50
"4911",-52166.9347615115,"CAFI_P012",100
"4912",3466.34355443239,"CAFI_P012",25
"4913",-38610.8200179912,"CAFI_P012",50
"4914",-36230.7088259792,"CAFI_P012",100
"4915",-2918.35908958392,"CAFI_P012",25
"4916",-2427.0267434204,"CAFI_P012",50
"4917",-67710.6000360181,"CAFI_P012",100
"4918",3727.0484910988,"CAFI_P012",25
"4919",3813.57498087111,"CAFI_P012",50
"4920",-63393.6569323268,"CAFI_P012",100
"4921",4897.07464515499,"CAFI_P012",25
"4922",-57301.5857573184,"CAFI_P012",50
"4923",-1197.38037663634,"CAFI_P012",100
"4924",-2138.44320147362,"CAFI_P012",25
"4925",-10182.9821244996,"CAFI_P012",50
"4926",-30754.0286400525,"CAFI_P012",100
"4927",-8808.5017732266,"CAFI_P012",25
"4928",-16024.7432287184,"CAFI_P012",50
"4929",124.109512120544,"CAFI_P012",100
"4930",19580.7690640309,"CAFI_P012",25
"4931",30956.6678297016,"CAFI_P012",50
"4932",-28498.3345380372,"CAFI_P012",100
"4933",331.085683846788,"CAFI_P012",25
"4934",-69839.2458341238,"CAFI_P012",50
"4935",-71814.3608411627,"CAFI_P012",100
"4936",-8326.80165336793,"CAFI_P012",25
"4937",-61842.1006588028,"CAFI_P012",50
"4938",-21850.9638906424,"CAFI_P012",100
"4939",-47315.6274411476,"CAFI_P012",25
"4940",-14386.4518582664,"CAFI_P012",50
"4941",-35185.1146406202,"CAFI_P012",100
"4942",12458.8635032906,"CAFI_P012",25
"4943",-59986.3380928431,"CAFI_P012",50
"4944",-60913.8076505667,"CAFI_P012",100
"4945",-9427.17748898151,"CAFI_P012",25
"4946",-53806.3160988806,"CAFI_P012",50
"4947",-63268.6075972178,"CAFI_P012",100
"4948",-1053.73202207126,"CAFI_P012",25
"4949",-41534.0335958063,"CAFI_P012",50
"4950",-54117.6590163819,"CAFI_P012",100
"4951",-49055.2592590133,"CAFI_P012",25
"4952",7581.23818634095,"CAFI_P012",50
"4953",-65891.7462460387,"CAFI_P012",100
"4954",-5461.84477586101,"CAFI_P012",25
"4955",-1498.95912007923,"CAFI_P012",50
"4956",-70521.5490842239,"CAFI_P012",100
"4957",1656.68397738389,"CAFI_P012",25
"4958",-19845.0555212644,"CAFI_P012",50
"4959",-50263.6507169653,"CAFI_P012",100
"4960",-12386.1449418316,"CAFI_P012",25
"4961",-14384.8776415772,"CAFI_P012",50
"4962",-11474.4230398858,"CAFI_P012",100
"4963",-53397.6822460169,"CAFI_P012",25
"4964",-63492.0815187988,"CAFI_P012",50
"4965",-35529.9947844522,"CAFI_P012",100
"4966",-4585.47828642244,"CAFI_P012",25
"4967",-17198.9306910152,"CAFI_P012",50
"4968",-44968.6622617101,"CAFI_P012",100
"4969",-7877.63855853752,"CAFI_P012",25
"4970",-11464.5439322615,"CAFI_P012",50
"4971",-52951.1744280761,"CAFI_P012",100
"4972",-2990.62022776442,"CAFI_P012",25
"4973",-42161.4480265927,"CAFI_P012",50
"4974",-74931.8469803155,"CAFI_P012",100
"4975",-48971.8161338693,"CAFI_P012",25
"4976",-32602.9220290757,"CAFI_P012",50
"4977",-75629.9283060181,"CAFI_P012",100
"4978",-3508.94218515768,"CAFI_P012",25
"4979",-14381.0190162729,"CAFI_P012",50
"4980",-62677.5195375847,"CAFI_P012",100
"4981",-53412.4434628284,"CAFI_P012",25
"4982",-69297.984493744,"CAFI_P012",50
"4983",-35850.4177923835,"CAFI_P012",100
"4984",-37122.6918657322,"CAFI_P012",25
"4985",-1229.1101880658,"CAFI_P012",50
"4986",-65816.420323526,"CAFI_P012",100
"4987",4709.40540633071,"CAFI_P012",25
"4988",1118.84393025964,"CAFI_P012",50
"4989",-55880.9397359322,"CAFI_P012",100
"4990",-1139.55749627925,"CAFI_P012",25
"4991",15475.9040060917,"CAFI_P012",50
"4992",-59755.0401566926,"CAFI_P012",100
"4993",-29328.9028122258,"CAFI_P012",25
"4994",-35947.8649898238,"CAFI_P012",50
"4995",-46561.9220070325,"CAFI_P012",100
"4996",-11004.4128744138,"CAFI_P012",25
"4997",-48021.4364567591,"CAFI_P012",50
"4998",-53967.9964380324,"CAFI_P012",100
"4999",1457.07739854226,"CAFI_P012",25
"5000",13438.1724749123,"CAFI_P012",50
"5001",-73361.8220438595,"CAFI_P012",100
"5002",-27813.4358437603,"CAFI_P012",25
"5003",-3269.38415558625,"CAFI_P012",50
"5004",-72865.3713882359,"CAFI_P012",100
"5005",19497.4445816422,"CAFI_P012",25
"5006",-47650.3416394948,"CAFI_P012",50
"5007",-69745.7062746391,"CAFI_P012",100
"5008",-1428.04843276582,"CAFI_P012",25
"5009",-13095.2976425399,"CAFI_P012",50
"5010",-71412.1508774848,"CAFI_P012",100
"5011",3386.91913616617,"CAFI_P012",25
"5012",7013.0030442116,"CAFI_P012",50
"5013",-51981.4194424687,"CAFI_P012",100
"5014",-18976.5957230193,"CAFI_P012",25
"5015",-2893.20973887487,"CAFI_P012",50
"5016",-73547.5962892834,"CAFI_P012",100
"5017",-14113.7660573501,"CAFI_P012",25
"5018",-57009.9364084983,"CAFI_P012",50
"5019",-65552.4875354919,"CAFI_P012",100
"5020",43.0525393908028,"CAFI_P012",25
"5021",-55245.949612188,"CAFI_P012",50
"5022",4030.61690945079,"CAFI_P012",100
"5023",-16637.8150352714,"CAFI_P012",25
"5024",-7445.11939996376,"CAFI_P012",50
"5025",-69121.0295604757,"CAFI_P012",100
"5026",-3155.44373367215,"CAFI_P012",25
"5027",60465.5604845284,"CAFI_P012",50
"5028",-32322.5804696796,"CAFI_P012",100
"5029",-57969.871258003,"CAFI_P012",25
"5030",26806.7682542642,"CAFI_P012",50
"5031",-65095.2916873198,"CAFI_P012",100
"5032",-4783.65084254916,"CAFI_P012",25
"5033",-67413.5520846998,"CAFI_P012",50
"5034",-33150.9824697588,"CAFI_P012",100
"5035",48.4419127136935,"CAFI_P012",25
"5036",-18035.93174238,"CAFI_P012",50
"5037",-68535.0027871668,"CAFI_P012",100
"5038",-48282.4945658902,"CAFI_P012",25
"5039",17206.1925288496,"CAFI_P012",50
"5040",-51276.8125821311,"CAFI_P012",100
"5041",-49198.77128772,"CAFI_P012",25
"5042",-47224.0033792384,"CAFI_P012",50
"5043",-64989.732450594,"CAFI_P012",100
"5044",-50377.0877781201,"CAFI_P012",25
"5045",-9527.73282016907,"CAFI_P012",50
"5046",-68530.2590037883,"CAFI_P012",100
"5047",16804.8804162479,"CAFI_P012",25
"5048",-38209.6447900799,"CAFI_P012",50
"5049",-36565.5407530693,"CAFI_P012",100
"5050",-20224.2692339694,"CAFI_P012",25
"5051",-31757.3824877296,"CAFI_P012",50
"5052",-67992.8405967057,"CAFI_P012",100
"5053",12282.4670491141,"CAFI_P012",25
"5054",-52542.1377771214,"CAFI_P012",50
"5055",-46580.8140487706,"CAFI_P012",100
"5056",-17036.9989556646,"CAFI_P012",25
"5057",28088.8378935586,"CAFI_P012",50
"5058",-82580.9076072376,"CAFI_P012",100
"5059",-3096.00101231853,"CAFI_P012",25
"5060",-64871.7868115208,"CAFI_P012",50
"5061",-53988.4760367717,"CAFI_P012",100
"5062",5257.64094952209,"CAFI_P012",25
"5063",-43236.4320813524,"CAFI_P012",50
"5064",-26603.799145874,"CAFI_P012",100
"5065",-1900.84740339202,"CAFI_P012",25
"5066",-370.174589993665,"CAFI_P012",50
"5067",-46591.1070481263,"CAFI_P012",100
"5068",-2784.70055719418,"CAFI_P012",25
"5069",-21686.9070354903,"CAFI_P012",50
"5070",-76338.8218300277,"CAFI_P012",100
"5071",-49824.9798086412,"CAFI_P012",25
"5072",-101.82111591514,"CAFI_P012",50
"5073",-11473.316423695,"CAFI_P012",100
"5074",-58209.90502754,"CAFI_P012",25
"5075",-11191.2923473502,"CAFI_P012",50
"5076",-69030.6945442982,"CAFI_P012",100
"5077",-5483.94845494523,"CAFI_P012",25
"5078",-56442.493926261,"CAFI_P012",50
"5079",-60124.5281564139,"CAFI_P012",100
"5080",526.767975980067,"CAFI_P012",25
"5081",-7182.44115075853,"CAFI_P012",50
"5082",-57753.2944648029,"CAFI_P012",100
"5083",-8719.00841316732,"CAFI_P012",25
"5084",-48471.7889939164,"CAFI_P012",50
"5085",-22612.6815760451,"CAFI_P012",100
"5086",222.475437937595,"CAFI_P012",25
"5087",-7347.82555879874,"CAFI_P012",50
"5088",-41071.600520883,"CAFI_P012",100
"5089",-42381.5433876609,"CAFI_P012",25
"5090",-22756.8729172662,"CAFI_P012",50
"5091",-36596.6135248608,"CAFI_P012",100
"5092",7149.55421147152,"CAFI_P012",25
"5093",-34106.0277999573,"CAFI_P012",50
"5094",-50008.5623468046,"CAFI_P012",100
"5095",-6862.98648783856,"CAFI_P012",25
"5096",-10616.5149783791,"CAFI_P012",50
"5097",26414.3460046718,"CAFI_P012",100
"5098",-38957.8703778024,"CAFI_P012",25
"5099",-6963.40750610072,"CAFI_P012",50
"5100",-57590.9197121331,"CAFI_P012",100
"5101",830.830317779793,"CAFI_P013",25
"5102",-10457.0426673439,"CAFI_P013",50
"5103",-15897.4055642773,"CAFI_P013",100
"5104",-12015.6484514623,"CAFI_P013",25
"5105",11822.3275111084,"CAFI_P013",50
"5106",-18374.5842659269,"CAFI_P013",100
"5107",-13809.3836227058,"CAFI_P013",25
"5108",4245.03296445392,"CAFI_P013",50
"5109",-7668.13669780109,"CAFI_P013",100
"5110",2511.94361251849,"CAFI_P013",25
"5111",-8159.41977793936,"CAFI_P013",50
"5112",-19967.5817503117,"CAFI_P013",100
"5113",-12040.869488762,"CAFI_P013",25
"5114",-6366.28072925692,"CAFI_P013",50
"5115",-14124.3797593248,"CAFI_P013",100
"5116",-13048.7756548848,"CAFI_P013",25
"5117",-13023.6566648295,"CAFI_P013",50
"5118",-17763.6157785508,"CAFI_P013",100
"5119",3798.4161793727,"CAFI_P013",25
"5120",-24251.3216694313,"CAFI_P013",50
"5121",-14937.2538387821,"CAFI_P013",100
"5122",9181.15737821569,"CAFI_P013",25
"5123",-15099.0814956188,"CAFI_P013",50
"5124",32859.0038197995,"CAFI_P013",100
"5125",-537.060999936366,"CAFI_P013",25
"5126",4.43095520773204,"CAFI_P013",50
"5127",-16834.8073585516,"CAFI_P013",100
"5128",3136.99232610688,"CAFI_P013",25
"5129",-4494.28183704466,"CAFI_P013",50
"5130",-21913.66582492,"CAFI_P013",100
"5131",-8366.67469457188,"CAFI_P013",25
"5132",-6534.33898636186,"CAFI_P013",50
"5133",-19074.9165477704,"CAFI_P013",100
"5134",3656.85297818226,"CAFI_P013",25
"5135",-17265.1924898438,"CAFI_P013",50
"5136",-9816.42047392996,"CAFI_P013",100
"5137",-16726.7960685886,"CAFI_P013",25
"5138",-15449.6922546232,"CAFI_P013",50
"5139",-8888.05147380583,"CAFI_P013",100
"5140",-1660.80603890825,"CAFI_P013",25
"5141",-13143.9003965386,"CAFI_P013",50
"5142",-18591.9810560611,"CAFI_P013",100
"5143",-12014.6805919671,"CAFI_P013",25
"5144",-9793.25058508798,"CAFI_P013",50
"5145",-22669.8193130952,"CAFI_P013",100
"5146",-3344.31299149746,"CAFI_P013",25
"5147",-4464.66850342028,"CAFI_P013",50
"5148",-15248.3888333761,"CAFI_P013",100
"5149",-9083.79091589461,"CAFI_P013",25
"5150",-14865.1191775063,"CAFI_P013",50
"5151",-12535.7204285792,"CAFI_P013",100
"5152",-2125.2029822258,"CAFI_P013",25
"5153",-12663.1463345437,"CAFI_P013",50
"5154",-16005.0409904542,"CAFI_P013",100
"5155",-4264.05860950472,"CAFI_P013",25
"5156",-9556.32840783973,"CAFI_P013",50
"5157",-16908.4655101922,"CAFI_P013",100
"5158",-9581.57588584602,"CAFI_P013",25
"5159",-446.704338268319,"CAFI_P013",50
"5160",-17472.6687704272,"CAFI_P013",100
"5161",-94.7594999714638,"CAFI_P013",25
"5162",-1587.97113276273,"CAFI_P013",50
"5163",-11308.1347228204,"CAFI_P013",100
"5164",-3351.91609933315,"CAFI_P013",25
"5165",-17847.7273475269,"CAFI_P013",50
"5166",-12158.2693312261,"CAFI_P013",100
"5167",9212.5386069683,"CAFI_P013",25
"5168",-10591.2507813016,"CAFI_P013",50
"5169",-12344.219460999,"CAFI_P013",100
"5170",-7948.44552855633,"CAFI_P013",25
"5171",-9502.13942580597,"CAFI_P013",50
"5172",-18574.5648356602,"CAFI_P013",100
"5173",3631.23462240404,"CAFI_P013",25
"5174",-60.231926027569,"CAFI_P013",50
"5175",-17608.4510874671,"CAFI_P013",100
"5176",-5516.36664158333,"CAFI_P013",25
"5177",-16815.4472809896,"CAFI_P013",50
"5178",-13476.1810918351,"CAFI_P013",100
"5179",-4079.34513355992,"CAFI_P013",25
"5180",-19120.9436833982,"CAFI_P013",50
"5181",-17216.4108782416,"CAFI_P013",100
"5182",6066.2917733459,"CAFI_P013",25
"5183",-15269.2651441009,"CAFI_P013",50
"5184",46779.9891169184,"CAFI_P013",100
"5185",-4875.39456455491,"CAFI_P013",25
"5186",3178.796797644,"CAFI_P013",50
"5187",-19663.2671323436,"CAFI_P013",100
"5188",10365.6044505444,"CAFI_P013",25
"5189",-13401.3040885132,"CAFI_P013",50
"5190",-19888.9930764197,"CAFI_P013",100
"5191",-8275.77897629424,"CAFI_P013",25
"5192",-15119.9505744906,"CAFI_P013",50
"5193",-14096.5218436275,"CAFI_P013",100
"5194",-3165.1091333364,"CAFI_P013",25
"5195",-12680.7949355779,"CAFI_P013",50
"5196",-3870.42526542227,"CAFI_P013",100
"5197",578.633555438078,"CAFI_P013",25
"5198",-6208.76537993673,"CAFI_P013",50
"5199",-15811.319734772,"CAFI_P013",100
"5200",-2189.440898331,"CAFI_P013",25
"5201",-13354.036333155,"CAFI_P013",50
"5202",-20394.4714145923,"CAFI_P013",100
"5203",-14630.9106381909,"CAFI_P013",25
"5204",-6159.00281104469,"CAFI_P013",50
"5205",-22695.1223533234,"CAFI_P013",100
"5206",-12278.3808273191,"CAFI_P013",25
"5207",-25809.3803519475,"CAFI_P013",50
"5208",-14109.4608822493,"CAFI_P013",100
"5209",2356.5580173565,"CAFI_P013",25
"5210",-11295.3962618986,"CAFI_P013",50
"5211",-15770.0456317805,"CAFI_P013",100
"5212",200.200506303401,"CAFI_P013",25
"5213",-12895.7361534457,"CAFI_P013",50
"5214",-12692.9964889996,"CAFI_P013",100
"5215",248.51301169605,"CAFI_P013",25
"5216",-20793.8297793915,"CAFI_P013",50
"5217",-2484.55170732317,"CAFI_P013",100
"5218",-15796.958977167,"CAFI_P013",25
"5219",-15053.4704876929,"CAFI_P013",50
"5220",-1170.66454216168,"CAFI_P013",100
"5221",6062.40071085939,"CAFI_P013",25
"5222",7617.89349812135,"CAFI_P013",50
"5223",-16563.7206988159,"CAFI_P013",100
"5224",-4010.93219460745,"CAFI_P013",25
"5225",-17464.7687004447,"CAFI_P013",50
"5226",-15629.2642733601,"CAFI_P013",100
"5227",5788.25539216265,"CAFI_P013",25
"5228",10967.7077623159,"CAFI_P013",50
"5229",-7135.01917412103,"CAFI_P013",100
"5230",599.768147504132,"CAFI_P013",25
"5231",-12092.876260034,"CAFI_P013",50
"5232",-14375.0808696261,"CAFI_P013",100
"5233",812.081005025539,"CAFI_P013",25
"5234",13538.7864626399,"CAFI_P013",50
"5235",-11969.2682327327,"CAFI_P013",100
"5236",-17378.1704897676,"CAFI_P013",25
"5237",10406.2447454805,"CAFI_P013",50
"5238",-17491.3291270557,"CAFI_P013",100
"5239",5039.9022618772,"CAFI_P013",25
"5240",-17801.9128807339,"CAFI_P013",50
"5241",-10368.774433427,"CAFI_P013",100
"5242",-9499.7408542069,"CAFI_P013",25
"5243",6409.92956195347,"CAFI_P013",50
"5244",-11327.644471295,"CAFI_P013",100
"5245",-7327.58623752231,"CAFI_P013",25
"5246",-13072.8518445108,"CAFI_P013",50
"5247",-18140.4306726156,"CAFI_P013",100
"5248",205.677611788095,"CAFI_P013",25
"5249",-9453.74162165588,"CAFI_P013",50
"5250",-18789.681559917,"CAFI_P013",100
"5251",-2222.26382985601,"CAFI_P013",25
"5252",9380.07271863602,"CAFI_P013",50
"5253",-17524.6304235639,"CAFI_P013",100
"5254",-11564.351807132,"CAFI_P013",25
"5255",-14330.357254337,"CAFI_P013",50
"5256",-4855.70720357579,"CAFI_P013",100
"5257",-7143.68741846812,"CAFI_P013",25
"5258",-11671.4735443521,"CAFI_P013",50
"5259",-20302.8505881039,"CAFI_P013",100
"5260",-18394.4979079071,"CAFI_P013",25
"5261",-14653.6498140759,"CAFI_P013",50
"5262",-22340.0133907096,"CAFI_P013",100
"5263",-7850.94767357805,"CAFI_P013",25
"5264",-16421.1648886248,"CAFI_P013",50
"5265",-7145.59614155497,"CAFI_P013",100
"5266",-8951.32506903523,"CAFI_P013",25
"5267",-4894.1442507685,"CAFI_P013",50
"5268",12071.766226658,"CAFI_P013",100
"5269",223.148545072647,"CAFI_P013",25
"5270",-15589.570536522,"CAFI_P013",50
"5271",-24283.0809236091,"CAFI_P013",100
"5272",-12515.5762297145,"CAFI_P013",25
"5273",-11793.4703973199,"CAFI_P013",50
"5274",-3195.18280617235,"CAFI_P013",100
"5275",-3080.70854919567,"CAFI_P013",25
"5276",4572.64049643121,"CAFI_P013",50
"5277",3850.97497658018,"CAFI_P013",100
"5278",2668.14111262822,"CAFI_P013",25
"5279",-1567.14549416205,"CAFI_P013",50
"5280",-9849.36252106953,"CAFI_P013",100
"5281",-13443.4959369228,"CAFI_P013",25
"5282",-7073.97991194471,"CAFI_P013",50
"5283",2040.35013671976,"CAFI_P013",100
"5284",-2426.93201113067,"CAFI_P013",25
"5285",4450.09551313199,"CAFI_P013",50
"5286",-1549.29730068723,"CAFI_P013",100
"5287",-6292.69526881288,"CAFI_P013",25
"5288",-4915.40304225968,"CAFI_P013",50
"5289",-2857.92430331343,"CAFI_P013",100
"5290",-7085.48874568677,"CAFI_P013",25
"5291",-5863.68037870064,"CAFI_P013",50
"5292",-14243.8979171899,"CAFI_P013",100
"5293",-7201.58082648093,"CAFI_P013",25
"5294",-17529.398223978,"CAFI_P013",50
"5295",-17544.0724512674,"CAFI_P013",100
"5296",-8841.82748887045,"CAFI_P013",25
"5297",8449.71325748198,"CAFI_P013",50
"5298",-20337.495056803,"CAFI_P013",100
"5299",2709.33052043943,"CAFI_P013",25
"5300",-3143.04369627981,"CAFI_P013",50
"5301",-21909.5854819712,"CAFI_P013",100
"5302",1749.55786195595,"CAFI_P013",25
"5303",-7938.63659673173,"CAFI_P013",50
"5304",-17257.0837304936,"CAFI_P013",100
"5305",-8392.0201639155,"CAFI_P013",25
"5306",-15833.3570363671,"CAFI_P013",50
"5307",-6845.9762774526,"CAFI_P013",100
"5308",-2286.16885401664,"CAFI_P013",25
"5309",-2090.01004956954,"CAFI_P013",50
"5310",-23869.6743948392,"CAFI_P013",100
"5311",-671.974520411459,"CAFI_P013",25
"5312",-2433.26704458654,"CAFI_P013",50
"5313",-17850.8245785841,"CAFI_P013",100
"5314",-19506.7489730548,"CAFI_P013",25
"5315",2679.45009306393,"CAFI_P013",50
"5316",18074.6971090822,"CAFI_P013",100
"5317",2051.1342413759,"CAFI_P013",25
"5318",-16743.3619567963,"CAFI_P013",50
"5319",-14420.7481138812,"CAFI_P013",100
"5320",4958.60191370349,"CAFI_P013",25
"5321",-8438.4014863795,"CAFI_P013",50
"5322",-445.260879424342,"CAFI_P013",100
"5323",-577.993242322351,"CAFI_P013",25
"5324",-18533.4552418302,"CAFI_P013",50
"5325",-13397.8366902744,"CAFI_P013",100
"5326",-2285.64389077749,"CAFI_P013",25
"5327",-7398.17233161678,"CAFI_P013",50
"5328",-23366.0482629114,"CAFI_P013",100
"5329",-4514.07363379819,"CAFI_P013",25
"5330",-18088.4105041198,"CAFI_P013",50
"5331",-9820.97766469361,"CAFI_P013",100
"5332",4421.93199117656,"CAFI_P013",25
"5333",-23105.4840605118,"CAFI_P013",50
"5334",-9869.78009200288,"CAFI_P013",100
"5335",148.334970377793,"CAFI_P013",25
"5336",-15230.0049980104,"CAFI_P013",50
"5337",-13094.1601699365,"CAFI_P013",100
"5338",364.862147417385,"CAFI_P013",25
"5339",-8858.04968548712,"CAFI_P013",50
"5340",-17801.2162069131,"CAFI_P013",100
"5341",851.171823913872,"CAFI_P013",25
"5342",-14439.5366185498,"CAFI_P013",50
"5343",-5477.00580903553,"CAFI_P013",100
"5344",-3463.3789838184,"CAFI_P013",25
"5345",-7900.06299580538,"CAFI_P013",50
"5346",-9967.95814560703,"CAFI_P013",100
"5347",521.896189219493,"CAFI_P013",25
"5348",6246.97802190221,"CAFI_P013",50
"5349",4277.46417851158,"CAFI_P013",100
"5350",675.162302107958,"CAFI_P013",25
"5351",-4028.350853882,"CAFI_P013",50
"5352",-28895.7476656361,"CAFI_P013",100
"5353",-10230.6727901436,"CAFI_P013",25
"5354",9441.72060718172,"CAFI_P013",50
"5355",-18555.6591597403,"CAFI_P013",100
"5356",8451.0556895028,"CAFI_P013",25
"5357",-1957.91865583236,"CAFI_P013",50
"5358",-19790.85971723,"CAFI_P013",100
"5359",1520.12432429165,"CAFI_P013",25
"5360",-3908.89703427596,"CAFI_P013",50
"5361",-22430.8405350321,"CAFI_P013",100
"5362",-1427.71068219229,"CAFI_P013",25
"5363",2621.11653363419,"CAFI_P013",50
"5364",-15972.7597218949,"CAFI_P013",100
"5365",-13948.7037376929,"CAFI_P013",25
"5366",-4515.57945263639,"CAFI_P013",50
"5367",888.926985472266,"CAFI_P013",100
"5368",2861.45327527163,"CAFI_P013",25
"5369",-16963.977919365,"CAFI_P013",50
"5370",-8809.482315712,"CAFI_P013",100
"5371",-10439.4737941827,"CAFI_P013",25
"5372",-18603.3312956144,"CAFI_P013",50
"5373",-5280.26290569443,"CAFI_P013",100
"5374",-8776.62059765667,"CAFI_P013",25
"5375",-12726.4474364592,"CAFI_P013",50
"5376",-18116.1299339145,"CAFI_P013",100
"5377",-3713.96840965067,"CAFI_P013",25
"5378",-3886.28204424214,"CAFI_P013",50
"5379",6133.24433620676,"CAFI_P013",100
"5380",379.856480540067,"CAFI_P013",25
"5381",14526.3475608294,"CAFI_P013",50
"5382",-18986.0452103165,"CAFI_P013",100
"5383",-14411.4514524959,"CAFI_P013",25
"5384",-13334.797579848,"CAFI_P013",50
"5385",-29115.3166381556,"CAFI_P013",100
"5386",-2082.16134019446,"CAFI_P013",25
"5387",-9386.65209719716,"CAFI_P013",50
"5388",-21753.5100089272,"CAFI_P013",100
"5389",6520.76756929123,"CAFI_P013",25
"5390",-4220.22799492089,"CAFI_P013",50
"5391",-22051.4393489378,"CAFI_P013",100
"5392",621.850371563109,"CAFI_P013",25
"5393",9216.280339572,"CAFI_P013",50
"5394",-16103.8108808123,"CAFI_P013",100
"5395",-11642.3205962989,"CAFI_P013",25
"5396",-16140.5854856018,"CAFI_P013",50
"5397",951.589704889746,"CAFI_P013",100
"5398",-11398.2693757213,"CAFI_P013",25
"5399",-24284.4879407074,"CAFI_P013",50
"5400",-21674.5005871831,"CAFI_P013",100
"5401",1502.7325940718,"CAFI_P014",25
"5402",7798.96002562685,"CAFI_P014",50
"5403",4273.68321633316,"CAFI_P014",100
"5404",3845.00078077454,"CAFI_P014",25
"5405",4211.83501607334,"CAFI_P014",50
"5406",1124.36013321587,"CAFI_P014",100
"5407",-222.669886399875,"CAFI_P014",25
"5408",-177.462895232573,"CAFI_P014",50
"5409",27054.518685253,"CAFI_P014",100
"5410",11523.9733558116,"CAFI_P014",25
"5411",1743.22271744133,"CAFI_P014",50
"5412",-5538.18488595137,"CAFI_P014",100
"5413",5224.3496862076,"CAFI_P014",25
"5414",3360.39584413133,"CAFI_P014",50
"5415",8055.71203982475,"CAFI_P014",100
"5416",-2027.38914169752,"CAFI_P014",25
"5417",15014.2228711359,"CAFI_P014",50
"5418",5550.40428968894,"CAFI_P014",100
"5419",978.972800474497,"CAFI_P014",25
"5420",-130.755625382502,"CAFI_P014",50
"5421",905.279491072637,"CAFI_P014",100
"5422",898.563203950267,"CAFI_P014",25
"5423",10303.800534935,"CAFI_P014",50
"5424",19309.5191588877,"CAFI_P014",100
"5425",4684.59454733707,"CAFI_P014",25
"5426",12565.0282876853,"CAFI_P014",50
"5427",9531.01216097167,"CAFI_P014",100
"5428",8038.38177744896,"CAFI_P014",25
"5429",849.224022802286,"CAFI_P014",50
"5430",24018.2048148799,"CAFI_P014",100
"5431",5015.28662751347,"CAFI_P014",25
"5432",15312.3858040879,"CAFI_P014",50
"5433",239.84191841603,"CAFI_P014",100
"5434",-1334.82648538009,"CAFI_P014",25
"5435",-5002.54222449643,"CAFI_P014",50
"5436",1549.64645341985,"CAFI_P014",100
"5437",1383.24660630187,"CAFI_P014",25
"5438",1382.83220026892,"CAFI_P014",50
"5439",6660.02381887159,"CAFI_P014",100
"5440",2746.66561843301,"CAFI_P014",25
"5441",5525.77387243195,"CAFI_P014",50
"5442",14121.7436842971,"CAFI_P014",100
"5443",4599.7642645397,"CAFI_P014",25
"5444",1055.60009571561,"CAFI_P014",50
"5445",10522.6818003609,"CAFI_P014",100
"5446",7134.36054969247,"CAFI_P014",25
"5447",-3296.63817900457,"CAFI_P014",50
"5448",-2676.35864734242,"CAFI_P014",100
"5449",4845.86800225434,"CAFI_P014",25
"5450",4024.96700344907,"CAFI_P014",50
"5451",15121.6667736867,"CAFI_P014",100
"5452",-912.2526672151,"CAFI_P014",25
"5453",-380.280071725108,"CAFI_P014",50
"5454",-3312.38040621858,"CAFI_P014",100
"5455",2706.60280889261,"CAFI_P014",25
"5456",2268.27620732191,"CAFI_P014",50
"5457",6726.99770975317,"CAFI_P014",100
"5458",5945.6718893784,"CAFI_P014",25
"5459",20453.8308523459,"CAFI_P014",50
"5460",-1135.65714482701,"CAFI_P014",100
"5461",1029.99661035338,"CAFI_P014",25
"5462",8160.83083911732,"CAFI_P014",50
"5463",5592.0448245414,"CAFI_P014",100
"5464",-1272.51939943506,"CAFI_P014",25
"5465",106.339310705167,"CAFI_P014",50
"5466",-3242.52682977184,"CAFI_P014",100
"5467",-2798.23040775402,"CAFI_P014",25
"5468",7071.90682949981,"CAFI_P014",50
"5469",4304.83750695916,"CAFI_P014",100
"5470",9190.22537442393,"CAFI_P014",25
"5471",-5362.44115165193,"CAFI_P014",50
"5472",9871.59412696605,"CAFI_P014",100
"5473",8461.20971329787,"CAFI_P014",25
"5474",5350.0102817571,"CAFI_P014",50
"5475",11828.478084348,"CAFI_P014",100
"5476",174.404119250219,"CAFI_P014",25
"5477",2455.57938459568,"CAFI_P014",50
"5478",10480.8985363868,"CAFI_P014",100
"5479",3128.54122688904,"CAFI_P014",25
"5480",-2489.35421748087,"CAFI_P014",50
"5481",12266.9169711888,"CAFI_P014",100
"5482",-693.814558582293,"CAFI_P014",25
"5483",3696.22134422674,"CAFI_P014",50
"5484",12342.5690650188,"CAFI_P014",100
"5485",-4625.66859895442,"CAFI_P014",25
"5486",2678.6868159202,"CAFI_P014",50
"5487",1204.26899945101,"CAFI_P014",100
"5488",-2033.43655790569,"CAFI_P014",25
"5489",10150.8761831716,"CAFI_P014",50
"5490",309.795420167677,"CAFI_P014",100
"5491",-509.286095236486,"CAFI_P014",25
"5492",3051.78234734284,"CAFI_P014",50
"5493",11306.5182014838,"CAFI_P014",100
"5494",-1146.76547799489,"CAFI_P014",25
"5495",14570.7835616909,"CAFI_P014",50
"5496",5920.11896259311,"CAFI_P014",100
"5497",-119.14357713316,"CAFI_P014",25
"5498",171.902438693563,"CAFI_P014",50
"5499",5719.93554967066,"CAFI_P014",100
"5500",5455.5149918831,"CAFI_P014",25
"5501",2096.63870039035,"CAFI_P014",50
"5502",10864.3463745334,"CAFI_P014",100
"5503",-953.981045357767,"CAFI_P014",25
"5504",2360.06974877618,"CAFI_P014",50
"5505",5787.40398502108,"CAFI_P014",100
"5506",-3842.39678297623,"CAFI_P014",25
"5507",4876.54750290464,"CAFI_P014",50
"5508",5916.85439622714,"CAFI_P014",100
"5509",1992.68635674301,"CAFI_P014",25
"5510",5830.68866801218,"CAFI_P014",50
"5511",19972.9976669257,"CAFI_P014",100
"5512",1490.78037552128,"CAFI_P014",25
"5513",1007.17830668777,"CAFI_P014",50
"5514",2570.97492544449,"CAFI_P014",100
"5515",6885.21918706773,"CAFI_P014",25
"5516",-2358.15242932356,"CAFI_P014",50
"5517",8274.94668161884,"CAFI_P014",100
"5518",-430.536639113881,"CAFI_P014",25
"5519",-138.513442875614,"CAFI_P014",50
"5520",6471.52154165955,"CAFI_P014",100
"5521",-299.029803226033,"CAFI_P014",25
"5522",9373.63717254883,"CAFI_P014",50
"5523",13658.6147000038,"CAFI_P014",100
"5524",-2402.4092074669,"CAFI_P014",25
"5525",4356.38730261146,"CAFI_P014",50
"5526",8257.70939517376,"CAFI_P014",100
"5527",3785.46751284317,"CAFI_P014",25
"5528",3465.67011765379,"CAFI_P014",50
"5529",13319.573434393,"CAFI_P014",100
"5530",-1944.14129814898,"CAFI_P014",25
"5531",-1554.37882262957,"CAFI_P014",50
"5532",30901.6423986303,"CAFI_P014",100
"5533",-2953.93542397354,"CAFI_P014",25
"5534",2530.15225635195,"CAFI_P014",50
"5535",26197.810401156,"CAFI_P014",100
"5536",2174.16881577531,"CAFI_P014",25
"5537",11381.8246919133,"CAFI_P014",50
"5538",15529.1808451709,"CAFI_P014",100
"5539",-3653.44649007308,"CAFI_P014",25
"5540",830.039217732265,"CAFI_P014",50
"5541",2845.60387350424,"CAFI_P014",100
"5542",363.13244013369,"CAFI_P014",25
"5543",39.297187263699,"CAFI_P014",50
"5544",10419.4379498583,"CAFI_P014",100
"5545",20777.5422127223,"CAFI_P014",25
"5546",13737.5581347913,"CAFI_P014",50
"5547",18212.7919254022,"CAFI_P014",100
"5548",14200.6478793972,"CAFI_P014",25
"5549",24387.1632590034,"CAFI_P014",50
"5550",12399.2143762561,"CAFI_P014",100
"5551",-1547.74838767009,"CAFI_P014",25
"5552",5537.26982133527,"CAFI_P014",50
"5553",22438.6425760088,"CAFI_P014",100
"5554",-3460.09999082627,"CAFI_P014",25
"5555",10849.129391532,"CAFI_P014",50
"5556",-3193.23442912212,"CAFI_P014",100
"5557",-2629.22981472456,"CAFI_P014",25
"5558",9731.09166766985,"CAFI_P014",50
"5559",22319.4448986246,"CAFI_P014",100
"5560",-3200.01317676896,"CAFI_P014",25
"5561",-1853.86647687902,"CAFI_P014",50
"5562",17655.0529582212,"CAFI_P014",100
"5563",3991.82686972548,"CAFI_P014",25
"5564",-2810.46491107071,"CAFI_P014",50
"5565",10923.732861007,"CAFI_P014",100
"5566",-9.66565588882077,"CAFI_P014",25
"5567",7329.69636707549,"CAFI_P014",50
"5568",14403.9634585792,"CAFI_P014",100
"5569",2465.97995488381,"CAFI_P014",25
"5570",-3784.40759726826,"CAFI_P014",50
"5571",30772.5862234213,"CAFI_P014",100
"5572",-3218.01465474346,"CAFI_P014",25
"5573",7737.99903721036,"CAFI_P014",50
"5574",2817.8124652759,"CAFI_P014",100
"5575",-1111.57700332964,"CAFI_P014",25
"5576",2576.20697730442,"CAFI_P014",50
"5577",2613.69799294515,"CAFI_P014",100
"5578",2362.47051940803,"CAFI_P014",25
"5579",-3458.10886584429,"CAFI_P014",50
"5580",-2924.05406931424,"CAFI_P014",100
"5581",-1135.74356691659,"CAFI_P014",25
"5582",5780.71967452552,"CAFI_P014",50
"5583",2424.72021089972,"CAFI_P014",100
"5584",11212.5947829693,"CAFI_P014",25
"5585",11606.2963584668,"CAFI_P014",50
"5586",12656.0116137382,"CAFI_P014",100
"5587",1960.41634373591,"CAFI_P014",25
"5588",6875.54755649919,"CAFI_P014",50
"5589",14270.0320931636,"CAFI_P014",100
"5590",5347.57552193321,"CAFI_P014",25
"5591",7481.77419589928,"CAFI_P014",50
"5592",-455.42985964127,"CAFI_P014",100
"5593",1889.58970578207,"CAFI_P014",25
"5594",3763.62127017035,"CAFI_P014",50
"5595",19994.6158909475,"CAFI_P014",100
"5596",1504.50552215835,"CAFI_P014",25
"5597",-2672.6739426018,"CAFI_P014",50
"5598",18070.477364693,"CAFI_P014",100
"5599",940.968590025441,"CAFI_P014",25
"5600",15044.5600421719,"CAFI_P014",50
"5601",-1097.96044446359,"CAFI_P014",100
"5602",-75.7000994151749,"CAFI_P014",25
"5603",3655.47893400452,"CAFI_P014",50
"5604",16071.2822596344,"CAFI_P014",100
"5605",9377.99831505472,"CAFI_P014",25
"5606",11770.3826172748,"CAFI_P014",50
"5607",510.487726725696,"CAFI_P014",100
"5608",2497.37701221273,"CAFI_P014",25
"5609",5873.41667850144,"CAFI_P014",50
"5610",17893.340698473,"CAFI_P014",100
"5611",939.792273903702,"CAFI_P014",25
"5612",-2340.3318122412,"CAFI_P014",50
"5613",12272.1154118109,"CAFI_P014",100
"5614",4725.79662582261,"CAFI_P014",25
"5615",12787.3829312812,"CAFI_P014",50
"5616",8654.08387822713,"CAFI_P014",100
"5617",-2759.98317509377,"CAFI_P014",25
"5618",-1920.36391349003,"CAFI_P014",50
"5619",11439.6860605586,"CAFI_P014",100
"5620",13143.9279181471,"CAFI_P014",25
"5621",1132.48243530121,"CAFI_P014",50
"5622",19061.3347567572,"CAFI_P014",100
"5623",2940.9285471694,"CAFI_P014",25
"5624",6048.39400386548,"CAFI_P014",50
"5625",6368.33844681139,"CAFI_P014",100
"5626",6547.18182112655,"CAFI_P014",25
"5627",2678.8205948293,"CAFI_P014",50
"5628",2896.09151784319,"CAFI_P014",100
"5629",841.206169960584,"CAFI_P014",25
"5630",7577.01062964427,"CAFI_P014",50
"5631",-4438.36783711915,"CAFI_P014",100
"5632",-564.880644515943,"CAFI_P014",25
"5633",-1852.65467107622,"CAFI_P014",50
"5634",-4434.63050050137,"CAFI_P014",100
"5635",4545.58794883272,"CAFI_P014",25
"5636",-3313.43467632233,"CAFI_P014",50
"5637",7010.76444879457,"CAFI_P014",100
"5638",2576.13709215599,"CAFI_P014",25
"5639",-260.710240065644,"CAFI_P014",50
"5640",7882.97276325355,"CAFI_P014",100
"5641",3418.17892618355,"CAFI_P014",25
"5642",5672.06752753927,"CAFI_P014",50
"5643",-4072.0349566541,"CAFI_P014",100
"5644",-200.961136169732,"CAFI_P014",25
"5645",-2282.62643436014,"CAFI_P014",50
"5646",12115.5806207389,"CAFI_P014",100
"5647",-417.859663082607,"CAFI_P014",25
"5648",2849.88777536238,"CAFI_P014",50
"5649",4912.70996031808,"CAFI_P014",100
"5650",-567.824849179364,"CAFI_P014",25
"5651",9961.45836125256,"CAFI_P014",50
"5652",2529.71614564897,"CAFI_P014",100
"5653",658.394332139345,"CAFI_P014",25
"5654",1221.22189685798,"CAFI_P014",50
"5655",-6391.75754908551,"CAFI_P014",100
"5656",6985.31088998404,"CAFI_P014",25
"5657",-2109.95838396376,"CAFI_P014",50
"5658",-6610.25111184956,"CAFI_P014",100
"5659",7708.46606477987,"CAFI_P014",25
"5660",7854.81788031221,"CAFI_P014",50
"5661",-356.964739829797,"CAFI_P014",100
"5662",9897.83039337795,"CAFI_P014",25
"5663",1813.61129203191,"CAFI_P014",50
"5664",4437.01353742054,"CAFI_P014",100
"5665",1718.66177954193,"CAFI_P014",25
"5666",6576.49899892748,"CAFI_P014",50
"5667",9941.3317699109,"CAFI_P014",100
"5668",5175.28597175606,"CAFI_P014",25
"5669",-3067.15388231134,"CAFI_P014",50
"5670",29839.1660103814,"CAFI_P014",100
"5671",3332.13042381356,"CAFI_P014",25
"5672",24909.7819984216,"CAFI_P014",50
"5673",-2914.50690846116,"CAFI_P014",100
"5674",-2118.4617048176,"CAFI_P014",25
"5675",13281.7041114027,"CAFI_P014",50
"5676",-8946.34020329878,"CAFI_P014",100
"5677",6761.60297503148,"CAFI_P014",25
"5678",2717.76745053302,"CAFI_P014",50
"5679",10998.5042194154,"CAFI_P014",100
"5680",-4930.34751746687,"CAFI_P014",25
"5681",6872.44651299962,"CAFI_P014",50
"5682",14119.4236188856,"CAFI_P014",100
"5683",-403.771609406918,"CAFI_P014",25
"5684",4976.4321910766,"CAFI_P014",50
"5685",24258.177834457,"CAFI_P014",100
"5686",1223.05120832854,"CAFI_P014",25
"5687",-3868.81560365547,"CAFI_P014",50
"5688",-5807.34248711949,"CAFI_P014",100
"5689",1806.40296782789,"CAFI_P014",25
"5690",9012.80245458352,"CAFI_P014",50
"5691",13452.9893289247,"CAFI_P014",100
"5692",17808.0445161671,"CAFI_P014",25
"5693",38.6100786315219,"CAFI_P014",50
"5694",25017.0362268129,"CAFI_P014",100
"5695",-1558.86789018995,"CAFI_P014",25
"5696",3590.47330024,"CAFI_P014",50
"5697",16472.203438648,"CAFI_P014",100
"5698",6284.33867094407,"CAFI_P014",25
"5699",3116.12856385845,"CAFI_P014",50
"5700",7991.92835188884,"CAFI_P014",100
"5701",1336.37453890598,"CAFI_P015",25
"5702",20840.1840999137,"CAFI_P015",50
"5703",18158.1609520604,"CAFI_P015",100
"5704",2675.0117741744,"CAFI_P015",25
"5705",19352.5613468218,"CAFI_P015",50
"5706",18428.0006395082,"CAFI_P015",100
"5707",971.405634484545,"CAFI_P015",25
"5708",3194.60400157084,"CAFI_P015",50
"5709",40858.9054809905,"CAFI_P015",100
"5710",7001.2232704577,"CAFI_P015",25
"5711",-3363.35964152665,"CAFI_P015",50
"5712",20188.7690988307,"CAFI_P015",100
"5713",18350.0367513821,"CAFI_P015",25
"5714",10304.6934074718,"CAFI_P015",50
"5715",17554.3519687266,"CAFI_P015",100
"5716",7280.418106039,"CAFI_P015",25
"5717",1980.23462571116,"CAFI_P015",50
"5718",20376.6082421115,"CAFI_P015",100
"5719",3254.95403233793,"CAFI_P015",25
"5720",6660.48695775348,"CAFI_P015",50
"5721",23895.721660118,"CAFI_P015",100
"5722",-675.486188501061,"CAFI_P015",25
"5723",-3562.9328329555,"CAFI_P015",50
"5724",10601.6916282,"CAFI_P015",100
"5725",-1341.01354914583,"CAFI_P015",25
"5726",11046.8715571007,"CAFI_P015",50
"5727",24970.6167783031,"CAFI_P015",100
"5728",11244.3862904509,"CAFI_P015",25
"5729",22307.2417597845,"CAFI_P015",50
"5730",40976.8580480943,"CAFI_P015",100
"5731",3186.45541812631,"CAFI_P015",25
"5732",7876.38195224927,"CAFI_P015",50
"5733",24327.0572985599,"CAFI_P015",100
"5734",8956.17388466693,"CAFI_P015",25
"5735",22730.0303454307,"CAFI_P015",50
"5736",47289.3793150236,"CAFI_P015",100
"5737",7846.29094218911,"CAFI_P015",25
"5738",12998.9107404606,"CAFI_P015",50
"5739",19433.0090958967,"CAFI_P015",100
"5740",2452.54111132398,"CAFI_P015",25
"5741",23493.9962091447,"CAFI_P015",50
"5742",1419.91630906181,"CAFI_P015",100
"5743",4453.96611271356,"CAFI_P015",25
"5744",22582.904210489,"CAFI_P015",50
"5745",20867.4421183673,"CAFI_P015",100
"5746",6530.48386643088,"CAFI_P015",25
"5747",23527.6310472517,"CAFI_P015",50
"5748",7700.29114478012,"CAFI_P015",100
"5749",-1727.94227629417,"CAFI_P015",25
"5750",9323.28437121882,"CAFI_P015",50
"5751",23825.5732203886,"CAFI_P015",100
"5752",4835.74792742444,"CAFI_P015",25
"5753",10543.6847349562,"CAFI_P015",50
"5754",19149.3160438233,"CAFI_P015",100
"5755",376.477994213696,"CAFI_P015",25
"5756",16007.4472932532,"CAFI_P015",50
"5757",30267.0350705365,"CAFI_P015",100
"5758",3272.93537011137,"CAFI_P015",25
"5759",12426.0387330838,"CAFI_P015",50
"5760",25541.3235729741,"CAFI_P015",100
"5761",7970.15881281282,"CAFI_P015",25
"5762",25433.2843477588,"CAFI_P015",50
"5763",51152.9226686336,"CAFI_P015",100
"5764",-1417.97221675678,"CAFI_P015",25
"5765",2501.91579056479,"CAFI_P015",50
"5766",10523.2805262436,"CAFI_P015",100
"5767",1159.1454245958,"CAFI_P015",25
"5768",23969.7465479297,"CAFI_P015",50
"5769",16510.5567345516,"CAFI_P015",100
"5770",5361.21874112694,"CAFI_P015",25
"5771",15841.2833259358,"CAFI_P015",50
"5772",10967.5603911678,"CAFI_P015",100
"5773",3436.98564247537,"CAFI_P015",25
"5774",10183.6694107323,"CAFI_P015",50
"5775",14215.2458075203,"CAFI_P015",100
"5776",10903.9542372342,"CAFI_P015",25
"5777",20651.4178832701,"CAFI_P015",50
"5778",25776.2115868171,"CAFI_P015",100
"5779",1127.1638027021,"CAFI_P015",25
"5780",11124.6785900827,"CAFI_P015",50
"5781",27041.5288676763,"CAFI_P015",100
"5782",-192.512059177912,"CAFI_P015",25
"5783",11154.2790892324,"CAFI_P015",50
"5784",9461.24274317955,"CAFI_P015",100
"5785",-1209.15148748044,"CAFI_P015",25
"5786",18489.5081211086,"CAFI_P015",50
"5787",25222.0338067265,"CAFI_P015",100
"5788",3643.13244347542,"CAFI_P015",25
"5789",-2005.16644945793,"CAFI_P015",50
"5790",11186.1414089876,"CAFI_P015",100
"5791",12563.6190029212,"CAFI_P015",25
"5792",5450.18603327975,"CAFI_P015",50
"5793",16879.3531204628,"CAFI_P015",100
"5794",-1292.49984283035,"CAFI_P015",25
"5795",7810.04996276152,"CAFI_P015",50
"5796",35477.077464699,"CAFI_P015",100
"5797",215.77331505873,"CAFI_P015",25
"5798",9602.75222477457,"CAFI_P015",50
"5799",8033.44784950081,"CAFI_P015",100
"5800",1992.27928509144,"CAFI_P015",25
"5801",11091.8892318784,"CAFI_P015",50
"5802",35095.510575926,"CAFI_P015",100
"5803",403.010875414591,"CAFI_P015",25
"5804",21120.932424182,"CAFI_P015",50
"5805",19037.895014249,"CAFI_P015",100
"5806",19432.1711633414,"CAFI_P015",25
"5807",13083.6231108958,"CAFI_P015",50
"5808",6435.27180212422,"CAFI_P015",100
"5809",-544.844422953785,"CAFI_P015",25
"5810",4583.79739985964,"CAFI_P015",50
"5811",12313.2160765002,"CAFI_P015",100
"5812",-197.598043570062,"CAFI_P015",25
"5813",30201.9851153069,"CAFI_P015",50
"5814",12289.0473810172,"CAFI_P015",100
"5815",20633.1107154576,"CAFI_P015",25
"5816",4089.80934464879,"CAFI_P015",50
"5817",7898.00381372339,"CAFI_P015",100
"5818",759.212651999318,"CAFI_P015",25
"5819",12266.0599758141,"CAFI_P015",50
"5820",57040.504474399,"CAFI_P015",100
"5821",5749.30337735935,"CAFI_P015",25
"5822",27548.215969338,"CAFI_P015",50
"5823",7208.71536737564,"CAFI_P015",100
"5824",19695.9159031683,"CAFI_P015",25
"5825",29250.7983711847,"CAFI_P015",50
"5826",26362.9161297358,"CAFI_P015",100
"5827",-341.552713811572,"CAFI_P015",25
"5828",2016.5015494274,"CAFI_P015",50
"5829",14349.065689456,"CAFI_P015",100
"5830",2413.28400277562,"CAFI_P015",25
"5831",15014.3301568588,"CAFI_P015",50
"5832",26220.5833151223,"CAFI_P015",100
"5833",376.733990575129,"CAFI_P015",25
"5834",24344.522888046,"CAFI_P015",50
"5835",11888.7524891673,"CAFI_P015",100
"5836",-865.656231364585,"CAFI_P015",25
"5837",20191.0293155691,"CAFI_P015",50
"5838",13848.2937655004,"CAFI_P015",100
"5839",15061.7234145564,"CAFI_P015",25
"5840",672.908502910752,"CAFI_P015",50
"5841",13893.3505793918,"CAFI_P015",100
"5842",10023.0926126353,"CAFI_P015",25
"5843",-1025.8954665903,"CAFI_P015",50
"5844",7783.60661052784,"CAFI_P015",100
"5845",3361.29356414621,"CAFI_P015",25
"5846",11728.7375405657,"CAFI_P015",50
"5847",33516.638193552,"CAFI_P015",100
"5848",-3108.28150770016,"CAFI_P015",25
"5849",16615.3509767837,"CAFI_P015",50
"5850",10766.6526041785,"CAFI_P015",100
"5851",17037.5807020684,"CAFI_P015",25
"5852",4720.38598042174,"CAFI_P015",50
"5853",30520.938783615,"CAFI_P015",100
"5854",4513.02938457782,"CAFI_P015",25
"5855",9533.75086655875,"CAFI_P015",50
"5856",18901.3656148579,"CAFI_P015",100
"5857",1783.74770632584,"CAFI_P015",25
"5858",4496.49670673173,"CAFI_P015",50
"5859",32894.2863429607,"CAFI_P015",100
"5860",-2049.49987439543,"CAFI_P015",25
"5861",6143.19741633884,"CAFI_P015",50
"5862",33652.2375788187,"CAFI_P015",100
"5863",2089.15487771184,"CAFI_P015",25
"5864",2690.39418869064,"CAFI_P015",50
"5865",25102.0227240208,"CAFI_P015",100
"5866",215.995391083939,"CAFI_P015",25
"5867",5686.51625046495,"CAFI_P015",50
"5868",30342.1121160107,"CAFI_P015",100
"5869",972.144544146315,"CAFI_P015",25
"5870",15367.848352563,"CAFI_P015",50
"5871",31354.9696972434,"CAFI_P015",100
"5872",1026.70020542969,"CAFI_P015",25
"5873",46025.9690244292,"CAFI_P015",50
"5874",20012.9716445709,"CAFI_P015",100
"5875",2562.86301772442,"CAFI_P015",25
"5876",-4448.97731268813,"CAFI_P015",50
"5877",14748.9334392171,"CAFI_P015",100
"5878",2517.96891610709,"CAFI_P015",25
"5879",2568.19581558637,"CAFI_P015",50
"5880",17994.7047096736,"CAFI_P015",100
"5881",7835.22763869772,"CAFI_P015",25
"5882",-319.097617593594,"CAFI_P015",50
"5883",32893.2520731745,"CAFI_P015",100
"5884",1582.46953849221,"CAFI_P015",25
"5885",7401.12313436269,"CAFI_P015",50
"5886",26946.8780500915,"CAFI_P015",100
"5887",11164.2932427066,"CAFI_P015",25
"5888",17427.0755174327,"CAFI_P015",50
"5889",11979.2466522883,"CAFI_P015",100
"5890",9251.33197936794,"CAFI_P015",25
"5891",25601.8504167994,"CAFI_P015",50
"5892",17645.4229098665,"CAFI_P015",100
"5893",-1815.59935440577,"CAFI_P015",25
"5894",1572.02929286484,"CAFI_P015",50
"5895",35017.88315489,"CAFI_P015",100
"5896",3167.00778756349,"CAFI_P015",25
"5897",18611.7427304594,"CAFI_P015",50
"5898",12147.2175795768,"CAFI_P015",100
"5899",5243.45831949095,"CAFI_P015",25
"5900",14178.7735972397,"CAFI_P015",50
"5901",14984.2829765335,"CAFI_P015",100
"5902",-1302.76666733867,"CAFI_P015",25
"5903",-5522.82726737048,"CAFI_P015",50
"5904",31621.2674421957,"CAFI_P015",100
"5905",13403.8207026293,"CAFI_P015",25
"5906",18579.5741548903,"CAFI_P015",50
"5907",22503.2453977036,"CAFI_P015",100
"5908",17106.2866102083,"CAFI_P015",25
"5909",123.129746400053,"CAFI_P015",50
"5910",10263.3025100805,"CAFI_P015",100
"5911",4807.72292160988,"CAFI_P015",25
"5912",20339.7524584463,"CAFI_P015",50
"5913",9170.60471590294,"CAFI_P015",100
"5914",-1522.88490478444,"CAFI_P015",25
"5915",30436.0289580159,"CAFI_P015",50
"5916",21565.5093561416,"CAFI_P015",100
"5917",-218.544556070003,"CAFI_P015",25
"5918",13733.3028154169,"CAFI_P015",50
"5919",18292.6036610623,"CAFI_P015",100
"5920",19249.3405617206,"CAFI_P015",25
"5921",26394.80545585,"CAFI_P015",50
"5922",18016.6938269119,"CAFI_P015",100
"5923",6208.11037235113,"CAFI_P015",25
"5924",1023.8251985141,"CAFI_P015",50
"5925",43006.4254685176,"CAFI_P015",100
"5926",22479.539490946,"CAFI_P015",25
"5927",12993.0880995943,"CAFI_P015",50
"5928",39747.1258939389,"CAFI_P015",100
"5929",1844.52484431386,"CAFI_P015",25
"5930",4914.61284579564,"CAFI_P015",50
"5931",11311.555682396,"CAFI_P015",100
"5932",350.073757345788,"CAFI_P015",25
"5933",3811.5964137328,"CAFI_P015",50
"5934",31890.3361512347,"CAFI_P015",100
"5935",7341.37452549225,"CAFI_P015",25
"5936",14849.0993810315,"CAFI_P015",50
"5937",5179.41071495606,"CAFI_P015",100
"5938",10163.7924474306,"CAFI_P015",25
"5939",623.148655155324,"CAFI_P015",50
"5940",17277.470754323,"CAFI_P015",100
"5941",3013.31016674754,"CAFI_P015",25
"5942",11683.9582591522,"CAFI_P015",50
"5943",27450.9554795103,"CAFI_P015",100
"5944",-1246.11019255553,"CAFI_P015",25
"5945",21756.9623510684,"CAFI_P015",50
"5946",29780.3565356407,"CAFI_P015",100
"5947",10329.304182826,"CAFI_P015",25
"5948",12803.7715221624,"CAFI_P015",50
"5949",10039.852753008,"CAFI_P015",100
"5950",4230.90353267011,"CAFI_P015",25
"5951",31691.5503653443,"CAFI_P015",50
"5952",10628.9726029587,"CAFI_P015",100
"5953",-3158.88724569947,"CAFI_P015",25
"5954",4829.84667652316,"CAFI_P015",50
"5955",21552.9607957462,"CAFI_P015",100
"5956",-2752.51179691299,"CAFI_P015",25
"5957",5367.17930874473,"CAFI_P015",50
"5958",13248.0907273899,"CAFI_P015",100
"5959",11321.501496745,"CAFI_P015",25
"5960",7787.92731257639,"CAFI_P015",50
"5961",42502.5974525654,"CAFI_P015",100
"5962",7302.46571124921,"CAFI_P015",25
"5963",10363.7204513284,"CAFI_P015",50
"5964",12996.4096116608,"CAFI_P015",100
"5965",16032.1722094242,"CAFI_P015",25
"5966",11342.895902583,"CAFI_P015",50
"5967",18622.0767839263,"CAFI_P015",100
"5968",15831.0898914795,"CAFI_P015",25
"5969",4953.32263400755,"CAFI_P015",50
"5970",9740.22740974952,"CAFI_P015",100
"5971",6183.55260202527,"CAFI_P015",25
"5972",3172.34463284985,"CAFI_P015",50
"5973",4519.95813884115,"CAFI_P015",100
"5974",4086.21667599556,"CAFI_P015",25
"5975",10158.0770774867,"CAFI_P015",50
"5976",1860.85986647074,"CAFI_P015",100
"5977",7615.20891170995,"CAFI_P015",25
"5978",10469.4085942416,"CAFI_P015",50
"5979",15781.1762625407,"CAFI_P015",100
"5980",-2289.75812801515,"CAFI_P015",25
"5981",25337.2448086364,"CAFI_P015",50
"5982",14264.4478139472,"CAFI_P015",100
"5983",17561.656451015,"CAFI_P015",25
"5984",19683.8748391614,"CAFI_P015",50
"5985",7310.38759358705,"CAFI_P015",100
"5986",11642.1857933193,"CAFI_P015",25
"5987",17659.5412232261,"CAFI_P015",50
"5988",13800.9452831231,"CAFI_P015",100
"5989",8743.17940585368,"CAFI_P015",25
"5990",11897.3816611147,"CAFI_P015",50
"5991",51093.2182129843,"CAFI_P015",100
"5992",2695.46307518421,"CAFI_P015",25
"5993",9061.34266128635,"CAFI_P015",50
"5994",14736.1834106373,"CAFI_P015",100
"5995",10513.189969145,"CAFI_P015",25
"5996",26945.7743593566,"CAFI_P015",50
"5997",9057.66485923016,"CAFI_P015",100
"5998",-937.79374267481,"CAFI_P015",25
"5999",-1726.80337180453,"CAFI_P015",50
"6000",32771.3186097655,"CAFI_P015",100
"6001",-1921.702886771,"CAFI_P016",25
"6002",-9480.72315872973,"CAFI_P016",50
"6003",-15959.6274196726,"CAFI_P016",100
"6004",-4540.20440700062,"CAFI_P016",25
"6005",-5598.57228238042,"CAFI_P016",50
"6006",-2394.35172599065,"CAFI_P016",100
"6007",-10327.1227885297,"CAFI_P016",25
"6008",-7455.58715060231,"CAFI_P016",50
"6009",-6392.64901554014,"CAFI_P016",100
"6010",-9270.61429566267,"CAFI_P016",25
"6011",-11045.8643335452,"CAFI_P016",50
"6012",-10131.8244635252,"CAFI_P016",100
"6013",-3050.05417516013,"CAFI_P016",25
"6014",-5881.39162495441,"CAFI_P016",50
"6015",-27242.8831474358,"CAFI_P016",100
"6016",-14892.1817719563,"CAFI_P016",25
"6017",-7442.99605667201,"CAFI_P016",50
"6018",-13465.7830839939,"CAFI_P016",100
"6019",-6341.70575369499,"CAFI_P016",25
"6020",-11349.6586634192,"CAFI_P016",50
"6021",-6935.67115414323,"CAFI_P016",100
"6022",2499.62304430082,"CAFI_P016",25
"6023",-8718.69927691965,"CAFI_P016",50
"6024",-7548.23107562878,"CAFI_P016",100
"6025",2274.20596167824,"CAFI_P016",25
"6026",2646.50837093976,"CAFI_P016",50
"6027",-22774.8097076641,"CAFI_P016",100
"6028",-3431.50809588947,"CAFI_P016",25
"6029",-9964.17313010542,"CAFI_P016",50
"6030",-12805.8581901004,"CAFI_P016",100
"6031",-10266.7775338457,"CAFI_P016",25
"6032",3204.36895404931,"CAFI_P016",50
"6033",-6928.24782962177,"CAFI_P016",100
"6034",-12825.7576176931,"CAFI_P016",25
"6035",-8819.48251006706,"CAFI_P016",50
"6036",460.277352498553,"CAFI_P016",100
"6037",9154.81931458926,"CAFI_P016",25
"6038",4143.12374916842,"CAFI_P016",50
"6039",-13087.5363995102,"CAFI_P016",100
"6040",1528.53535218426,"CAFI_P016",25
"6041",-2816.47389162402,"CAFI_P016",50
"6042",-9800.65122286702,"CAFI_P016",100
"6043",-3298.7274709561,"CAFI_P016",25
"6044",9542.45081002457,"CAFI_P016",50
"6045",-11063.1249636489,"CAFI_P016",100
"6046",5279.34325476276,"CAFI_P016",25
"6047",-26894.188626165,"CAFI_P016",50
"6048",-22771.5749085362,"CAFI_P016",100
"6049",-12598.994012985,"CAFI_P016",25
"6050",-11467.7425104438,"CAFI_P016",50
"6051",-6859.55393059261,"CAFI_P016",100
"6052",-1948.25023723522,"CAFI_P016",25
"6053",-8411.84401178383,"CAFI_P016",50
"6054",-5255.18724916404,"CAFI_P016",100
"6055",4469.3694871625,"CAFI_P016",25
"6056",-12683.7566779385,"CAFI_P016",50
"6057",-26096.0120872772,"CAFI_P016",100
"6058",-1563.84271441691,"CAFI_P016",25
"6059",-8483.51996025484,"CAFI_P016",50
"6060",-13715.0866756318,"CAFI_P016",100
"6061",-6548.27396435651,"CAFI_P016",25
"6062",-6935.1661376697,"CAFI_P016",50
"6063",-1556.79719305824,"CAFI_P016",100
"6064",-114.775838312926,"CAFI_P016",25
"6065",-6540.41152735258,"CAFI_P016",50
"6066",8339.15017574537,"CAFI_P016",100
"6067",-7485.57384989643,"CAFI_P016",25
"6068",2393.86061363423,"CAFI_P016",50
"6069",-9064.13945605635,"CAFI_P016",100
"6070",-15157.0869097181,"CAFI_P016",25
"6071",5236.95031762199,"CAFI_P016",50
"6072",-16286.6348233632,"CAFI_P016",100
"6073",-2639.58585534443,"CAFI_P016",25
"6074",-8832.0053642898,"CAFI_P016",50
"6075",5898.53003221995,"CAFI_P016",100
"6076",-2019.91105216614,"CAFI_P016",25
"6077",11535.4521879182,"CAFI_P016",50
"6078",-16285.3752317544,"CAFI_P016",100
"6079",4006.22771670145,"CAFI_P016",25
"6080",21696.7821662493,"CAFI_P016",50
"6081",-7736.43319878879,"CAFI_P016",100
"6082",6629.36999087397,"CAFI_P016",25
"6083",-19996.9617484799,"CAFI_P016",50
"6084",-19460.8060434284,"CAFI_P016",100
"6085",-2559.03295129479,"CAFI_P016",25
"6086",-7808.10628815822,"CAFI_P016",50
"6087",-13071.8023471251,"CAFI_P016",100
"6088",8865.5747261779,"CAFI_P016",25
"6089",3411.87723002548,"CAFI_P016",50
"6090",12993.2118472244,"CAFI_P016",100
"6091",14003.103552906,"CAFI_P016",25
"6092",-1237.16275016207,"CAFI_P016",50
"6093",-14090.6551833375,"CAFI_P016",100
"6094",4122.54159211385,"CAFI_P016",25
"6095",-12763.1701299254,"CAFI_P016",50
"6096",-10642.5611723897,"CAFI_P016",100
"6097",3156.61083380604,"CAFI_P016",25
"6098",-4061.77889190265,"CAFI_P016",50
"6099",13284.0709142939,"CAFI_P016",100
"6100",-7146.51840791682,"CAFI_P016",25
"6101",-245.785012515087,"CAFI_P016",50
"6102",7326.55431787868,"CAFI_P016",100
"6103",253.007975338842,"CAFI_P016",25
"6104",-12550.8297836074,"CAFI_P016",50
"6105",-8659.02711461502,"CAFI_P016",100
"6106",920.683250243426,"CAFI_P016",25
"6107",10530.8332693371,"CAFI_P016",50
"6108",7928.67940308462,"CAFI_P016",100
"6109",-14448.9645912978,"CAFI_P016",25
"6110",-8267.55229674611,"CAFI_P016",50
"6111",-6231.01513143902,"CAFI_P016",100
"6112",-1013.65725296305,"CAFI_P016",25
"6113",-818.476754628064,"CAFI_P016",50
"6114",-23696.2414806316,"CAFI_P016",100
"6115",5502.52104638668,"CAFI_P016",25
"6116",-9967.69538402936,"CAFI_P016",50
"6117",-20839.2411615114,"CAFI_P016",100
"6118",-469.181104219577,"CAFI_P016",25
"6119",17364.6279086351,"CAFI_P016",50
"6120",-11754.076423067,"CAFI_P016",100
"6121",-3758.88690402667,"CAFI_P016",25
"6122",4346.45622207201,"CAFI_P016",50
"6123",-11208.1238523324,"CAFI_P016",100
"6124",550.969850290741,"CAFI_P016",25
"6125",10696.0465286534,"CAFI_P016",50
"6126",-13144.8833906135,"CAFI_P016",100
"6127",-6985.76673320204,"CAFI_P016",25
"6128",8591.45295679191,"CAFI_P016",50
"6129",-8097.62549625139,"CAFI_P016",100
"6130",-8057.2230174219,"CAFI_P016",25
"6131",0.890618594363332,"CAFI_P016",50
"6132",-8348.06267650105,"CAFI_P016",100
"6133",-8980.70275061793,"CAFI_P016",25
"6134",5913.8811047331,"CAFI_P016",50
"6135",-19689.7580354059,"CAFI_P016",100
"6136",1194.54758667905,"CAFI_P016",25
"6137",-10700.9130231888,"CAFI_P016",50
"6138",-15647.2242969316,"CAFI_P016",100
"6139",-6072.43236372335,"CAFI_P016",25
"6140",-1958.30472706351,"CAFI_P016",50
"6141",-3743.44715407107,"CAFI_P016",100
"6142",3429.13047726499,"CAFI_P016",25
"6143",-8005.59027504391,"CAFI_P016",50
"6144",-12129.0851146153,"CAFI_P016",100
"6145",-4285.66750958574,"CAFI_P016",25
"6146",4172.82435879268,"CAFI_P016",50
"6147",-6003.87879039452,"CAFI_P016",100
"6148",14833.3170865042,"CAFI_P016",25
"6149",-17905.4518652622,"CAFI_P016",50
"6150",-13778.4465450701,"CAFI_P016",100
"6151",-4337.13744444033,"CAFI_P016",25
"6152",-17764.6917999276,"CAFI_P016",50
"6153",3171.72331069212,"CAFI_P016",100
"6154",5623.16844010196,"CAFI_P016",25
"6155",-9801.11893089628,"CAFI_P016",50
"6156",-12154.013555272,"CAFI_P016",100
"6157",1004.27107537491,"CAFI_P016",25
"6158",-529.457481193182,"CAFI_P016",50
"6159",-11089.4861972674,"CAFI_P016",100
"6160",2844.25005860481,"CAFI_P016",25
"6161",-10406.8637823998,"CAFI_P016",50
"6162",-5332.22649925417,"CAFI_P016",100
"6163",-11261.4415506505,"CAFI_P016",25
"6164",-13086.1407008864,"CAFI_P016",50
"6165",-13432.6684095289,"CAFI_P016",100
"6166",4503.55713165022,"CAFI_P016",25
"6167",-2150.44132176868,"CAFI_P016",50
"6168",-18534.1858391619,"CAFI_P016",100
"6169",-2221.14485612075,"CAFI_P016",25
"6170",-7223.62594743905,"CAFI_P016",50
"6171",-4718.31544425216,"CAFI_P016",100
"6172",18893.1575463307,"CAFI_P016",25
"6173",-5703.09433929174,"CAFI_P016",50
"6174",-8970.83627979067,"CAFI_P016",100
"6175",-5032.24448234419,"CAFI_P016",25
"6176",-19998.2921597271,"CAFI_P016",50
"6177",2984.14267160499,"CAFI_P016",100
"6178",4449.19582255615,"CAFI_P016",25
"6179",-11477.0878471411,"CAFI_P016",50
"6180",-9837.53249283775,"CAFI_P016",100
"6181",-3154.2780677785,"CAFI_P016",25
"6182",-7710.51660907309,"CAFI_P016",50
"6183",18972.0378464255,"CAFI_P016",100
"6184",3602.02311688801,"CAFI_P016",25
"6185",-9026.92688547261,"CAFI_P016",50
"6186",-15417.0696150633,"CAFI_P016",100
"6187",-3115.29813264695,"CAFI_P016",25
"6188",-10419.7310566709,"CAFI_P016",50
"6189",15121.3964926376,"CAFI_P016",100
"6190",-3066.77433871612,"CAFI_P016",25
"6191",-3826.59961363178,"CAFI_P016",50
"6192",-12968.6410351209,"CAFI_P016",100
"6193",5046.06484311959,"CAFI_P016",25
"6194",5706.33004529501,"CAFI_P016",50
"6195",-24923.601153087,"CAFI_P016",100
"6196",-6461.70081260742,"CAFI_P016",25
"6197",-2384.57096561155,"CAFI_P016",50
"6198",-4137.67706851457,"CAFI_P016",100
"6199",9097.61382428062,"CAFI_P016",25
"6200",6985.4199075778,"CAFI_P016",50
"6201",-7773.97685451899,"CAFI_P016",100
"6202",-5372.85837399302,"CAFI_P016",25
"6203",-6070.57676834537,"CAFI_P016",50
"6204",-25869.8607291946,"CAFI_P016",100
"6205",-8114.85776988848,"CAFI_P016",25
"6206",5901.91273342655,"CAFI_P016",50
"6207",-18715.040748406,"CAFI_P016",100
"6208",1071.40333842253,"CAFI_P016",25
"6209",-2506.13729105191,"CAFI_P016",50
"6210",-18358.2965668831,"CAFI_P016",100
"6211",-3144.22471171996,"CAFI_P016",25
"6212",3952.69787743391,"CAFI_P016",50
"6213",-12363.2993383515,"CAFI_P016",100
"6214",-4264.7959496465,"CAFI_P016",25
"6215",-13253.2355178868,"CAFI_P016",50
"6216",5002.0560729588,"CAFI_P016",100
"6217",13252.2837744171,"CAFI_P016",25
"6218",2114.28738599713,"CAFI_P016",50
"6219",-19600.7056549191,"CAFI_P016",100
"6220",-4699.69758738863,"CAFI_P016",25
"6221",6532.61004934466,"CAFI_P016",50
"6222",-4834.98490622907,"CAFI_P016",100
"6223",1865.12348852557,"CAFI_P016",25
"6224",312.492287060188,"CAFI_P016",50
"6225",556.590996621409,"CAFI_P016",100
"6226",1223.73516159668,"CAFI_P016",25
"6227",3658.03088462952,"CAFI_P016",50
"6228",-12761.7022087492,"CAFI_P016",100
"6229",243.276699894515,"CAFI_P016",25
"6230",322.156772196351,"CAFI_P016",50
"6231",-27689.6040302441,"CAFI_P016",100
"6232",-2233.82740542857,"CAFI_P016",25
"6233",-1698.44683185627,"CAFI_P016",50
"6234",-8035.11828768242,"CAFI_P016",100
"6235",6580.05317305203,"CAFI_P016",25
"6236",-5353.93883755803,"CAFI_P016",50
"6237",-13095.9847821856,"CAFI_P016",100
"6238",-3860.44282486499,"CAFI_P016",25
"6239",8054.45535984659,"CAFI_P016",50
"6240",39.198134230217,"CAFI_P016",100
"6241",27.3994306054665,"CAFI_P016",25
"6242",6028.12932117132,"CAFI_P016",50
"6243",-31137.0074599301,"CAFI_P016",100
"6244",-6483.70713915973,"CAFI_P016",25
"6245",-10057.4300549015,"CAFI_P016",50
"6246",-4263.16298947483,"CAFI_P016",100
"6247",-2342.85730890458,"CAFI_P016",25
"6248",-10376.6880021908,"CAFI_P016",50
"6249",-17512.043592844,"CAFI_P016",100
"6250",-13032.308588287,"CAFI_P016",25
"6251",-13503.6946197439,"CAFI_P016",50
"6252",-7568.27366230951,"CAFI_P016",100
"6253",-1607.4459272449,"CAFI_P016",25
"6254",-8943.59604419098,"CAFI_P016",50
"6255",-9866.04617956362,"CAFI_P016",100
"6256",2162.96118273289,"CAFI_P016",25
"6257",-1152.10400302033,"CAFI_P016",50
"6258",-7966.72550068988,"CAFI_P016",100
"6259",-8310.32506184222,"CAFI_P016",25
"6260",1126.49417345459,"CAFI_P016",50
"6261",-4883.34435156273,"CAFI_P016",100
"6262",-4538.87078895263,"CAFI_P016",25
"6263",7320.42689114128,"CAFI_P016",50
"6264",-10508.4279967954,"CAFI_P016",100
"6265",6308.55861953815,"CAFI_P016",25
"6266",-9098.85279840458,"CAFI_P016",50
"6267",9715.57547794521,"CAFI_P016",100
"6268",-18032.2886243892,"CAFI_P016",25
"6269",-19257.1375313686,"CAFI_P016",50
"6270",5831.66965243919,"CAFI_P016",100
"6271",-867.160725390189,"CAFI_P016",25
"6272",9791.41952615348,"CAFI_P016",50
"6273",-25812.9451663082,"CAFI_P016",100
"6274",1218.21889278846,"CAFI_P016",25
"6275",1042.91206853068,"CAFI_P016",50
"6276",-13880.6447345692,"CAFI_P016",100
"6277",-8750.2579471881,"CAFI_P016",25
"6278",1369.53965235048,"CAFI_P016",50
"6279",1061.34631136886,"CAFI_P016",100
"6280",-2005.63354618376,"CAFI_P016",25
"6281",-9810.24161795794,"CAFI_P016",50
"6282",-20521.6995613708,"CAFI_P016",100
"6283",11065.2626786372,"CAFI_P016",25
"6284",-5929.9688668726,"CAFI_P016",50
"6285",-16548.0134605426,"CAFI_P016",100
"6286",-2593.15118981036,"CAFI_P016",25
"6287",-785.567457251658,"CAFI_P016",50
"6288",-16769.9103438748,"CAFI_P016",100
"6289",10639.7511877373,"CAFI_P016",25
"6290",7551.77980083629,"CAFI_P016",50
"6291",-4290.96286596888,"CAFI_P016",100
"6292",8013.37240942311,"CAFI_P016",25
"6293",5762.9817085808,"CAFI_P016",50
"6294",-10934.9549608961,"CAFI_P016",100
"6295",1122.73553229123,"CAFI_P016",25
"6296",-5604.39326692303,"CAFI_P016",50
"6297",-5513.56278177653,"CAFI_P016",100
"6298",195.133440405887,"CAFI_P016",25
"6299",-2486.86353002978,"CAFI_P016",50
"6300",-11254.7848777974,"CAFI_P016",100
"6301",-430.228756776545,"CAFI_P017",25
"6302",2452.67534253158,"CAFI_P017",50
"6303",-4298.44817206275,"CAFI_P017",100
"6304",363.822089127207,"CAFI_P017",25
"6305",3500.43259280757,"CAFI_P017",50
"6306",31007.137675143,"CAFI_P017",100
"6307",6446.08013384813,"CAFI_P017",25
"6308",5897.6373016765,"CAFI_P017",50
"6309",-13451.9294307819,"CAFI_P017",100
"6310",-9958.24988604628,"CAFI_P017",25
"6311",6689.05018372741,"CAFI_P017",50
"6312",141.840556875395,"CAFI_P017",100
"6313",790.152947296447,"CAFI_P017",25
"6314",-6638.77188395656,"CAFI_P017",50
"6315",-9563.18247683923,"CAFI_P017",100
"6316",16229.2846140065,"CAFI_P017",25
"6317",5393.79744996864,"CAFI_P017",50
"6318",1800.90620799578,"CAFI_P017",100
"6319",5289.27732273762,"CAFI_P017",25
"6320",9458.22336707835,"CAFI_P017",50
"6321",31379.8062630222,"CAFI_P017",100
"6322",-2916.37347737583,"CAFI_P017",25
"6323",14054.1153299134,"CAFI_P017",50
"6324",-6119.35661163804,"CAFI_P017",100
"6325",-3756.31314930355,"CAFI_P017",25
"6326",5560.9261792482,"CAFI_P017",50
"6327",4595.17165829521,"CAFI_P017",100
"6328",-999.396273182647,"CAFI_P017",25
"6329",13971.3340303588,"CAFI_P017",50
"6330",6592.49391447025,"CAFI_P017",100
"6331",-5614.52640357881,"CAFI_P017",25
"6332",7093.44009439327,"CAFI_P017",50
"6333",-7201.89029162214,"CAFI_P017",100
"6334",1741.15598643222,"CAFI_P017",25
"6335",-8655.24763290148,"CAFI_P017",50
"6336",27206.8514152602,"CAFI_P017",100
"6337",-2341.2920021441,"CAFI_P017",25
"6338",-6400.78684616223,"CAFI_P017",50
"6339",8177.79778958787,"CAFI_P017",100
"6340",139.679187371454,"CAFI_P017",25
"6341",26569.3799952604,"CAFI_P017",50
"6342",13214.0190035285,"CAFI_P017",100
"6343",-7358.5062699535,"CAFI_P017",25
"6344",-8646.73826015124,"CAFI_P017",50
"6345",41031.6423444968,"CAFI_P017",100
"6346",-1134.4784658713,"CAFI_P017",25
"6347",2608.47689005634,"CAFI_P017",50
"6348",14176.3047199494,"CAFI_P017",100
"6349",-2985.50059718254,"CAFI_P017",25
"6350",-7640.97924326011,"CAFI_P017",50
"6351",-3753.3981066001,"CAFI_P017",100
"6352",-6548.4748787611,"CAFI_P017",25
"6353",31637.8692432492,"CAFI_P017",50
"6354",21517.7921815616,"CAFI_P017",100
"6355",821.749543309794,"CAFI_P017",25
"6356",4435.77756046882,"CAFI_P017",50
"6357",9687.28818146052,"CAFI_P017",100
"6358",24191.4515091907,"CAFI_P017",25
"6359",-1900.12398202287,"CAFI_P017",50
"6360",-4127.31054931524,"CAFI_P017",100
"6361",4468.07309563196,"CAFI_P017",25
"6362",-2328.33776243235,"CAFI_P017",50
"6363",9205.72966481862,"CAFI_P017",100
"6364",-617.71587392129,"CAFI_P017",25
"6365",-4328.37771415798,"CAFI_P017",50
"6366",-4851.2134806884,"CAFI_P017",100
"6367",2663.47055270331,"CAFI_P017",25
"6368",190.649051982153,"CAFI_P017",50
"6369",-4735.17559624685,"CAFI_P017",100
"6370",-3133.09065498487,"CAFI_P017",25
"6371",19316.3903880327,"CAFI_P017",50
"6372",7433.27892077935,"CAFI_P017",100
"6373",7507.39074000996,"CAFI_P017",25
"6374",5697.5165231931,"CAFI_P017",50
"6375",17157.0736954265,"CAFI_P017",100
"6376",1403.34070330532,"CAFI_P017",25
"6377",7385.16555978626,"CAFI_P017",50
"6378",142.035274277849,"CAFI_P017",100
"6379",-2855.19753721647,"CAFI_P017",25
"6380",-1262.48559049115,"CAFI_P017",50
"6381",-2388.15553334903,"CAFI_P017",100
"6382",17403.1031423582,"CAFI_P017",25
"6383",9392.06143863505,"CAFI_P017",50
"6384",-7133.92878362467,"CAFI_P017",100
"6385",-57.9397328058258,"CAFI_P017",25
"6386",4049.98930376588,"CAFI_P017",50
"6387",-2491.71486888116,"CAFI_P017",100
"6388",38793.2039907202,"CAFI_P017",25
"6389",-2154.99391593534,"CAFI_P017",50
"6390",15481.2447855548,"CAFI_P017",100
"6391",6053.44268427964,"CAFI_P017",25
"6392",19116.3809680487,"CAFI_P017",50
"6393",-2423.61680703901,"CAFI_P017",100
"6394",-5783.51639464987,"CAFI_P017",25
"6395",13996.5270499325,"CAFI_P017",50
"6396",5557.97018183535,"CAFI_P017",100
"6397",1138.09307573171,"CAFI_P017",25
"6398",12787.1023514194,"CAFI_P017",50
"6399",2521.29246698949,"CAFI_P017",100
"6400",-4271.66174918215,"CAFI_P017",25
"6401",8718.9018798747,"CAFI_P017",50
"6402",-7255.37907534785,"CAFI_P017",100
"6403",3523.74149532762,"CAFI_P017",25
"6404",-726.467419829336,"CAFI_P017",50
"6405",9371.78222277813,"CAFI_P017",100
"6406",-4664.39914473984,"CAFI_P017",25
"6407",1922.36803105928,"CAFI_P017",50
"6408",7076.5043088161,"CAFI_P017",100
"6409",-408.981855624821,"CAFI_P017",25
"6410",12901.6146571385,"CAFI_P017",50
"6411",37177.9964199262,"CAFI_P017",100
"6412",-998.85177873366,"CAFI_P017",25
"6413",-4056.96181222686,"CAFI_P017",50
"6414",231.263938560267,"CAFI_P017",100
"6415",1479.80200708559,"CAFI_P017",25
"6416",-1046.39124274056,"CAFI_P017",50
"6417",37924.6707967677,"CAFI_P017",100
"6418",2513.66570912022,"CAFI_P017",25
"6419",5438.05931802589,"CAFI_P017",50
"6420",-2180.07141757908,"CAFI_P017",100
"6421",3099.0311458116,"CAFI_P017",25
"6422",5801.48423399124,"CAFI_P017",50
"6423",-11495.7091693443,"CAFI_P017",100
"6424",28.1928497455083,"CAFI_P017",25
"6425",10522.1656875557,"CAFI_P017",50
"6426",-1907.95948073658,"CAFI_P017",100
"6427",957.801632601942,"CAFI_P017",25
"6428",-7402.96210358385,"CAFI_P017",50
"6429",1590.20313769666,"CAFI_P017",100
"6430",615.515470702318,"CAFI_P017",25
"6431",-4491.59112519259,"CAFI_P017",50
"6432",-9958.28836812987,"CAFI_P017",100
"6433",-11992.156204149,"CAFI_P017",25
"6434",-3483.28654665692,"CAFI_P017",50
"6435",3086.85763935209,"CAFI_P017",100
"6436",-3194.34295547061,"CAFI_P017",25
"6437",659.134699351736,"CAFI_P017",50
"6438",12097.372409043,"CAFI_P017",100
"6439",-7780.80014569359,"CAFI_P017",25
"6440",22655.0486747361,"CAFI_P017",50
"6441",1798.4002936249,"CAFI_P017",100
"6442",-6585.74218054721,"CAFI_P017",25
"6443",2090.36181628541,"CAFI_P017",50
"6444",7745.65557091887,"CAFI_P017",100
"6445",10078.3989618295,"CAFI_P017",25
"6446",-11391.3579436319,"CAFI_P017",50
"6447",23914.8071001413,"CAFI_P017",100
"6448",-2403.99401723145,"CAFI_P017",25
"6449",4566.32152856083,"CAFI_P017",50
"6450",7862.86253497505,"CAFI_P017",100
"6451",-1160.0858036647,"CAFI_P017",25
"6452",-4150.00269199861,"CAFI_P017",50
"6453",9608.38043733552,"CAFI_P017",100
"6454",396.033827362931,"CAFI_P017",25
"6455",-9441.63647188712,"CAFI_P017",50
"6456",-8514.30833242834,"CAFI_P017",100
"6457",1006.21406827233,"CAFI_P017",25
"6458",15680.8746116749,"CAFI_P017",50
"6459",-8054.68110088154,"CAFI_P017",100
"6460",6519.44692267186,"CAFI_P017",25
"6461",15134.8891872952,"CAFI_P017",50
"6462",11731.4540864915,"CAFI_P017",100
"6463",4495.40311088896,"CAFI_P017",25
"6464",-2112.40183646826,"CAFI_P017",50
"6465",9813.08620482212,"CAFI_P017",100
"6466",1760.88224083494,"CAFI_P017",25
"6467",16492.0060148413,"CAFI_P017",50
"6468",-4920.46369034337,"CAFI_P017",100
"6469",2321.43234974582,"CAFI_P017",25
"6470",-6891.04724873434,"CAFI_P017",50
"6471",3891.97299939033,"CAFI_P017",100
"6472",-5295.34656559455,"CAFI_P017",25
"6473",28406.4088852908,"CAFI_P017",50
"6474",14751.0871172148,"CAFI_P017",100
"6475",2189.83562316909,"CAFI_P017",25
"6476",-3463.53311384335,"CAFI_P017",50
"6477",-10816.4053737329,"CAFI_P017",100
"6478",-8190.5059511853,"CAFI_P017",25
"6479",7184.59103785414,"CAFI_P017",50
"6480",1851.41878303362,"CAFI_P017",100
"6481",8721.70948737056,"CAFI_P017",25
"6482",14714.3683997123,"CAFI_P017",50
"6483",-8708.67597917572,"CAFI_P017",100
"6484",7811.02085103991,"CAFI_P017",25
"6485",-9447.1380905832,"CAFI_P017",50
"6486",30682.6234165203,"CAFI_P017",100
"6487",7509.98822736583,"CAFI_P017",25
"6488",2942.83233696723,"CAFI_P017",50
"6489",26255.3806455406,"CAFI_P017",100
"6490",-3285.78659492912,"CAFI_P017",25
"6491",8139.75410058617,"CAFI_P017",50
"6492",23753.8817559286,"CAFI_P017",100
"6493",-1405.24559510581,"CAFI_P017",25
"6494",-2049.12271903246,"CAFI_P017",50
"6495",25836.536176695,"CAFI_P017",100
"6496",25858.4632053606,"CAFI_P017",25
"6497",2600.85486000933,"CAFI_P017",50
"6498",2180.52683614695,"CAFI_P017",100
"6499",-6809.21125909442,"CAFI_P017",25
"6500",13789.9524480129,"CAFI_P017",50
"6501",6385.28022316203,"CAFI_P017",100
"6502",2451.13786481862,"CAFI_P017",25
"6503",-7035.9116739966,"CAFI_P017",50
"6504",3432.04355476989,"CAFI_P017",100
"6505",2867.23538785335,"CAFI_P017",25
"6506",-11811.3578854844,"CAFI_P017",50
"6507",-9180.20872922038,"CAFI_P017",100
"6508",1528.80423864641,"CAFI_P017",25
"6509",-5344.2801596988,"CAFI_P017",50
"6510",7041.39460342989,"CAFI_P017",100
"6511",828.763412099448,"CAFI_P017",25
"6512",-3188.09644494305,"CAFI_P017",50
"6513",27904.340687388,"CAFI_P017",100
"6514",9579.62586141925,"CAFI_P017",25
"6515",2596.15852106892,"CAFI_P017",50
"6516",1946.35770329711,"CAFI_P017",100
"6517",1150.2195812008,"CAFI_P017",25
"6518",6303.3137484414,"CAFI_P017",50
"6519",8567.85598075349,"CAFI_P017",100
"6520",2581.55632369616,"CAFI_P017",25
"6521",-2799.81693568348,"CAFI_P017",50
"6522",23830.4980526391,"CAFI_P017",100
"6523",3257.90985644248,"CAFI_P017",25
"6524",7519.43156175449,"CAFI_P017",50
"6525",29119.6482043708,"CAFI_P017",100
"6526",4986.56067811692,"CAFI_P017",25
"6527",21010.1773900717,"CAFI_P017",50
"6528",-4008.10422033188,"CAFI_P017",100
"6529",10251.141481457,"CAFI_P017",25
"6530",3191.19074456504,"CAFI_P017",50
"6531",24260.4881246357,"CAFI_P017",100
"6532",5955.33281130786,"CAFI_P017",25
"6533",22923.9999390327,"CAFI_P017",50
"6534",-16578.8964835952,"CAFI_P017",100
"6535",-5479.53709285695,"CAFI_P017",25
"6536",-4299.96262249775,"CAFI_P017",50
"6537",13803.0826608017,"CAFI_P017",100
"6538",1162.10004796536,"CAFI_P017",25
"6539",14037.8294846519,"CAFI_P017",50
"6540",15001.1266984329,"CAFI_P017",100
"6541",-2439.80195041012,"CAFI_P017",25
"6542",11130.6370689305,"CAFI_P017",50
"6543",-2559.61963822693,"CAFI_P017",100
"6544",-1459.80760307936,"CAFI_P017",25
"6545",14995.9826350418,"CAFI_P017",50
"6546",21269.938128008,"CAFI_P017",100
"6547",-4593.79739350395,"CAFI_P017",25
"6548",10936.3114100096,"CAFI_P017",50
"6549",19950.4959535094,"CAFI_P017",100
"6550",5181.75685682759,"CAFI_P017",25
"6551",28608.7422335026,"CAFI_P017",50
"6552",7880.95370610279,"CAFI_P017",100
"6553",12864.7299589966,"CAFI_P017",25
"6554",201.185524447821,"CAFI_P017",50
"6555",7680.8713069876,"CAFI_P017",100
"6556",1559.14488507534,"CAFI_P017",25
"6557",4468.17986109114,"CAFI_P017",50
"6558",-10935.1841757126,"CAFI_P017",100
"6559",-4766.91226621094,"CAFI_P017",25
"6560",10590.0204604443,"CAFI_P017",50
"6561",-6738.12850110931,"CAFI_P017",100
"6562",-5370.33945745957,"CAFI_P017",25
"6563",-1570.38768443506,"CAFI_P017",50
"6564",4000.90312648186,"CAFI_P017",100
"6565",859.248825232091,"CAFI_P017",25
"6566",-2423.16877969715,"CAFI_P017",50
"6567",17293.7855102341,"CAFI_P017",100
"6568",9682.83700284286,"CAFI_P017",25
"6569",-16381.9663250453,"CAFI_P017",50
"6570",9336.89301766764,"CAFI_P017",100
"6571",-12103.1354853222,"CAFI_P017",25
"6572",-6649.78334102675,"CAFI_P017",50
"6573",-6356.17217387859,"CAFI_P017",100
"6574",6694.53804918146,"CAFI_P017",25
"6575",11377.0753555455,"CAFI_P017",50
"6576",-2306.12667580869,"CAFI_P017",100
"6577",-435.802150403615,"CAFI_P017",25
"6578",1971.62404652021,"CAFI_P017",50
"6579",5564.24160019652,"CAFI_P017",100
"6580",-11944.9478853359,"CAFI_P017",25
"6581",-4880.53498639876,"CAFI_P017",50
"6582",9097.00123849331,"CAFI_P017",100
"6583",-2218.42525946622,"CAFI_P017",25
"6584",-4362.74224367371,"CAFI_P017",50
"6585",18551.758522872,"CAFI_P017",100
"6586",11881.3687046618,"CAFI_P017",25
"6587",-160.837917901226,"CAFI_P017",50
"6588",-4665.49680032081,"CAFI_P017",100
"6589",-6231.89783745492,"CAFI_P017",25
"6590",2103.49807496951,"CAFI_P017",50
"6591",-16178.9182436169,"CAFI_P017",100
"6592",-7141.09539553005,"CAFI_P017",25
"6593",-6478.70734014094,"CAFI_P017",50
"6594",10712.9992530142,"CAFI_P017",100
"6595",-690.855313149514,"CAFI_P017",25
"6596",13291.0170825843,"CAFI_P017",50
"6597",1031.31839462282,"CAFI_P017",100
"6598",-3654.95813208638,"CAFI_P017",25
"6599",5239.44680695579,"CAFI_P017",50
"6600",5016.04200966348,"CAFI_P017",100
"6601",17690.5309837051,"CAFI_P020",25
"6602",-26018.8348399536,"CAFI_P020",50
"6603",12974.4518186296,"CAFI_P020",100
"6604",-5451.36438535072,"CAFI_P020",25
"6605",-8759.80703027674,"CAFI_P020",50
"6606",-17441.887207909,"CAFI_P020",100
"6607",-29563.9062002895,"CAFI_P020",25
"6608",-8108.80172462098,"CAFI_P020",50
"6609",64186.329419593,"CAFI_P020",100
"6610",2888.39768455469,"CAFI_P020",25
"6611",20737.7546983177,"CAFI_P020",50
"6612",78856.5036446928,"CAFI_P020",100
"6613",-8691.27504924464,"CAFI_P020",25
"6614",33260.1083490019,"CAFI_P020",50
"6615",4254.09942668909,"CAFI_P020",100
"6616",-30243.4892733369,"CAFI_P020",25
"6617",40248.1062841926,"CAFI_P020",50
"6618",64960.3738043767,"CAFI_P020",100
"6619",-5259.57622578845,"CAFI_P020",25
"6620",-1925.05161143211,"CAFI_P020",50
"6621",15326.0998966807,"CAFI_P020",100
"6622",-10611.2842538983,"CAFI_P020",25
"6623",-28976.3731953733,"CAFI_P020",50
"6624",-14322.3425376541,"CAFI_P020",100
"6625",-23677.5012370619,"CAFI_P020",25
"6626",23322.1723019002,"CAFI_P020",50
"6627",65365.8705498177,"CAFI_P020",100
"6628",8562.90889710619,"CAFI_P020",25
"6629",3835.83965827548,"CAFI_P020",50
"6630",-51258.030220675,"CAFI_P020",100
"6631",25787.2437408434,"CAFI_P020",25
"6632",39569.8668056546,"CAFI_P020",50
"6633",18061.3749186981,"CAFI_P020",100
"6634",-10769.3562019126,"CAFI_P020",25
"6635",27553.9751834569,"CAFI_P020",50
"6636",45052.2105834793,"CAFI_P020",100
"6637",-1721.0423886663,"CAFI_P020",25
"6638",10643.5174477051,"CAFI_P020",50
"6639",-2771.95454978955,"CAFI_P020",100
"6640",-13104.0071840631,"CAFI_P020",25
"6641",-16771.1223515579,"CAFI_P020",50
"6642",-30695.4155989727,"CAFI_P020",100
"6643",-17759.0077844346,"CAFI_P020",25
"6644",65346.9167167557,"CAFI_P020",50
"6645",13654.518831308,"CAFI_P020",100
"6646",-17267.8795776248,"CAFI_P020",25
"6647",18036.0615266341,"CAFI_P020",50
"6648",-30670.7346715676,"CAFI_P020",100
"6649",3337.502379935,"CAFI_P020",25
"6650",-7759.44846244378,"CAFI_P020",50
"6651",-11465.8265643971,"CAFI_P020",100
"6652",2960.06242184096,"CAFI_P020",25
"6653",1345.9653217271,"CAFI_P020",50
"6654",37660.0585926055,"CAFI_P020",100
"6655",36827.0858835226,"CAFI_P020",25
"6656",9655.64579846605,"CAFI_P020",50
"6657",11361.2053794939,"CAFI_P020",100
"6658",-21140.7679227768,"CAFI_P020",25
"6659",114.47210341692,"CAFI_P020",50
"6660",-4270.85776005383,"CAFI_P020",100
"6661",-2668.94526850572,"CAFI_P020",25
"6662",-23921.4412516755,"CAFI_P020",50
"6663",-7456.87502168329,"CAFI_P020",100
"6664",9286.76567465975,"CAFI_P020",25
"6665",29783.3409236703,"CAFI_P020",50
"6666",-25986.9797420226,"CAFI_P020",100
"6667",35327.5007127713,"CAFI_P020",25
"6668",3479.0279928135,"CAFI_P020",50
"6669",126354.686098922,"CAFI_P020",100
"6670",5081.70635443204,"CAFI_P020",25
"6671",-16796.8050089765,"CAFI_P020",50
"6672",21012.085736559,"CAFI_P020",100
"6673",-30483.8860976698,"CAFI_P020",25
"6674",-35033.3553983653,"CAFI_P020",50
"6675",42752.5939192486,"CAFI_P020",100
"6676",-43760.9659041929,"CAFI_P020",25
"6677",17637.98490583,"CAFI_P020",50
"6678",-34803.3105108184,"CAFI_P020",100
"6679",19053.919265175,"CAFI_P020",25
"6680",4440.02202885586,"CAFI_P020",50
"6681",28672.9859488981,"CAFI_P020",100
"6682",-11639.7230468439,"CAFI_P020",25
"6683",39705.5694754758,"CAFI_P020",50
"6684",70761.6015961126,"CAFI_P020",100
"6685",495.984810144291,"CAFI_P020",25
"6686",361.551738812588,"CAFI_P020",50
"6687",-3422.39679445804,"CAFI_P020",100
"6688",-1390.83233832545,"CAFI_P020",25
"6689",44716.260851417,"CAFI_P020",50
"6690",-814.010935354396,"CAFI_P020",100
"6691",475.733385374653,"CAFI_P020",25
"6692",-27051.1441198051,"CAFI_P020",50
"6693",6842.59455344686,"CAFI_P020",100
"6694",-17520.5805683861,"CAFI_P020",25
"6695",38891.0888147438,"CAFI_P020",50
"6696",-14575.4750375587,"CAFI_P020",100
"6697",683.206423967145,"CAFI_P020",25
"6698",-29438.0420335392,"CAFI_P020",50
"6699",-3388.18877017999,"CAFI_P020",100
"6700",28242.0542845075,"CAFI_P020",25
"6701",33507.1306355924,"CAFI_P020",50
"6702",85365.7457795369,"CAFI_P020",100
"6703",10162.2889441953,"CAFI_P020",25
"6704",-4490.67157301027,"CAFI_P020",50
"6705",11508.2628319869,"CAFI_P020",100
"6706",-6232.46835414297,"CAFI_P020",25
"6707",39686.9339957106,"CAFI_P020",50
"6708",4465.96918191586,"CAFI_P020",100
"6709",-27235.7695467076,"CAFI_P020",25
"6710",-11014.2166390431,"CAFI_P020",50
"6711",-27096.4649212168,"CAFI_P020",100
"6712",7425.53367273381,"CAFI_P020",25
"6713",34834.8072869083,"CAFI_P020",50
"6714",40139.3060459011,"CAFI_P020",100
"6715",-28740.2515214822,"CAFI_P020",25
"6716",-31962.0048591811,"CAFI_P020",50
"6717",-11654.1361123933,"CAFI_P020",100
"6718",12940.6926959861,"CAFI_P020",25
"6719",9783.31935251504,"CAFI_P020",50
"6720",32879.5887344907,"CAFI_P020",100
"6721",-4450.68865080795,"CAFI_P020",25
"6722",6098.71197322046,"CAFI_P020",50
"6723",-29371.3270311096,"CAFI_P020",100
"6724",21915.0637027922,"CAFI_P020",25
"6725",18529.4192760236,"CAFI_P020",50
"6726",12855.0175451224,"CAFI_P020",100
"6727",7231.85484568216,"CAFI_P020",25
"6728",-27032.2295001418,"CAFI_P020",50
"6729",-21350.3413112548,"CAFI_P020",100
"6730",18292.4369975477,"CAFI_P020",25
"6731",52726.777502313,"CAFI_P020",50
"6732",58747.6396021059,"CAFI_P020",100
"6733",30110.5910871513,"CAFI_P020",25
"6734",30060.6131132779,"CAFI_P020",50
"6735",19181.9771867316,"CAFI_P020",100
"6736",-2754.70042110619,"CAFI_P020",25
"6737",63541.1050705253,"CAFI_P020",50
"6738",18311.162675933,"CAFI_P020",100
"6739",-21000.5886212082,"CAFI_P020",25
"6740",-44171.6510824831,"CAFI_P020",50
"6741",-16377.6857673316,"CAFI_P020",100
"6742",-10217.8426240716,"CAFI_P020",25
"6743",62421.0014863071,"CAFI_P020",50
"6744",16255.0703888332,"CAFI_P020",100
"6745",12427.0229779102,"CAFI_P020",25
"6746",16461.1047970356,"CAFI_P020",50
"6747",6447.65747404017,"CAFI_P020",100
"6748",-15129.7999332631,"CAFI_P020",25
"6749",-7860.96183089365,"CAFI_P020",50
"6750",17723.491767272,"CAFI_P020",100
"6751",-16048.6162756748,"CAFI_P020",25
"6752",-38606.0955668036,"CAFI_P020",50
"6753",45560.6854923276,"CAFI_P020",100
"6754",17569.5622382122,"CAFI_P020",25
"6755",25956.4515523496,"CAFI_P020",50
"6756",-33426.2598999408,"CAFI_P020",100
"6757",15464.7625180228,"CAFI_P020",25
"6758",-8061.55935734918,"CAFI_P020",50
"6759",43044.7647906898,"CAFI_P020",100
"6760",-16365.1595692466,"CAFI_P020",25
"6761",-2042.64317219355,"CAFI_P020",50
"6762",10660.3492189255,"CAFI_P020",100
"6763",27399.2465598338,"CAFI_P020",25
"6764",-42709.1827222736,"CAFI_P020",50
"6765",70308.370600335,"CAFI_P020",100
"6766",6.67107517225668,"CAFI_P020",25
"6767",30034.5564106304,"CAFI_P020",50
"6768",4160.57420381822,"CAFI_P020",100
"6769",3872.49966588104,"CAFI_P020",25
"6770",27555.9211322493,"CAFI_P020",50
"6771",-36351.5154896043,"CAFI_P020",100
"6772",-9355.65384959651,"CAFI_P020",25
"6773",-5628.45121541596,"CAFI_P020",50
"6774",-4679.24581838842,"CAFI_P020",100
"6775",-8244.79801875749,"CAFI_P020",25
"6776",-23842.5613268298,"CAFI_P020",50
"6777",-10782.2721317189,"CAFI_P020",100
"6778",36008.5783991946,"CAFI_P020",25
"6779",-5302.47650582157,"CAFI_P020",50
"6780",-13680.1674875568,"CAFI_P020",100
"6781",-476.643766586785,"CAFI_P020",25
"6782",-10344.0105966751,"CAFI_P020",50
"6783",29223.3790512304,"CAFI_P020",100
"6784",2947.0014421778,"CAFI_P020",25
"6785",11793.3665455388,"CAFI_P020",50
"6786",-6848.5672085043,"CAFI_P020",100
"6787",6014.25424972817,"CAFI_P020",25
"6788",35992.6225779522,"CAFI_P020",50
"6789",89655.1389948453,"CAFI_P020",100
"6790",20477.8250531184,"CAFI_P020",25
"6791",8963.15450382954,"CAFI_P020",50
"6792",25802.4168779068,"CAFI_P020",100
"6793",38521.6558417742,"CAFI_P020",25
"6794",15955.0483094722,"CAFI_P020",50
"6795",-19224.7082661537,"CAFI_P020",100
"6796",7897.96024606307,"CAFI_P020",25
"6797",-40557.8954264198,"CAFI_P020",50
"6798",34262.5808909379,"CAFI_P020",100
"6799",12520.3702076682,"CAFI_P020",25
"6800",-16447.3554962178,"CAFI_P020",50
"6801",49125.4642592608,"CAFI_P020",100
"6802",27586.9420555752,"CAFI_P020",25
"6803",34131.545728098,"CAFI_P020",50
"6804",2348.6932778355,"CAFI_P020",100
"6805",8378.54597931704,"CAFI_P020",25
"6806",-5277.80479100463,"CAFI_P020",50
"6807",-24611.2526911455,"CAFI_P020",100
"6808",15195.6506623828,"CAFI_P020",25
"6809",26013.4443162293,"CAFI_P020",50
"6810",9357.26915777591,"CAFI_P020",100
"6811",-9503.13286495674,"CAFI_P020",25
"6812",-351.20880586945,"CAFI_P020",50
"6813",-9707.39144052984,"CAFI_P020",100
"6814",15378.3678509261,"CAFI_P020",25
"6815",19558.9755276331,"CAFI_P020",50
"6816",10066.6820348384,"CAFI_P020",100
"6817",3657.81878875871,"CAFI_P020",25
"6818",-22459.4004361997,"CAFI_P020",50
"6819",50273.4008808553,"CAFI_P020",100
"6820",2411.88124017103,"CAFI_P020",25
"6821",2401.40249315207,"CAFI_P020",50
"6822",-7365.78487141454,"CAFI_P020",100
"6823",-20872.1206167545,"CAFI_P020",25
"6824",24158.9577006486,"CAFI_P020",50
"6825",-12194.9278289282,"CAFI_P020",100
"6826",-11030.0269232906,"CAFI_P020",25
"6827",54107.0267394234,"CAFI_P020",50
"6828",34021.9824677504,"CAFI_P020",100
"6829",21203.4697332492,"CAFI_P020",25
"6830",-7554.46536561335,"CAFI_P020",50
"6831",-718.379976643133,"CAFI_P020",100
"6832",34673.6966945503,"CAFI_P020",25
"6833",10326.7840083528,"CAFI_P020",50
"6834",60992.7952716687,"CAFI_P020",100
"6835",19887.2942660099,"CAFI_P020",25
"6836",-12631.5457724754,"CAFI_P020",50
"6837",7109.44170690188,"CAFI_P020",100
"6838",-2161.1192758166,"CAFI_P020",25
"6839",43097.3305575819,"CAFI_P020",50
"6840",14141.5300136341,"CAFI_P020",100
"6841",1017.99135281867,"CAFI_P020",25
"6842",-11893.8256937517,"CAFI_P020",50
"6843",-43820.2156143505,"CAFI_P020",100
"6844",-24235.4812005956,"CAFI_P020",25
"6845",45492.0209795272,"CAFI_P020",50
"6846",11623.1550886896,"CAFI_P020",100
"6847",28962.1822557282,"CAFI_P020",25
"6848",-28479.0442443271,"CAFI_P020",50
"6849",21516.753390429,"CAFI_P020",100
"6850",16384.5848377565,"CAFI_P020",25
"6851",35633.1062166234,"CAFI_P020",50
"6852",-42462.7640188391,"CAFI_P020",100
"6853",5901.02750911424,"CAFI_P020",25
"6854",-39148.8150988552,"CAFI_P020",50
"6855",63379.1480542201,"CAFI_P020",100
"6856",-25985.39427762,"CAFI_P020",25
"6857",-19745.6363427321,"CAFI_P020",50
"6858",-14275.7276055616,"CAFI_P020",100
"6859",52634.2771138097,"CAFI_P020",25
"6860",22623.0015972737,"CAFI_P020",50
"6861",-4926.18745585403,"CAFI_P020",100
"6862",5874.20041396469,"CAFI_P020",25
"6863",13217.6973050899,"CAFI_P020",50
"6864",854.240493795602,"CAFI_P020",100
"6865",11694.8962951229,"CAFI_P020",25
"6866",20617.360123123,"CAFI_P020",50
"6867",43424.9896258827,"CAFI_P020",100
"6868",-1671.82033239037,"CAFI_P020",25
"6869",-9903.96109112923,"CAFI_P020",50
"6870",44409.9879247776,"CAFI_P020",100
"6871",110.911572916433,"CAFI_P020",25
"6872",-45555.4761302462,"CAFI_P020",50
"6873",20491.1972299437,"CAFI_P020",100
"6874",-21767.1362623682,"CAFI_P020",25
"6875",22330.344804023,"CAFI_P020",50
"6876",-210.600690308493,"CAFI_P020",100
"6877",-30065.1867921492,"CAFI_P020",25
"6878",51160.7870626973,"CAFI_P020",50
"6879",40605.8919544284,"CAFI_P020",100
"6880",2897.41330797982,"CAFI_P020",25
"6881",87399.5345376981,"CAFI_P020",50
"6882",-5373.42148543638,"CAFI_P020",100
"6883",20426.6790416678,"CAFI_P020",25
"6884",22577.2711654454,"CAFI_P020",50
"6885",59067.4964508973,"CAFI_P020",100
"6886",-37748.1490495669,"CAFI_P020",25
"6887",-21780.13493918,"CAFI_P020",50
"6888",-8854.33706333057,"CAFI_P020",100
"6889",2964.28851564077,"CAFI_P020",25
"6890",11706.2409468483,"CAFI_P020",50
"6891",-21895.5550906782,"CAFI_P020",100
"6892",2609.94113886636,"CAFI_P020",25
"6893",-32727.4294028531,"CAFI_P020",50
"6894",-45556.6071954737,"CAFI_P020",100
"6895",26181.4832639232,"CAFI_P020",25
"6896",5552.26761904918,"CAFI_P020",50
"6897",-27428.9981852149,"CAFI_P020",100
"6898",10641.3468102298,"CAFI_P020",25
"6899",-4340.0031585932,"CAFI_P020",50
"6900",21639.3584303744,"CAFI_P020",100
"6901",4141.16003989085,"CAFI_P021",25
"6902",677.363925131853,"CAFI_P021",50
"6903",-3776.03556739842,"CAFI_P021",100
"6904",-919.518876059272,"CAFI_P021",25
"6905",-8713.17165405018,"CAFI_P021",50
"6906",-21210.4348877081,"CAFI_P021",100
"6907",-5190.21022344189,"CAFI_P021",25
"6908",-11608.8894786006,"CAFI_P021",50
"6909",-16693.4956641344,"CAFI_P021",100
"6910",-4420.24712930515,"CAFI_P021",25
"6911",-33.8319869684055,"CAFI_P021",50
"6912",-14132.1013858872,"CAFI_P021",100
"6913",-13882.6915686229,"CAFI_P021",25
"6914",-16581.1147798843,"CAFI_P021",50
"6915",-10164.4767207457,"CAFI_P021",100
"6916",-13314.6528525618,"CAFI_P021",25
"6917",-9129.43967746652,"CAFI_P021",50
"6918",-7349.50065183063,"CAFI_P021",100
"6919",-5266.86190884438,"CAFI_P021",25
"6920",-4503.59705871495,"CAFI_P021",50
"6921",-10357.1740423639,"CAFI_P021",100
"6922",-2704.95635019854,"CAFI_P021",25
"6923",-8102.70108487667,"CAFI_P021",50
"6924",5095.41716742201,"CAFI_P021",100
"6925",-485.508795059402,"CAFI_P021",25
"6926",-9436.39792671712,"CAFI_P021",50
"6927",-19876.2248740958,"CAFI_P021",100
"6928",875.313098971383,"CAFI_P021",25
"6929",-12219.3972499974,"CAFI_P021",50
"6930",-8992.751605784,"CAFI_P021",100
"6931",-1904.98612722644,"CAFI_P021",25
"6932",-6868.42908048339,"CAFI_P021",50
"6933",-16872.4826335853,"CAFI_P021",100
"6934",8333.81167394633,"CAFI_P021",25
"6935",-11368.5799619745,"CAFI_P021",50
"6936",-15050.8588756575,"CAFI_P021",100
"6937",-1557.17745680059,"CAFI_P021",25
"6938",-3087.74224563857,"CAFI_P021",50
"6939",-13616.3307590968,"CAFI_P021",100
"6940",-5896.98472809338,"CAFI_P021",25
"6941",-19787.9985511913,"CAFI_P021",50
"6942",-15104.5408171497,"CAFI_P021",100
"6943",202.008100647479,"CAFI_P021",25
"6944",9538.80642378388,"CAFI_P021",50
"6945",-19781.2201687443,"CAFI_P021",100
"6946",2689.27749901096,"CAFI_P021",25
"6947",2604.07612209214,"CAFI_P021",50
"6948",-1647.54154446954,"CAFI_P021",100
"6949",-4734.45013378747,"CAFI_P021",25
"6950",-15497.019243982,"CAFI_P021",50
"6951",-12414.1938153683,"CAFI_P021",100
"6952",1017.21423064946,"CAFI_P021",25
"6953",17776.4951362791,"CAFI_P021",50
"6954",-4418.12426338723,"CAFI_P021",100
"6955",4545.60152492952,"CAFI_P021",25
"6956",-13005.351552961,"CAFI_P021",50
"6957",-8905.80847810965,"CAFI_P021",100
"6958",-12200.7130660329,"CAFI_P021",25
"6959",-2448.73034286784,"CAFI_P021",50
"6960",-9879.18513738731,"CAFI_P021",100
"6961",-7403.69002103305,"CAFI_P021",25
"6962",12174.6123462757,"CAFI_P021",50
"6963",-6036.88808252651,"CAFI_P021",100
"6964",-5947.38119189575,"CAFI_P021",25
"6965",-4843.08720451168,"CAFI_P021",50
"6966",361.283719979867,"CAFI_P021",100
"6967",5505.28005634202,"CAFI_P021",25
"6968",-13318.3885142489,"CAFI_P021",50
"6969",-5181.36885740055,"CAFI_P021",100
"6970",8078.44168418605,"CAFI_P021",25
"6971",-5758.44360724062,"CAFI_P021",50
"6972",-14781.0506008407,"CAFI_P021",100
"6973",-10423.0844220543,"CAFI_P021",25
"6974",3579.06114905042,"CAFI_P021",50
"6975",-8965.92199689924,"CAFI_P021",100
"6976",9504.1126789627,"CAFI_P021",25
"6977",-13155.7911454632,"CAFI_P021",50
"6978",-4525.12982802041,"CAFI_P021",100
"6979",4836.04646746186,"CAFI_P021",25
"6980",-12143.0265083977,"CAFI_P021",50
"6981",-924.013171236031,"CAFI_P021",100
"6982",-3156.31343892275,"CAFI_P021",25
"6983",-1383.55140116019,"CAFI_P021",50
"6984",2806.33869075833,"CAFI_P021",100
"6985",-1031.18901939387,"CAFI_P021",25
"6986",-12441.4586938333,"CAFI_P021",50
"6987",-17181.2482210507,"CAFI_P021",100
"6988",-12525.6752654814,"CAFI_P021",25
"6989",-1526.31863586011,"CAFI_P021",50
"6990",-4545.25227665674,"CAFI_P021",100
"6991",1056.01098302461,"CAFI_P021",25
"6992",-6039.66789546655,"CAFI_P021",50
"6993",-3687.45057991106,"CAFI_P021",100
"6994",-5535.56064583216,"CAFI_P021",25
"6995",-12095.0081625687,"CAFI_P021",50
"6996",-19176.408392219,"CAFI_P021",100
"6997",-4890.59525526298,"CAFI_P021",25
"6998",9226.78067076544,"CAFI_P021",50
"6999",-12176.4857714131,"CAFI_P021",100
"7000",-13289.4260854413,"CAFI_P021",25
"7001",-18940.1635307417,"CAFI_P021",50
"7002",-26244.2769543419,"CAFI_P021",100
"7003",-1239.85016373493,"CAFI_P021",25
"7004",-15664.4548208384,"CAFI_P021",50
"7005",-16298.5673406947,"CAFI_P021",100
"7006",8000.7328478102,"CAFI_P021",25
"7007",-7920.15653007111,"CAFI_P021",50
"7008",6718.7989097634,"CAFI_P021",100
"7009",-1223.65643511346,"CAFI_P021",25
"7010",-16364.5230692778,"CAFI_P021",50
"7011",-13126.6397476787,"CAFI_P021",100
"7012",-2458.860204647,"CAFI_P021",25
"7013",-3391.28067501297,"CAFI_P021",50
"7014",-25795.8696512076,"CAFI_P021",100
"7015",-12483.7944357535,"CAFI_P021",25
"7016",-12348.7427776248,"CAFI_P021",50
"7017",-5234.72763635084,"CAFI_P021",100
"7018",-20.3796268468141,"CAFI_P021",25
"7019",-2207.76290227857,"CAFI_P021",50
"7020",-18734.3994821137,"CAFI_P021",100
"7021",9296.25503707869,"CAFI_P021",25
"7022",259.815383292211,"CAFI_P021",50
"7023",-983.925245598366,"CAFI_P021",100
"7024",945.849786512961,"CAFI_P021",25
"7025",-1907.51280934754,"CAFI_P021",50
"7026",-12728.1988700214,"CAFI_P021",100
"7027",-7287.87834748381,"CAFI_P021",25
"7028",-5051.04175857775,"CAFI_P021",50
"7029",-22398.2719285817,"CAFI_P021",100
"7030",2530.49088046973,"CAFI_P021",25
"7031",1898.56855101278,"CAFI_P021",50
"7032",10944.8564505701,"CAFI_P021",100
"7033",-3694.737473691,"CAFI_P021",25
"7034",7563.46182344563,"CAFI_P021",50
"7035",-2126.04957898438,"CAFI_P021",100
"7036",-2338.28065461997,"CAFI_P021",25
"7037",-10716.7106999815,"CAFI_P021",50
"7038",-15413.0388122364,"CAFI_P021",100
"7039",-6109.09920786385,"CAFI_P021",25
"7040",3105.22054292762,"CAFI_P021",50
"7041",-9618.21429199941,"CAFI_P021",100
"7042",-17787.7048676023,"CAFI_P021",25
"7043",6569.59839223756,"CAFI_P021",50
"7044",-19152.9589549746,"CAFI_P021",100
"7045",-918.435966635123,"CAFI_P021",25
"7046",-11647.759958685,"CAFI_P021",50
"7047",-11955.1454149326,"CAFI_P021",100
"7048",-3062.67691452958,"CAFI_P021",25
"7049",-6059.42309815675,"CAFI_P021",50
"7050",-5634.22419721785,"CAFI_P021",100
"7051",3676.75668059289,"CAFI_P021",25
"7052",-16551.0650021657,"CAFI_P021",50
"7053",-6393.90683916141,"CAFI_P021",100
"7054",7636.99130735092,"CAFI_P021",25
"7055",-14886.5366952103,"CAFI_P021",50
"7056",-1275.61557701678,"CAFI_P021",100
"7057",-3771.63704136934,"CAFI_P021",25
"7058",-5325.18440789654,"CAFI_P021",50
"7059",-7561.01135602401,"CAFI_P021",100
"7060",-2674.13826276339,"CAFI_P021",25
"7061",-6981.16246961046,"CAFI_P021",50
"7062",-16672.3152027132,"CAFI_P021",100
"7063",-2007.03277895233,"CAFI_P021",25
"7064",-12883.8677023764,"CAFI_P021",50
"7065",5580.08097647136,"CAFI_P021",100
"7066",-10860.8297834974,"CAFI_P021",25
"7067",-11536.2157436,"CAFI_P021",50
"7068",-21821.3081751637,"CAFI_P021",100
"7069",-9022.42141286435,"CAFI_P021",25
"7070",-2924.23613080138,"CAFI_P021",50
"7071",-12843.6187938263,"CAFI_P021",100
"7072",-7657.78812269517,"CAFI_P021",25
"7073",-14915.9565475986,"CAFI_P021",50
"7074",4521.89014687511,"CAFI_P021",100
"7075",-3554.16323923104,"CAFI_P021",25
"7076",-13937.8946970062,"CAFI_P021",50
"7077",-16311.7660755371,"CAFI_P021",100
"7078",-10236.2424396212,"CAFI_P021",25
"7079",-2184.71093790757,"CAFI_P021",50
"7080",-10976.7763260766,"CAFI_P021",100
"7081",-379.783338079054,"CAFI_P021",25
"7082",-16614.3917493928,"CAFI_P021",50
"7083",5982.26585661271,"CAFI_P021",100
"7084",-1758.50718196039,"CAFI_P021",25
"7085",-6726.83901098307,"CAFI_P021",50
"7086",-18614.9562600811,"CAFI_P021",100
"7087",3490.43790868286,"CAFI_P021",25
"7088",5573.58381071407,"CAFI_P021",50
"7089",-11923.5599687319,"CAFI_P021",100
"7090",-4146.0880616933,"CAFI_P021",25
"7091",-5322.32620187593,"CAFI_P021",50
"7092",-7606.50504830282,"CAFI_P021",100
"7093",2184.38082568871,"CAFI_P021",25
"7094",-1260.75385181123,"CAFI_P021",50
"7095",-5045.34475612058,"CAFI_P021",100
"7096",-2035.16682826914,"CAFI_P021",25
"7097",-2823.90420758096,"CAFI_P021",50
"7098",-16396.4086134434,"CAFI_P021",100
"7099",2334.48434337729,"CAFI_P021",25
"7100",-12641.3556079823,"CAFI_P021",50
"7101",-14434.7339350047,"CAFI_P021",100
"7102",-9491.37338028592,"CAFI_P021",25
"7103",1957.6769960018,"CAFI_P021",50
"7104",-16525.7850687032,"CAFI_P021",100
"7105",-5481.76100077911,"CAFI_P021",25
"7106",-4130.92563414818,"CAFI_P021",50
"7107",-16586.1089979354,"CAFI_P021",100
"7108",-4995.25000785931,"CAFI_P021",25
"7109",-793.650515675137,"CAFI_P021",50
"7110",-8201.59088201827,"CAFI_P021",100
"7111",3527.07315635495,"CAFI_P021",25
"7112",-12514.7047299941,"CAFI_P021",50
"7113",-9663.46529516607,"CAFI_P021",100
"7114",-2396.54997756763,"CAFI_P021",25
"7115",841.520724550763,"CAFI_P021",50
"7116",-12517.6075538567,"CAFI_P021",100
"7117",-7908.95376719529,"CAFI_P021",25
"7118",2192.78124684579,"CAFI_P021",50
"7119",-16389.5758993449,"CAFI_P021",100
"7120",-10044.5502939644,"CAFI_P021",25
"7121",4415.94148588716,"CAFI_P021",50
"7122",-10446.8283931847,"CAFI_P021",100
"7123",-4151.75730826048,"CAFI_P021",25
"7124",5994.43858276162,"CAFI_P021",50
"7125",-6681.01462192036,"CAFI_P021",100
"7126",800.756332371675,"CAFI_P021",25
"7127",-4900.04998592642,"CAFI_P021",50
"7128",-15801.2796266358,"CAFI_P021",100
"7129",-68.7281410396681,"CAFI_P021",25
"7130",-7886.07762003818,"CAFI_P021",50
"7131",-12765.7760471,"CAFI_P021",100
"7132",-2717.14683888375,"CAFI_P021",25
"7133",-7602.16761410475,"CAFI_P021",50
"7134",-18759.0325809509,"CAFI_P021",100
"7135",-983.618386824033,"CAFI_P021",25
"7136",-3535.97868380544,"CAFI_P021",50
"7137",-20955.5919647851,"CAFI_P021",100
"7138",-1031.44241547032,"CAFI_P021",25
"7139",6133.13132644165,"CAFI_P021",50
"7140",-16367.5584027514,"CAFI_P021",100
"7141",-2138.40635578707,"CAFI_P021",25
"7142",-10435.3717278609,"CAFI_P021",50
"7143",-17458.9612388207,"CAFI_P021",100
"7144",617.033922435425,"CAFI_P021",25
"7145",7840.77843212854,"CAFI_P021",50
"7146",-25208.0859315137,"CAFI_P021",100
"7147",5015.81788367004,"CAFI_P021",25
"7148",7672.36057946522,"CAFI_P021",50
"7149",-5209.0972456598,"CAFI_P021",100
"7150",-6461.36158235295,"CAFI_P021",25
"7151",-11987.0647146317,"CAFI_P021",50
"7152",-839.947256724001,"CAFI_P021",100
"7153",-1100.75263628474,"CAFI_P021",25
"7154",-13586.1271179633,"CAFI_P021",50
"7155",-5797.69331766665,"CAFI_P021",100
"7156",-1501.70940483396,"CAFI_P021",25
"7157",-9101.01992565871,"CAFI_P021",50
"7158",-7769.50245625142,"CAFI_P021",100
"7159",-822.639981854765,"CAFI_P021",25
"7160",-16183.389467166,"CAFI_P021",50
"7161",-15941.2170041091,"CAFI_P021",100
"7162",-102.959896704648,"CAFI_P021",25
"7163",-5408.39759613603,"CAFI_P021",50
"7164",-14527.0121967255,"CAFI_P021",100
"7165",-2662.41522247944,"CAFI_P021",25
"7166",12019.1494661011,"CAFI_P021",50
"7167",-16670.2783975406,"CAFI_P021",100
"7168",-7649.65361420659,"CAFI_P021",25
"7169",-14143.8370755012,"CAFI_P021",50
"7170",-17653.8949662416,"CAFI_P021",100
"7171",-1712.08281503362,"CAFI_P021",25
"7172",2643.12806215999,"CAFI_P021",50
"7173",-11595.6724889692,"CAFI_P021",100
"7174",-5338.32175513712,"CAFI_P021",25
"7175",4064.6533153787,"CAFI_P021",50
"7176",-19635.5640280487,"CAFI_P021",100
"7177",-19.5652833066997,"CAFI_P021",25
"7178",-9184.23398583551,"CAFI_P021",50
"7179",-13647.9848903317,"CAFI_P021",100
"7180",-173.118386301736,"CAFI_P021",25
"7181",-10003.7520623276,"CAFI_P021",50
"7182",-4222.15670418483,"CAFI_P021",100
"7183",-9510.53655902948,"CAFI_P021",25
"7184",-17521.0058761137,"CAFI_P021",50
"7185",-18737.091312872,"CAFI_P021",100
"7186",-2394.30050714128,"CAFI_P021",25
"7187",2294.50063881581,"CAFI_P021",50
"7188",-13294.9710436634,"CAFI_P021",100
"7189",1012.72012822778,"CAFI_P021",25
"7190",-17202.6504985659,"CAFI_P021",50
"7191",-2050.19727268815,"CAFI_P021",100
"7192",-3886.75727678312,"CAFI_P021",25
"7193",-16964.5006280863,"CAFI_P021",50
"7194",-16541.6817582124,"CAFI_P021",100
"7195",-9849.9727058101,"CAFI_P021",25
"7196",-377.290225578996,"CAFI_P021",50
"7197",-10952.7207374568,"CAFI_P021",100
"7198",1371.66043984413,"CAFI_P021",25
"7199",-9486.45842740953,"CAFI_P021",50
"7200",-8916.06824599457,"CAFI_P021",100
"7201",4838.4057130545,"CAFI_P022",25
"7202",84.0004065548128,"CAFI_P022",50
"7203",31455.6446766418,"CAFI_P022",100
"7204",448.082803698489,"CAFI_P022",25
"7205",-467.338307873026,"CAFI_P022",50
"7206",-551.572786736215,"CAFI_P022",100
"7207",730.327194612677,"CAFI_P022",25
"7208",-767.904709506081,"CAFI_P022",50
"7209",11328.6322426268,"CAFI_P022",100
"7210",-9.19577095544082,"CAFI_P022",25
"7211",553.060196035774,"CAFI_P022",50
"7212",12830.5190731411,"CAFI_P022",100
"7213",578.525130447088,"CAFI_P022",25
"7214",3053.65721344858,"CAFI_P022",50
"7215",4938.24941936583,"CAFI_P022",100
"7216",6676.01289980032,"CAFI_P022",25
"7217",6904.75399058626,"CAFI_P022",50
"7218",1568.32559678997,"CAFI_P022",100
"7219",771.236088459438,"CAFI_P022",25
"7220",433.571467328264,"CAFI_P022",50
"7221",4505.81175071781,"CAFI_P022",100
"7222",4653.97053603438,"CAFI_P022",25
"7223",6217.08958667479,"CAFI_P022",50
"7224",8078.31253237053,"CAFI_P022",100
"7225",-127.677275267401,"CAFI_P022",25
"7226",988.722314459446,"CAFI_P022",50
"7227",5300.88542014486,"CAFI_P022",100
"7228",375.245458630205,"CAFI_P022",25
"7229",7257.4266768294,"CAFI_P022",50
"7230",1804.55023344638,"CAFI_P022",100
"7231",4778.34330767425,"CAFI_P022",25
"7232",1226.58331514249,"CAFI_P022",50
"7233",236.541393207823,"CAFI_P022",100
"7234",503.366104635817,"CAFI_P022",25
"7235",9285.77701079444,"CAFI_P022",50
"7236",-66.4453052478784,"CAFI_P022",100
"7237",1252.20439223823,"CAFI_P022",25
"7238",2173.04544544683,"CAFI_P022",50
"7239",2071.80472731948,"CAFI_P022",100
"7240",456.400172485999,"CAFI_P022",25
"7241",-145.358443661389,"CAFI_P022",50
"7242",2801.84805925674,"CAFI_P022",100
"7243",-75.1442281287746,"CAFI_P022",25
"7244",9825.45570693788,"CAFI_P022",50
"7245",987.5283060621,"CAFI_P022",100
"7246",-187.652656026621,"CAFI_P022",25
"7247",1368.59823754602,"CAFI_P022",50
"7248",5634.77133670403,"CAFI_P022",100
"7249",2267.19934550495,"CAFI_P022",25
"7250",650.699414571776,"CAFI_P022",50
"7251",1228.20666397881,"CAFI_P022",100
"7252",4100.99202376269,"CAFI_P022",25
"7253",13254.4019203477,"CAFI_P022",50
"7254",21386.1506059598,"CAFI_P022",100
"7255",391.54379194646,"CAFI_P022",25
"7256",722.299825239199,"CAFI_P022",50
"7257",10279.7224326722,"CAFI_P022",100
"7258",4099.99977723529,"CAFI_P022",25
"7259",345.780633977178,"CAFI_P022",50
"7260",2759.84195414771,"CAFI_P022",100
"7261",7444.25855438007,"CAFI_P022",25
"7262",-512.035011057014,"CAFI_P022",50
"7263",4201.00278536379,"CAFI_P022",100
"7264",3556.11360133512,"CAFI_P022",25
"7265",3743.44040987542,"CAFI_P022",50
"7266",2959.88302443858,"CAFI_P022",100
"7267",190.945386045903,"CAFI_P022",25
"7268",9220.73124261264,"CAFI_P022",50
"7269",2255.34070092495,"CAFI_P022",100
"7270",9852.51789038876,"CAFI_P022",25
"7271",9892.08261493093,"CAFI_P022",50
"7272",1113.34257987925,"CAFI_P022",100
"7273",448.789948045276,"CAFI_P022",25
"7274",787.840617310663,"CAFI_P022",50
"7275",1931.45244764668,"CAFI_P022",100
"7276",1134.332401283,"CAFI_P022",25
"7277",2754.32080221857,"CAFI_P022",50
"7278",2627.8186112968,"CAFI_P022",100
"7279",483.648680880549,"CAFI_P022",25
"7280",-688.114131262322,"CAFI_P022",50
"7281",2597.26978966067,"CAFI_P022",100
"7282",7093.86671660468,"CAFI_P022",25
"7283",-425.21075655098,"CAFI_P022",50
"7284",16413.6511666269,"CAFI_P022",100
"7285",95.3365982772666,"CAFI_P022",25
"7286",238.819102671143,"CAFI_P022",50
"7287",1030.77722322065,"CAFI_P022",100
"7288",-601.671184426959,"CAFI_P022",25
"7289",244.679830344481,"CAFI_P022",50
"7290",867.045347300183,"CAFI_P022",100
"7291",-681.948049901868,"CAFI_P022",25
"7292",1278.17163264967,"CAFI_P022",50
"7293",8440.76946704116,"CAFI_P022",100
"7294",704.299505620205,"CAFI_P022",25
"7295",2403.0864418204,"CAFI_P022",50
"7296",5011.75004348825,"CAFI_P022",100
"7297",334.338013377826,"CAFI_P022",25
"7298",-76.8659933721356,"CAFI_P022",50
"7299",-975.885280293034,"CAFI_P022",100
"7300",656.231307961076,"CAFI_P022",25
"7301",631.461822634301,"CAFI_P022",50
"7302",1035.3556737183,"CAFI_P022",100
"7303",-201.06089346559,"CAFI_P022",25
"7304",235.899925122299,"CAFI_P022",50
"7305",11550.9864461024,"CAFI_P022",100
"7306",-728.849609731114,"CAFI_P022",25
"7307",58.2819567250845,"CAFI_P022",50
"7308",3467.12926408998,"CAFI_P022",100
"7309",204.659758754395,"CAFI_P022",25
"7310",760.578220557101,"CAFI_P022",50
"7311",7762.98422536624,"CAFI_P022",100
"7312",238.30029497543,"CAFI_P022",25
"7313",862.48454968867,"CAFI_P022",50
"7314",147.709001383715,"CAFI_P022",100
"7315",3503.15802179344,"CAFI_P022",25
"7316",-581.309181373625,"CAFI_P022",50
"7317",11757.5885128636,"CAFI_P022",100
"7318",12590.3243792794,"CAFI_P022",25
"7319",3058.78424153334,"CAFI_P022",50
"7320",2228.51050882414,"CAFI_P022",100
"7321",2972.43383396848,"CAFI_P022",25
"7322",2057.57270848958,"CAFI_P022",50
"7323",2424.34632526356,"CAFI_P022",100
"7324",1144.17577126829,"CAFI_P022",25
"7325",4544.69004684885,"CAFI_P022",50
"7326",4016.53318206393,"CAFI_P022",100
"7327",-167.446585259459,"CAFI_P022",25
"7328",9333.58420381256,"CAFI_P022",50
"7329",1690.79211534606,"CAFI_P022",100
"7330",2523.1540872943,"CAFI_P022",25
"7331",4618.97339556596,"CAFI_P022",50
"7332",2955.2478077058,"CAFI_P022",100
"7333",6101.91795990968,"CAFI_P022",25
"7334",7842.69210557576,"CAFI_P022",50
"7335",766.003971938248,"CAFI_P022",100
"7336",1432.26692100894,"CAFI_P022",25
"7337",851.944922559633,"CAFI_P022",50
"7338",2437.74228678763,"CAFI_P022",100
"7339",4235.62020343539,"CAFI_P022",25
"7340",159.371273838537,"CAFI_P022",50
"7341",19210.4930431779,"CAFI_P022",100
"7342",575.935799579311,"CAFI_P022",25
"7343",-338.540689168789,"CAFI_P022",50
"7344",23936.7186464078,"CAFI_P022",100
"7345",777.766555799026,"CAFI_P022",25
"7346",845.130440103385,"CAFI_P022",50
"7347",6948.03335041468,"CAFI_P022",100
"7348",3464.59703078819,"CAFI_P022",25
"7349",1768.45579040612,"CAFI_P022",50
"7350",8981.26151473739,"CAFI_P022",100
"7351",275.864331040939,"CAFI_P022",25
"7352",339.172328153247,"CAFI_P022",50
"7353",9155.54959545497,"CAFI_P022",100
"7354",-456.683080147573,"CAFI_P022",25
"7355",-88.6855622040457,"CAFI_P022",50
"7356",2370.13957859806,"CAFI_P022",100
"7357",155.475939747615,"CAFI_P022",25
"7358",575.830660615204,"CAFI_P022",50
"7359",7428.52292775866,"CAFI_P022",100
"7360",4389.06451470192,"CAFI_P022",25
"7361",16856.6179352496,"CAFI_P022",50
"7362",18179.5506059859,"CAFI_P022",100
"7363",1401.50175739109,"CAFI_P022",25
"7364",393.622179857019,"CAFI_P022",50
"7365",4159.64664377572,"CAFI_P022",100
"7366",-580.068588217458,"CAFI_P022",25
"7367",425.31650740208,"CAFI_P022",50
"7368",5192.82462659455,"CAFI_P022",100
"7369",6411.16670987697,"CAFI_P022",25
"7370",9135.07259423984,"CAFI_P022",50
"7371",3243.4283473079,"CAFI_P022",100
"7372",3623.11689057385,"CAFI_P022",25
"7373",1539.07046624678,"CAFI_P022",50
"7374",-130.940493132861,"CAFI_P022",100
"7375",-610.178624471533,"CAFI_P022",25
"7376",830.455477597017,"CAFI_P022",50
"7377",24.9353549782245,"CAFI_P022",100
"7378",-534.361105332151,"CAFI_P022",25
"7379",4304.25378126654,"CAFI_P022",50
"7380",557.28858916997,"CAFI_P022",100
"7381",-575.857218003308,"CAFI_P022",25
"7382",21.8846581228427,"CAFI_P022",50
"7383",2771.42613772748,"CAFI_P022",100
"7384",645.34760832123,"CAFI_P022",25
"7385",-214.632317912619,"CAFI_P022",50
"7386",15915.6890175588,"CAFI_P022",100
"7387",191.841710163688,"CAFI_P022",25
"7388",4959.8590874786,"CAFI_P022",50
"7389",679.103768921195,"CAFI_P022",100
"7390",847.023944959423,"CAFI_P022",25
"7391",2829.22767286483,"CAFI_P022",50
"7392",11869.5966716346,"CAFI_P022",100
"7393",239.893195340002,"CAFI_P022",25
"7394",4476.92490044946,"CAFI_P022",50
"7395",485.20678175654,"CAFI_P022",100
"7396",-500.065098240186,"CAFI_P022",25
"7397",-599.408044019219,"CAFI_P022",50
"7398",2705.54326479771,"CAFI_P022",100
"7399",3210.94269349377,"CAFI_P022",25
"7400",6396.15097871909,"CAFI_P022",50
"7401",-965.931494885415,"CAFI_P022",100
"7402",-274.576467064238,"CAFI_P022",25
"7403",-419.999823962629,"CAFI_P022",50
"7404",-159.131619681808,"CAFI_P022",100
"7405",9432.45060673464,"CAFI_P022",25
"7406",14747.0001654112,"CAFI_P022",50
"7407",1052.72603900524,"CAFI_P022",100
"7408",3123.10738936998,"CAFI_P022",25
"7409",-275.424058297038,"CAFI_P022",50
"7410",2354.02139227057,"CAFI_P022",100
"7411",5.95298463667859,"CAFI_P022",25
"7412",-477.083880680264,"CAFI_P022",50
"7413",8886.22739386334,"CAFI_P022",100
"7414",627.805178067123,"CAFI_P022",25
"7415",885.277813115827,"CAFI_P022",50
"7416",16848.3964011105,"CAFI_P022",100
"7417",-75.8850572562951,"CAFI_P022",25
"7418",2577.64896997958,"CAFI_P022",50
"7419",3231.30430199712,"CAFI_P022",100
"7420",9594.16151009192,"CAFI_P022",25
"7421",-225.811181535712,"CAFI_P022",50
"7422",5601.92860974075,"CAFI_P022",100
"7423",-479.596063809498,"CAFI_P022",25
"7424",-330.831478653679,"CAFI_P022",50
"7425",3120.97002657998,"CAFI_P022",100
"7426",-569.115648771811,"CAFI_P022",25
"7427",1970.6888773916,"CAFI_P022",50
"7428",690.831378318893,"CAFI_P022",100
"7429",-73.4525267168647,"CAFI_P022",25
"7430",2542.21088628404,"CAFI_P022",50
"7431",1954.15836013996,"CAFI_P022",100
"7432",751.228765230073,"CAFI_P022",25
"7433",915.64052966336,"CAFI_P022",50
"7434",20004.7641881147,"CAFI_P022",100
"7435",147.028062140307,"CAFI_P022",25
"7436",298.505637156486,"CAFI_P022",50
"7437",913.748212058941,"CAFI_P022",100
"7438",1079.91609728095,"CAFI_P022",25
"7439",2354.52680506429,"CAFI_P022",50
"7440",12061.5367491881,"CAFI_P022",100
"7441",371.950981308124,"CAFI_P022",25
"7442",448.467719171604,"CAFI_P022",50
"7443",9163.14915768759,"CAFI_P022",100
"7444",1301.80729918636,"CAFI_P022",25
"7445",1203.35909248493,"CAFI_P022",50
"7446",3445.46068614844,"CAFI_P022",100
"7447",19941.4902312387,"CAFI_P022",25
"7448",4855.99504320198,"CAFI_P022",50
"7449",12115.0800459691,"CAFI_P022",100
"7450",1734.94714317622,"CAFI_P022",25
"7451",-312.814836441714,"CAFI_P022",50
"7452",1281.54671454188,"CAFI_P022",100
"7453",409.875618703431,"CAFI_P022",25
"7454",6991.35928427073,"CAFI_P022",50
"7455",6587.87051839317,"CAFI_P022",100
"7456",2302.596670873,"CAFI_P022",25
"7457",8050.346077547,"CAFI_P022",50
"7458",19464.6155949796,"CAFI_P022",100
"7459",-312.716096484248,"CAFI_P022",25
"7460",40.46526981637,"CAFI_P022",50
"7461",3343.13213619552,"CAFI_P022",100
"7462",-171.01741300727,"CAFI_P022",25
"7463",676.452462840098,"CAFI_P022",50
"7464",2356.60136774246,"CAFI_P022",100
"7465",-46.291370376508,"CAFI_P022",25
"7466",3212.78966267966,"CAFI_P022",50
"7467",17333.3924276624,"CAFI_P022",100
"7468",848.789523969521,"CAFI_P022",25
"7469",3103.57434979547,"CAFI_P022",50
"7470",5265.71450118962,"CAFI_P022",100
"7471",5755.59826472582,"CAFI_P022",25
"7472",432.706322925398,"CAFI_P022",50
"7473",14120.6942923212,"CAFI_P022",100
"7474",3284.58693622693,"CAFI_P022",25
"7475",891.848642208701,"CAFI_P022",50
"7476",3505.28848813078,"CAFI_P022",100
"7477",-144.779394491721,"CAFI_P022",25
"7478",4570.94069471466,"CAFI_P022",50
"7479",4482.50946542472,"CAFI_P022",100
"7480",-153.770225341344,"CAFI_P022",25
"7481",3535.44985809881,"CAFI_P022",50
"7482",-1154.88854371139,"CAFI_P022",100
"7483",-321.200476116879,"CAFI_P022",25
"7484",435.794666655624,"CAFI_P022",50
"7485",3286.30062863612,"CAFI_P022",100
"7486",2645.08837791657,"CAFI_P022",25
"7487",302.165088014299,"CAFI_P022",50
"7488",3584.47191373212,"CAFI_P022",100
"7489",-9.49162664733012,"CAFI_P022",25
"7490",464.611961879884,"CAFI_P022",50
"7491",2124.47022248106,"CAFI_P022",100
"7492",1894.86211170876,"CAFI_P022",25
"7493",312.37603606435,"CAFI_P022",50
"7494",15596.2270950706,"CAFI_P022",100
"7495",962.875878370309,"CAFI_P022",25
"7496",1258.70690147989,"CAFI_P022",50
"7497",6198.65117959699,"CAFI_P022",100
"7498",11845.857804304,"CAFI_P022",25
"7499",1146.20663023629,"CAFI_P022",50
"7500",463.070926707383,"CAFI_P022",100
"7501",572.223311728536,"CAFI_P023",25
"7502",1533.97980060652,"CAFI_P023",50
"7503",955.450418769062,"CAFI_P023",100
"7504",6560.3366231946,"CAFI_P023",25
"7505",-4522.90208802547,"CAFI_P023",50
"7506",10167.0337145823,"CAFI_P023",100
"7507",-2863.97846197145,"CAFI_P023",25
"7508",10641.1060161918,"CAFI_P023",50
"7509",6217.90629388188,"CAFI_P023",100
"7510",212.261312663846,"CAFI_P023",25
"7511",-2572.57708024484,"CAFI_P023",50
"7512",12396.5132773242,"CAFI_P023",100
"7513",4398.74650500948,"CAFI_P023",25
"7514",10602.6709668761,"CAFI_P023",50
"7515",-1081.78660633788,"CAFI_P023",100
"7516",-1903.16325123562,"CAFI_P023",25
"7517",3576.51398491138,"CAFI_P023",50
"7518",6369.32864759158,"CAFI_P023",100
"7519",5041.96667118976,"CAFI_P023",25
"7520",-20.5053355710697,"CAFI_P023",50
"7521",-3441.42402852423,"CAFI_P023",100
"7522",-1356.24405218256,"CAFI_P023",25
"7523",1958.21052446106,"CAFI_P023",50
"7524",-1946.63519390451,"CAFI_P023",100
"7525",-1169.3582804398,"CAFI_P023",25
"7526",5823.36773528505,"CAFI_P023",50
"7527",6112.44308082134,"CAFI_P023",100
"7528",4993.84341763816,"CAFI_P023",25
"7529",-612.19315343941,"CAFI_P023",50
"7530",-322.915322745801,"CAFI_P023",100
"7531",6253.08212852641,"CAFI_P023",25
"7532",-1325.71352280735,"CAFI_P023",50
"7533",4760.03025666403,"CAFI_P023",100
"7534",2100.01126358155,"CAFI_P023",25
"7535",-528.427327307116,"CAFI_P023",50
"7536",16345.6271242045,"CAFI_P023",100
"7537",-785.650735988747,"CAFI_P023",25
"7538",-310.043471204932,"CAFI_P023",50
"7539",9687.55380513825,"CAFI_P023",100
"7540",1213.40900342102,"CAFI_P023",25
"7541",-2075.47465155658,"CAFI_P023",50
"7542",3403.45560857112,"CAFI_P023",100
"7543",1146.74278578997,"CAFI_P023",25
"7544",508.727287054004,"CAFI_P023",50
"7545",5904.37852091689,"CAFI_P023",100
"7546",1210.47967381423,"CAFI_P023",25
"7547",186.760375285317,"CAFI_P023",50
"7548",-240.208368552179,"CAFI_P023",100
"7549",1494.17532126672,"CAFI_P023",25
"7550",-2269.71139547587,"CAFI_P023",50
"7551",6172.91819687668,"CAFI_P023",100
"7552",4527.44104294392,"CAFI_P023",25
"7553",-1471.80958937522,"CAFI_P023",50
"7554",14150.6778221734,"CAFI_P023",100
"7555",1906.14017028461,"CAFI_P023",25
"7556",3825.57304682533,"CAFI_P023",50
"7557",1392.54877339656,"CAFI_P023",100
"7558",-1216.07438605747,"CAFI_P023",25
"7559",9832.46534644635,"CAFI_P023",50
"7560",11743.4799966719,"CAFI_P023",100
"7561",1489.74621451108,"CAFI_P023",25
"7562",3958.2222973631,"CAFI_P023",50
"7563",-192.867766727315,"CAFI_P023",100
"7564",-124.641391216603,"CAFI_P023",25
"7565",1295.18777066394,"CAFI_P023",50
"7566",7853.22187711598,"CAFI_P023",100
"7567",1679.6469418846,"CAFI_P023",25
"7568",-2960.91974610664,"CAFI_P023",50
"7569",4597.61584390586,"CAFI_P023",100
"7570",360.954088551778,"CAFI_P023",25
"7571",-1398.25375689211,"CAFI_P023",50
"7572",6259.13496822244,"CAFI_P023",100
"7573",8008.92845815825,"CAFI_P023",25
"7574",5146.3730629351,"CAFI_P023",50
"7575",21101.6084572618,"CAFI_P023",100
"7576",4670.4235128971,"CAFI_P023",25
"7577",2383.95142042654,"CAFI_P023",50
"7578",6790.54402399115,"CAFI_P023",100
"7579",56.3339554086851,"CAFI_P023",25
"7580",2494.13947645316,"CAFI_P023",50
"7581",9284.56300387718,"CAFI_P023",100
"7582",-1792.43900297213,"CAFI_P023",25
"7583",-178.071775087999,"CAFI_P023",50
"7584",7043.76234075706,"CAFI_P023",100
"7585",2296.81333273053,"CAFI_P023",25
"7586",3989.09122968614,"CAFI_P023",50
"7587",392.088614568609,"CAFI_P023",100
"7588",-3601.72878686222,"CAFI_P023",25
"7589",-4223.46702361779,"CAFI_P023",50
"7590",4508.16690971307,"CAFI_P023",100
"7591",4215.77291852905,"CAFI_P023",25
"7592",-1604.01902413959,"CAFI_P023",50
"7593",1247.7693414856,"CAFI_P023",100
"7594",2202.43448530027,"CAFI_P023",25
"7595",5628.38595917172,"CAFI_P023",50
"7596",12757.9785923343,"CAFI_P023",100
"7597",1473.74273306775,"CAFI_P023",25
"7598",957.10600667281,"CAFI_P023",50
"7599",-3485.54529530776,"CAFI_P023",100
"7600",2588.88879547609,"CAFI_P023",25
"7601",-3103.97452946703,"CAFI_P023",50
"7602",-5470.56594266367,"CAFI_P023",100
"7603",-1062.26256139917,"CAFI_P023",25
"7604",-4064.86476546584,"CAFI_P023",50
"7605",4970.7289030251,"CAFI_P023",100
"7606",5947.37602627915,"CAFI_P023",25
"7607",8830.63628047012,"CAFI_P023",50
"7608",2358.87294171294,"CAFI_P023",100
"7609",-2872.21405657617,"CAFI_P023",25
"7610",1664.87592692373,"CAFI_P023",50
"7611",578.18417243383,"CAFI_P023",100
"7612",2622.73189082241,"CAFI_P023",25
"7613",1688.53310259175,"CAFI_P023",50
"7614",7731.37254999432,"CAFI_P023",100
"7615",7.75146197728463,"CAFI_P023",25
"7616",7704.07202132151,"CAFI_P023",50
"7617",6654.75782211116,"CAFI_P023",100
"7618",724.851660880639,"CAFI_P023",25
"7619",2750.1862568362,"CAFI_P023",50
"7620",4651.5383721017,"CAFI_P023",100
"7621",-2280.43753019621,"CAFI_P023",25
"7622",5646.4083145975,"CAFI_P023",50
"7623",4974.91719417274,"CAFI_P023",100
"7624",570.179889484716,"CAFI_P023",25
"7625",5295.60125651612,"CAFI_P023",50
"7626",2967.24103008889,"CAFI_P023",100
"7627",1102.57874308038,"CAFI_P023",25
"7628",5688.0250987093,"CAFI_P023",50
"7629",16779.0123310253,"CAFI_P023",100
"7630",-2054.35358315692,"CAFI_P023",25
"7631",1563.91722572985,"CAFI_P023",50
"7632",1967.14052364117,"CAFI_P023",100
"7633",1512.60452629166,"CAFI_P023",25
"7634",2287.42822850967,"CAFI_P023",50
"7635",6214.22524456558,"CAFI_P023",100
"7636",481.53271989146,"CAFI_P023",25
"7637",726.144174206711,"CAFI_P023",50
"7638",1748.14080641055,"CAFI_P023",100
"7639",6390.48752570507,"CAFI_P023",25
"7640",2171.61154008663,"CAFI_P023",50
"7641",9810.25384262795,"CAFI_P023",100
"7642",833.603247320541,"CAFI_P023",25
"7643",-261.917086567788,"CAFI_P023",50
"7644",-219.570256223873,"CAFI_P023",100
"7645",909.926848575007,"CAFI_P023",25
"7646",711.788979266275,"CAFI_P023",50
"7647",2624.25617103616,"CAFI_P023",100
"7648",-356.384038427495,"CAFI_P023",25
"7649",1652.60528953091,"CAFI_P023",50
"7650",4307.24284795037,"CAFI_P023",100
"7651",-433.362262937939,"CAFI_P023",25
"7652",2067.95638234509,"CAFI_P023",50
"7653",6856.86278690115,"CAFI_P023",100
"7654",861.101424700581,"CAFI_P023",25
"7655",4112.70012738643,"CAFI_P023",50
"7656",4957.74905980012,"CAFI_P023",100
"7657",5289.72370197246,"CAFI_P023",25
"7658",7065.07504404735,"CAFI_P023",50
"7659",4212.74437765856,"CAFI_P023",100
"7660",-1600.74509399381,"CAFI_P023",25
"7661",2717.8375419777,"CAFI_P023",50
"7662",15201.0842607734,"CAFI_P023",100
"7663",2790.47491191063,"CAFI_P023",25
"7664",-3711.34715642862,"CAFI_P023",50
"7665",397.879299759137,"CAFI_P023",100
"7666",14196.2782635661,"CAFI_P023",25
"7667",1874.05542506583,"CAFI_P023",50
"7668",1709.29238052887,"CAFI_P023",100
"7669",1031.82986852207,"CAFI_P023",25
"7670",5238.90300591319,"CAFI_P023",50
"7671",7114.85192935407,"CAFI_P023",100
"7672",-3802.42517466997,"CAFI_P023",25
"7673",-1631.40230190766,"CAFI_P023",50
"7674",-3197.68717873818,"CAFI_P023",100
"7675",1155.62268389924,"CAFI_P023",25
"7676",4238.13072885515,"CAFI_P023",50
"7677",-5646.39033781955,"CAFI_P023",100
"7678",-1240.38734854243,"CAFI_P023",25
"7679",3703.59375216631,"CAFI_P023",50
"7680",2047.63034299607,"CAFI_P023",100
"7681",3103.09236587537,"CAFI_P023",25
"7682",3826.75670209012,"CAFI_P023",50
"7683",-2193.57057174001,"CAFI_P023",100
"7684",1208.22259394653,"CAFI_P023",25
"7685",-2744.491844351,"CAFI_P023",50
"7686",5872.10331185249,"CAFI_P023",100
"7687",-1016.17547533312,"CAFI_P023",25
"7688",1509.46184120237,"CAFI_P023",50
"7689",10725.6386215176,"CAFI_P023",100
"7690",-1619.6639034242,"CAFI_P023",25
"7691",4826.30035573372,"CAFI_P023",50
"7692",2171.77782691436,"CAFI_P023",100
"7693",-2010.90882793101,"CAFI_P023",25
"7694",5793.95850867231,"CAFI_P023",50
"7695",12644.5288094195,"CAFI_P023",100
"7696",-1775.96633010297,"CAFI_P023",25
"7697",881.579284294625,"CAFI_P023",50
"7698",-2086.02497809383,"CAFI_P023",100
"7699",3050.56613923534,"CAFI_P023",25
"7700",-3984.15938946867,"CAFI_P023",50
"7701",8848.5731146507,"CAFI_P023",100
"7702",-1595.19238004007,"CAFI_P023",25
"7703",8831.45306537545,"CAFI_P023",50
"7704",3219.88960701341,"CAFI_P023",100
"7705",1996.71232385605,"CAFI_P023",25
"7706",3550.00352310145,"CAFI_P023",50
"7707",609.076917275699,"CAFI_P023",100
"7708",-911.648381344712,"CAFI_P023",25
"7709",4462.48287981199,"CAFI_P023",50
"7710",8539.05601719039,"CAFI_P023",100
"7711",3378.1075846903,"CAFI_P023",25
"7712",7191.29755682236,"CAFI_P023",50
"7713",13061.1692837433,"CAFI_P023",100
"7714",1714.03655406652,"CAFI_P023",25
"7715",1269.61533535676,"CAFI_P023",50
"7716",8592.42964769076,"CAFI_P023",100
"7717",-566.436797547358,"CAFI_P023",25
"7718",-587.046738350298,"CAFI_P023",50
"7719",1031.30064386435,"CAFI_P023",100
"7720",1531.01929977647,"CAFI_P023",25
"7721",4823.63441360055,"CAFI_P023",50
"7722",3949.78615036464,"CAFI_P023",100
"7723",-2144.4436981623,"CAFI_P023",25
"7724",9070.37082468736,"CAFI_P023",50
"7725",-668.165434538503,"CAFI_P023",100
"7726",-1906.40727723396,"CAFI_P023",25
"7727",9896.16142686605,"CAFI_P023",50
"7728",8044.75686618974,"CAFI_P023",100
"7729",-2786.52183756963,"CAFI_P023",25
"7730",-1550.48513612433,"CAFI_P023",50
"7731",2997.86469155076,"CAFI_P023",100
"7732",8919.5808067866,"CAFI_P023",25
"7733",3378.56974317276,"CAFI_P023",50
"7734",5884.46435886502,"CAFI_P023",100
"7735",-1259.42487176051,"CAFI_P023",25
"7736",3588.79121455876,"CAFI_P023",50
"7737",6950.25859490084,"CAFI_P023",100
"7738",-725.935700974369,"CAFI_P023",25
"7739",-2661.65490884494,"CAFI_P023",50
"7740",-1589.41078296417,"CAFI_P023",100
"7741",3081.09649715142,"CAFI_P023",25
"7742",252.514920779999,"CAFI_P023",50
"7743",3545.99339170469,"CAFI_P023",100
"7744",1048.56558848216,"CAFI_P023",25
"7745",-2712.65514425308,"CAFI_P023",50
"7746",8437.59262191458,"CAFI_P023",100
"7747",986.530225001276,"CAFI_P023",25
"7748",2942.57323335225,"CAFI_P023",50
"7749",440.98854504124,"CAFI_P023",100
"7750",-2257.11423499128,"CAFI_P023",25
"7751",3203.14370773139,"CAFI_P023",50
"7752",1537.3630434706,"CAFI_P023",100
"7753",121.631206954451,"CAFI_P023",25
"7754",2142.62450638934,"CAFI_P023",50
"7755",5942.42020707609,"CAFI_P023",100
"7756",-3615.27408834215,"CAFI_P023",25
"7757",9795.12290333159,"CAFI_P023",50
"7758",6138.68078713116,"CAFI_P023",100
"7759",5224.03294091398,"CAFI_P023",25
"7760",-3684.57331601807,"CAFI_P023",50
"7761",-1306.95036017461,"CAFI_P023",100
"7762",13043.8801553914,"CAFI_P023",25
"7763",7417.21359540598,"CAFI_P023",50
"7764",4193.97539534865,"CAFI_P023",100
"7765",3045.49491688484,"CAFI_P023",25
"7766",13556.1163829197,"CAFI_P023",50
"7767",2622.13594973963,"CAFI_P023",100
"7768",1325.71280733417,"CAFI_P023",25
"7769",1485.03203267546,"CAFI_P023",50
"7770",8567.28938918593,"CAFI_P023",100
"7771",-3297.20027524451,"CAFI_P023",25
"7772",370.491466704058,"CAFI_P023",50
"7773",5599.03659683745,"CAFI_P023",100
"7774",-2017.8563561991,"CAFI_P023",25
"7775",-3625.11036094857,"CAFI_P023",50
"7776",-3693.06553276157,"CAFI_P023",100
"7777",916.445511749276,"CAFI_P023",25
"7778",3327.0780136947,"CAFI_P023",50
"7779",10068.1475371531,"CAFI_P023",100
"7780",915.252465910075,"CAFI_P023",25
"7781",-2754.28499218589,"CAFI_P023",50
"7782",12816.3522023541,"CAFI_P023",100
"7783",1547.73306749348,"CAFI_P023",25
"7784",10848.0546136551,"CAFI_P023",50
"7785",4211.78728420686,"CAFI_P023",100
"7786",3175.01402024028,"CAFI_P023",25
"7787",7608.13121587981,"CAFI_P023",50
"7788",2817.15893659813,"CAFI_P023",100
"7789",-1081.61977387973,"CAFI_P023",25
"7790",6110.46984351534,"CAFI_P023",50
"7791",11687.4673193133,"CAFI_P023",100
"7792",608.122026031167,"CAFI_P023",25
"7793",-3067.15521831517,"CAFI_P023",50
"7794",-4009.20306788472,"CAFI_P023",100
"7795",4281.96398862283,"CAFI_P023",25
"7796",-860.751559431577,"CAFI_P023",50
"7797",6863.27535269555,"CAFI_P023",100
"7798",-843.395454218407,"CAFI_P023",25
"7799",7235.83941076565,"CAFI_P023",50
"7800",-3480.83302076804,"CAFI_P023",100
"7801",-3379.20921849934,"CAFI_P025",25
"7802",4073.17502231454,"CAFI_P025",50
"7803",4020.1690428007,"CAFI_P025",100
"7804",8165.96349620691,"CAFI_P025",25
"7805",7001.47477541157,"CAFI_P025",50
"7806",17439.7860307498,"CAFI_P025",100
"7807",-1968.98486864014,"CAFI_P025",25
"7808",3397.27729021013,"CAFI_P025",50
"7809",7364.35668485894,"CAFI_P025",100
"7810",9774.14197214349,"CAFI_P025",25
"7811",-2488.21755146649,"CAFI_P025",50
"7812",9886.33128844853,"CAFI_P025",100
"7813",5331.21820239828,"CAFI_P025",25
"7814",17075.4665587407,"CAFI_P025",50
"7815",-5941.98761383796,"CAFI_P025",100
"7816",-1629.36865015939,"CAFI_P025",25
"7817",-9751.69246943569,"CAFI_P025",50
"7818",-4518.20356881773,"CAFI_P025",100
"7819",-5136.19716260498,"CAFI_P025",25
"7820",5904.84298892383,"CAFI_P025",50
"7821",-558.457307775039,"CAFI_P025",100
"7822",1538.84253685677,"CAFI_P025",25
"7823",7661.64174893015,"CAFI_P025",50
"7824",7941.85356687196,"CAFI_P025",100
"7825",-827.93738136912,"CAFI_P025",25
"7826",10269.4016730838,"CAFI_P025",50
"7827",6536.208880233,"CAFI_P025",100
"7828",11056.3794276635,"CAFI_P025",25
"7829",16473.0338811402,"CAFI_P025",50
"7830",5237.04119327327,"CAFI_P025",100
"7831",3753.01684453728,"CAFI_P025",25
"7832",-3249.80200603316,"CAFI_P025",50
"7833",7172.42063991423,"CAFI_P025",100
"7834",-1521.84934285411,"CAFI_P025",25
"7835",9318.12824572308,"CAFI_P025",50
"7836",16598.9699422846,"CAFI_P025",100
"7837",4664.41984722661,"CAFI_P025",25
"7838",8645.12918121082,"CAFI_P025",50
"7839",9040.06978718788,"CAFI_P025",100
"7840",2212.79523124217,"CAFI_P025",25
"7841",11231.6027509001,"CAFI_P025",50
"7842",6798.23382135859,"CAFI_P025",100
"7843",-9536.14786837751,"CAFI_P025",25
"7844",3346.94327869458,"CAFI_P025",50
"7845",22377.0455993048,"CAFI_P025",100
"7846",3090.47966935215,"CAFI_P025",25
"7847",9318.25565127985,"CAFI_P025",50
"7848",11073.3279854638,"CAFI_P025",100
"7849",6909.78423408777,"CAFI_P025",25
"7850",-5089.33395186343,"CAFI_P025",50
"7851",12480.2429800807,"CAFI_P025",100
"7852",-6545.69452105786,"CAFI_P025",25
"7853",-3071.25576990124,"CAFI_P025",50
"7854",-4254.59032821067,"CAFI_P025",100
"7855",-7970.45063391101,"CAFI_P025",25
"7856",-1125.42611100475,"CAFI_P025",50
"7857",-933.906959971966,"CAFI_P025",100
"7858",-422.408677610452,"CAFI_P025",25
"7859",-9019.79024375865,"CAFI_P025",50
"7860",5352.66224290861,"CAFI_P025",100
"7861",8218.53792668862,"CAFI_P025",25
"7862",-8661.08424919692,"CAFI_P025",50
"7863",-1065.15774847477,"CAFI_P025",100
"7864",-8108.2623311553,"CAFI_P025",25
"7865",6250.0640147767,"CAFI_P025",50
"7866",-1241.79666346582,"CAFI_P025",100
"7867",-2720.5613882266,"CAFI_P025",25
"7868",11321.0103106409,"CAFI_P025",50
"7869",914.156705123693,"CAFI_P025",100
"7870",9574.68510510953,"CAFI_P025",25
"7871",686.755876133248,"CAFI_P025",50
"7872",11878.2157384175,"CAFI_P025",100
"7873",-3173.08460326356,"CAFI_P025",25
"7874",1284.98238664091,"CAFI_P025",50
"7875",3801.11263408177,"CAFI_P025",100
"7876",4181.48680661258,"CAFI_P025",25
"7877",6695.99736870642,"CAFI_P025",50
"7878",4698.65931050709,"CAFI_P025",100
"7879",1815.67706083789,"CAFI_P025",25
"7880",-2749.42059710584,"CAFI_P025",50
"7881",10555.1343135565,"CAFI_P025",100
"7882",2456.78129736663,"CAFI_P025",25
"7883",-4973.11789786679,"CAFI_P025",50
"7884",10832.8600437504,"CAFI_P025",100
"7885",7290.17812345218,"CAFI_P025",25
"7886",2576.6875231044,"CAFI_P025",50
"7887",11163.0084825254,"CAFI_P025",100
"7888",-1940.60555880636,"CAFI_P025",25
"7889",-4670.83314135301,"CAFI_P025",50
"7890",-8136.01264301175,"CAFI_P025",100
"7891",3690.80915666709,"CAFI_P025",25
"7892",55.7654653681966,"CAFI_P025",50
"7893",9176.84317713691,"CAFI_P025",100
"7894",-1612.30558131073,"CAFI_P025",25
"7895",10393.1929511155,"CAFI_P025",50
"7896",15186.0262448668,"CAFI_P025",100
"7897",-418.644971015863,"CAFI_P025",25
"7898",10442.5705722981,"CAFI_P025",50
"7899",5640.97693792355,"CAFI_P025",100
"7900",-567.078730079258,"CAFI_P025",25
"7901",6246.08580198922,"CAFI_P025",50
"7902",14617.0954477516,"CAFI_P025",100
"7903",4897.56982759142,"CAFI_P025",25
"7904",-3201.13842293291,"CAFI_P025",50
"7905",6603.53362019104,"CAFI_P025",100
"7906",5841.89033432209,"CAFI_P025",25
"7907",11805.0137268208,"CAFI_P025",50
"7908",12073.4177073113,"CAFI_P025",100
"7909",-1535.38452939992,"CAFI_P025",25
"7910",-3675.82024017136,"CAFI_P025",50
"7911",15633.8443400771,"CAFI_P025",100
"7912",669.563687899587,"CAFI_P025",25
"7913",10650.0774789369,"CAFI_P025",50
"7914",4601.8951556333,"CAFI_P025",100
"7915",13601.0628978999,"CAFI_P025",25
"7916",5089.05452333202,"CAFI_P025",50
"7917",3104.89595672768,"CAFI_P025",100
"7918",3747.09287783853,"CAFI_P025",25
"7919",5015.52189201248,"CAFI_P025",50
"7920",4572.79890018184,"CAFI_P025",100
"7921",-3564.15387424393,"CAFI_P025",25
"7922",7478.65031505909,"CAFI_P025",50
"7923",6130.54687920044,"CAFI_P025",100
"7924",5860.33099948987,"CAFI_P025",25
"7925",5464.76934131581,"CAFI_P025",50
"7926",-2718.40190988689,"CAFI_P025",100
"7927",2255.94536262337,"CAFI_P025",25
"7928",411.649013127491,"CAFI_P025",50
"7929",8441.84713352798,"CAFI_P025",100
"7930",-5424.69714105391,"CAFI_P025",25
"7931",1523.51050133657,"CAFI_P025",50
"7932",11819.3299980575,"CAFI_P025",100
"7933",7369.12477478737,"CAFI_P025",25
"7934",-4108.4149132559,"CAFI_P025",50
"7935",-2635.49656783018,"CAFI_P025",100
"7936",799.112248347024,"CAFI_P025",25
"7937",7617.14319258422,"CAFI_P025",50
"7938",952.683710109006,"CAFI_P025",100
"7939",1629.61250093795,"CAFI_P025",25
"7940",-546.826358748192,"CAFI_P025",50
"7941",4093.9961676485,"CAFI_P025",100
"7942",9030.80614322433,"CAFI_P025",25
"7943",1755.38035410314,"CAFI_P025",50
"7944",23866.2639083655,"CAFI_P025",100
"7945",960.527532970329,"CAFI_P025",25
"7946",12652.8979231897,"CAFI_P025",50
"7947",2462.75832968633,"CAFI_P025",100
"7948",5724.80491257939,"CAFI_P025",25
"7949",-7660.75892142413,"CAFI_P025",50
"7950",6563.90445945974,"CAFI_P025",100
"7951",17104.1537652738,"CAFI_P025",25
"7952",11222.9620268814,"CAFI_P025",50
"7953",582.42985615143,"CAFI_P025",100
"7954",-5742.85959724264,"CAFI_P025",25
"7955",5917.85435560375,"CAFI_P025",50
"7956",-4627.15768200674,"CAFI_P025",100
"7957",1192.22976633947,"CAFI_P025",25
"7958",7209.83267945706,"CAFI_P025",50
"7959",2354.78728515518,"CAFI_P025",100
"7960",3367.75474374145,"CAFI_P025",25
"7961",5846.95540927071,"CAFI_P025",50
"7962",32374.1495708387,"CAFI_P025",100
"7963",-8278.22186290938,"CAFI_P025",25
"7964",2203.63914096166,"CAFI_P025",50
"7965",712.932803972275,"CAFI_P025",100
"7966",5297.16021074349,"CAFI_P025",25
"7967",3880.54762269882,"CAFI_P025",50
"7968",-4618.13718072002,"CAFI_P025",100
"7969",-2873.5966406131,"CAFI_P025",25
"7970",4284.63592991489,"CAFI_P025",50
"7971",6306.28311326506,"CAFI_P025",100
"7972",7606.02843031683,"CAFI_P025",25
"7973",9353.61543552944,"CAFI_P025",50
"7974",-2181.81480996587,"CAFI_P025",100
"7975",2895.64880452043,"CAFI_P025",25
"7976",4985.33128873838,"CAFI_P025",50
"7977",8977.46737461875,"CAFI_P025",100
"7978",1514.11557139648,"CAFI_P025",25
"7979",2945.23361825725,"CAFI_P025",50
"7980",12000.3385580539,"CAFI_P025",100
"7981",-9467.70014886904,"CAFI_P025",25
"7982",-7443.93562847091,"CAFI_P025",50
"7983",16418.2871014396,"CAFI_P025",100
"7984",2955.24355770354,"CAFI_P025",25
"7985",9807.04970295931,"CAFI_P025",50
"7986",2898.34726972244,"CAFI_P025",100
"7987",4595.58744004712,"CAFI_P025",25
"7988",3630.87932221062,"CAFI_P025",50
"7989",8415.5162389621,"CAFI_P025",100
"7990",365.924050628062,"CAFI_P025",25
"7991",-3485.74872633719,"CAFI_P025",50
"7992",16681.8776587199,"CAFI_P025",100
"7993",1015.8690148305,"CAFI_P025",25
"7994",2432.8031958215,"CAFI_P025",50
"7995",14521.898970213,"CAFI_P025",100
"7996",2755.08841016542,"CAFI_P025",25
"7997",12302.1345790592,"CAFI_P025",50
"7998",-2359.65978145742,"CAFI_P025",100
"7999",-4409.34418636959,"CAFI_P025",25
"8000",5730.13663253438,"CAFI_P025",50
"8001",5845.50490673774,"CAFI_P025",100
"8002",1627.82600854663,"CAFI_P025",25
"8003",-447.884690848266,"CAFI_P025",50
"8004",5418.65060246171,"CAFI_P025",100
"8005",2763.61292752542,"CAFI_P025",25
"8006",4112.48019896608,"CAFI_P025",50
"8007",12191.4376662879,"CAFI_P025",100
"8008",838.59336886977,"CAFI_P025",25
"8009",-1650.35881330282,"CAFI_P025",50
"8010",-3777.36224296651,"CAFI_P025",100
"8011",-2354.21572785292,"CAFI_P025",25
"8012",-7833.59247311135,"CAFI_P025",50
"8013",14887.1614752621,"CAFI_P025",100
"8014",-4786.16528108457,"CAFI_P025",25
"8015",14802.8645928148,"CAFI_P025",50
"8016",2459.9583754435,"CAFI_P025",100
"8017",5432.2036423978,"CAFI_P025",25
"8018",-724.868654490157,"CAFI_P025",50
"8019",17221.8552210328,"CAFI_P025",100
"8020",-3526.03295284908,"CAFI_P025",25
"8021",210.359961628128,"CAFI_P025",50
"8022",1431.02625977501,"CAFI_P025",100
"8023",10813.0980081258,"CAFI_P025",25
"8024",-7132.19917748173,"CAFI_P025",50
"8025",7582.2324916712,"CAFI_P025",100
"8026",-6439.41694738567,"CAFI_P025",25
"8027",16352.6276508103,"CAFI_P025",50
"8028",-652.176377703581,"CAFI_P025",100
"8029",4361.41033514214,"CAFI_P025",25
"8030",-2624.14559520379,"CAFI_P025",50
"8031",11907.9677264213,"CAFI_P025",100
"8032",3045.47435619551,"CAFI_P025",25
"8033",14508.9963662294,"CAFI_P025",50
"8034",14619.2005059076,"CAFI_P025",100
"8035",5306.39555184753,"CAFI_P025",25
"8036",3052.46818989824,"CAFI_P025",50
"8037",-7451.75855689825,"CAFI_P025",100
"8038",-637.590706126648,"CAFI_P025",25
"8039",-1238.6129860777,"CAFI_P025",50
"8040",24142.8899860684,"CAFI_P025",100
"8041",6786.92098778597,"CAFI_P025",25
"8042",14766.7914131498,"CAFI_P025",50
"8043",2628.19715941258,"CAFI_P025",100
"8044",16442.3486979937,"CAFI_P025",25
"8045",15439.1180652071,"CAFI_P025",50
"8046",204.775965840934,"CAFI_P025",100
"8047",4798.33248313857,"CAFI_P025",25
"8048",1178.36510711268,"CAFI_P025",50
"8049",-1763.76471277029,"CAFI_P025",100
"8050",8955.79355491968,"CAFI_P025",25
"8051",692.841811417195,"CAFI_P025",50
"8052",3779.82653557093,"CAFI_P025",100
"8053",2912.25274731294,"CAFI_P025",25
"8054",1011.15575014916,"CAFI_P025",50
"8055",4132.82510318674,"CAFI_P025",100
"8056",3317.77612032447,"CAFI_P025",25
"8057",8138.72962734805,"CAFI_P025",50
"8058",-796.18133075058,"CAFI_P025",100
"8059",-9186.92978551457,"CAFI_P025",25
"8060",-4495.37246155168,"CAFI_P025",50
"8061",-5918.02660179944,"CAFI_P025",100
"8062",1392.45677810436,"CAFI_P025",25
"8063",-4624.75942612934,"CAFI_P025",50
"8064",7721.98738694185,"CAFI_P025",100
"8065",363.501539345569,"CAFI_P025",25
"8066",7346.87982500612,"CAFI_P025",50
"8067",-10058.3336029335,"CAFI_P025",100
"8068",-1195.98613562313,"CAFI_P025",25
"8069",11295.7844609933,"CAFI_P025",50
"8070",19325.0688393952,"CAFI_P025",100
"8071",-840.710265644942,"CAFI_P025",25
"8072",10612.0094670401,"CAFI_P025",50
"8073",3343.13108183263,"CAFI_P025",100
"8074",3574.3296302146,"CAFI_P025",25
"8075",924.565812228539,"CAFI_P025",50
"8076",9872.46049198491,"CAFI_P025",100
"8077",13693.9020367276,"CAFI_P025",25
"8078",4078.61611350611,"CAFI_P025",50
"8079",3573.42622353791,"CAFI_P025",100
"8080",478.250799340662,"CAFI_P025",25
"8081",16035.4099690988,"CAFI_P025",50
"8082",17016.3989931114,"CAFI_P025",100
"8083",-1239.55666365314,"CAFI_P025",25
"8084",-4204.41077265481,"CAFI_P025",50
"8085",7845.16197694771,"CAFI_P025",100
"8086",-8811.07480580496,"CAFI_P025",25
"8087",-13028.7389118041,"CAFI_P025",50
"8088",13993.4351893206,"CAFI_P025",100
"8089",3097.61314065196,"CAFI_P025",25
"8090",3023.14982905673,"CAFI_P025",50
"8091",-8344.32794862564,"CAFI_P025",100
"8092",7034.50644172341,"CAFI_P025",25
"8093",-3844.33081759734,"CAFI_P025",50
"8094",4614.79476972957,"CAFI_P025",100
"8095",-7094.72175546977,"CAFI_P025",25
"8096",5981.32137434013,"CAFI_P025",50
"8097",-6482.23097031453,"CAFI_P025",100
"8098",428.260310571321,"CAFI_P025",25
"8099",1138.60891118331,"CAFI_P025",50
"8100",24396.426866821,"CAFI_P025",100
"8101",-3718.19509839066,"CAFI_P026",25
"8102",-10889.0753066779,"CAFI_P026",50
"8103",-13032.9923877957,"CAFI_P026",100
"8104",-5664.9565819811,"CAFI_P026",25
"8105",-6005.39815617717,"CAFI_P026",50
"8106",-13757.0349367096,"CAFI_P026",100
"8107",-1549.80742910744,"CAFI_P026",25
"8108",-10696.4779775989,"CAFI_P026",50
"8109",-13197.6840304556,"CAFI_P026",100
"8110",-127.274104812779,"CAFI_P026",25
"8111",-7920.00570192422,"CAFI_P026",50
"8112",-14825.8064982605,"CAFI_P026",100
"8113",-8590.307988881,"CAFI_P026",25
"8114",-5339.43732537841,"CAFI_P026",50
"8115",-15360.1131937574,"CAFI_P026",100
"8116",2061.77160455007,"CAFI_P026",25
"8117",-4455.05520376313,"CAFI_P026",50
"8118",-12900.1882636746,"CAFI_P026",100
"8119",-5099.3661540137,"CAFI_P026",25
"8120",-10348.2331139318,"CAFI_P026",50
"8121",-14892.4799733074,"CAFI_P026",100
"8122",-5512.40736036858,"CAFI_P026",25
"8123",-8509.77078059271,"CAFI_P026",50
"8124",-14594.2398336074,"CAFI_P026",100
"8125",-2690.41068077429,"CAFI_P026",25
"8126",-7395.13626397701,"CAFI_P026",50
"8127",-8959.68500536581,"CAFI_P026",100
"8128",-1820.86347788181,"CAFI_P026",25
"8129",-10344.2324889169,"CAFI_P026",50
"8130",-15068.2817982672,"CAFI_P026",100
"8131",-4755.50698579162,"CAFI_P026",25
"8132",-3179.93689027094,"CAFI_P026",50
"8133",-14705.0031718747,"CAFI_P026",100
"8134",-4603.94634975573,"CAFI_P026",25
"8135",-8110.03862713293,"CAFI_P026",50
"8136",-8391.71366652567,"CAFI_P026",100
"8137",-4675.6618847127,"CAFI_P026",25
"8138",-7293.66325518623,"CAFI_P026",50
"8139",-13934.0263640192,"CAFI_P026",100
"8140",-4980.06136143478,"CAFI_P026",25
"8141",-3233.90909981917,"CAFI_P026",50
"8142",-14017.2824797185,"CAFI_P026",100
"8143",-6067.67035484304,"CAFI_P026",25
"8144",-3162.55635455511,"CAFI_P026",50
"8145",-12945.7399048883,"CAFI_P026",100
"8146",-3678.95439564923,"CAFI_P026",25
"8147",-267.98113335215,"CAFI_P026",50
"8148",-12011.2899806833,"CAFI_P026",100
"8149",-2950.94924811785,"CAFI_P026",25
"8150",-4751.28237853212,"CAFI_P026",50
"8151",-14863.9715057817,"CAFI_P026",100
"8152",-2657.92655104157,"CAFI_P026",25
"8153",-3391.27196455818,"CAFI_P026",50
"8154",-10100.4109219229,"CAFI_P026",100
"8155",-1877.62172241665,"CAFI_P026",25
"8156",-6107.76614857056,"CAFI_P026",50
"8157",-7638.59151310041,"CAFI_P026",100
"8158",-78.1157048240129,"CAFI_P026",25
"8159",-5942.88594602245,"CAFI_P026",50
"8160",-12484.754168339,"CAFI_P026",100
"8161",-4755.50950216062,"CAFI_P026",25
"8162",-3065.58570002874,"CAFI_P026",50
"8163",-12510.9629882923,"CAFI_P026",100
"8164",-4121.29329626562,"CAFI_P026",25
"8165",-1000.53078472296,"CAFI_P026",50
"8166",-9964.9479937073,"CAFI_P026",100
"8167",-2999.6943748186,"CAFI_P026",25
"8168",-7761.78221175008,"CAFI_P026",50
"8169",-13016.6721271773,"CAFI_P026",100
"8170",-5821.56719469963,"CAFI_P026",25
"8171",-5229.77769369702,"CAFI_P026",50
"8172",-14767.4091339749,"CAFI_P026",100
"8173",-1601.69341873369,"CAFI_P026",25
"8174",29.5294621900975,"CAFI_P026",50
"8175",-12495.2813940304,"CAFI_P026",100
"8176",890.398617450512,"CAFI_P026",25
"8177",-7913.21554985167,"CAFI_P026",50
"8178",-8916.5054571365,"CAFI_P026",100
"8179",-7202.83349429828,"CAFI_P026",25
"8180",-6181.13490731076,"CAFI_P026",50
"8181",-11845.6161475774,"CAFI_P026",100
"8182",-6124.39742948618,"CAFI_P026",25
"8183",-5129.50147712043,"CAFI_P026",50
"8184",-11186.1401265866,"CAFI_P026",100
"8185",-298.212664122068,"CAFI_P026",25
"8186",-3303.07114353441,"CAFI_P026",50
"8187",-16602.8662286193,"CAFI_P026",100
"8188",-5645.61481088908,"CAFI_P026",25
"8189",-11003.9767399437,"CAFI_P026",50
"8190",-12719.3954548521,"CAFI_P026",100
"8191",-5690.14346738612,"CAFI_P026",25
"8192",-8893.6784278165,"CAFI_P026",50
"8193",-10849.6034587324,"CAFI_P026",100
"8194",-4881.07269264554,"CAFI_P026",25
"8195",-5707.86452657543,"CAFI_P026",50
"8196",-12578.1965835077,"CAFI_P026",100
"8197",-4450.48889116781,"CAFI_P026",25
"8198",-6785.36282051656,"CAFI_P026",50
"8199",-14508.52204341,"CAFI_P026",100
"8200",-3431.69278232995,"CAFI_P026",25
"8201",-7203.35099578621,"CAFI_P026",50
"8202",-12837.0004747966,"CAFI_P026",100
"8203",354.8725776918,"CAFI_P026",25
"8204",-4021.45647880432,"CAFI_P026",50
"8205",-10753.3582039084,"CAFI_P026",100
"8206",-6520.60384877918,"CAFI_P026",25
"8207",-4302.47798681195,"CAFI_P026",50
"8208",-13800.0533226611,"CAFI_P026",100
"8209",810.315921153364,"CAFI_P026",25
"8210",-5486.45631832661,"CAFI_P026",50
"8211",-15861.1145846152,"CAFI_P026",100
"8212",-355.236712778817,"CAFI_P026",25
"8213",-7853.79037483793,"CAFI_P026",50
"8214",-10291.0073137067,"CAFI_P026",100
"8215",-4800.63300536564,"CAFI_P026",25
"8216",-3229.11810307603,"CAFI_P026",50
"8217",-16529.9040028164,"CAFI_P026",100
"8218",-6439.47230279875,"CAFI_P026",25
"8219",-4224.08373819489,"CAFI_P026",50
"8220",-12202.4691187889,"CAFI_P026",100
"8221",-1271.88833805318,"CAFI_P026",25
"8222",-4838.7894218904,"CAFI_P026",50
"8223",-10400.5812379317,"CAFI_P026",100
"8224",-2223.86239682644,"CAFI_P026",25
"8225",-3547.40249362522,"CAFI_P026",50
"8226",-14848.5885411389,"CAFI_P026",100
"8227",-686.669076830993,"CAFI_P026",25
"8228",-11736.2992077452,"CAFI_P026",50
"8229",-3983.37069383208,"CAFI_P026",100
"8230",-5862.00582991014,"CAFI_P026",25
"8231",-5801.75588502358,"CAFI_P026",50
"8232",-12937.3083134548,"CAFI_P026",100
"8233",-3152.4139244847,"CAFI_P026",25
"8234",-6105.44369226972,"CAFI_P026",50
"8235",-13471.4846578782,"CAFI_P026",100
"8236",-764.610221604569,"CAFI_P026",25
"8237",-9138.85560470149,"CAFI_P026",50
"8238",-11196.0831000009,"CAFI_P026",100
"8239",-3559.29634343534,"CAFI_P026",25
"8240",-4738.73784799656,"CAFI_P026",50
"8241",-14479.945568204,"CAFI_P026",100
"8242",-3418.17602303221,"CAFI_P026",25
"8243",-2035.37312340878,"CAFI_P026",50
"8244",-14259.8972533687,"CAFI_P026",100
"8245",-3448.16690016694,"CAFI_P026",25
"8246",-9215.87972525132,"CAFI_P026",50
"8247",-14798.8144779756,"CAFI_P026",100
"8248",-6042.89202336622,"CAFI_P026",25
"8249",-7009.33328095201,"CAFI_P026",50
"8250",-14539.4885235551,"CAFI_P026",100
"8251",-5228.34801835279,"CAFI_P026",25
"8252",-8806.08051887997,"CAFI_P026",50
"8253",-13193.1566658547,"CAFI_P026",100
"8254",-3295.72198226424,"CAFI_P026",25
"8255",-157.83391126139,"CAFI_P026",50
"8256",-14557.6685425723,"CAFI_P026",100
"8257",-465.15814817496,"CAFI_P026",25
"8258",-4548.56903539746,"CAFI_P026",50
"8259",-15711.5973508326,"CAFI_P026",100
"8260",-2499.26584117967,"CAFI_P026",25
"8261",-4236.51382081369,"CAFI_P026",50
"8262",-13824.6705733099,"CAFI_P026",100
"8263",-2452.46428647997,"CAFI_P026",25
"8264",-3200.71037974094,"CAFI_P026",50
"8265",-14014.9596717298,"CAFI_P026",100
"8266",213.4476340072,"CAFI_P026",25
"8267",-5658.08605989674,"CAFI_P026",50
"8268",-12257.9787244515,"CAFI_P026",100
"8269",-1429.66385462174,"CAFI_P026",25
"8270",3631.39840002937,"CAFI_P026",50
"8271",-13805.8115222469,"CAFI_P026",100
"8272",-3392.42801152392,"CAFI_P026",25
"8273",-4762.96195137715,"CAFI_P026",50
"8274",-11141.9845193123,"CAFI_P026",100
"8275",-3394.67153523688,"CAFI_P026",25
"8276",-3656.04898690591,"CAFI_P026",50
"8277",-12737.1791285223,"CAFI_P026",100
"8278",-1847.90996768653,"CAFI_P026",25
"8279",-3686.7142526463,"CAFI_P026",50
"8280",-10543.9135522066,"CAFI_P026",100
"8281",732.985400560807,"CAFI_P026",25
"8282",-7048.58406186638,"CAFI_P026",50
"8283",-16979.0635396703,"CAFI_P026",100
"8284",-4109.84160076709,"CAFI_P026",25
"8285",-8151.79491303246,"CAFI_P026",50
"8286",-14358.9261059761,"CAFI_P026",100
"8287",-8141.47902303198,"CAFI_P026",25
"8288",-3852.06575677122,"CAFI_P026",50
"8289",-16202.2505297264,"CAFI_P026",100
"8290",-1773.83239232082,"CAFI_P026",25
"8291",-3790.1474077695,"CAFI_P026",50
"8292",-13574.8405890001,"CAFI_P026",100
"8293",-2429.20663146797,"CAFI_P026",25
"8294",-8062.00047572389,"CAFI_P026",50
"8295",-13810.5853403326,"CAFI_P026",100
"8296",-5226.86243347829,"CAFI_P026",25
"8297",-10393.6853309178,"CAFI_P026",50
"8298",-12931.5286981414,"CAFI_P026",100
"8299",-5989.87937573908,"CAFI_P026",25
"8300",-10086.6787295485,"CAFI_P026",50
"8301",-14429.5989595527,"CAFI_P026",100
"8302",-644.297655783957,"CAFI_P026",25
"8303",-7575.94796331933,"CAFI_P026",50
"8304",-10750.8401693509,"CAFI_P026",100
"8305",-4889.92022123147,"CAFI_P026",25
"8306",-9127.7004376251,"CAFI_P026",50
"8307",-15089.2489364252,"CAFI_P026",100
"8308",-2995.51331433198,"CAFI_P026",25
"8309",-4129.04939641738,"CAFI_P026",50
"8310",-11451.4585155149,"CAFI_P026",100
"8311",-1340.53528081359,"CAFI_P026",25
"8312",-5132.74355502079,"CAFI_P026",50
"8313",-13115.852953357,"CAFI_P026",100
"8314",-4014.11613662573,"CAFI_P026",25
"8315",-9327.59442673139,"CAFI_P026",50
"8316",-14437.4199250056,"CAFI_P026",100
"8317",-2242.29135007254,"CAFI_P026",25
"8318",1831.74026798923,"CAFI_P026",50
"8319",-13877.8113568018,"CAFI_P026",100
"8320",-7465.1068324292,"CAFI_P026",25
"8321",-11940.6944358041,"CAFI_P026",50
"8322",-11688.6031827514,"CAFI_P026",100
"8323",-3296.54214917881,"CAFI_P026",25
"8324",-7101.82053630271,"CAFI_P026",50
"8325",-13991.0003126766,"CAFI_P026",100
"8326",-7111.29507134136,"CAFI_P026",25
"8327",-570.852923354309,"CAFI_P026",50
"8328",-13001.8085809255,"CAFI_P026",100
"8329",-1321.41120108153,"CAFI_P026",25
"8330",-1475.86620174279,"CAFI_P026",50
"8331",-15493.6970173455,"CAFI_P026",100
"8332",-8516.12190154991,"CAFI_P026",25
"8333",-836.354786503551,"CAFI_P026",50
"8334",-10544.5692573394,"CAFI_P026",100
"8335",-6208.36243794693,"CAFI_P026",25
"8336",-6964.95242482043,"CAFI_P026",50
"8337",-13290.0224501685,"CAFI_P026",100
"8338",-5111.69638484914,"CAFI_P026",25
"8339",-1113.51532437066,"CAFI_P026",50
"8340",-9314.74510370918,"CAFI_P026",100
"8341",-1279.25797132606,"CAFI_P026",25
"8342",-6063.3874923441,"CAFI_P026",50
"8343",-14485.8120556741,"CAFI_P026",100
"8344",741.488383958713,"CAFI_P026",25
"8345",-7968.31462110044,"CAFI_P026",50
"8346",-8058.58461739378,"CAFI_P026",100
"8347",-4907.53971011878,"CAFI_P026",25
"8348",-5599.58618931058,"CAFI_P026",50
"8349",-12907.7229381115,"CAFI_P026",100
"8350",-1896.42516855348,"CAFI_P026",25
"8351",-5279.74817858002,"CAFI_P026",50
"8352",-15303.1026377808,"CAFI_P026",100
"8353",-6720.57913809999,"CAFI_P026",25
"8354",-8050.37072523692,"CAFI_P026",50
"8355",-15026.995517007,"CAFI_P026",100
"8356",-2288.41617592123,"CAFI_P026",25
"8357",-12153.9760871127,"CAFI_P026",50
"8358",-14126.7846463487,"CAFI_P026",100
"8359",-4967.72552157733,"CAFI_P026",25
"8360",-6320.6756858102,"CAFI_P026",50
"8361",-12679.6858032357,"CAFI_P026",100
"8362",-2177.7241529405,"CAFI_P026",25
"8363",-7988.95294616584,"CAFI_P026",50
"8364",-12192.9606849303,"CAFI_P026",100
"8365",-1422.24029681829,"CAFI_P026",25
"8366",-116.464818972599,"CAFI_P026",50
"8367",-10081.7277987988,"CAFI_P026",100
"8368",-5317.91718007244,"CAFI_P026",25
"8369",-6451.46938514596,"CAFI_P026",50
"8370",-10310.2479291894,"CAFI_P026",100
"8371",-2367.74702703599,"CAFI_P026",25
"8372",-10729.5978392055,"CAFI_P026",50
"8373",-11696.0843755576,"CAFI_P026",100
"8374",-2881.66531048118,"CAFI_P026",25
"8375",-6945.14412062016,"CAFI_P026",50
"8376",-15822.7384950226,"CAFI_P026",100
"8377",-2423.21155634745,"CAFI_P026",25
"8378",-5341.03153619802,"CAFI_P026",50
"8379",-14675.01683988,"CAFI_P026",100
"8380",-1284.10709104252,"CAFI_P026",25
"8381",-6859.00660250284,"CAFI_P026",50
"8382",-10375.5881620767,"CAFI_P026",100
"8383",-2685.81111419831,"CAFI_P026",25
"8384",-4985.22539592252,"CAFI_P026",50
"8385",-13704.1157282958,"CAFI_P026",100
"8386",-6435.0074019578,"CAFI_P026",25
"8387",-8446.63457542677,"CAFI_P026",50
"8388",-14113.1306900576,"CAFI_P026",100
"8389",-6430.32483271923,"CAFI_P026",25
"8390",-10410.7590428747,"CAFI_P026",50
"8391",-12822.3254184946,"CAFI_P026",100
"8392",1372.83575093828,"CAFI_P026",25
"8393",-7593.84819489856,"CAFI_P026",50
"8394",-14719.2082807035,"CAFI_P026",100
"8395",-4495.86226174762,"CAFI_P026",25
"8396",-3616.0675117949,"CAFI_P026",50
"8397",-12135.6875076109,"CAFI_P026",100
"8398",-3236.91571320973,"CAFI_P026",25
"8399",-10243.4744293069,"CAFI_P026",50
"8400",-15105.476495176,"CAFI_P026",100
"8401",5855.3709976094,"CAFI_P027",25
"8402",-33572.3845158144,"CAFI_P027",50
"8403",-25351.4933102807,"CAFI_P027",100
"8404",3039.09960918193,"CAFI_P027",25
"8405",-20875.6241217505,"CAFI_P027",50
"8406",-40228.4005771027,"CAFI_P027",100
"8407",-1648.85217207257,"CAFI_P027",25
"8408",-22832.1633311538,"CAFI_P027",50
"8409",-25534.2685886427,"CAFI_P027",100
"8410",-12999.6246804908,"CAFI_P027",25
"8411",-4966.18010369485,"CAFI_P027",50
"8412",-44398.1625358868,"CAFI_P027",100
"8413",-11680.6660305784,"CAFI_P027",25
"8414",-3756.38369682175,"CAFI_P027",50
"8415",-41012.862360303,"CAFI_P027",100
"8416",-11072.3972779223,"CAFI_P027",25
"8417",-35721.7348322053,"CAFI_P027",50
"8418",-43624.228385908,"CAFI_P027",100
"8419",-6838.79529210244,"CAFI_P027",25
"8420",-41044.7550858316,"CAFI_P027",50
"8421",-48709.3673027756,"CAFI_P027",100
"8422",-5550.95950262033,"CAFI_P027",25
"8423",-8014.79105975613,"CAFI_P027",50
"8424",-36461.6739593355,"CAFI_P027",100
"8425",-10627.1073781574,"CAFI_P027",25
"8426",-6568.05109891837,"CAFI_P027",50
"8427",-53552.3215714334,"CAFI_P027",100
"8428",2726.38082633726,"CAFI_P027",25
"8429",-15406.4919463159,"CAFI_P027",50
"8430",-33083.4474757455,"CAFI_P027",100
"8431",-2092.64311792364,"CAFI_P027",25
"8432",-14727.5578065587,"CAFI_P027",50
"8433",-46529.1665714002,"CAFI_P027",100
"8434",-3457.14752555324,"CAFI_P027",25
"8435",-20606.3813505553,"CAFI_P027",50
"8436",-34524.9328617977,"CAFI_P027",100
"8437",-10244.7962708194,"CAFI_P027",25
"8438",-11106.852186226,"CAFI_P027",50
"8439",-56145.3934631282,"CAFI_P027",100
"8440",-7644.08231110795,"CAFI_P027",25
"8441",9276.01823254116,"CAFI_P027",50
"8442",-37299.957907947,"CAFI_P027",100
"8443",-19.3577154483064,"CAFI_P027",25
"8444",-16055.5197524524,"CAFI_P027",50
"8445",-49556.2353645448,"CAFI_P027",100
"8446",-6955.72259726818,"CAFI_P027",25
"8447",-36475.9721036203,"CAFI_P027",50
"8448",-47447.1175137215,"CAFI_P027",100
"8449",-18243.5225156504,"CAFI_P027",25
"8450",-10988.3116680371,"CAFI_P027",50
"8451",-23412.3712901694,"CAFI_P027",100
"8452",-3828.6672056414,"CAFI_P027",25
"8453",-20916.5505458478,"CAFI_P027",50
"8454",-40625.0858758049,"CAFI_P027",100
"8455",-388.567916062544,"CAFI_P027",25
"8456",-21758.8155457099,"CAFI_P027",50
"8457",-29910.9011116427,"CAFI_P027",100
"8458",-6339.46393188072,"CAFI_P027",25
"8459",-12058.803065912,"CAFI_P027",50
"8460",-50385.2034590788,"CAFI_P027",100
"8461",-25291.3265524924,"CAFI_P027",25
"8462",-9851.89639464353,"CAFI_P027",50
"8463",-31200.3582934501,"CAFI_P027",100
"8464",-15971.6753832967,"CAFI_P027",25
"8465",-17313.6988760913,"CAFI_P027",50
"8466",-42448.39857003,"CAFI_P027",100
"8467",-5312.90854613541,"CAFI_P027",25
"8468",-39005.6500528673,"CAFI_P027",50
"8469",-29195.0281225945,"CAFI_P027",100
"8470",-17076.2463801289,"CAFI_P027",25
"8471",-29321.8417313527,"CAFI_P027",50
"8472",-54890.7970433193,"CAFI_P027",100
"8473",-25973.2188696458,"CAFI_P027",25
"8474",-28467.764224687,"CAFI_P027",50
"8475",-24418.8550376503,"CAFI_P027",100
"8476",-7570.40363365092,"CAFI_P027",25
"8477",-25298.5543551569,"CAFI_P027",50
"8478",-47968.2744256113,"CAFI_P027",100
"8479",-7746.3700178602,"CAFI_P027",25
"8480",-14912.0005122265,"CAFI_P027",50
"8481",-27975.3776856951,"CAFI_P027",100
"8482",-21118.2041581124,"CAFI_P027",25
"8483",-9659.39109344402,"CAFI_P027",50
"8484",-28382.6963076257,"CAFI_P027",100
"8485",-25640.4693873724,"CAFI_P027",25
"8486",-21281.4247438017,"CAFI_P027",50
"8487",-25649.903113022,"CAFI_P027",100
"8488",4039.00634925201,"CAFI_P027",25
"8489",-22995.8055414474,"CAFI_P027",50
"8490",-39073.275429533,"CAFI_P027",100
"8491",-12673.3988416513,"CAFI_P027",25
"8492",-5974.63198062323,"CAFI_P027",50
"8493",-47234.7068154855,"CAFI_P027",100
"8494",2062.55613908108,"CAFI_P027",25
"8495",-12631.5106705945,"CAFI_P027",50
"8496",-38686.5904689773,"CAFI_P027",100
"8497",3798.92702519766,"CAFI_P027",25
"8498",-5670.19197975058,"CAFI_P027",50
"8499",-52324.74311392,"CAFI_P027",100
"8500",-1730.50674523634,"CAFI_P027",25
"8501",-6309.58841933782,"CAFI_P027",50
"8502",-32530.7709217205,"CAFI_P027",100
"8503",-19876.3435985563,"CAFI_P027",25
"8504",-6489.04926040437,"CAFI_P027",50
"8505",-27219.031635041,"CAFI_P027",100
"8506",-3527.57671481144,"CAFI_P027",25
"8507",-13435.1794024975,"CAFI_P027",50
"8508",-53202.2824051642,"CAFI_P027",100
"8509",408.123386878811,"CAFI_P027",25
"8510",-19318.0966864963,"CAFI_P027",50
"8511",-41600.51411572,"CAFI_P027",100
"8512",-3233.9806516227,"CAFI_P027",25
"8513",-19405.2687454706,"CAFI_P027",50
"8514",-38991.8369686063,"CAFI_P027",100
"8515",-142.155417257629,"CAFI_P027",25
"8516",-26785.7511387525,"CAFI_P027",50
"8517",-37407.4279174655,"CAFI_P027",100
"8518",-2674.88183855038,"CAFI_P027",25
"8519",-27281.0030497272,"CAFI_P027",50
"8520",-49754.3412752015,"CAFI_P027",100
"8521",-4824.63647901843,"CAFI_P027",25
"8522",-7856.7776602708,"CAFI_P027",50
"8523",-29904.8941333175,"CAFI_P027",100
"8524",-1418.85693029017,"CAFI_P027",25
"8525",-32980.298222801,"CAFI_P027",50
"8526",-34989.2464183155,"CAFI_P027",100
"8527",-21663.3857782447,"CAFI_P027",25
"8528",-26434.4916077872,"CAFI_P027",50
"8529",-32441.7037298291,"CAFI_P027",100
"8530",-7412.73021026311,"CAFI_P027",25
"8531",-7161.69697730674,"CAFI_P027",50
"8532",-40145.5463342983,"CAFI_P027",100
"8533",-23656.4835506188,"CAFI_P027",25
"8534",-14059.827497432,"CAFI_P027",50
"8535",-49603.1196975542,"CAFI_P027",100
"8536",-4902.51143903547,"CAFI_P027",25
"8537",-33382.8543523383,"CAFI_P027",50
"8538",-51664.0221922447,"CAFI_P027",100
"8539",-6554.43346365314,"CAFI_P027",25
"8540",-18221.4010964629,"CAFI_P027",50
"8541",-46997.3944535991,"CAFI_P027",100
"8542",1864.85049369169,"CAFI_P027",25
"8543",-28918.810077248,"CAFI_P027",50
"8544",-28642.9158950078,"CAFI_P027",100
"8545",-10881.2688391915,"CAFI_P027",25
"8546",-44861.2839739136,"CAFI_P027",50
"8547",-39884.2284471804,"CAFI_P027",100
"8548",-5635.62545675662,"CAFI_P027",25
"8549",-15026.7576605373,"CAFI_P027",50
"8550",-48167.5100068746,"CAFI_P027",100
"8551",-30045.4978739445,"CAFI_P027",25
"8552",-16024.1820692793,"CAFI_P027",50
"8553",-37863.4470643838,"CAFI_P027",100
"8554",-3231.1868371162,"CAFI_P027",25
"8555",-18160.4005341955,"CAFI_P027",50
"8556",-49680.3012361473,"CAFI_P027",100
"8557",-5032.99982799636,"CAFI_P027",25
"8558",-22569.5565339538,"CAFI_P027",50
"8559",-50505.3991080372,"CAFI_P027",100
"8560",-3521.83153615374,"CAFI_P027",25
"8561",-37891.8848347926,"CAFI_P027",50
"8562",-37557.4240205123,"CAFI_P027",100
"8563",-11478.7085255222,"CAFI_P027",25
"8564",-6407.54327729257,"CAFI_P027",50
"8565",-33247.9939307871,"CAFI_P027",100
"8566",-13718.5274088421,"CAFI_P027",25
"8567",-42731.6441574214,"CAFI_P027",50
"8568",-45752.8915375798,"CAFI_P027",100
"8569",-36013.4074134686,"CAFI_P027",25
"8570",-22295.2354332942,"CAFI_P027",50
"8571",-24517.1049701729,"CAFI_P027",100
"8572",-12558.3200690465,"CAFI_P027",25
"8573",-14275.0130969947,"CAFI_P027",50
"8574",-51855.1377571308,"CAFI_P027",100
"8575",-7361.09927626909,"CAFI_P027",25
"8576",-19960.6827183103,"CAFI_P027",50
"8577",-35379.6559642839,"CAFI_P027",100
"8578",-11708.4295893138,"CAFI_P027",25
"8579",-10302.3806098428,"CAFI_P027",50
"8580",-54088.2872232964,"CAFI_P027",100
"8581",-26959.8111667825,"CAFI_P027",25
"8582",982.555930332281,"CAFI_P027",50
"8583",-43126.8560740331,"CAFI_P027",100
"8584",4728.48209875979,"CAFI_P027",25
"8585",-31107.305849825,"CAFI_P027",50
"8586",-59108.1118241809,"CAFI_P027",100
"8587",-884.989402022969,"CAFI_P027",25
"8588",-24704.5881968474,"CAFI_P027",50
"8589",-41659.552025931,"CAFI_P027",100
"8590",2963.05561411026,"CAFI_P027",25
"8591",4394.40179251553,"CAFI_P027",50
"8592",-25305.3545976126,"CAFI_P027",100
"8593",-4807.52902331477,"CAFI_P027",25
"8594",4492.56788490911,"CAFI_P027",50
"8595",-39821.1193637096,"CAFI_P027",100
"8596",-1874.57391383266,"CAFI_P027",25
"8597",-33114.4556748635,"CAFI_P027",50
"8598",-24136.4336063453,"CAFI_P027",100
"8599",-5306.48980802466,"CAFI_P027",25
"8600",-11794.9509791431,"CAFI_P027",50
"8601",-33245.0432053465,"CAFI_P027",100
"8602",-6420.95785568742,"CAFI_P027",25
"8603",-11911.9280406185,"CAFI_P027",50
"8604",-40090.2580764901,"CAFI_P027",100
"8605",280.365705359029,"CAFI_P027",25
"8606",-23945.2846389205,"CAFI_P027",50
"8607",-32519.8382037149,"CAFI_P027",100
"8608",-24361.8855511781,"CAFI_P027",25
"8609",-19856.0909963142,"CAFI_P027",50
"8610",-42958.2548795252,"CAFI_P027",100
"8611",-14279.0433258153,"CAFI_P027",25
"8612",-9343.94321905699,"CAFI_P027",50
"8613",-44056.8361747064,"CAFI_P027",100
"8614",-11107.1072807235,"CAFI_P027",25
"8615",-4919.65924455976,"CAFI_P027",50
"8616",-41282.3369494896,"CAFI_P027",100
"8617",7825.10662709427,"CAFI_P027",25
"8618",-25026.0886886144,"CAFI_P027",50
"8619",-45255.8294981982,"CAFI_P027",100
"8620",-5772.53684887337,"CAFI_P027",25
"8621",-8922.33352426143,"CAFI_P027",50
"8622",-42613.7350140886,"CAFI_P027",100
"8623",-5330.8820780947,"CAFI_P027",25
"8624",-31512.9609216871,"CAFI_P027",50
"8625",-34956.9587918277,"CAFI_P027",100
"8626",-3668.97734000307,"CAFI_P027",25
"8627",-41561.9265766454,"CAFI_P027",50
"8628",-39022.4212156239,"CAFI_P027",100
"8629",-1163.5850670971,"CAFI_P027",25
"8630",-15104.5411003276,"CAFI_P027",50
"8631",-48147.3952102964,"CAFI_P027",100
"8632",-22204.3619239734,"CAFI_P027",25
"8633",-38738.3737000346,"CAFI_P027",50
"8634",-47606.1833975276,"CAFI_P027",100
"8635",-10777.3191951943,"CAFI_P027",25
"8636",-17146.344262087,"CAFI_P027",50
"8637",-43688.2260076383,"CAFI_P027",100
"8638",-5980.93750032102,"CAFI_P027",25
"8639",-42744.1101908151,"CAFI_P027",50
"8640",-33106.1854367489,"CAFI_P027",100
"8641",-8925.12990771298,"CAFI_P027",25
"8642",-14879.2189723852,"CAFI_P027",50
"8643",-33945.8947253404,"CAFI_P027",100
"8644",-3221.15751504933,"CAFI_P027",25
"8645",-5795.53980204469,"CAFI_P027",50
"8646",-30583.9006467029,"CAFI_P027",100
"8647",-29675.3371617366,"CAFI_P027",25
"8648",-14305.1224540549,"CAFI_P027",50
"8649",-38321.3207445449,"CAFI_P027",100
"8650",-8191.53831786499,"CAFI_P027",25
"8651",-4993.0110554783,"CAFI_P027",50
"8652",-33504.1746859298,"CAFI_P027",100
"8653",-3068.68536863354,"CAFI_P027",25
"8654",-35561.6031544699,"CAFI_P027",50
"8655",-42693.9221087991,"CAFI_P027",100
"8656",-20228.5102002131,"CAFI_P027",25
"8657",-16619.4988603469,"CAFI_P027",50
"8658",-28420.3100423278,"CAFI_P027",100
"8659",-7141.9696827528,"CAFI_P027",25
"8660",-27561.2650553546,"CAFI_P027",50
"8661",-38938.8546212474,"CAFI_P027",100
"8662",-13812.2484952039,"CAFI_P027",25
"8663",-14451.6452162774,"CAFI_P027",50
"8664",-37011.1909500887,"CAFI_P027",100
"8665",-14890.2364662857,"CAFI_P027",25
"8666",-34449.3142494157,"CAFI_P027",50
"8667",-41871.4185057209,"CAFI_P027",100
"8668",-20205.041230364,"CAFI_P027",25
"8669",-7801.30393131007,"CAFI_P027",50
"8670",-46364.719138891,"CAFI_P027",100
"8671",-12297.0587143247,"CAFI_P027",25
"8672",-37218.3548981326,"CAFI_P027",50
"8673",-59956.9067177135,"CAFI_P027",100
"8674",-13622.0063120818,"CAFI_P027",25
"8675",-21509.8748043337,"CAFI_P027",50
"8676",-55677.0608167683,"CAFI_P027",100
"8677",-8675.17565832112,"CAFI_P027",25
"8678",-34851.310538555,"CAFI_P027",50
"8679",-17660.1506875494,"CAFI_P027",100
"8680",-26719.2856642363,"CAFI_P027",25
"8681",-6970.90031080897,"CAFI_P027",50
"8682",-39677.5809238601,"CAFI_P027",100
"8683",1979.59324788896,"CAFI_P027",25
"8684",-2450.56638448109,"CAFI_P027",50
"8685",-28396.6362046491,"CAFI_P027",100
"8686",-1515.73448102782,"CAFI_P027",25
"8687",-16223.0889947672,"CAFI_P027",50
"8688",-44593.5130015462,"CAFI_P027",100
"8689",-9471.01037737605,"CAFI_P027",25
"8690",-10098.647203688,"CAFI_P027",50
"8691",-34408.9619487093,"CAFI_P027",100
"8692",2335.17157899094,"CAFI_P027",25
"8693",-18655.4847182579,"CAFI_P027",50
"8694",-30990.820802942,"CAFI_P027",100
"8695",1808.60321541538,"CAFI_P027",25
"8696",-22204.6515624093,"CAFI_P027",50
"8697",-41695.3216461212,"CAFI_P027",100
"8698",1412.54722500313,"CAFI_P027",25
"8699",-28188.2772730674,"CAFI_P027",50
"8700",-44231.9419309652,"CAFI_P027",100
"8701",21846.482780845,"CAFI_P028",25
"8702",-23597.3166107587,"CAFI_P028",50
"8703",-46689.5026175481,"CAFI_P028",100
"8704",-18023.6354291625,"CAFI_P028",25
"8705",-27804.2568574162,"CAFI_P028",50
"8706",-9786.69281695149,"CAFI_P028",100
"8707",-9354.88940323592,"CAFI_P028",25
"8708",918.095706688764,"CAFI_P028",50
"8709",-18447.5480060533,"CAFI_P028",100
"8710",12265.4226638452,"CAFI_P028",25
"8711",-11876.0673187302,"CAFI_P028",50
"8712",-29083.7226875408,"CAFI_P028",100
"8713",-17834.1080358499,"CAFI_P028",25
"8714",-24379.3748084578,"CAFI_P028",50
"8715",-34129.6092590013,"CAFI_P028",100
"8716",-20302.4868015659,"CAFI_P028",25
"8717",-5982.6572152531,"CAFI_P028",50
"8718",-24443.3627506653,"CAFI_P028",100
"8719",-14467.6719675299,"CAFI_P028",25
"8720",-2084.85525840486,"CAFI_P028",50
"8721",-33459.3570289055,"CAFI_P028",100
"8722",13986.0025487857,"CAFI_P028",25
"8723",-27085.9417264384,"CAFI_P028",50
"8724",-35172.5266862629,"CAFI_P028",100
"8725",-6012.42599271797,"CAFI_P028",25
"8726",-16994.8399761844,"CAFI_P028",50
"8727",-14199.8296765502,"CAFI_P028",100
"8728",9773.63303245779,"CAFI_P028",25
"8729",-8752.50454995397,"CAFI_P028",50
"8730",-32950.5578862593,"CAFI_P028",100
"8731",-8304.39594253205,"CAFI_P028",25
"8732",-13899.8136441525,"CAFI_P028",50
"8733",-34907.4614263867,"CAFI_P028",100
"8734",-20373.9937128322,"CAFI_P028",25
"8735",-8911.50035311113,"CAFI_P028",50
"8736",-29659.4127564576,"CAFI_P028",100
"8737",2656.88808471034,"CAFI_P028",25
"8738",-8347.73430304858,"CAFI_P028",50
"8739",-2343.87317082874,"CAFI_P028",100
"8740",-4317.7726124,"CAFI_P028",25
"8741",4489.38093227003,"CAFI_P028",50
"8742",-41260.1684299008,"CAFI_P028",100
"8743",-159.607517237018,"CAFI_P028",25
"8744",-11823.2452050081,"CAFI_P028",50
"8745",-26415.7958922714,"CAFI_P028",100
"8746",-11260.0626948136,"CAFI_P028",25
"8747",30442.0853971606,"CAFI_P028",50
"8748",-39102.1206239404,"CAFI_P028",100
"8749",-22942.3219145352,"CAFI_P028",25
"8750",-9715.05804142286,"CAFI_P028",50
"8751",-26305.725109455,"CAFI_P028",100
"8752",-10353.8318673539,"CAFI_P028",25
"8753",-908.550323396688,"CAFI_P028",50
"8754",-7274.99132735335,"CAFI_P028",100
"8755",-4288.33159376291,"CAFI_P028",25
"8756",-11691.8080682982,"CAFI_P028",50
"8757",-8222.5147896345,"CAFI_P028",100
"8758",-3765.8542287717,"CAFI_P028",25
"8759",-30126.2089488943,"CAFI_P028",50
"8760",-21218.9426391677,"CAFI_P028",100
"8761",-2195.74531268596,"CAFI_P028",25
"8762",-8470.83558906935,"CAFI_P028",50
"8763",-28127.8855051967,"CAFI_P028",100
"8764",-205.005462955858,"CAFI_P028",25
"8765",-3054.75105315162,"CAFI_P028",50
"8766",-28245.164990015,"CAFI_P028",100
"8767",-7889.88563961833,"CAFI_P028",25
"8768",-15196.4174625339,"CAFI_P028",50
"8769",-41351.2665897032,"CAFI_P028",100
"8770",-5613.79067955533,"CAFI_P028",25
"8771",-14845.1548179258,"CAFI_P028",50
"8772",-23056.7705937821,"CAFI_P028",100
"8773",21456.7735314989,"CAFI_P028",25
"8774",-11796.9488347006,"CAFI_P028",50
"8775",-35806.779729182,"CAFI_P028",100
"8776",2992.25115611579,"CAFI_P028",25
"8777",-25258.5155077239,"CAFI_P028",50
"8778",-37630.8105830345,"CAFI_P028",100
"8779",12787.5944227559,"CAFI_P028",25
"8780",-24407.1045509905,"CAFI_P028",50
"8781",-14013.3859978756,"CAFI_P028",100
"8782",-1333.28719355637,"CAFI_P028",25
"8783",-2750.27050809958,"CAFI_P028",50
"8784",-21302.251761757,"CAFI_P028",100
"8785",2101.18633105326,"CAFI_P028",25
"8786",-13797.5144645101,"CAFI_P028",50
"8787",-44722.986701284,"CAFI_P028",100
"8788",-6720.55145048641,"CAFI_P028",25
"8789",-19350.8236434792,"CAFI_P028",50
"8790",-10270.2128382253,"CAFI_P028",100
"8791",-10663.2104473346,"CAFI_P028",25
"8792",-4838.05454308196,"CAFI_P028",50
"8793",-7901.91340845753,"CAFI_P028",100
"8794",-12390.6702774477,"CAFI_P028",25
"8795",-20522.9939166207,"CAFI_P028",50
"8796",-36430.2238942512,"CAFI_P028",100
"8797",-5634.96998662374,"CAFI_P028",25
"8798",-17910.7274823691,"CAFI_P028",50
"8799",-18125.0887826004,"CAFI_P028",100
"8800",-8293.12633429933,"CAFI_P028",25
"8801",-5485.48240069882,"CAFI_P028",50
"8802",-5103.48874409311,"CAFI_P028",100
"8803",-8173.93956658599,"CAFI_P028",25
"8804",-10305.1437227579,"CAFI_P028",50
"8805",-14210.8090676077,"CAFI_P028",100
"8806",-13032.8082761813,"CAFI_P028",25
"8807",-18929.8277448519,"CAFI_P028",50
"8808",-15220.2737390475,"CAFI_P028",100
"8809",-11295.0101769674,"CAFI_P028",25
"8810",-36514.9678634836,"CAFI_P028",50
"8811",-20621.0384926772,"CAFI_P028",100
"8812",-4500.6193949781,"CAFI_P028",25
"8813",-13845.3268319529,"CAFI_P028",50
"8814",-4015.9230108409,"CAFI_P028",100
"8815",-10462.2774743933,"CAFI_P028",25
"8816",-1096.33435931656,"CAFI_P028",50
"8817",-19935.0113101006,"CAFI_P028",100
"8818",5201.17477689602,"CAFI_P028",25
"8819",-26544.1239103589,"CAFI_P028",50
"8820",-18929.8536989851,"CAFI_P028",100
"8821",-8399.36994216777,"CAFI_P028",25
"8822",-12248.3582243951,"CAFI_P028",50
"8823",-26246.103007255,"CAFI_P028",100
"8824",-11156.8129033183,"CAFI_P028",25
"8825",-21492.9590028108,"CAFI_P028",50
"8826",-26096.1421110636,"CAFI_P028",100
"8827",-7539.60386852239,"CAFI_P028",25
"8828",-10239.3808862284,"CAFI_P028",50
"8829",-21617.0481460224,"CAFI_P028",100
"8830",-9109.21920081472,"CAFI_P028",25
"8831",-25887.0903490802,"CAFI_P028",50
"8832",-27048.0572367967,"CAFI_P028",100
"8833",-11064.2221578115,"CAFI_P028",25
"8834",-27352.591992567,"CAFI_P028",50
"8835",-23813.422382857,"CAFI_P028",100
"8836",-8135.71852838882,"CAFI_P028",25
"8837",-15677.662877187,"CAFI_P028",50
"8838",-17530.0568910522,"CAFI_P028",100
"8839",369.158144680085,"CAFI_P028",25
"8840",-9328.43604996102,"CAFI_P028",50
"8841",-38706.047886054,"CAFI_P028",100
"8842",-16383.40647539,"CAFI_P028",25
"8843",5386.74181687314,"CAFI_P028",50
"8844",-38961.8754791688,"CAFI_P028",100
"8845",-8261.86963636603,"CAFI_P028",25
"8846",6994.57110229263,"CAFI_P028",50
"8847",-33809.6480475708,"CAFI_P028",100
"8848",-23136.9182467516,"CAFI_P028",25
"8849",-33765.8350398288,"CAFI_P028",50
"8850",-32023.8107698804,"CAFI_P028",100
"8851",-8439.92255300045,"CAFI_P028",25
"8852",-5295.02950228832,"CAFI_P028",50
"8853",4228.55920132279,"CAFI_P028",100
"8854",-14055.2875215465,"CAFI_P028",25
"8855",-5375.27361687244,"CAFI_P028",50
"8856",-1391.11668391828,"CAFI_P028",100
"8857",-1851.23666841176,"CAFI_P028",25
"8858",-21158.8437860382,"CAFI_P028",50
"8859",-23124.7074938809,"CAFI_P028",100
"8860",-11097.3552613014,"CAFI_P028",25
"8861",-15432.71964352,"CAFI_P028",50
"8862",-12639.8585960675,"CAFI_P028",100
"8863",-18669.6046891088,"CAFI_P028",25
"8864",-15605.967064485,"CAFI_P028",50
"8865",400.284719008137,"CAFI_P028",100
"8866",-5123.79207337229,"CAFI_P028",25
"8867",1760.67969278386,"CAFI_P028",50
"8868",-30407.8610137206,"CAFI_P028",100
"8869",-4723.79588322365,"CAFI_P028",25
"8870",-25133.9536297728,"CAFI_P028",50
"8871",-41744.7699740503,"CAFI_P028",100
"8872",-6307.7265560808,"CAFI_P028",25
"8873",-19336.9824545213,"CAFI_P028",50
"8874",-13437.4988501121,"CAFI_P028",100
"8875",-12669.2055646266,"CAFI_P028",25
"8876",-21941.6761650732,"CAFI_P028",50
"8877",-12194.0793857113,"CAFI_P028",100
"8878",-157.688439926424,"CAFI_P028",25
"8879",-12677.3169563744,"CAFI_P028",50
"8880",-35622.7466024669,"CAFI_P028",100
"8881",1890.20870323398,"CAFI_P028",25
"8882",-20319.4327634063,"CAFI_P028",50
"8883",-2622.99670608499,"CAFI_P028",100
"8884",-14494.6543995113,"CAFI_P028",25
"8885",-12456.2629193045,"CAFI_P028",50
"8886",-17420.9137824751,"CAFI_P028",100
"8887",-2845.81451198732,"CAFI_P028",25
"8888",-7860.52290156035,"CAFI_P028",50
"8889",-20914.0401594639,"CAFI_P028",100
"8890",-9568.70623249118,"CAFI_P028",25
"8891",-30521.8168907721,"CAFI_P028",50
"8892",5612.05835082848,"CAFI_P028",100
"8893",-320.411986215157,"CAFI_P028",25
"8894",-25681.5506512841,"CAFI_P028",50
"8895",-24459.9212812743,"CAFI_P028",100
"8896",4039.29150932119,"CAFI_P028",25
"8897",-2076.35109757731,"CAFI_P028",50
"8898",-36793.9929645677,"CAFI_P028",100
"8899",-10971.1056606624,"CAFI_P028",25
"8900",14617.2318656641,"CAFI_P028",50
"8901",-17422.7502034481,"CAFI_P028",100
"8902",-5282.24433819309,"CAFI_P028",25
"8903",-4719.40953685349,"CAFI_P028",50
"8904",-46208.487702237,"CAFI_P028",100
"8905",-5262.38501376775,"CAFI_P028",25
"8906",-10246.8954202121,"CAFI_P028",50
"8907",-13173.3127782583,"CAFI_P028",100
"8908",-9834.03074561839,"CAFI_P028",25
"8909",-14467.334523181,"CAFI_P028",50
"8910",-914.315783681814,"CAFI_P028",100
"8911",-2992.16598415555,"CAFI_P028",25
"8912",-20618.3885882655,"CAFI_P028",50
"8913",-26331.8993795709,"CAFI_P028",100
"8914",-16672.5362514736,"CAFI_P028",25
"8915",-13161.0247831565,"CAFI_P028",50
"8916",-25910.1550495663,"CAFI_P028",100
"8917",8102.24361969955,"CAFI_P028",25
"8918",-30040.6905960387,"CAFI_P028",50
"8919",-8363.8134203814,"CAFI_P028",100
"8920",-227.792241647083,"CAFI_P028",25
"8921",21338.6942719456,"CAFI_P028",50
"8922",-39887.2007600502,"CAFI_P028",100
"8923",4587.93694453209,"CAFI_P028",25
"8924",-17430.9815095454,"CAFI_P028",50
"8925",-10570.0784457327,"CAFI_P028",100
"8926",-5670.2706968186,"CAFI_P028",25
"8927",-11086.3091482214,"CAFI_P028",50
"8928",-15747.8983443585,"CAFI_P028",100
"8929",-5247.0700232099,"CAFI_P028",25
"8930",-14725.8988402548,"CAFI_P028",50
"8931",-30122.1589004319,"CAFI_P028",100
"8932",-22126.6919603411,"CAFI_P028",25
"8933",-20731.0361516072,"CAFI_P028",50
"8934",-32720.6724696477,"CAFI_P028",100
"8935",-17993.1125934453,"CAFI_P028",25
"8936",-1735.00033055124,"CAFI_P028",50
"8937",-18036.9148192415,"CAFI_P028",100
"8938",-4997.75483827852,"CAFI_P028",25
"8939",-1103.70540487836,"CAFI_P028",50
"8940",-15080.637171266,"CAFI_P028",100
"8941",-1606.3757450573,"CAFI_P028",25
"8942",4740.48129687086,"CAFI_P028",50
"8943",-35115.5454772769,"CAFI_P028",100
"8944",-15489.6019955458,"CAFI_P028",25
"8945",-23129.9278561917,"CAFI_P028",50
"8946",-30255.6651915154,"CAFI_P028",100
"8947",-10363.1455187364,"CAFI_P028",25
"8948",-31214.155944696,"CAFI_P028",50
"8949",321.064750468184,"CAFI_P028",100
"8950",-8640.39222712792,"CAFI_P028",25
"8951",-30499.8251875009,"CAFI_P028",50
"8952",-35918.0069822023,"CAFI_P028",100
"8953",-12285.9295920228,"CAFI_P028",25
"8954",-26544.0609897997,"CAFI_P028",50
"8955",-24791.8807115158,"CAFI_P028",100
"8956",-10845.3746538326,"CAFI_P028",25
"8957",-661.594299628865,"CAFI_P028",50
"8958",-38437.8495519551,"CAFI_P028",100
"8959",-15163.8181854393,"CAFI_P028",25
"8960",-13854.8377216729,"CAFI_P028",50
"8961",-31584.1258276818,"CAFI_P028",100
"8962",-24255.658628843,"CAFI_P028",25
"8963",-24428.0596701156,"CAFI_P028",50
"8964",-26360.9881361941,"CAFI_P028",100
"8965",-6024.66368034302,"CAFI_P028",25
"8966",3245.31505106844,"CAFI_P028",50
"8967",-38173.2977526349,"CAFI_P028",100
"8968",5588.29347975104,"CAFI_P028",25
"8969",-8393.64932859084,"CAFI_P028",50
"8970",-16063.2868871688,"CAFI_P028",100
"8971",4826.26899977279,"CAFI_P028",25
"8972",-5779.81888539274,"CAFI_P028",50
"8973",12179.5278152603,"CAFI_P028",100
"8974",626.555773006636,"CAFI_P028",25
"8975",-3869.07002545998,"CAFI_P028",50
"8976",-7652.71547965129,"CAFI_P028",100
"8977",-6891.80478935916,"CAFI_P028",25
"8978",-4396.77267408161,"CAFI_P028",50
"8979",-30382.1218937007,"CAFI_P028",100
"8980",350.320181396208,"CAFI_P028",25
"8981",-8711.97715824749,"CAFI_P028",50
"8982",-41672.0064413242,"CAFI_P028",100
"8983",3812.53183337528,"CAFI_P028",25
"8984",-7695.09653708991,"CAFI_P028",50
"8985",-47810.5108379171,"CAFI_P028",100
"8986",12677.2498378666,"CAFI_P028",25
"8987",-31259.1819669884,"CAFI_P028",50
"8988",-42317.7616116411,"CAFI_P028",100
"8989",-429.979989646352,"CAFI_P028",25
"8990",-9759.85186026676,"CAFI_P028",50
"8991",-23552.2437291449,"CAFI_P028",100
"8992",-17089.181456136,"CAFI_P028",25
"8993",-17836.4589001869,"CAFI_P028",50
"8994",-25785.3903568371,"CAFI_P028",100
"8995",476.504873904807,"CAFI_P028",25
"8996",-5175.66384430003,"CAFI_P028",50
"8997",-17685.252407253,"CAFI_P028",100
"8998",-13928.2059705362,"CAFI_P028",25
"8999",-8477.61314499873,"CAFI_P028",50
"9000",-29019.5939005024,"CAFI_P028",100
"9001",-5025.86350772553,"CAFI_P029",25
"9002",-14365.0139077406,"CAFI_P029",50
"9003",-15167.8271003807,"CAFI_P029",100
"9004",-2957.43541456433,"CAFI_P029",25
"9005",1341.07414676755,"CAFI_P029",50
"9006",356.175787671411,"CAFI_P029",100
"9007",5251.46557507495,"CAFI_P029",25
"9008",1529.02148678456,"CAFI_P029",50
"9009",7640.27948775719,"CAFI_P029",100
"9010",29592.2890348698,"CAFI_P029",25
"9011",-12143.7728021001,"CAFI_P029",50
"9012",-1074.24085178773,"CAFI_P029",100
"9013",-4551.77216853132,"CAFI_P029",25
"9014",-4250.82412536029,"CAFI_P029",50
"9015",-9402.2945735493,"CAFI_P029",100
"9016",10091.2697426902,"CAFI_P029",25
"9017",-12510.236401349,"CAFI_P029",50
"9018",-14582.6980176655,"CAFI_P029",100
"9019",2136.71210024814,"CAFI_P029",25
"9020",19461.6031679494,"CAFI_P029",50
"9021",-30.7343348941649,"CAFI_P029",100
"9022",-10642.5037919937,"CAFI_P029",25
"9023",11451.543849441,"CAFI_P029",50
"9024",-14882.0518075047,"CAFI_P029",100
"9025",-10317.1045055235,"CAFI_P029",25
"9026",19498.7137948441,"CAFI_P029",50
"9027",-11431.0367944506,"CAFI_P029",100
"9028",-2956.28311674605,"CAFI_P029",25
"9029",15985.0566549574,"CAFI_P029",50
"9030",-13749.0054505608,"CAFI_P029",100
"9031",-9735.47029391676,"CAFI_P029",25
"9032",-12477.3114456467,"CAFI_P029",50
"9033",10640.7237561638,"CAFI_P029",100
"9034",6821.499510066,"CAFI_P029",25
"9035",-3457.0408146212,"CAFI_P029",50
"9036",6562.98546479834,"CAFI_P029",100
"9037",-1819.76538091752,"CAFI_P029",25
"9038",-16519.1342151135,"CAFI_P029",50
"9039",-5507.9947634429,"CAFI_P029",100
"9040",-7646.19737456914,"CAFI_P029",25
"9041",8938.75428250589,"CAFI_P029",50
"9042",1356.58088774129,"CAFI_P029",100
"9043",-6861.84295101481,"CAFI_P029",25
"9044",-2462.24917470594,"CAFI_P029",50
"9045",21716.080475168,"CAFI_P029",100
"9046",271.099085244758,"CAFI_P029",25
"9047",-11566.6079211123,"CAFI_P029",50
"9048",5736.97620958224,"CAFI_P029",100
"9049",-5489.28930737817,"CAFI_P029",25
"9050",-1224.09047688596,"CAFI_P029",50
"9051",-18952.9540879255,"CAFI_P029",100
"9052",-2785.11671177408,"CAFI_P029",25
"9053",13865.5635225092,"CAFI_P029",50
"9054",21310.0129943733,"CAFI_P029",100
"9055",-4298.76545720355,"CAFI_P029",25
"9056",-12269.6380097522,"CAFI_P029",50
"9057",-13492.8463509039,"CAFI_P029",100
"9058",-4885.19106755877,"CAFI_P029",25
"9059",-7708.31776789413,"CAFI_P029",50
"9060",-10004.9810601899,"CAFI_P029",100
"9061",1282.04754029436,"CAFI_P029",25
"9062",1573.77403671184,"CAFI_P029",50
"9063",6052.89725287835,"CAFI_P029",100
"9064",-500.803316926467,"CAFI_P029",25
"9065",14161.9520341868,"CAFI_P029",50
"9066",-3788.45271136949,"CAFI_P029",100
"9067",-7510.37424343807,"CAFI_P029",25
"9068",4995.05154780461,"CAFI_P029",50
"9069",10613.4168628589,"CAFI_P029",100
"9070",-3920.0300132648,"CAFI_P029",25
"9071",14081.3129864119,"CAFI_P029",50
"9072",-5236.59882746305,"CAFI_P029",100
"9073",2505.82418093539,"CAFI_P029",25
"9074",-7794.97104094934,"CAFI_P029",50
"9075",-3884.79415313562,"CAFI_P029",100
"9076",1300.69093785656,"CAFI_P029",25
"9077",4092.71614073345,"CAFI_P029",50
"9078",2985.64895793656,"CAFI_P029",100
"9079",35364.65048667,"CAFI_P029",25
"9080",-6268.88017345092,"CAFI_P029",50
"9081",-6202.00881459023,"CAFI_P029",100
"9082",-7190.44197138899,"CAFI_P029",25
"9083",5793.63830930064,"CAFI_P029",50
"9084",-4978.4801026762,"CAFI_P029",100
"9085",13103.7378922241,"CAFI_P029",25
"9086",2926.86510120635,"CAFI_P029",50
"9087",-1211.16576848546,"CAFI_P029",100
"9088",-7931.14583413705,"CAFI_P029",25
"9089",-16996.0537280441,"CAFI_P029",50
"9090",-5564.62741293403,"CAFI_P029",100
"9091",-1834.61240178178,"CAFI_P029",25
"9092",9755.74910064624,"CAFI_P029",50
"9093",11820.7438390015,"CAFI_P029",100
"9094",3278.382885948,"CAFI_P029",25
"9095",-3522.82329573651,"CAFI_P029",50
"9096",-10854.3780057494,"CAFI_P029",100
"9097",-765.130294607545,"CAFI_P029",25
"9098",-2339.09466629656,"CAFI_P029",50
"9099",27207.672179458,"CAFI_P029",100
"9100",-2132.89285322552,"CAFI_P029",25
"9101",-8199.89159101137,"CAFI_P029",50
"9102",-12238.0577127599,"CAFI_P029",100
"9103",-3317.40934642492,"CAFI_P029",25
"9104",24995.5951258905,"CAFI_P029",50
"9105",-26172.320089632,"CAFI_P029",100
"9106",8850.2930130593,"CAFI_P029",25
"9107",-3785.29364474828,"CAFI_P029",50
"9108",-14984.3723363843,"CAFI_P029",100
"9109",155.20569533942,"CAFI_P029",25
"9110",6041.30372106103,"CAFI_P029",50
"9111",-19955.7338457299,"CAFI_P029",100
"9112",10731.8432306385,"CAFI_P029",25
"9113",12556.6409935795,"CAFI_P029",50
"9114",-9785.60388514231,"CAFI_P029",100
"9115",6377.83639429888,"CAFI_P029",25
"9116",22103.4302888989,"CAFI_P029",50
"9117",-16067.8389130394,"CAFI_P029",100
"9118",10118.2959541092,"CAFI_P029",25
"9119",49.7356952005066,"CAFI_P029",50
"9120",-12067.186091842,"CAFI_P029",100
"9121",-7149.18293431151,"CAFI_P029",25
"9122",2808.81340806343,"CAFI_P029",50
"9123",-7699.53107270488,"CAFI_P029",100
"9124",-1224.66576482676,"CAFI_P029",25
"9125",20479.0296295664,"CAFI_P029",50
"9126",-2680.76391171914,"CAFI_P029",100
"9127",-4741.78157863888,"CAFI_P029",25
"9128",17314.486613437,"CAFI_P029",50
"9129",11000.2126842788,"CAFI_P029",100
"9130",693.462979001168,"CAFI_P029",25
"9131",25532.309495763,"CAFI_P029",50
"9132",-7868.16153902956,"CAFI_P029",100
"9133",2864.63075910031,"CAFI_P029",25
"9134",1603.5648814622,"CAFI_P029",50
"9135",-1557.8439879294,"CAFI_P029",100
"9136",-657.108389596979,"CAFI_P029",25
"9137",-2291.80902229145,"CAFI_P029",50
"9138",-13612.960294529,"CAFI_P029",100
"9139",4186.63856255118,"CAFI_P029",25
"9140",1014.52257722546,"CAFI_P029",50
"9141",-3680.10276395583,"CAFI_P029",100
"9142",-8060.83436660393,"CAFI_P029",25
"9143",-5565.88195576711,"CAFI_P029",50
"9144",-10484.865743082,"CAFI_P029",100
"9145",-9369.91630741511,"CAFI_P029",25
"9146",-13291.1170735654,"CAFI_P029",50
"9147",604.813939213171,"CAFI_P029",100
"9148",-5375.09195398493,"CAFI_P029",25
"9149",10932.8175396023,"CAFI_P029",50
"9150",-4190.40873871453,"CAFI_P029",100
"9151",1116.18128226942,"CAFI_P029",25
"9152",-15303.9374066627,"CAFI_P029",50
"9153",23617.2254690214,"CAFI_P029",100
"9154",-202.214620366867,"CAFI_P029",25
"9155",-11783.6427274346,"CAFI_P029",50
"9156",10766.9055526049,"CAFI_P029",100
"9157",6223.99088962516,"CAFI_P029",25
"9158",9199.45009226614,"CAFI_P029",50
"9159",13846.5797471069,"CAFI_P029",100
"9160",-4368.1697005633,"CAFI_P029",25
"9161",-12111.5761718804,"CAFI_P029",50
"9162",-5280.63589739642,"CAFI_P029",100
"9163",-9100.97596122394,"CAFI_P029",25
"9164",-7540.65327218577,"CAFI_P029",50
"9165",-2496.98703592311,"CAFI_P029",100
"9166",-4957.91428628436,"CAFI_P029",25
"9167",-4429.48492536275,"CAFI_P029",50
"9168",-10588.6102505481,"CAFI_P029",100
"9169",-1377.66963470622,"CAFI_P029",25
"9170",-11094.8431601148,"CAFI_P029",50
"9171",-15606.5409490562,"CAFI_P029",100
"9172",5055.97230337368,"CAFI_P029",25
"9173",1988.25862429489,"CAFI_P029",50
"9174",-7209.08006823226,"CAFI_P029",100
"9175",-8328.67258829059,"CAFI_P029",25
"9176",-5888.83181519242,"CAFI_P029",50
"9177",-14410.824917648,"CAFI_P029",100
"9178",-10241.5287573999,"CAFI_P029",25
"9179",-5129.02781392576,"CAFI_P029",50
"9180",-5921.90743182087,"CAFI_P029",100
"9181",-1221.47432613396,"CAFI_P029",25
"9182",-11959.6428973955,"CAFI_P029",50
"9183",-10857.967902954,"CAFI_P029",100
"9184",-617.127570451645,"CAFI_P029",25
"9185",-12277.7248076382,"CAFI_P029",50
"9186",3855.22982764832,"CAFI_P029",100
"9187",-3177.84490919847,"CAFI_P029",25
"9188",2545.38241538987,"CAFI_P029",50
"9189",-11662.1906493622,"CAFI_P029",100
"9190",-6745.10172955698,"CAFI_P029",25
"9191",-11708.6532042501,"CAFI_P029",50
"9192",-19025.5632347256,"CAFI_P029",100
"9193",-4343.14444834169,"CAFI_P029",25
"9194",13512.4596080387,"CAFI_P029",50
"9195",-4877.18101999088,"CAFI_P029",100
"9196",-3182.61543404078,"CAFI_P029",25
"9197",4261.71964800183,"CAFI_P029",50
"9198",-16351.3296454597,"CAFI_P029",100
"9199",-13572.8439669159,"CAFI_P029",25
"9200",17874.842735983,"CAFI_P029",50
"9201",-1084.62871549913,"CAFI_P029",100
"9202",2234.92348598636,"CAFI_P029",25
"9203",-3039.76573954051,"CAFI_P029",50
"9204",-22447.4921570302,"CAFI_P029",100
"9205",-2446.71855084982,"CAFI_P029",25
"9206",24877.3014533575,"CAFI_P029",50
"9207",3229.92779322062,"CAFI_P029",100
"9208",697.480389251432,"CAFI_P029",25
"9209",883.594028399093,"CAFI_P029",50
"9210",-1474.13508389465,"CAFI_P029",100
"9211",2527.87974302657,"CAFI_P029",25
"9212",-934.853416990722,"CAFI_P029",50
"9213",13205.7738746598,"CAFI_P029",100
"9214",-6747.430967725,"CAFI_P029",25
"9215",-7121.20108927379,"CAFI_P029",50
"9216",-9050.79042346997,"CAFI_P029",100
"9217",-9117.08927819942,"CAFI_P029",25
"9218",-5914.38485066837,"CAFI_P029",50
"9219",3387.95326533879,"CAFI_P029",100
"9220",-12766.6835935086,"CAFI_P029",25
"9221",4307.06557000225,"CAFI_P029",50
"9222",-14101.8315521695,"CAFI_P029",100
"9223",-1584.30952647934,"CAFI_P029",25
"9224",-1603.44407682226,"CAFI_P029",50
"9225",10527.5283048943,"CAFI_P029",100
"9226",-2095.56197809218,"CAFI_P029",25
"9227",15264.0849319837,"CAFI_P029",50
"9228",-1258.86093361967,"CAFI_P029",100
"9229",-3853.55032836681,"CAFI_P029",25
"9230",1023.80519206595,"CAFI_P029",50
"9231",-5407.8618041008,"CAFI_P029",100
"9232",-129.524092841952,"CAFI_P029",25
"9233",-8496.37012976443,"CAFI_P029",50
"9234",4814.99746920966,"CAFI_P029",100
"9235",-758.583452725434,"CAFI_P029",25
"9236",-16715.082086063,"CAFI_P029",50
"9237",-10748.3456295456,"CAFI_P029",100
"9238",-4559.87767929223,"CAFI_P029",25
"9239",-14712.3784309274,"CAFI_P029",50
"9240",-9352.40682196122,"CAFI_P029",100
"9241",-8601.73227993515,"CAFI_P029",25
"9242",-7395.04072097625,"CAFI_P029",50
"9243",-10304.0934164974,"CAFI_P029",100
"9244",241.812211183424,"CAFI_P029",25
"9245",-11970.4169140932,"CAFI_P029",50
"9246",298.746751652332,"CAFI_P029",100
"9247",-866.212638139958,"CAFI_P029",25
"9248",22738.9283816154,"CAFI_P029",50
"9249",-22247.0876049322,"CAFI_P029",100
"9250",4325.75925401668,"CAFI_P029",25
"9251",2807.36836661131,"CAFI_P029",50
"9252",-11452.9800465445,"CAFI_P029",100
"9253",-12159.6521897223,"CAFI_P029",25
"9254",-6617.98281922407,"CAFI_P029",50
"9255",-5434.01280341117,"CAFI_P029",100
"9256",-359.810381368268,"CAFI_P029",25
"9257",3842.69306533423,"CAFI_P029",50
"9258",11451.3234717976,"CAFI_P029",100
"9259",2888.91677095444,"CAFI_P029",25
"9260",550.034536607214,"CAFI_P029",50
"9261",-7196.71178925561,"CAFI_P029",100
"9262",-7294.30576201808,"CAFI_P029",25
"9263",3425.18978383631,"CAFI_P029",50
"9264",-8295.0785011173,"CAFI_P029",100
"9265",-4423.32232718944,"CAFI_P029",25
"9266",-10436.8448855847,"CAFI_P029",50
"9267",27399.8884093722,"CAFI_P029",100
"9268",2389.56608154817,"CAFI_P029",25
"9269",-5670.92317214492,"CAFI_P029",50
"9270",-12505.4756431397,"CAFI_P029",100
"9271",-3551.58037587244,"CAFI_P029",25
"9272",5426.31144874281,"CAFI_P029",50
"9273",11601.1541490862,"CAFI_P029",100
"9274",-154.868592037586,"CAFI_P029",25
"9275",2331.9780945463,"CAFI_P029",50
"9276",-14189.7829127754,"CAFI_P029",100
"9277",-6622.24703439767,"CAFI_P029",25
"9278",1249.73369411426,"CAFI_P029",50
"9279",9362.74300591747,"CAFI_P029",100
"9280",10080.747495391,"CAFI_P029",25
"9281",-7316.19815803383,"CAFI_P029",50
"9282",-5988.0005725646,"CAFI_P029",100
"9283",-3796.64383938699,"CAFI_P029",25
"9284",-11236.3747031963,"CAFI_P029",50
"9285",-8283.18667630426,"CAFI_P029",100
"9286",-7515.12171766564,"CAFI_P029",25
"9287",-2543.12371035462,"CAFI_P029",50
"9288",-15054.5144512811,"CAFI_P029",100
"9289",-2478.11809828412,"CAFI_P029",25
"9290",2189.45995479712,"CAFI_P029",50
"9291",-7295.98486416962,"CAFI_P029",100
"9292",618.599288487632,"CAFI_P029",25
"9293",-7613.17788990639,"CAFI_P029",50
"9294",-18638.142444687,"CAFI_P029",100
"9295",1745.40232762124,"CAFI_P029",25
"9296",-8797.42110655544,"CAFI_P029",50
"9297",-22766.4749251324,"CAFI_P029",100
"9298",476.924953035079,"CAFI_P029",25
"9299",-4162.55513755447,"CAFI_P029",50
"9300",-11553.9823779052,"CAFI_P029",100
"9301",-2372.81986806594,"CAFI_P030",25
"9302",3554.97178245371,"CAFI_P030",50
"9303",1021.83381369401,"CAFI_P030",100
"9304",-4147.07790971827,"CAFI_P030",25
"9305",-2908.88043024216,"CAFI_P030",50
"9306",-9281.31249606522,"CAFI_P030",100
"9307",-5891.62572461582,"CAFI_P030",25
"9308",2565.56166187482,"CAFI_P030",50
"9309",-3139.98350349598,"CAFI_P030",100
"9310",269.786985739483,"CAFI_P030",25
"9311",-7829.55380444753,"CAFI_P030",50
"9312",-11707.3877164393,"CAFI_P030",100
"9313",2160.82408748864,"CAFI_P030",25
"9314",-687.523900796194,"CAFI_P030",50
"9315",-9810.07068792445,"CAFI_P030",100
"9316",-1603.78786894819,"CAFI_P030",25
"9317",-2096.27656060905,"CAFI_P030",50
"9318",-6956.92826042039,"CAFI_P030",100
"9319",-803.553341055638,"CAFI_P030",25
"9320",2301.39499038906,"CAFI_P030",50
"9321",22627.9339930045,"CAFI_P030",100
"9322",-1936.64476587693,"CAFI_P030",25
"9323",4821.53758545796,"CAFI_P030",50
"9324",10273.8705359844,"CAFI_P030",100
"9325",10561.4292427403,"CAFI_P030",25
"9326",6330.54750276939,"CAFI_P030",50
"9327",-2287.13117240218,"CAFI_P030",100
"9328",-4625.92989533662,"CAFI_P030",25
"9329",-5591.87316606229,"CAFI_P030",50
"9330",-3937.39660923288,"CAFI_P030",100
"9331",-8683.82109629281,"CAFI_P030",25
"9332",-1545.82496808516,"CAFI_P030",50
"9333",-9065.43920005934,"CAFI_P030",100
"9334",3031.2889191701,"CAFI_P030",25
"9335",-473.689078036463,"CAFI_P030",50
"9336",770.167965083499,"CAFI_P030",100
"9337",4384.89748546469,"CAFI_P030",25
"9338",-2739.26112132223,"CAFI_P030",50
"9339",-6594.76342204795,"CAFI_P030",100
"9340",-1016.77843844105,"CAFI_P030",25
"9341",4658.47119622846,"CAFI_P030",50
"9342",-11319.4472460832,"CAFI_P030",100
"9343",-1449.69144058554,"CAFI_P030",25
"9344",1921.36914908671,"CAFI_P030",50
"9345",17849.3199487484,"CAFI_P030",100
"9346",5280.32845327572,"CAFI_P030",25
"9347",-5082.73472031666,"CAFI_P030",50
"9348",-4152.40080194123,"CAFI_P030",100
"9349",3351.39280487032,"CAFI_P030",25
"9350",6091.94123192434,"CAFI_P030",50
"9351",-13283.6078432922,"CAFI_P030",100
"9352",-2393.48749678733,"CAFI_P030",25
"9353",-7253.77630164695,"CAFI_P030",50
"9354",2741.04133384384,"CAFI_P030",100
"9355",-1020.65922161518,"CAFI_P030",25
"9356",-3009.82226664259,"CAFI_P030",50
"9357",3105.29910560721,"CAFI_P030",100
"9358",4822.12132466619,"CAFI_P030",25
"9359",-2550.44757968176,"CAFI_P030",50
"9360",-10235.4773465394,"CAFI_P030",100
"9361",-3395.07593451225,"CAFI_P030",25
"9362",-1521.74255093589,"CAFI_P030",50
"9363",-1134.08733089827,"CAFI_P030",100
"9364",-993.941990810679,"CAFI_P030",25
"9365",8951.63101011014,"CAFI_P030",50
"9366",15646.4224266194,"CAFI_P030",100
"9367",-3538.46627509227,"CAFI_P030",25
"9368",-5642.42984361365,"CAFI_P030",50
"9369",-12667.7109977599,"CAFI_P030",100
"9370",9182.26473180123,"CAFI_P030",25
"9371",23202.4459806571,"CAFI_P030",50
"9372",-1466.05653109949,"CAFI_P030",100
"9373",-1394.38063997001,"CAFI_P030",25
"9374",-4544.77940972697,"CAFI_P030",50
"9375",-914.847440909594,"CAFI_P030",100
"9376",3148.23030654946,"CAFI_P030",25
"9377",-8429.83655545081,"CAFI_P030",50
"9378",-12391.0620769657,"CAFI_P030",100
"9379",-11427.7736282662,"CAFI_P030",25
"9380",25801.7755350768,"CAFI_P030",50
"9381",-11021.2337178207,"CAFI_P030",100
"9382",-4011.42764464219,"CAFI_P030",25
"9383",-7177.07978802733,"CAFI_P030",50
"9384",8325.13455167587,"CAFI_P030",100
"9385",1125.61990984413,"CAFI_P030",25
"9386",806.413591729011,"CAFI_P030",50
"9387",-8004.17178073904,"CAFI_P030",100
"9388",21649.2333078321,"CAFI_P030",25
"9389",-8503.95170637959,"CAFI_P030",50
"9390",-776.162441014079,"CAFI_P030",100
"9391",-3469.48750266281,"CAFI_P030",25
"9392",-3559.1883027975,"CAFI_P030",50
"9393",-7649.92542003759,"CAFI_P030",100
"9394",4614.82021153241,"CAFI_P030",25
"9395",-2397.47680851503,"CAFI_P030",50
"9396",-16064.1999861954,"CAFI_P030",100
"9397",3771.95170110802,"CAFI_P030",25
"9398",2931.33087185048,"CAFI_P030",50
"9399",-13024.204858703,"CAFI_P030",100
"9400",-9336.18755121552,"CAFI_P030",25
"9401",-1192.18836799357,"CAFI_P030",50
"9402",-9495.09478100162,"CAFI_P030",100
"9403",724.833094208909,"CAFI_P030",25
"9404",4475.12281784759,"CAFI_P030",50
"9405",-6214.50258490938,"CAFI_P030",100
"9406",-481.783054402738,"CAFI_P030",25
"9407",6935.45090059191,"CAFI_P030",50
"9408",-8035.07507579622,"CAFI_P030",100
"9409",-6580.9489054099,"CAFI_P030",25
"9410",-7707.46946478565,"CAFI_P030",50
"9411",-9013.6274610195,"CAFI_P030",100
"9412",-981.68390283396,"CAFI_P030",25
"9413",-2546.83249375055,"CAFI_P030",50
"9414",-7208.14387509372,"CAFI_P030",100
"9415",1651.75051948417,"CAFI_P030",25
"9416",-4307.52963494044,"CAFI_P030",50
"9417",-8670.3425837378,"CAFI_P030",100
"9418",-7588.83188685833,"CAFI_P030",25
"9419",-4386.85169402027,"CAFI_P030",50
"9420",6235.12992047018,"CAFI_P030",100
"9421",-7361.47897556174,"CAFI_P030",25
"9422",2748.97812537482,"CAFI_P030",50
"9423",3506.28317672823,"CAFI_P030",100
"9424",-4747.54309714667,"CAFI_P030",25
"9425",-4262.61533754435,"CAFI_P030",50
"9426",-6139.05798224761,"CAFI_P030",100
"9427",2963.3751572466,"CAFI_P030",25
"9428",-5044.21321232396,"CAFI_P030",50
"9429",-2869.29351954011,"CAFI_P030",100
"9430",-2225.17993177538,"CAFI_P030",25
"9431",5058.19233813265,"CAFI_P030",50
"9432",7157.8958728243,"CAFI_P030",100
"9433",-3956.17770557839,"CAFI_P030",25
"9434",6952.85773265344,"CAFI_P030",50
"9435",-7526.7948647986,"CAFI_P030",100
"9436",-5668.49672045698,"CAFI_P030",25
"9437",7055.4622639186,"CAFI_P030",50
"9438",-4267.36417955341,"CAFI_P030",100
"9439",884.988103447424,"CAFI_P030",25
"9440",9829.48530050082,"CAFI_P030",50
"9441",-4891.52570480603,"CAFI_P030",100
"9442",27419.8768625895,"CAFI_P030",25
"9443",-9554.01766908384,"CAFI_P030",50
"9444",-6217.93197978247,"CAFI_P030",100
"9445",-1504.66525306361,"CAFI_P030",25
"9446",-7826.07843954302,"CAFI_P030",50
"9447",-14369.5564367562,"CAFI_P030",100
"9448",-138.413020099455,"CAFI_P030",25
"9449",1341.80938631675,"CAFI_P030",50
"9450",-3405.62895760918,"CAFI_P030",100
"9451",31313.1795272329,"CAFI_P030",25
"9452",-8588.01049766282,"CAFI_P030",50
"9453",-8094.73051937332,"CAFI_P030",100
"9454",-1143.44828614837,"CAFI_P030",25
"9455",-3486.05340940953,"CAFI_P030",50
"9456",-3944.08745152917,"CAFI_P030",100
"9457",1918.02868796152,"CAFI_P030",25
"9458",1010.44065268955,"CAFI_P030",50
"9459",5982.93977836421,"CAFI_P030",100
"9460",386.007638070907,"CAFI_P030",25
"9461",-9851.89475951792,"CAFI_P030",50
"9462",-6582.15262466366,"CAFI_P030",100
"9463",-7258.49086894793,"CAFI_P030",25
"9464",9246.49171362387,"CAFI_P030",50
"9465",-2508.07344736368,"CAFI_P030",100
"9466",-1245.06868965802,"CAFI_P030",25
"9467",15097.6915560981,"CAFI_P030",50
"9468",-7058.00853023591,"CAFI_P030",100
"9469",1129.89939554979,"CAFI_P030",25
"9470",-6661.44639504433,"CAFI_P030",50
"9471",1108.30300518725,"CAFI_P030",100
"9472",-5213.896700738,"CAFI_P030",25
"9473",-6081.1034045007,"CAFI_P030",50
"9474",-7259.94374860474,"CAFI_P030",100
"9475",-8631.38578159577,"CAFI_P030",25
"9476",-7411.5116617973,"CAFI_P030",50
"9477",7540.17200455902,"CAFI_P030",100
"9478",2112.65837650426,"CAFI_P030",25
"9479",-2689.66579593829,"CAFI_P030",50
"9480",-12963.7949230487,"CAFI_P030",100
"9481",-6393.58491510473,"CAFI_P030",25
"9482",-2696.97795639012,"CAFI_P030",50
"9483",-8615.15081669309,"CAFI_P030",100
"9484",-1331.43054074282,"CAFI_P030",25
"9485",-5719.00713524083,"CAFI_P030",50
"9486",-847.478976919549,"CAFI_P030",100
"9487",10978.1145934675,"CAFI_P030",25
"9488",16037.7717114082,"CAFI_P030",50
"9489",2001.64614009473,"CAFI_P030",100
"9490",2268.19624698878,"CAFI_P030",25
"9491",7724.26373423095,"CAFI_P030",50
"9492",2542.0055982527,"CAFI_P030",100
"9493",-8103.96187673771,"CAFI_P030",25
"9494",5791.91959675436,"CAFI_P030",50
"9495",-11129.8361265694,"CAFI_P030",100
"9496",2229.94826028857,"CAFI_P030",25
"9497",5524.84732692741,"CAFI_P030",50
"9498",293.404911242716,"CAFI_P030",100
"9499",-7559.04220805649,"CAFI_P030",25
"9500",-666.286566825234,"CAFI_P030",50
"9501",6091.50328240253,"CAFI_P030",100
"9502",-709.324588838965,"CAFI_P030",25
"9503",-5885.73254994542,"CAFI_P030",50
"9504",-10519.2906067958,"CAFI_P030",100
"9505",515.753096217697,"CAFI_P030",25
"9506",-5652.74692755676,"CAFI_P030",50
"9507",-10286.91043319,"CAFI_P030",100
"9508",759.94477619516,"CAFI_P030",25
"9509",23815.2858299735,"CAFI_P030",50
"9510",-595.954156736087,"CAFI_P030",100
"9511",2133.52959091519,"CAFI_P030",25
"9512",-10163.6304301068,"CAFI_P030",50
"9513",-6799.85930414213,"CAFI_P030",100
"9514",-7610.47191252222,"CAFI_P030",25
"9515",4250.59981021757,"CAFI_P030",50
"9516",11647.9207032111,"CAFI_P030",100
"9517",-5056.08872966917,"CAFI_P030",25
"9518",8429.51076842728,"CAFI_P030",50
"9519",-5369.38911159663,"CAFI_P030",100
"9520",7477.19812984485,"CAFI_P030",25
"9521",-8962.88480924588,"CAFI_P030",50
"9522",-12150.9006424926,"CAFI_P030",100
"9523",-427.599499505362,"CAFI_P030",25
"9524",-4157.53916089528,"CAFI_P030",50
"9525",-15445.6858218312,"CAFI_P030",100
"9526",27152.501391619,"CAFI_P030",25
"9527",4214.88771812397,"CAFI_P030",50
"9528",-10313.7082601417,"CAFI_P030",100
"9529",167.526550797338,"CAFI_P030",25
"9530",16264.1111791313,"CAFI_P030",50
"9531",-13733.722417105,"CAFI_P030",100
"9532",-2182.59171634982,"CAFI_P030",25
"9533",-15622.1860709831,"CAFI_P030",50
"9534",1154.91777342494,"CAFI_P030",100
"9535",-3245.79883380386,"CAFI_P030",25
"9536",19525.0891787193,"CAFI_P030",50
"9537",-6147.23312315677,"CAFI_P030",100
"9538",-1192.1006611872,"CAFI_P030",25
"9539",-5414.25353917759,"CAFI_P030",50
"9540",-10073.4873487403,"CAFI_P030",100
"9541",-471.793467400072,"CAFI_P030",25
"9542",7283.63003681961,"CAFI_P030",50
"9543",-5308.42641880183,"CAFI_P030",100
"9544",-5699.55138328363,"CAFI_P030",25
"9545",-2555.82965511904,"CAFI_P030",50
"9546",-10821.7800892631,"CAFI_P030",100
"9547",-6211.50772968191,"CAFI_P030",25
"9548",-5850.83598724258,"CAFI_P030",50
"9549",-8860.62507677038,"CAFI_P030",100
"9550",-10303.9847694039,"CAFI_P030",25
"9551",-2979.73823167075,"CAFI_P030",50
"9552",17095.6771852834,"CAFI_P030",100
"9553",-5425.81323073345,"CAFI_P030",25
"9554",4936.6840217979,"CAFI_P030",50
"9555",-3274.96373875736,"CAFI_P030",100
"9556",1272.72362272651,"CAFI_P030",25
"9557",-3949.74700080155,"CAFI_P030",50
"9558",20174.7827306536,"CAFI_P030",100
"9559",824.389684385329,"CAFI_P030",25
"9560",351.715970121208,"CAFI_P030",50
"9561",29595.3390302673,"CAFI_P030",100
"9562",509.196856711642,"CAFI_P030",25
"9563",-9807.6197423613,"CAFI_P030",50
"9564",13530.9350656288,"CAFI_P030",100
"9565",-556.610974846641,"CAFI_P030",25
"9566",14610.5762861387,"CAFI_P030",50
"9567",-13454.1519133974,"CAFI_P030",100
"9568",2314.4452844304,"CAFI_P030",25
"9569",4205.49130184867,"CAFI_P030",50
"9570",-4988.29381634493,"CAFI_P030",100
"9571",-1453.94901643781,"CAFI_P030",25
"9572",-4098.03570736747,"CAFI_P030",50
"9573",8514.28576564038,"CAFI_P030",100
"9574",6279.55327636859,"CAFI_P030",25
"9575",4497.24101618485,"CAFI_P030",50
"9576",23969.6782943816,"CAFI_P030",100
"9577",6480.37501754973,"CAFI_P030",25
"9578",-4023.56236920104,"CAFI_P030",50
"9579",-7659.31452002487,"CAFI_P030",100
"9580",-7357.30590266467,"CAFI_P030",25
"9581",2156.03756919975,"CAFI_P030",50
"9582",5923.93331045558,"CAFI_P030",100
"9583",-5580.15296386334,"CAFI_P030",25
"9584",-11336.9853581263,"CAFI_P030",50
"9585",22831.2876896235,"CAFI_P030",100
"9586",-1905.87575732305,"CAFI_P030",25
"9587",-2525.40889626974,"CAFI_P030",50
"9588",-232.607465450885,"CAFI_P030",100
"9589",-3740.50063907856,"CAFI_P030",25
"9590",934.938696156081,"CAFI_P030",50
"9591",2196.38001439301,"CAFI_P030",100
"9592",-15779.8872386258,"CAFI_P030",25
"9593",-828.078465378261,"CAFI_P030",50
"9594",650.639288610662,"CAFI_P030",100
"9595",1641.00620467588,"CAFI_P030",25
"9596",5337.54315175558,"CAFI_P030",50
"9597",-6738.02679937216,"CAFI_P030",100
"9598",-260.238715000101,"CAFI_P030",25
"9599",-6189.12530082284,"CAFI_P030",50
"9600",-10312.9706573475,"CAFI_P030",100
"9601",-3877.07130287937,"CAFI_P032",25
"9602",-14648.6787045348,"CAFI_P032",50
"9603",-32852.6973026436,"CAFI_P032",100
"9604",-9854.14566513,"CAFI_P032",25
"9605",-17858.7408677046,"CAFI_P032",50
"9606",-31914.756101598,"CAFI_P032",100
"9607",-4719.33069260645,"CAFI_P032",25
"9608",-25343.8602201852,"CAFI_P032",50
"9609",-40265.9360994119,"CAFI_P032",100
"9610",-5536.52039202268,"CAFI_P032",25
"9611",-28190.5865510256,"CAFI_P032",50
"9612",-37794.4463749346,"CAFI_P032",100
"9613",-5267.29127705999,"CAFI_P032",25
"9614",-18911.4139361308,"CAFI_P032",50
"9615",-17563.718404439,"CAFI_P032",100
"9616",-1350.4052779621,"CAFI_P032",25
"9617",-9932.34188633459,"CAFI_P032",50
"9618",-26172.3603543457,"CAFI_P032",100
"9619",-2386.04405867268,"CAFI_P032",25
"9620",-11803.966346661,"CAFI_P032",50
"9621",-19618.9451984314,"CAFI_P032",100
"9622",-11811.8448274693,"CAFI_P032",25
"9623",2701.74023603386,"CAFI_P032",50
"9624",-39489.6868370168,"CAFI_P032",100
"9625",-5293.81182987598,"CAFI_P032",25
"9626",-23821.8211846866,"CAFI_P032",50
"9627",-34262.1127487554,"CAFI_P032",100
"9628",-17001.9498399569,"CAFI_P032",25
"9629",-20401.5089538294,"CAFI_P032",50
"9630",-17887.2488265325,"CAFI_P032",100
"9631",-6155.66045033996,"CAFI_P032",25
"9632",14992.3506646979,"CAFI_P032",50
"9633",-32838.218743616,"CAFI_P032",100
"9634",-2891.31208185881,"CAFI_P032",25
"9635",6258.05850703706,"CAFI_P032",50
"9636",-31410.4080444258,"CAFI_P032",100
"9637",-6310.10553750803,"CAFI_P032",25
"9638",-14911.395641776,"CAFI_P032",50
"9639",-34689.0924707271,"CAFI_P032",100
"9640",-2473.51067947916,"CAFI_P032",25
"9641",-7143.92520373064,"CAFI_P032",50
"9642",-36275.1455806962,"CAFI_P032",100
"9643",-332.010802976205,"CAFI_P032",25
"9644",-17752.6632270825,"CAFI_P032",50
"9645",-28873.2241618696,"CAFI_P032",100
"9646",1223.08867538895,"CAFI_P032",25
"9647",-11308.8375297624,"CAFI_P032",50
"9648",-30955.8341547877,"CAFI_P032",100
"9649",-2862.31969590386,"CAFI_P032",25
"9650",32005.0616249013,"CAFI_P032",50
"9651",-31030.4642737829,"CAFI_P032",100
"9652",-15905.2613820545,"CAFI_P032",25
"9653",-13223.1770506472,"CAFI_P032",50
"9654",9904.36198889429,"CAFI_P032",100
"9655",-14689.5976836964,"CAFI_P032",25
"9656",-21808.1859229454,"CAFI_P032",50
"9657",-36187.9347611315,"CAFI_P032",100
"9658",31420.2804214196,"CAFI_P032",25
"9659",627.516792065173,"CAFI_P032",50
"9660",-20932.0523426679,"CAFI_P032",100
"9661",-4346.45619519497,"CAFI_P032",25
"9662",-14894.2337600532,"CAFI_P032",50
"9663",-19706.3923466413,"CAFI_P032",100
"9664",-9892.39327207621,"CAFI_P032",25
"9665",-4110.9632724179,"CAFI_P032",50
"9666",-21109.7477209542,"CAFI_P032",100
"9667",-3201.46372708451,"CAFI_P032",25
"9668",-9270.190942029,"CAFI_P032",50
"9669",-23599.0393196655,"CAFI_P032",100
"9670",-413.915925406327,"CAFI_P032",25
"9671",-12978.9858569107,"CAFI_P032",50
"9672",-34310.0552255857,"CAFI_P032",100
"9673",-18559.1159688039,"CAFI_P032",25
"9674",-22423.8920984071,"CAFI_P032",50
"9675",-27481.8185229822,"CAFI_P032",100
"9676",-2598.18317910412,"CAFI_P032",25
"9677",-22231.0781590589,"CAFI_P032",50
"9678",-21160.8254348401,"CAFI_P032",100
"9679",-7537.65746414836,"CAFI_P032",25
"9680",-27073.7204502455,"CAFI_P032",50
"9681",-33567.82399815,"CAFI_P032",100
"9682",18844.710317957,"CAFI_P032",25
"9683",-14832.683377462,"CAFI_P032",50
"9684",-27558.1319530978,"CAFI_P032",100
"9685",-6290.93441920355,"CAFI_P032",25
"9686",-17537.8530997141,"CAFI_P032",50
"9687",-31581.0289141455,"CAFI_P032",100
"9688",-8690.61107821879,"CAFI_P032",25
"9689",-23004.911095381,"CAFI_P032",50
"9690",-28772.1012802864,"CAFI_P032",100
"9691",-7616.30869438482,"CAFI_P032",25
"9692",-29373.7627749614,"CAFI_P032",50
"9693",-30478.083811927,"CAFI_P032",100
"9694",-390.461830669781,"CAFI_P032",25
"9695",-6016.35045086185,"CAFI_P032",50
"9696",-35182.8771459566,"CAFI_P032",100
"9697",-11249.6978162736,"CAFI_P032",25
"9698",-24821.4538727553,"CAFI_P032",50
"9699",-30607.1156520089,"CAFI_P032",100
"9700",-17675.2331576563,"CAFI_P032",25
"9701",-18345.2083737606,"CAFI_P032",50
"9702",-33111.9141158581,"CAFI_P032",100
"9703",-12368.3249464041,"CAFI_P032",25
"9704",-12373.9932261056,"CAFI_P032",50
"9705",-30003.7854353862,"CAFI_P032",100
"9706",-6114.95553631638,"CAFI_P032",25
"9707",-17115.7294606001,"CAFI_P032",50
"9708",-35375.3947141632,"CAFI_P032",100
"9709",6477.06490898231,"CAFI_P032",25
"9710",-17223.8497156527,"CAFI_P032",50
"9711",-34504.8796695704,"CAFI_P032",100
"9712",2918.73037608067,"CAFI_P032",25
"9713",-13935.8188179178,"CAFI_P032",50
"9714",-24037.3635987886,"CAFI_P032",100
"9715",-5407.03930805053,"CAFI_P032",25
"9716",-19152.9252959411,"CAFI_P032",50
"9717",-30526.552783385,"CAFI_P032",100
"9718",-8799.28714831074,"CAFI_P032",25
"9719",145.963723420107,"CAFI_P032",50
"9720",-7543.30003168638,"CAFI_P032",100
"9721",-17065.7591025904,"CAFI_P032",25
"9722",-27553.4438974702,"CAFI_P032",50
"9723",-23244.8946659238,"CAFI_P032",100
"9724",-26.0728006119025,"CAFI_P032",25
"9725",-715.879201083852,"CAFI_P032",50
"9726",-5368.99506954401,"CAFI_P032",100
"9727",-13680.6377569597,"CAFI_P032",25
"9728",-25443.7951965314,"CAFI_P032",50
"9729",-19102.8728953899,"CAFI_P032",100
"9730",-2025.77043899742,"CAFI_P032",25
"9731",-20099.6309438046,"CAFI_P032",50
"9732",-37974.4966350058,"CAFI_P032",100
"9733",-13388.8774764257,"CAFI_P032",25
"9734",-25106.1792606198,"CAFI_P032",50
"9735",-27453.2005025118,"CAFI_P032",100
"9736",-1542.90296892927,"CAFI_P032",25
"9737",1491.55296400678,"CAFI_P032",50
"9738",-23809.1110390483,"CAFI_P032",100
"9739",-6991.44050787011,"CAFI_P032",25
"9740",-4845.43511906679,"CAFI_P032",50
"9741",-34498.4283222445,"CAFI_P032",100
"9742",-10122.8653633258,"CAFI_P032",25
"9743",21613.7120533221,"CAFI_P032",50
"9744",-35903.1484769981,"CAFI_P032",100
"9745",1423.78886259481,"CAFI_P032",25
"9746",-11003.7478083363,"CAFI_P032",50
"9747",-22902.5488390971,"CAFI_P032",100
"9748",-199.507548522612,"CAFI_P032",25
"9749",-15572.7898768138,"CAFI_P032",50
"9750",9614.13326281146,"CAFI_P032",100
"9751",-15341.4145525218,"CAFI_P032",25
"9752",-11033.7639169531,"CAFI_P032",50
"9753",-30043.7983571331,"CAFI_P032",100
"9754",-8055.68921612715,"CAFI_P032",25
"9755",24172.9319837813,"CAFI_P032",50
"9756",-26911.3484720751,"CAFI_P032",100
"9757",45381.4786763239,"CAFI_P032",25
"9758",-17188.542101268,"CAFI_P032",50
"9759",-13073.6461187414,"CAFI_P032",100
"9760",-25113.0930628169,"CAFI_P032",25
"9761",-7947.52982682106,"CAFI_P032",50
"9762",-22875.554741059,"CAFI_P032",100
"9763",-17813.858383313,"CAFI_P032",25
"9764",-4680.60723871598,"CAFI_P032",50
"9765",-36259.7672768363,"CAFI_P032",100
"9766",-13794.9999245207,"CAFI_P032",25
"9767",-13991.3754995167,"CAFI_P032",50
"9768",-30104.6152076733,"CAFI_P032",100
"9769",-25156.576873677,"CAFI_P032",25
"9770",-20889.4257287607,"CAFI_P032",50
"9771",-29512.6065344021,"CAFI_P032",100
"9772",6002.37155675446,"CAFI_P032",25
"9773",-14674.8966581894,"CAFI_P032",50
"9774",-36509.5695189002,"CAFI_P032",100
"9775",-6743.36277286732,"CAFI_P032",25
"9776",-5345.76815189223,"CAFI_P032",50
"9777",-35407.963836363,"CAFI_P032",100
"9778",-8128.73662930011,"CAFI_P032",25
"9779",-13149.2394301302,"CAFI_P032",50
"9780",-29468.4007766162,"CAFI_P032",100
"9781",-5616.21561551181,"CAFI_P032",25
"9782",-20167.0147270135,"CAFI_P032",50
"9783",-33849.5899354912,"CAFI_P032",100
"9784",-4278.9525557197,"CAFI_P032",25
"9785",-18124.8256814921,"CAFI_P032",50
"9786",-26920.6108463581,"CAFI_P032",100
"9787",-1482.64587844023,"CAFI_P032",25
"9788",-21232.1848000839,"CAFI_P032",50
"9789",-29562.8823943555,"CAFI_P032",100
"9790",-9688.22575113276,"CAFI_P032",25
"9791",-25388.8218708543,"CAFI_P032",50
"9792",-18271.3053188688,"CAFI_P032",100
"9793",-15181.6902524695,"CAFI_P032",25
"9794",-13247.4045039929,"CAFI_P032",50
"9795",-21320.6193347435,"CAFI_P032",100
"9796",-3056.85625201929,"CAFI_P032",25
"9797",-20719.2600259341,"CAFI_P032",50
"9798",-26139.6322948424,"CAFI_P032",100
"9799",-6911.29535904358,"CAFI_P032",25
"9800",-19087.6578901261,"CAFI_P032",50
"9801",-35527.9275641285,"CAFI_P032",100
"9802",-5796.26255194086,"CAFI_P032",25
"9803",-23167.3933559145,"CAFI_P032",50
"9804",-33937.30392091,"CAFI_P032",100
"9805",-13572.9746109147,"CAFI_P032",25
"9806",-22763.9063416161,"CAFI_P032",50
"9807",-25434.884263886,"CAFI_P032",100
"9808",6508.35890389432,"CAFI_P032",25
"9809",-5614.0320311783,"CAFI_P032",50
"9810",-36029.4233074175,"CAFI_P032",100
"9811",-5164.09952602442,"CAFI_P032",25
"9812",-11557.4666856711,"CAFI_P032",50
"9813",-36047.5864706304,"CAFI_P032",100
"9814",-4745.34781755594,"CAFI_P032",25
"9815",-17456.3051591423,"CAFI_P032",50
"9816",-37541.9067568804,"CAFI_P032",100
"9817",-15163.5357245479,"CAFI_P032",25
"9818",-13188.9836552631,"CAFI_P032",50
"9819",-21154.7454625401,"CAFI_P032",100
"9820",-12362.8939051198,"CAFI_P032",25
"9821",1533.13965447282,"CAFI_P032",50
"9822",-13410.7951128731,"CAFI_P032",100
"9823",-25787.8824828711,"CAFI_P032",25
"9824",-15461.5612070136,"CAFI_P032",50
"9825",-27725.3406785936,"CAFI_P032",100
"9826",-2305.66936294251,"CAFI_P032",25
"9827",-27784.7674645653,"CAFI_P032",50
"9828",-30219.4276765546,"CAFI_P032",100
"9829",-15205.8227227066,"CAFI_P032",25
"9830",-14943.0287328247,"CAFI_P032",50
"9831",13766.1581945983,"CAFI_P032",100
"9832",-7967.70494386833,"CAFI_P032",25
"9833",-11308.9772473316,"CAFI_P032",50
"9834",18205.3660406914,"CAFI_P032",100
"9835",-11880.5635223957,"CAFI_P032",25
"9836",-23722.9630059404,"CAFI_P032",50
"9837",-12495.0108097238,"CAFI_P032",100
"9838",-5265.12556469807,"CAFI_P032",25
"9839",-18099.4653102402,"CAFI_P032",50
"9840",-30343.6992318465,"CAFI_P032",100
"9841",-4681.10844549903,"CAFI_P032",25
"9842",-26310.1744725209,"CAFI_P032",50
"9843",-13645.815088967,"CAFI_P032",100
"9844",-4160.78257672826,"CAFI_P032",25
"9845",-24447.883599877,"CAFI_P032",50
"9846",-30037.6440987505,"CAFI_P032",100
"9847",-7245.88618943508,"CAFI_P032",25
"9848",-29679.2955453317,"CAFI_P032",50
"9849",-30877.0382160996,"CAFI_P032",100
"9850",-3052.70292715431,"CAFI_P032",25
"9851",-11350.532958138,"CAFI_P032",50
"9852",-39238.6599273104,"CAFI_P032",100
"9853",-15413.5628797839,"CAFI_P032",25
"9854",-25604.7572596251,"CAFI_P032",50
"9855",-32945.8897110173,"CAFI_P032",100
"9856",-127.134790248296,"CAFI_P032",25
"9857",-16817.2902261385,"CAFI_P032",50
"9858",-25973.1726217885,"CAFI_P032",100
"9859",2374.9359961538,"CAFI_P032",25
"9860",-14649.6106892967,"CAFI_P032",50
"9861",-11574.6368658202,"CAFI_P032",100
"9862",-6792.08018075232,"CAFI_P032",25
"9863",-26654.241447318,"CAFI_P032",50
"9864",-19632.1569042697,"CAFI_P032",100
"9865",-10454.8701876062,"CAFI_P032",25
"9866",-19511.9925295762,"CAFI_P032",50
"9867",-34779.4571821609,"CAFI_P032",100
"9868",-5225.3755023437,"CAFI_P032",25
"9869",-5369.3163022332,"CAFI_P032",50
"9870",-11093.0422991033,"CAFI_P032",100
"9871",-8138.46753533557,"CAFI_P032",25
"9872",-16266.0569118482,"CAFI_P032",50
"9873",19250.2092112226,"CAFI_P032",100
"9874",-1370.07985543046,"CAFI_P032",25
"9875",-25335.5476419364,"CAFI_P032",50
"9876",-29999.5694514072,"CAFI_P032",100
"9877",-2711.51657775341,"CAFI_P032",25
"9878",-23357.4360626659,"CAFI_P032",50
"9879",-26627.1900886436,"CAFI_P032",100
"9880",-15636.8680157894,"CAFI_P032",25
"9881",-26655.2135277491,"CAFI_P032",50
"9882",9964.42641031329,"CAFI_P032",100
"9883",1100.49567601411,"CAFI_P032",25
"9884",-20841.0384111828,"CAFI_P032",50
"9885",-29542.5457052155,"CAFI_P032",100
"9886",-1196.77157293278,"CAFI_P032",25
"9887",-9993.50548044092,"CAFI_P032",50
"9888",-36177.4901027648,"CAFI_P032",100
"9889",1725.40778622526,"CAFI_P032",25
"9890",-8158.63422483479,"CAFI_P032",50
"9891",-31019.155210424,"CAFI_P032",100
"9892",-23232.0694465626,"CAFI_P032",25
"9893",-1232.34946281667,"CAFI_P032",50
"9894",-15803.6847118252,"CAFI_P032",100
"9895",-9583.04665997205,"CAFI_P032",25
"9896",-9233.65655066812,"CAFI_P032",50
"9897",-21119.2958976179,"CAFI_P032",100
"9898",38175.3488923158,"CAFI_P032",25
"9899",-11641.7563090817,"CAFI_P032",50
"9900",-33656.3871569737,"CAFI_P032",100
"9901",-1251.46939259913,"CAFI_P033",25
"9902",-7780.43397603312,"CAFI_P033",50
"9903",-13697.3032694401,"CAFI_P033",100
"9904",1915.79173889157,"CAFI_P033",25
"9905",-5521.45592617051,"CAFI_P033",50
"9906",4328.67007732502,"CAFI_P033",100
"9907",145.466458272771,"CAFI_P033",25
"9908",-7707.80249981512,"CAFI_P033",50
"9909",-12760.3887247155,"CAFI_P033",100
"9910",9574.39882136555,"CAFI_P033",25
"9911",-7374.6060259245,"CAFI_P033",50
"9912",2564.81462993746,"CAFI_P033",100
"9913",-11125.7073448915,"CAFI_P033",25
"9914",-9310.51261078217,"CAFI_P033",50
"9915",-11502.185410289,"CAFI_P033",100
"9916",6171.01124571136,"CAFI_P033",25
"9917",-6951.39909583732,"CAFI_P033",50
"9918",-2370.44613575819,"CAFI_P033",100
"9919",6199.45700531127,"CAFI_P033",25
"9920",1387.70187490439,"CAFI_P033",50
"9921",-15736.9944730995,"CAFI_P033",100
"9922",690.721831049363,"CAFI_P033",25
"9923",3537.61516439333,"CAFI_P033",50
"9924",-6605.68850043707,"CAFI_P033",100
"9925",-3445.67090838734,"CAFI_P033",25
"9926",5482.07123928389,"CAFI_P033",50
"9927",-11502.5432429904,"CAFI_P033",100
"9928",-1506.86155374994,"CAFI_P033",25
"9929",4717.9679094532,"CAFI_P033",50
"9930",-9984.45106428606,"CAFI_P033",100
"9931",868.952072889137,"CAFI_P033",25
"9932",-11410.1601708839,"CAFI_P033",50
"9933",-12190.798473254,"CAFI_P033",100
"9934",-2146.83677672525,"CAFI_P033",25
"9935",-9690.37275840464,"CAFI_P033",50
"9936",-8226.76684938325,"CAFI_P033",100
"9937",2396.01530546584,"CAFI_P033",25
"9938",-10435.9292025747,"CAFI_P033",50
"9939",-553.999784261337,"CAFI_P033",100
"9940",4555.04515984299,"CAFI_P033",25
"9941",-13437.086638892,"CAFI_P033",50
"9942",-17827.0415943644,"CAFI_P033",100
"9943",10789.1858882573,"CAFI_P033",25
"9944",-5567.28039992793,"CAFI_P033",50
"9945",-5491.73882392806,"CAFI_P033",100
"9946",4103.36571605504,"CAFI_P033",25
"9947",10011.9609445987,"CAFI_P033",50
"9948",-13582.1253559369,"CAFI_P033",100
"9949",8896.70393903775,"CAFI_P033",25
"9950",-1673.87911505654,"CAFI_P033",50
"9951",-18212.3148236381,"CAFI_P033",100
"9952",-6487.16701352975,"CAFI_P033",25
"9953",-2814.73061837122,"CAFI_P033",50
"9954",-8282.73107272235,"CAFI_P033",100
"9955",-2898.84598999523,"CAFI_P033",25
"9956",1442.42861267377,"CAFI_P033",50
"9957",-21197.7472897996,"CAFI_P033",100
"9958",5293.63459232711,"CAFI_P033",25
"9959",13865.5202935427,"CAFI_P033",50
"9960",-10558.773912537,"CAFI_P033",100
"9961",-2105.60559905431,"CAFI_P033",25
"9962",-8712.0499002001,"CAFI_P033",50
"9963",-5935.3181457218,"CAFI_P033",100
"9964",-5488.84137964883,"CAFI_P033",25
"9965",-15098.7804584602,"CAFI_P033",50
"9966",1442.07885485014,"CAFI_P033",100
"9967",-5929.35452215309,"CAFI_P033",25
"9968",-5222.99626077717,"CAFI_P033",50
"9969",7276.24431383255,"CAFI_P033",100
"9970",-453.300637327717,"CAFI_P033",25
"9971",-8093.54603655479,"CAFI_P033",50
"9972",4207.96126236574,"CAFI_P033",100
"9973",-1074.40784025198,"CAFI_P033",25
"9974",-1360.09728370997,"CAFI_P033",50
"9975",-12914.770695648,"CAFI_P033",100
"9976",-1981.66836456832,"CAFI_P033",25
"9977",1041.65939644666,"CAFI_P033",50
"9978",-9619.44257800072,"CAFI_P033",100
"9979",6789.67272588355,"CAFI_P033",25
"9980",86.4131061317748,"CAFI_P033",50
"9981",-14337.6859979612,"CAFI_P033",100
"9982",-6438.65676406393,"CAFI_P033",25
"9983",11052.0405462356,"CAFI_P033",50
"9984",-13006.2811558941,"CAFI_P033",100
"9985",-4318.66096898617,"CAFI_P033",25
"9986",-751.626318875235,"CAFI_P033",50
"9987",3697.79510565044,"CAFI_P033",100
"9988",-4963.79841887526,"CAFI_P033",25
"9989",-11068.456861318,"CAFI_P033",50
"9990",3043.10395500605,"CAFI_P033",100
"9991",-4430.61588385556,"CAFI_P033",25
"9992",-10562.3556285301,"CAFI_P033",50
"9993",-20629.0870287404,"CAFI_P033",100
"9994",-632.903967007529,"CAFI_P033",25
"9995",-14809.5270828775,"CAFI_P033",50
"9996",-7382.36403532128,"CAFI_P033",100
"9997",-6006.29475413059,"CAFI_P033",25
"9998",-7614.85360882885,"CAFI_P033",50
"9999",-19673.2744102351,"CAFI_P033",100
"10000",-3739.60027105769,"CAFI_P033",25
"10001",-3458.37873110536,"CAFI_P033",50
"10002",-4317.85964730574,"CAFI_P033",100
"10003",-10161.9281519756,"CAFI_P033",25
"10004",-13197.6681482674,"CAFI_P033",50
"10005",4526.31834002014,"CAFI_P033",100
"10006",-2874.42849222198,"CAFI_P033",25
"10007",-6277.08251667285,"CAFI_P033",50
"10008",-4646.42407419288,"CAFI_P033",100
"10009",6900.32577124226,"CAFI_P033",25
"10010",8709.77907187352,"CAFI_P033",50
"10011",-13381.9347416051,"CAFI_P033",100
"10012",-1642.85146482056,"CAFI_P033",25
"10013",2845.19887358358,"CAFI_P033",50
"10014",-5955.34875898529,"CAFI_P033",100
"10015",797.954648823594,"CAFI_P033",25
"10016",-4817.77101975348,"CAFI_P033",50
"10017",-21.0321289639105,"CAFI_P033",100
"10018",3436.59102100617,"CAFI_P033",25
"10019",-14910.5967519323,"CAFI_P033",50
"10020",-14142.3286863989,"CAFI_P033",100
"10021",-3439.83365587605,"CAFI_P033",25
"10022",-12665.2319142836,"CAFI_P033",50
"10023",-4719.17940239655,"CAFI_P033",100
"10024",-8840.46755382296,"CAFI_P033",25
"10025",722.331030330271,"CAFI_P033",50
"10026",-12613.3245572309,"CAFI_P033",100
"10027",-8152.77737736347,"CAFI_P033",25
"10028",2405.916944967,"CAFI_P033",50
"10029",-14070.7258921367,"CAFI_P033",100
"10030",-5308.03395707242,"CAFI_P033",25
"10031",-6165.89186027629,"CAFI_P033",50
"10032",-14659.0778877466,"CAFI_P033",100
"10033",-1676.73717535922,"CAFI_P033",25
"10034",-8035.90286461351,"CAFI_P033",50
"10035",-7318.22465174989,"CAFI_P033",100
"10036",2502.51678232325,"CAFI_P033",25
"10037",-18265.112787696,"CAFI_P033",50
"10038",-3251.94720700034,"CAFI_P033",100
"10039",-5674.05524284934,"CAFI_P033",25
"10040",-9285.75576334971,"CAFI_P033",50
"10041",-14963.8717521954,"CAFI_P033",100
"10042",-5321.60645475355,"CAFI_P033",25
"10043",-12965.3881716662,"CAFI_P033",50
"10044",-10593.5350254265,"CAFI_P033",100
"10045",-520.55450529902,"CAFI_P033",25
"10046",-3395.60688439361,"CAFI_P033",50
"10047",-2193.8827426029,"CAFI_P033",100
"10048",746.711055741471,"CAFI_P033",25
"10049",-2092.41175818013,"CAFI_P033",50
"10050",-9202.30418629077,"CAFI_P033",100
"10051",-9624.48699377774,"CAFI_P033",25
"10052",-10923.0200877148,"CAFI_P033",50
"10053",-10870.8073287001,"CAFI_P033",100
"10054",-1025.2861791873,"CAFI_P033",25
"10055",-1294.01880150376,"CAFI_P033",50
"10056",-3041.11911603593,"CAFI_P033",100
"10057",-4066.89256398252,"CAFI_P033",25
"10058",-10721.6552487481,"CAFI_P033",50
"10059",-245.390803449438,"CAFI_P033",100
"10060",-2405.9259654262,"CAFI_P033",25
"10061",7992.37959156482,"CAFI_P033",50
"10062",-9958.40445590793,"CAFI_P033",100
"10063",-8379.61720313522,"CAFI_P033",25
"10064",1623.43495361751,"CAFI_P033",50
"10065",-1663.97979913751,"CAFI_P033",100
"10066",-8799.14744269074,"CAFI_P033",25
"10067",6090.20453218254,"CAFI_P033",50
"10068",-11075.2580673193,"CAFI_P033",100
"10069",96.8574701818288,"CAFI_P033",25
"10070",-690.457537036564,"CAFI_P033",50
"10071",4522.37067690468,"CAFI_P033",100
"10072",-1892.18143482093,"CAFI_P033",25
"10073",-9307.35066274274,"CAFI_P033",50
"10074",-14582.0557443796,"CAFI_P033",100
"10075",981.361491392716,"CAFI_P033",25
"10076",-9892.01668348821,"CAFI_P033",50
"10077",-17527.547660335,"CAFI_P033",100
"10078",8325.70521369687,"CAFI_P033",25
"10079",-11692.5059033552,"CAFI_P033",50
"10080",-6340.27361117804,"CAFI_P033",100
"10081",-4482.47861712438,"CAFI_P033",25
"10082",-2254.92483083491,"CAFI_P033",50
"10083",-16785.0320295704,"CAFI_P033",100
"10084",1383.44137715496,"CAFI_P033",25
"10085",4668.43132056476,"CAFI_P033",50
"10086",-2365.31377646152,"CAFI_P033",100
"10087",-13626.0798397745,"CAFI_P033",25
"10088",-2534.25668532168,"CAFI_P033",50
"10089",1805.70515309693,"CAFI_P033",100
"10090",-7011.01512430079,"CAFI_P033",25
"10091",-9205.97033425031,"CAFI_P033",50
"10092",-2056.62027839851,"CAFI_P033",100
"10093",5878.9214835192,"CAFI_P033",25
"10094",-7565.78471299954,"CAFI_P033",50
"10095",-12730.8984362595,"CAFI_P033",100
"10096",-2878.97993609018,"CAFI_P033",25
"10097",-4349.20126487716,"CAFI_P033",50
"10098",-8336.55081659637,"CAFI_P033",100
"10099",-13643.2266434313,"CAFI_P033",25
"10100",-5318.1625397898,"CAFI_P033",50
"10101",-9910.86471590254,"CAFI_P033",100
"10102",-6529.16275992867,"CAFI_P033",25
"10103",-9896.91440780583,"CAFI_P033",50
"10104",-1021.94730803516,"CAFI_P033",100
"10105",-4733.58596756432,"CAFI_P033",25
"10106",-18458.6402655459,"CAFI_P033",50
"10107",-17546.0265914007,"CAFI_P033",100
"10108",-4356.86140158132,"CAFI_P033",25
"10109",-7444.14799419011,"CAFI_P033",50
"10110",-14446.3076477768,"CAFI_P033",100
"10111",-1623.98360087338,"CAFI_P033",25
"10112",-13006.7039600854,"CAFI_P033",50
"10113",-6642.95091063878,"CAFI_P033",100
"10114",-6441.38101730682,"CAFI_P033",25
"10115",-11443.9225664767,"CAFI_P033",50
"10116",-19019.5338242841,"CAFI_P033",100
"10117",-4664.59861485776,"CAFI_P033",25
"10118",-1900.87790455919,"CAFI_P033",50
"10119",-8921.52986013261,"CAFI_P033",100
"10120",1077.38293541147,"CAFI_P033",25
"10121",-3101.39371493412,"CAFI_P033",50
"10122",-15051.352822256,"CAFI_P033",100
"10123",-1307.41921984864,"CAFI_P033",25
"10124",-5315.88938465645,"CAFI_P033",50
"10125",-4201.31563036755,"CAFI_P033",100
"10126",3313.18900589761,"CAFI_P033",25
"10127",682.554184417997,"CAFI_P033",50
"10128",-4763.01405778347,"CAFI_P033",100
"10129",1384.29245065496,"CAFI_P033",25
"10130",-2100.89623919653,"CAFI_P033",50
"10131",-3127.01909709186,"CAFI_P033",100
"10132",-163.442115475365,"CAFI_P033",25
"10133",-10732.1636392406,"CAFI_P033",50
"10134",-3098.24441577989,"CAFI_P033",100
"10135",-5329.1378490213,"CAFI_P033",25
"10136",-3253.5451538653,"CAFI_P033",50
"10137",-3080.89282825665,"CAFI_P033",100
"10138",-2957.94325884519,"CAFI_P033",25
"10139",1651.89422715915,"CAFI_P033",50
"10140",-12128.4114326308,"CAFI_P033",100
"10141",7297.57224378473,"CAFI_P033",25
"10142",6012.69860009238,"CAFI_P033",50
"10143",-8481.32254692476,"CAFI_P033",100
"10144",-5444.68755807541,"CAFI_P033",25
"10145",5953.9924945932,"CAFI_P033",50
"10146",-8899.15031010727,"CAFI_P033",100
"10147",-1437.65221227612,"CAFI_P033",25
"10148",-4671.21095283801,"CAFI_P033",50
"10149",-10698.3589759979,"CAFI_P033",100
"10150",-4822.13946603594,"CAFI_P033",25
"10151",3065.98845897347,"CAFI_P033",50
"10152",-11244.7455175497,"CAFI_P033",100
"10153",-10642.7596737509,"CAFI_P033",25
"10154",-19103.7997652784,"CAFI_P033",50
"10155",-5510.42688452144,"CAFI_P033",100
"10156",1035.56487652892,"CAFI_P033",25
"10157",-5451.29550830991,"CAFI_P033",50
"10158",-19201.6304255878,"CAFI_P033",100
"10159",-8154.55091589526,"CAFI_P033",25
"10160",-1042.99082681368,"CAFI_P033",50
"10161",-4142.33679659478,"CAFI_P033",100
"10162",3491.89344041358,"CAFI_P033",25
"10163",-8482.62281252525,"CAFI_P033",50
"10164",-20477.8308436747,"CAFI_P033",100
"10165",-9546.55869796209,"CAFI_P033",25
"10166",-4334.41213555943,"CAFI_P033",50
"10167",-9437.45160424715,"CAFI_P033",100
"10168",-2844.09319876553,"CAFI_P033",25
"10169",13270.1069083395,"CAFI_P033",50
"10170",-3182.76718588371,"CAFI_P033",100
"10171",3721.09999921866,"CAFI_P033",25
"10172",1140.42273582739,"CAFI_P033",50
"10173",107.586941686634,"CAFI_P033",100
"10174",-12348.4355329163,"CAFI_P033",25
"10175",-9034.32109873509,"CAFI_P033",50
"10176",-7373.65171137883,"CAFI_P033",100
"10177",-9238.24818238255,"CAFI_P033",25
"10178",-7309.27201142634,"CAFI_P033",50
"10179",-1845.10935868381,"CAFI_P033",100
"10180",-16681.0113705065,"CAFI_P033",25
"10181",-749.821401228139,"CAFI_P033",50
"10182",4385.19585442869,"CAFI_P033",100
"10183",-9974.25137762242,"CAFI_P033",25
"10184",7691.58623029524,"CAFI_P033",50
"10185",-4988.24925155845,"CAFI_P033",100
"10186",3578.02252723783,"CAFI_P033",25
"10187",-10865.0525266562,"CAFI_P033",50
"10188",-7138.63675052527,"CAFI_P033",100
"10189",-8013.0981116498,"CAFI_P033",25
"10190",-4155.27351072407,"CAFI_P033",50
"10191",-3172.45835762785,"CAFI_P033",100
"10192",-20573.2708206247,"CAFI_P033",25
"10193",10776.4129338761,"CAFI_P033",50
"10194",-18459.1361723054,"CAFI_P033",100
"10195",4606.18857941934,"CAFI_P033",25
"10196",-5605.17227955203,"CAFI_P033",50
"10197",-6888.41598171933,"CAFI_P033",100
"10198",-4610.40374450776,"CAFI_P033",25
"10199",11153.7659090272,"CAFI_P033",50
"10200",-14694.6173830717,"CAFI_P033",100
"10201",3673.34691404956,"CAFI_P034",25
"10202",4806.36401683404,"CAFI_P034",50
"10203",12166.4083939115,"CAFI_P034",100
"10204",-2285.89283954306,"CAFI_P034",25
"10205",-11683.8147375577,"CAFI_P034",50
"10206",-10606.8173142003,"CAFI_P034",100
"10207",267.206802909757,"CAFI_P034",25
"10208",11024.2274068268,"CAFI_P034",50
"10209",-1283.02302879823,"CAFI_P034",100
"10210",616.928704433667,"CAFI_P034",25
"10211",-6785.30792344676,"CAFI_P034",50
"10212",13093.776274209,"CAFI_P034",100
"10213",12002.6640022465,"CAFI_P034",25
"10214",1260.59085088372,"CAFI_P034",50
"10215",-11620.3690625834,"CAFI_P034",100
"10216",-2139.30525752422,"CAFI_P034",25
"10217",-47.8035316475725,"CAFI_P034",50
"10218",-5236.00856349652,"CAFI_P034",100
"10219",337.758707964269,"CAFI_P034",25
"10220",7271.14289036937,"CAFI_P034",50
"10221",-5023.56867402411,"CAFI_P034",100
"10222",-1342.82098202157,"CAFI_P034",25
"10223",-8094.12666961402,"CAFI_P034",50
"10224",-3659.4902039897,"CAFI_P034",100
"10225",1376.26426703547,"CAFI_P034",25
"10226",1569.94142688878,"CAFI_P034",50
"10227",-12178.3034599004,"CAFI_P034",100
"10228",1877.82473594433,"CAFI_P034",25
"10229",-9897.69714749302,"CAFI_P034",50
"10230",-16410.2846669734,"CAFI_P034",100
"10231",-5856.15184985552,"CAFI_P034",25
"10232",9924.3117838903,"CAFI_P034",50
"10233",7975.98371832655,"CAFI_P034",100
"10234",530.601908711862,"CAFI_P034",25
"10235",-3382.53577939447,"CAFI_P034",50
"10236",11603.3804728009,"CAFI_P034",100
"10237",-3127.29901880873,"CAFI_P034",25
"10238",-8826.61558513477,"CAFI_P034",50
"10239",-7761.74080036682,"CAFI_P034",100
"10240",-3328.52595451631,"CAFI_P034",25
"10241",-5584.22628102748,"CAFI_P034",50
"10242",-7858.30378382301,"CAFI_P034",100
"10243",-6258.17647334098,"CAFI_P034",25
"10244",-796.538160059456,"CAFI_P034",50
"10245",7107.15122684088,"CAFI_P034",100
"10246",-3428.05683219462,"CAFI_P034",25
"10247",-6704.33555014816,"CAFI_P034",50
"10248",-14781.9775988223,"CAFI_P034",100
"10249",-6249.78405597497,"CAFI_P034",25
"10250",3201.77289217908,"CAFI_P034",50
"10251",1157.406550393,"CAFI_P034",100
"10252",217.07145706375,"CAFI_P034",25
"10253",-1485.0362411516,"CAFI_P034",50
"10254",-7667.30205341763,"CAFI_P034",100
"10255",-6493.85666325118,"CAFI_P034",25
"10256",11191.8649353746,"CAFI_P034",50
"10257",-7947.96269162558,"CAFI_P034",100
"10258",-194.825668544188,"CAFI_P034",25
"10259",6191.35811224996,"CAFI_P034",50
"10260",7433.7231516598,"CAFI_P034",100
"10261",1124.95360212759,"CAFI_P034",25
"10262",-5780.75667573159,"CAFI_P034",50
"10263",11538.953962367,"CAFI_P034",100
"10264",15056.6499869354,"CAFI_P034",25
"10265",-9345.90096029142,"CAFI_P034",50
"10266",-8459.82441657252,"CAFI_P034",100
"10267",-39.383664821944,"CAFI_P034",25
"10268",2318.56550849642,"CAFI_P034",50
"10269",-2323.30958669182,"CAFI_P034",100
"10270",-5457.38162431255,"CAFI_P034",25
"10271",-12027.0170467487,"CAFI_P034",50
"10272",-10583.9721699989,"CAFI_P034",100
"10273",-3508.40587592687,"CAFI_P034",25
"10274",-1006.30875199434,"CAFI_P034",50
"10275",-2243.55199329156,"CAFI_P034",100
"10276",1676.29742731902,"CAFI_P034",25
"10277",7790.86030074593,"CAFI_P034",50
"10278",-10014.89954681,"CAFI_P034",100
"10279",-8601.82419629476,"CAFI_P034",25
"10280",3459.09980092425,"CAFI_P034",50
"10281",-5593.07182681211,"CAFI_P034",100
"10282",-8814.24834692868,"CAFI_P034",25
"10283",12656.1056941563,"CAFI_P034",50
"10284",14618.5845998353,"CAFI_P034",100
"10285",-1265.90960141816,"CAFI_P034",25
"10286",4682.09973876484,"CAFI_P034",50
"10287",-8896.99052243467,"CAFI_P034",100
"10288",-1603.49437566084,"CAFI_P034",25
"10289",-3705.12047484436,"CAFI_P034",50
"10290",-9822.29946256988,"CAFI_P034",100
"10291",587.705445175146,"CAFI_P034",25
"10292",-9101.647417853,"CAFI_P034",50
"10293",-15874.7068141721,"CAFI_P034",100
"10294",1783.31076430372,"CAFI_P034",25
"10295",-12924.9356189285,"CAFI_P034",50
"10296",6604.86066379034,"CAFI_P034",100
"10297",-685.872321943723,"CAFI_P034",25
"10298",-9929.44600271239,"CAFI_P034",50
"10299",-13338.6229953237,"CAFI_P034",100
"10300",-4692.21170356389,"CAFI_P034",25
"10301",-10561.5727074334,"CAFI_P034",50
"10302",-8455.98028216636,"CAFI_P034",100
"10303",3897.37927702026,"CAFI_P034",25
"10304",14729.6272572992,"CAFI_P034",50
"10305",-2908.04939492268,"CAFI_P034",100
"10306",-196.467283140722,"CAFI_P034",25
"10307",-366.376924963115,"CAFI_P034",50
"10308",-3659.36351747171,"CAFI_P034",100
"10309",-1253.18168266662,"CAFI_P034",25
"10310",-2316.44315770289,"CAFI_P034",50
"10311",3487.02155331674,"CAFI_P034",100
"10312",-1103.18232279291,"CAFI_P034",25
"10313",-12190.1672772424,"CAFI_P034",50
"10314",-5866.72407217292,"CAFI_P034",100
"10315",1564.87240501074,"CAFI_P034",25
"10316",420.408896754438,"CAFI_P034",50
"10317",-13477.0726736742,"CAFI_P034",100
"10318",-760.037593997258,"CAFI_P034",25
"10319",-4047.18903611155,"CAFI_P034",50
"10320",-9665.8952034603,"CAFI_P034",100
"10321",-7202.65122192894,"CAFI_P034",25
"10322",-7336.39878708421,"CAFI_P034",50
"10323",-11350.2779163847,"CAFI_P034",100
"10324",-8063.43769538371,"CAFI_P034",25
"10325",-10756.0324634039,"CAFI_P034",50
"10326",9084.56004153736,"CAFI_P034",100
"10327",1708.20589916568,"CAFI_P034",25
"10328",20683.269981617,"CAFI_P034",50
"10329",-4737.59029830052,"CAFI_P034",100
"10330",1628.44587886435,"CAFI_P034",25
"10331",4404.18751009935,"CAFI_P034",50
"10332",-10016.9879821716,"CAFI_P034",100
"10333",-7357.42878372379,"CAFI_P034",25
"10334",-13212.3086777502,"CAFI_P034",50
"10335",2812.01696827091,"CAFI_P034",100
"10336",1186.72209740113,"CAFI_P034",25
"10337",17074.6540382179,"CAFI_P034",50
"10338",8061.66370997869,"CAFI_P034",100
"10339",-4187.20190249238,"CAFI_P034",25
"10340",-8051.41167251553,"CAFI_P034",50
"10341",897.683694006613,"CAFI_P034",100
"10342",850.665975971759,"CAFI_P034",25
"10343",6158.17868998009,"CAFI_P034",50
"10344",-1853.33115596004,"CAFI_P034",100
"10345",-3951.8036743823,"CAFI_P034",25
"10346",-1227.56564876222,"CAFI_P034",50
"10347",-15447.1579760133,"CAFI_P034",100
"10348",17817.6076991064,"CAFI_P034",25
"10349",3645.16092608403,"CAFI_P034",50
"10350",-8410.2531750162,"CAFI_P034",100
"10351",-7239.81666469359,"CAFI_P034",25
"10352",-7154.18197549891,"CAFI_P034",50
"10353",-10635.2109888146,"CAFI_P034",100
"10354",-6239.26265891775,"CAFI_P034",25
"10355",-2488.39451641348,"CAFI_P034",50
"10356",-9973.45916139195,"CAFI_P034",100
"10357",489.525050949393,"CAFI_P034",25
"10358",-1440.40986833113,"CAFI_P034",50
"10359",2973.38537668306,"CAFI_P034",100
"10360",-5766.49951113452,"CAFI_P034",25
"10361",-2404.88659892403,"CAFI_P034",50
"10362",-10222.7591789729,"CAFI_P034",100
"10363",345.511323781102,"CAFI_P034",25
"10364",2727.27917971215,"CAFI_P034",50
"10365",-9798.68317513244,"CAFI_P034",100
"10366",6537.68276653238,"CAFI_P034",25
"10367",-1119.6284662337,"CAFI_P034",50
"10368",-11298.6295638309,"CAFI_P034",100
"10369",1187.30520276027,"CAFI_P034",25
"10370",3872.39656667254,"CAFI_P034",50
"10371",-12871.6540648039,"CAFI_P034",100
"10372",24079.9458916849,"CAFI_P034",25
"10373",29.6170131732069,"CAFI_P034",50
"10374",-4052.29471249226,"CAFI_P034",100
"10375",1908.90340937398,"CAFI_P034",25
"10376",-4381.13078631565,"CAFI_P034",50
"10377",-17369.3330556838,"CAFI_P034",100
"10378",4344.7965826969,"CAFI_P034",25
"10379",-6564.82175175837,"CAFI_P034",50
"10380",-3563.31416409108,"CAFI_P034",100
"10381",2224.69879404909,"CAFI_P034",25
"10382",7227.80587954473,"CAFI_P034",50
"10383",-14211.2383630052,"CAFI_P034",100
"10384",-3704.8828140838,"CAFI_P034",25
"10385",1174.37358137887,"CAFI_P034",50
"10386",17252.1755976309,"CAFI_P034",100
"10387",-1979.13904564324,"CAFI_P034",25
"10388",-1516.985923931,"CAFI_P034",50
"10389",-10830.2208173897,"CAFI_P034",100
"10390",2225.70311600817,"CAFI_P034",25
"10391",7330.14817331295,"CAFI_P034",50
"10392",1753.4381567883,"CAFI_P034",100
"10393",-6069.17575334269,"CAFI_P034",25
"10394",5254.88185466666,"CAFI_P034",50
"10395",-7548.87031177268,"CAFI_P034",100
"10396",-4408.81437839969,"CAFI_P034",25
"10397",-10723.9654597712,"CAFI_P034",50
"10398",-14234.2921850795,"CAFI_P034",100
"10399",-2203.76747382997,"CAFI_P034",25
"10400",-5048.40399187908,"CAFI_P034",50
"10401",11453.1231175656,"CAFI_P034",100
"10402",-7567.02589951133,"CAFI_P034",25
"10403",-9076.09003899732,"CAFI_P034",50
"10404",9259.43990208939,"CAFI_P034",100
"10405",5033.18410939293,"CAFI_P034",25
"10406",-3707.81013517256,"CAFI_P034",50
"10407",-9234.70027073901,"CAFI_P034",100
"10408",19.4724112388503,"CAFI_P034",25
"10409",-5719.60505371689,"CAFI_P034",50
"10410",6380.53267746794,"CAFI_P034",100
"10411",2356.81058416428,"CAFI_P034",25
"10412",-15505.4257158694,"CAFI_P034",50
"10413",-9640.94211831747,"CAFI_P034",100
"10414",1995.97234246184,"CAFI_P034",25
"10415",-3257.11253026949,"CAFI_P034",50
"10416",-10158.9065990286,"CAFI_P034",100
"10417",803.992478888453,"CAFI_P034",25
"10418",7342.90716269164,"CAFI_P034",50
"10419",-8026.38053241416,"CAFI_P034",100
"10420",1348.60125028915,"CAFI_P034",25
"10421",-4639.61230064207,"CAFI_P034",50
"10422",1781.38745172287,"CAFI_P034",100
"10423",13158.8088252741,"CAFI_P034",25
"10424",1351.8868953315,"CAFI_P034",50
"10425",7055.61848747611,"CAFI_P034",100
"10426",-3686.19096086896,"CAFI_P034",25
"10427",-2129.88864202716,"CAFI_P034",50
"10428",-5309.72857148989,"CAFI_P034",100
"10429",-8660.95430511801,"CAFI_P034",25
"10430",-8294.41579674603,"CAFI_P034",50
"10431",6544.83735319274,"CAFI_P034",100
"10432",-2970.0722537559,"CAFI_P034",25
"10433",1040.81027014548,"CAFI_P034",50
"10434",-7190.34882316474,"CAFI_P034",100
"10435",3282.82476316683,"CAFI_P034",25
"10436",5435.35262252626,"CAFI_P034",50
"10437",-329.509971666528,"CAFI_P034",100
"10438",-129.263422066229,"CAFI_P034",25
"10439",-10395.9304439108,"CAFI_P034",50
"10440",1013.93172490483,"CAFI_P034",100
"10441",-596.164871600427,"CAFI_P034",25
"10442",-425.181507365196,"CAFI_P034",50
"10443",501.309222303069,"CAFI_P034",100
"10444",-1560.40203825661,"CAFI_P034",25
"10445",-15594.1132586844,"CAFI_P034",50
"10446",28576.2367856338,"CAFI_P034",100
"10447",3241.9896866963,"CAFI_P034",25
"10448",-4026.63225746449,"CAFI_P034",50
"10449",-2422.46318662234,"CAFI_P034",100
"10450",1745.40327504699,"CAFI_P034",25
"10451",-4093.84245712921,"CAFI_P034",50
"10452",-16326.5301527425,"CAFI_P034",100
"10453",566.70472963588,"CAFI_P034",25
"10454",10983.2678302557,"CAFI_P034",50
"10455",-10049.0772429154,"CAFI_P034",100
"10456",954.797317212942,"CAFI_P034",25
"10457",-5711.88114541775,"CAFI_P034",50
"10458",10378.8398252233,"CAFI_P034",100
"10459",2041.33996611153,"CAFI_P034",25
"10460",8866.52281653942,"CAFI_P034",50
"10461",-14241.2127850171,"CAFI_P034",100
"10462",-2482.43160129793,"CAFI_P034",25
"10463",-4152.73275490318,"CAFI_P034",50
"10464",-906.273575671512,"CAFI_P034",100
"10465",-1616.228496914,"CAFI_P034",25
"10466",-2199.71156199794,"CAFI_P034",50
"10467",-1082.11093009406,"CAFI_P034",100
"10468",763.894916267745,"CAFI_P034",25
"10469",1677.12342909345,"CAFI_P034",50
"10470",-10929.9785379726,"CAFI_P034",100
"10471",-1851.13297222275,"CAFI_P034",25
"10472",12501.0020492051,"CAFI_P034",50
"10473",8904.51920401756,"CAFI_P034",100
"10474",-14840.9493689261,"CAFI_P034",25
"10475",-4214.10542960218,"CAFI_P034",50
"10476",586.039854137111,"CAFI_P034",100
"10477",-13956.1511136044,"CAFI_P034",25
"10478",-5214.68042708433,"CAFI_P034",50
"10479",-3811.91612584746,"CAFI_P034",100
"10480",-1871.33630596046,"CAFI_P034",25
"10481",5003.69319487334,"CAFI_P034",50
"10482",12830.9748936227,"CAFI_P034",100
"10483",-11645.2564209289,"CAFI_P034",25
"10484",-10.7489172862261,"CAFI_P034",50
"10485",-7893.92186820752,"CAFI_P034",100
"10486",-49.0220205573714,"CAFI_P034",25
"10487",-3874.56339213459,"CAFI_P034",50
"10488",-6769.95557014144,"CAFI_P034",100
"10489",198.911487742706,"CAFI_P034",25
"10490",-12613.1783480666,"CAFI_P034",50
"10491",9177.46503522809,"CAFI_P034",100
"10492",1017.34672242831,"CAFI_P034",25
"10493",-2079.16354795516,"CAFI_P034",50
"10494",-4342.19186213263,"CAFI_P034",100
"10495",-2199.530902778,"CAFI_P034",25
"10496",-10208.1972656462,"CAFI_P034",50
"10497",21045.8495266112,"CAFI_P034",100
"10498",-6944.43140500833,"CAFI_P034",25
"10499",-1352.21385719735,"CAFI_P034",50
"10500",-1729.6492110554,"CAFI_P034",100
"10501",6649.85666528938,"CAFI_P035",25
"10502",-3815.27699731028,"CAFI_P035",50
"10503",-5906.09083117952,"CAFI_P035",100
"10504",-13554.3454243331,"CAFI_P035",25
"10505",11924.0466138704,"CAFI_P035",50
"10506",-28367.1657148601,"CAFI_P035",100
"10507",-1302.49162125651,"CAFI_P035",25
"10508",4532.09657921043,"CAFI_P035",50
"10509",-43917.0952379761,"CAFI_P035",100
"10510",-8986.4198550093,"CAFI_P035",25
"10511",756.908934556996,"CAFI_P035",50
"10512",-35885.9915707471,"CAFI_P035",100
"10513",-7281.4750019479,"CAFI_P035",25
"10514",7609.87163820397,"CAFI_P035",50
"10515",-1822.26542531617,"CAFI_P035",100
"10516",-1174.47697702801,"CAFI_P035",25
"10517",-14012.1680724824,"CAFI_P035",50
"10518",-8561.22264827619,"CAFI_P035",100
"10519",-12803.6922635052,"CAFI_P035",25
"10520",-10133.5802850029,"CAFI_P035",50
"10521",-11212.7184504487,"CAFI_P035",100
"10522",-1321.90617336892,"CAFI_P035",25
"10523",-14083.7827890923,"CAFI_P035",50
"10524",-30643.7561073123,"CAFI_P035",100
"10525",5751.66873308376,"CAFI_P035",25
"10526",-6954.95414242998,"CAFI_P035",50
"10527",6712.07900368882,"CAFI_P035",100
"10528",-7537.49355451047,"CAFI_P035",25
"10529",-18830.5375682671,"CAFI_P035",50
"10530",-21316.7166041726,"CAFI_P035",100
"10531",-9066.55665535195,"CAFI_P035",25
"10532",-25080.8076510627,"CAFI_P035",50
"10533",-19867.4188163388,"CAFI_P035",100
"10534",9459.60790295393,"CAFI_P035",25
"10535",-26421.878890798,"CAFI_P035",50
"10536",-27179.1072601541,"CAFI_P035",100
"10537",-9991.87448140449,"CAFI_P035",25
"10538",1877.19169004477,"CAFI_P035",50
"10539",-17598.8412093464,"CAFI_P035",100
"10540",-4171.90766025137,"CAFI_P035",25
"10541",8512.19736016705,"CAFI_P035",50
"10542",-20650.793378114,"CAFI_P035",100
"10543",-9210.30880957312,"CAFI_P035",25
"10544",1149.62927082571,"CAFI_P035",50
"10545",-5243.14047966036,"CAFI_P035",100
"10546",-275.772665675438,"CAFI_P035",25
"10547",-6504.46469599294,"CAFI_P035",50
"10548",-27144.0711264368,"CAFI_P035",100
"10549",-6669.48093887989,"CAFI_P035",25
"10550",-9068.00743764325,"CAFI_P035",50
"10551",7318.73030949215,"CAFI_P035",100
"10552",-300.389248912164,"CAFI_P035",25
"10553",9.56846509932075,"CAFI_P035",50
"10554",-29218.0284955574,"CAFI_P035",100
"10555",23744.4599046251,"CAFI_P035",25
"10556",-10597.5120695338,"CAFI_P035",50
"10557",-26055.2677347109,"CAFI_P035",100
"10558",2808.79532996344,"CAFI_P035",25
"10559",-11101.6835688395,"CAFI_P035",50
"10560",-16516.8389200477,"CAFI_P035",100
"10561",-5110.5727860023,"CAFI_P035",25
"10562",15807.6360209904,"CAFI_P035",50
"10563",-27890.3973599173,"CAFI_P035",100
"10564",23791.7814450946,"CAFI_P035",25
"10565",-8882.98350083444,"CAFI_P035",50
"10566",-40555.1328006274,"CAFI_P035",100
"10567",-4531.80718308443,"CAFI_P035",25
"10568",-15220.0470572382,"CAFI_P035",50
"10569",-6911.85625321843,"CAFI_P035",100
"10570",14452.6086027774,"CAFI_P035",25
"10571",16.4875918020844,"CAFI_P035",50
"10572",-24046.4224560759,"CAFI_P035",100
"10573",-9027.52635782148,"CAFI_P035",25
"10574",-19477.6207890038,"CAFI_P035",50
"10575",23992.7630141441,"CAFI_P035",100
"10576",-14030.6603270815,"CAFI_P035",25
"10577",1059.35801255069,"CAFI_P035",50
"10578",-16410.2817357405,"CAFI_P035",100
"10579",5513.16940488649,"CAFI_P035",25
"10580",-29941.4134552039,"CAFI_P035",50
"10581",-9599.6028030765,"CAFI_P035",100
"10582",-8932.51606181863,"CAFI_P035",25
"10583",26759.3059728589,"CAFI_P035",50
"10584",-42654.5704397318,"CAFI_P035",100
"10585",-15733.9860192948,"CAFI_P035",25
"10586",-29158.9859168719,"CAFI_P035",50
"10587",4875.54210729239,"CAFI_P035",100
"10588",-1576.93713003217,"CAFI_P035",25
"10589",1328.42221165978,"CAFI_P035",50
"10590",4737.82745048153,"CAFI_P035",100
"10591",-11671.3869563274,"CAFI_P035",25
"10592",23902.0670298155,"CAFI_P035",50
"10593",-40187.8619220747,"CAFI_P035",100
"10594",4980.79710493982,"CAFI_P035",25
"10595",-17064.2924393322,"CAFI_P035",50
"10596",13939.235774699,"CAFI_P035",100
"10597",-4118.81286307721,"CAFI_P035",25
"10598",-13084.7100644486,"CAFI_P035",50
"10599",20976.0738196076,"CAFI_P035",100
"10600",-12002.8936452518,"CAFI_P035",25
"10601",-3007.80767672003,"CAFI_P035",50
"10602",-25955.0886838741,"CAFI_P035",100
"10603",8879.51390801842,"CAFI_P035",25
"10604",3880.00574067846,"CAFI_P035",50
"10605",120.112842065981,"CAFI_P035",100
"10606",-7964.56452693371,"CAFI_P035",25
"10607",-24953.1484935713,"CAFI_P035",50
"10608",-16225.8275195605,"CAFI_P035",100
"10609",-1067.40050802525,"CAFI_P035",25
"10610",-20773.673060893,"CAFI_P035",50
"10611",-37956.0884812929,"CAFI_P035",100
"10612",-3905.21901320462,"CAFI_P035",25
"10613",-9173.63509942149,"CAFI_P035",50
"10614",-29999.0085142085,"CAFI_P035",100
"10615",-1795.65570962371,"CAFI_P035",25
"10616",-11345.821813175,"CAFI_P035",50
"10617",1818.03712456382,"CAFI_P035",100
"10618",-16071.2565865397,"CAFI_P035",25
"10619",2422.16401802766,"CAFI_P035",50
"10620",-21617.0623473353,"CAFI_P035",100
"10621",8302.64229109086,"CAFI_P035",25
"10622",-4778.7816726538,"CAFI_P035",50
"10623",12411.9652859646,"CAFI_P035",100
"10624",-3850.02034158946,"CAFI_P035",25
"10625",-1565.35673173959,"CAFI_P035",50
"10626",-14162.8104146789,"CAFI_P035",100
"10627",10505.5004229045,"CAFI_P035",25
"10628",-13704.3004241394,"CAFI_P035",50
"10629",-38803.8240857811,"CAFI_P035",100
"10630",15669.3014308007,"CAFI_P035",25
"10631",-10282.330056521,"CAFI_P035",50
"10632",-16196.1484641162,"CAFI_P035",100
"10633",7147.77554308,"CAFI_P035",25
"10634",-14200.7334339137,"CAFI_P035",50
"10635",-9155.07372785121,"CAFI_P035",100
"10636",455.926937677665,"CAFI_P035",25
"10637",-26526.6828486172,"CAFI_P035",50
"10638",-40057.4997410457,"CAFI_P035",100
"10639",-22807.6821343124,"CAFI_P035",25
"10640",53.7071590987616,"CAFI_P035",50
"10641",6279.523024355,"CAFI_P035",100
"10642",-9684.47400993481,"CAFI_P035",25
"10643",-10832.9790101557,"CAFI_P035",50
"10644",-33006.8202119004,"CAFI_P035",100
"10645",342.016606386926,"CAFI_P035",25
"10646",-8321.97859217675,"CAFI_P035",50
"10647",-10038.8771670857,"CAFI_P035",100
"10648",2132.28450726421,"CAFI_P035",25
"10649",-17694.3245288266,"CAFI_P035",50
"10650",-24693.0157976038,"CAFI_P035",100
"10651",-3490.61103310547,"CAFI_P035",25
"10652",-4202.22894642089,"CAFI_P035",50
"10653",-33561.8255694483,"CAFI_P035",100
"10654",4083.34101265436,"CAFI_P035",25
"10655",2673.04955682537,"CAFI_P035",50
"10656",-11004.8176382194,"CAFI_P035",100
"10657",-10114.3003805671,"CAFI_P035",25
"10658",-12510.713179633,"CAFI_P035",50
"10659",-14355.1471425518,"CAFI_P035",100
"10660",7387.65977885161,"CAFI_P035",25
"10661",-3479.79587525444,"CAFI_P035",50
"10662",-17428.8989002912,"CAFI_P035",100
"10663",7633.56484528899,"CAFI_P035",25
"10664",-10631.0779027337,"CAFI_P035",50
"10665",-12112.6473571465,"CAFI_P035",100
"10666",-10571.3694093584,"CAFI_P035",25
"10667",-15878.2430872228,"CAFI_P035",50
"10668",-5998.69827963045,"CAFI_P035",100
"10669",-5532.32204160665,"CAFI_P035",25
"10670",-23259.7380876219,"CAFI_P035",50
"10671",-38100.9266685391,"CAFI_P035",100
"10672",-18527.2760967946,"CAFI_P035",25
"10673",-9424.65571488504,"CAFI_P035",50
"10674",-21628.1898723474,"CAFI_P035",100
"10675",19293.9689123132,"CAFI_P035",25
"10676",-19352.3668675824,"CAFI_P035",50
"10677",5867.02314976678,"CAFI_P035",100
"10678",-8960.97711234045,"CAFI_P035",25
"10679",-13193.7374073521,"CAFI_P035",50
"10680",8716.76802172011,"CAFI_P035",100
"10681",2021.75366266718,"CAFI_P035",25
"10682",11276.3690734489,"CAFI_P035",50
"10683",-25220.10213283,"CAFI_P035",100
"10684",-4738.74523736938,"CAFI_P035",25
"10685",-13465.6214661216,"CAFI_P035",50
"10686",-20389.348157411,"CAFI_P035",100
"10687",6211.49050920451,"CAFI_P035",25
"10688",-3940.37500224973,"CAFI_P035",50
"10689",12000.7086463448,"CAFI_P035",100
"10690",-7798.68570054899,"CAFI_P035",25
"10691",-15069.8121874848,"CAFI_P035",50
"10692",8041.58201900229,"CAFI_P035",100
"10693",-916.399720326357,"CAFI_P035",25
"10694",20697.8588227868,"CAFI_P035",50
"10695",-3171.26761345251,"CAFI_P035",100
"10696",1872.23096803873,"CAFI_P035",25
"10697",7199.45451251615,"CAFI_P035",50
"10698",10152.903571338,"CAFI_P035",100
"10699",-18552.1201344127,"CAFI_P035",25
"10700",16273.8876994279,"CAFI_P035",50
"10701",6041.66650215333,"CAFI_P035",100
"10702",-931.74613071495,"CAFI_P035",25
"10703",43744.9623032181,"CAFI_P035",50
"10704",-2561.24081348302,"CAFI_P035",100
"10705",10738.6392986771,"CAFI_P035",25
"10706",-25563.4411719709,"CAFI_P035",50
"10707",484.920326578373,"CAFI_P035",100
"10708",-4599.57871190622,"CAFI_P035",25
"10709",20721.9172789563,"CAFI_P035",50
"10710",-11262.804939943,"CAFI_P035",100
"10711",-21103.984520189,"CAFI_P035",25
"10712",-22880.0021098678,"CAFI_P035",50
"10713",6478.52406760404,"CAFI_P035",100
"10714",-14215.4290824153,"CAFI_P035",25
"10715",-12929.2443823586,"CAFI_P035",50
"10716",6806.66285668145,"CAFI_P035",100
"10717",-6098.08204595058,"CAFI_P035",25
"10718",5621.9306407026,"CAFI_P035",50
"10719",-9778.57728627592,"CAFI_P035",100
"10720",-10534.1568459194,"CAFI_P035",25
"10721",-3585.08844726364,"CAFI_P035",50
"10722",-21023.8856731986,"CAFI_P035",100
"10723",-9574.06809290458,"CAFI_P035",25
"10724",10756.9386274691,"CAFI_P035",50
"10725",-15003.7361975608,"CAFI_P035",100
"10726",-4438.48764018231,"CAFI_P035",25
"10727",-12379.0478916342,"CAFI_P035",50
"10728",-2341.92427681346,"CAFI_P035",100
"10729",-860.255975827633,"CAFI_P035",25
"10730",-15542.3482297236,"CAFI_P035",50
"10731",-9533.92180453741,"CAFI_P035",100
"10732",-12131.9498460252,"CAFI_P035",25
"10733",-10279.8515636232,"CAFI_P035",50
"10734",4394.09949314583,"CAFI_P035",100
"10735",-6576.71408404579,"CAFI_P035",25
"10736",-37036.6878872461,"CAFI_P035",50
"10737",23297.8000734975,"CAFI_P035",100
"10738",-12732.3191554128,"CAFI_P035",25
"10739",-18819.7358393748,"CAFI_P035",50
"10740",1967.09786618024,"CAFI_P035",100
"10741",5886.63869619707,"CAFI_P035",25
"10742",1164.65783092153,"CAFI_P035",50
"10743",-24689.0655778685,"CAFI_P035",100
"10744",5292.81121439859,"CAFI_P035",25
"10745",9741.49483732105,"CAFI_P035",50
"10746",-3524.68679112679,"CAFI_P035",100
"10747",-6183.00140114635,"CAFI_P035",25
"10748",-1373.03139830352,"CAFI_P035",50
"10749",-14686.5162698441,"CAFI_P035",100
"10750",-19160.7943701593,"CAFI_P035",25
"10751",-18104.7621351175,"CAFI_P035",50
"10752",-37236.3424786801,"CAFI_P035",100
"10753",-2051.77801576181,"CAFI_P035",25
"10754",-23866.1764094097,"CAFI_P035",50
"10755",-14904.0434531693,"CAFI_P035",100
"10756",-7084.65808183537,"CAFI_P035",25
"10757",-4695.58770452882,"CAFI_P035",50
"10758",-7705.98627959826,"CAFI_P035",100
"10759",-15604.1966005473,"CAFI_P035",25
"10760",-10894.9345150942,"CAFI_P035",50
"10761",2155.69893248507,"CAFI_P035",100
"10762",12216.6132375877,"CAFI_P035",25
"10763",18814.0420633917,"CAFI_P035",50
"10764",1466.79449969018,"CAFI_P035",100
"10765",3934.12423474219,"CAFI_P035",25
"10766",-15135.2929485673,"CAFI_P035",50
"10767",-31644.2220866535,"CAFI_P035",100
"10768",-11178.5603359882,"CAFI_P035",25
"10769",-4999.07954293885,"CAFI_P035",50
"10770",17305.7507978702,"CAFI_P035",100
"10771",2003.42196109402,"CAFI_P035",25
"10772",-3560.36557760404,"CAFI_P035",50
"10773",-15479.7422429359,"CAFI_P035",100
"10774",-5427.18971134623,"CAFI_P035",25
"10775",3935.47582111706,"CAFI_P035",50
"10776",-9177.14263099048,"CAFI_P035",100
"10777",-2855.05736563355,"CAFI_P035",25
"10778",688.485403380531,"CAFI_P035",50
"10779",5715.04907317884,"CAFI_P035",100
"10780",-14052.0095116354,"CAFI_P035",25
"10781",6600.39759698877,"CAFI_P035",50
"10782",-29186.358915925,"CAFI_P035",100
"10783",-8087.62466436002,"CAFI_P035",25
"10784",-4291.38191984472,"CAFI_P035",50
"10785",-12297.0983867935,"CAFI_P035",100
"10786",-12393.6559853497,"CAFI_P035",25
"10787",-1846.30296173249,"CAFI_P035",50
"10788",-30472.1918013799,"CAFI_P035",100
"10789",-11962.8232910733,"CAFI_P035",25
"10790",-19612.7407638868,"CAFI_P035",50
"10791",-24830.6248328103,"CAFI_P035",100
"10792",4603.84588117729,"CAFI_P035",25
"10793",-19583.668631444,"CAFI_P035",50
"10794",-2876.9781770031,"CAFI_P035",100
"10795",-7055.6874029116,"CAFI_P035",25
"10796",-16523.2944885523,"CAFI_P035",50
"10797",-6148.74199556198,"CAFI_P035",100
"10798",11739.2939732213,"CAFI_P035",25
"10799",-10984.8506302653,"CAFI_P035",50
"10800",-7216.87622124184,"CAFI_P035",100
"10801",-3360.48556039997,"CAFI_P036",25
"10802",19051.1006280628,"CAFI_P036",50
"10803",-1357.08188879743,"CAFI_P036",100
"10804",-744.215378929832,"CAFI_P036",25
"10805",-6620.76495830566,"CAFI_P036",50
"10806",804.854201592796,"CAFI_P036",100
"10807",3826.08366218122,"CAFI_P036",25
"10808",20493.3915320133,"CAFI_P036",50
"10809",34324.7727716269,"CAFI_P036",100
"10810",1998.00763755935,"CAFI_P036",25
"10811",-3660.918329726,"CAFI_P036",50
"10812",10573.5666993425,"CAFI_P036",100
"10813",3663.17472738159,"CAFI_P036",25
"10814",1822.54116113769,"CAFI_P036",50
"10815",10389.9986016035,"CAFI_P036",100
"10816",5384.96430693183,"CAFI_P036",25
"10817",10594.122909587,"CAFI_P036",50
"10818",1790.30873916761,"CAFI_P036",100
"10819",-2740.23878123614,"CAFI_P036",25
"10820",15576.595638975,"CAFI_P036",50
"10821",-2574.34061804839,"CAFI_P036",100
"10822",3159.27942900348,"CAFI_P036",25
"10823",-788.671495146846,"CAFI_P036",50
"10824",15098.3443058997,"CAFI_P036",100
"10825",3612.07131301632,"CAFI_P036",25
"10826",1760.41787040408,"CAFI_P036",50
"10827",8156.49549776915,"CAFI_P036",100
"10828",-2408.27079313004,"CAFI_P036",25
"10829",-2430.73894457147,"CAFI_P036",50
"10830",-4367.00777335992,"CAFI_P036",100
"10831",287.167995219701,"CAFI_P036",25
"10832",158.541164498311,"CAFI_P036",50
"10833",9430.34910524599,"CAFI_P036",100
"10834",6570.60009794362,"CAFI_P036",25
"10835",8186.04086164615,"CAFI_P036",50
"10836",27764.9510957626,"CAFI_P036",100
"10837",-3352.46140685841,"CAFI_P036",25
"10838",-2752.8113514838,"CAFI_P036",50
"10839",11488.0431706641,"CAFI_P036",100
"10840",-1194.00778374268,"CAFI_P036",25
"10841",561.633744105609,"CAFI_P036",50
"10842",-1864.3672126001,"CAFI_P036",100
"10843",580.760760393139,"CAFI_P036",25
"10844",16793.0612253952,"CAFI_P036",50
"10845",10857.9043278531,"CAFI_P036",100
"10846",4869.67275913159,"CAFI_P036",25
"10847",5657.47508831663,"CAFI_P036",50
"10848",6728.27096013571,"CAFI_P036",100
"10849",-1027.67245010531,"CAFI_P036",25
"10850",9808.70308752719,"CAFI_P036",50
"10851",-3554.75037177288,"CAFI_P036",100
"10852",-1277.692757146,"CAFI_P036",25
"10853",3152.7422876975,"CAFI_P036",50
"10854",1413.20195352886,"CAFI_P036",100
"10855",-2518.189545284,"CAFI_P036",25
"10856",13132.7245865609,"CAFI_P036",50
"10857",6563.76782931064,"CAFI_P036",100
"10858",6598.71358476207,"CAFI_P036",25
"10859",7636.55698700587,"CAFI_P036",50
"10860",1788.29688429873,"CAFI_P036",100
"10861",-5582.68192791773,"CAFI_P036",25
"10862",8413.18712832857,"CAFI_P036",50
"10863",12300.8198415894,"CAFI_P036",100
"10864",1883.85967801098,"CAFI_P036",25
"10865",-1144.07233547245,"CAFI_P036",50
"10866",23254.6441328919,"CAFI_P036",100
"10867",7160.12084453113,"CAFI_P036",25
"10868",10529.0859864351,"CAFI_P036",50
"10869",15460.5307180446,"CAFI_P036",100
"10870",-8022.52302574978,"CAFI_P036",25
"10871",10320.0185536351,"CAFI_P036",50
"10872",813.167290541372,"CAFI_P036",100
"10873",4065.28568796461,"CAFI_P036",25
"10874",-3156.56004519353,"CAFI_P036",50
"10875",11358.1498340782,"CAFI_P036",100
"10876",-3043.06741177462,"CAFI_P036",25
"10877",1461.8295453763,"CAFI_P036",50
"10878",-1404.4970799677,"CAFI_P036",100
"10879",-454.521094423952,"CAFI_P036",25
"10880",-998.842478233477,"CAFI_P036",50
"10881",7546.8764266528,"CAFI_P036",100
"10882",-216.997122087429,"CAFI_P036",25
"10883",13531.2222544118,"CAFI_P036",50
"10884",4696.00115377561,"CAFI_P036",100
"10885",-957.799327348126,"CAFI_P036",25
"10886",1943.84868026761,"CAFI_P036",50
"10887",6279.40022579522,"CAFI_P036",100
"10888",-3573.80662093704,"CAFI_P036",25
"10889",5916.65628892489,"CAFI_P036",50
"10890",7050.63005689639,"CAFI_P036",100
"10891",1841.13791045191,"CAFI_P036",25
"10892",-737.185323604441,"CAFI_P036",50
"10893",10581.7205952645,"CAFI_P036",100
"10894",7352.80779910678,"CAFI_P036",25
"10895",-236.925038451067,"CAFI_P036",50
"10896",-6981.62616550532,"CAFI_P036",100
"10897",-943.644771581719,"CAFI_P036",25
"10898",-168.008934899437,"CAFI_P036",50
"10899",26950.5907431867,"CAFI_P036",100
"10900",2386.47756143872,"CAFI_P036",25
"10901",612.329888383945,"CAFI_P036",50
"10902",17673.8400166363,"CAFI_P036",100
"10903",12473.7686223381,"CAFI_P036",25
"10904",13921.1122271084,"CAFI_P036",50
"10905",1796.26822185123,"CAFI_P036",100
"10906",2471.89852623572,"CAFI_P036",25
"10907",5440.15362423888,"CAFI_P036",50
"10908",24437.3034089991,"CAFI_P036",100
"10909",5645.39707784707,"CAFI_P036",25
"10910",-2091.48174197393,"CAFI_P036",50
"10911",-5357.11919305695,"CAFI_P036",100
"10912",4942.74057660214,"CAFI_P036",25
"10913",2162.30354460876,"CAFI_P036",50
"10914",6990.75157984335,"CAFI_P036",100
"10915",7582.95410882958,"CAFI_P036",25
"10916",3494.19061556418,"CAFI_P036",50
"10917",21970.8590594515,"CAFI_P036",100
"10918",-2744.20777169164,"CAFI_P036",25
"10919",-1325.16075860086,"CAFI_P036",50
"10920",4797.99015337016,"CAFI_P036",100
"10921",4025.93917680215,"CAFI_P036",25
"10922",-8212.04225331766,"CAFI_P036",50
"10923",19689.8251541754,"CAFI_P036",100
"10924",-1106.57582784089,"CAFI_P036",25
"10925",1385.17272778027,"CAFI_P036",50
"10926",10149.2208127866,"CAFI_P036",100
"10927",8067.68177140286,"CAFI_P036",25
"10928",7326.160084651,"CAFI_P036",50
"10929",8830.65959973002,"CAFI_P036",100
"10930",5477.28093183856,"CAFI_P036",25
"10931",7650.85466964683,"CAFI_P036",50
"10932",-1230.4288516457,"CAFI_P036",100
"10933",1550.46788096218,"CAFI_P036",25
"10934",8682.5303047887,"CAFI_P036",50
"10935",11214.3070323059,"CAFI_P036",100
"10936",1001.43079297294,"CAFI_P036",25
"10937",4199.31132302311,"CAFI_P036",50
"10938",24064.7360775869,"CAFI_P036",100
"10939",-428.770181623026,"CAFI_P036",25
"10940",6874.30773559402,"CAFI_P036",50
"10941",12106.0563355285,"CAFI_P036",100
"10942",3157.48148839938,"CAFI_P036",25
"10943",-2849.86872542824,"CAFI_P036",50
"10944",14855.4306833246,"CAFI_P036",100
"10945",23276.3257506663,"CAFI_P036",25
"10946",-1938.94072961513,"CAFI_P036",50
"10947",12761.9265052388,"CAFI_P036",100
"10948",2682.24257844914,"CAFI_P036",25
"10949",9809.02649461979,"CAFI_P036",50
"10950",11480.7098009058,"CAFI_P036",100
"10951",-1883.53589573959,"CAFI_P036",25
"10952",876.718829647609,"CAFI_P036",50
"10953",17068.4770435145,"CAFI_P036",100
"10954",250.21697766686,"CAFI_P036",25
"10955",3615.51703125672,"CAFI_P036",50
"10956",1847.27719922183,"CAFI_P036",100
"10957",-450.038248894765,"CAFI_P036",25
"10958",11616.681595332,"CAFI_P036",50
"10959",12734.8830552441,"CAFI_P036",100
"10960",3299.89639631388,"CAFI_P036",25
"10961",14832.4795166046,"CAFI_P036",50
"10962",18363.4696817117,"CAFI_P036",100
"10963",2742.5816872062,"CAFI_P036",25
"10964",29.6153605928412,"CAFI_P036",50
"10965",7522.24666326508,"CAFI_P036",100
"10966",2048.66762394569,"CAFI_P036",25
"10967",4359.69478293695,"CAFI_P036",50
"10968",7595.10440824574,"CAFI_P036",100
"10969",4096.97165238854,"CAFI_P036",25
"10970",11449.0316721297,"CAFI_P036",50
"10971",4696.12095023267,"CAFI_P036",100
"10972",6364.97208865138,"CAFI_P036",25
"10973",11546.4252760669,"CAFI_P036",50
"10974",3522.10682425491,"CAFI_P036",100
"10975",-1004.98602628778,"CAFI_P036",25
"10976",-8126.43269982337,"CAFI_P036",50
"10977",16589.5233610266,"CAFI_P036",100
"10978",4977.89699324468,"CAFI_P036",25
"10979",13716.6145964311,"CAFI_P036",50
"10980",-63.7374160684412,"CAFI_P036",100
"10981",11696.6070439091,"CAFI_P036",25
"10982",-1569.00395103477,"CAFI_P036",50
"10983",-3904.93051648009,"CAFI_P036",100
"10984",-3428.79621816979,"CAFI_P036",25
"10985",9201.89560996447,"CAFI_P036",50
"10986",3142.22659834378,"CAFI_P036",100
"10987",-1200.28532868178,"CAFI_P036",25
"10988",2126.22011877529,"CAFI_P036",50
"10989",436.853133085096,"CAFI_P036",100
"10990",-573.277071669349,"CAFI_P036",25
"10991",19541.7063146373,"CAFI_P036",50
"10992",-3343.47306083085,"CAFI_P036",100
"10993",-1828.92366333349,"CAFI_P036",25
"10994",-1713.1379460012,"CAFI_P036",50
"10995",22867.2684196047,"CAFI_P036",100
"10996",6131.45031301191,"CAFI_P036",25
"10997",-249.846055329632,"CAFI_P036",50
"10998",10517.4340010376,"CAFI_P036",100
"10999",-495.229452146363,"CAFI_P036",25
"11000",14214.366793814,"CAFI_P036",50
"11001",-1989.91790831697,"CAFI_P036",100
"11002",3540.44868098147,"CAFI_P036",25
"11003",8145.34473075924,"CAFI_P036",50
"11004",-2463.14548660573,"CAFI_P036",100
"11005",2123.41700237727,"CAFI_P036",25
"11006",-3651.4598154377,"CAFI_P036",50
"11007",11196.4174021531,"CAFI_P036",100
"11008",5346.25489208978,"CAFI_P036",25
"11009",4697.01331446343,"CAFI_P036",50
"11010",1037.94082629404,"CAFI_P036",100
"11011",-978.386438066082,"CAFI_P036",25
"11012",8812.96187729857,"CAFI_P036",50
"11013",10197.0670550183,"CAFI_P036",100
"11014",16494.1101808303,"CAFI_P036",25
"11015",16361.5250811825,"CAFI_P036",50
"11016",7641.88776294261,"CAFI_P036",100
"11017",-913.935276267905,"CAFI_P036",25
"11018",7172.80734436525,"CAFI_P036",50
"11019",3179.07851130879,"CAFI_P036",100
"11020",-4386.65701368713,"CAFI_P036",25
"11021",12264.3680418332,"CAFI_P036",50
"11022",8660.88814529762,"CAFI_P036",100
"11023",5977.57851552556,"CAFI_P036",25
"11024",882.779508000356,"CAFI_P036",50
"11025",14998.6080731331,"CAFI_P036",100
"11026",-4196.27565897215,"CAFI_P036",25
"11027",6935.24830963416,"CAFI_P036",50
"11028",17676.0763580816,"CAFI_P036",100
"11029",-3578.44506646044,"CAFI_P036",25
"11030",11658.8940342743,"CAFI_P036",50
"11031",5327.75029876712,"CAFI_P036",100
"11032",3156.17688095334,"CAFI_P036",25
"11033",-2328.20093927815,"CAFI_P036",50
"11034",-3727.72015305987,"CAFI_P036",100
"11035",-9644.03357265357,"CAFI_P036",25
"11036",4930.55929499344,"CAFI_P036",50
"11037",-36.0394768216065,"CAFI_P036",100
"11038",-1177.61316544437,"CAFI_P036",25
"11039",2152.41066848609,"CAFI_P036",50
"11040",13353.0070572942,"CAFI_P036",100
"11041",1339.24119348123,"CAFI_P036",25
"11042",4926.61058588716,"CAFI_P036",50
"11043",15095.5994176929,"CAFI_P036",100
"11044",5881.03214574067,"CAFI_P036",25
"11045",-2792.06321788463,"CAFI_P036",50
"11046",-4144.04517265168,"CAFI_P036",100
"11047",2731.07203705216,"CAFI_P036",25
"11048",901.009386490565,"CAFI_P036",50
"11049",747.967958516354,"CAFI_P036",100
"11050",131.997246546642,"CAFI_P036",25
"11051",5377.15781557208,"CAFI_P036",50
"11052",7467.33312252301,"CAFI_P036",100
"11053",133.988034406531,"CAFI_P036",25
"11054",10622.5596814941,"CAFI_P036",50
"11055",3889.89936531655,"CAFI_P036",100
"11056",-577.045469458157,"CAFI_P036",25
"11057",232.882263374777,"CAFI_P036",50
"11058",27223.5510993412,"CAFI_P036",100
"11059",2801.54090704556,"CAFI_P036",25
"11060",17380.63185018,"CAFI_P036",50
"11061",3991.89745912008,"CAFI_P036",100
"11062",1188.87279554387,"CAFI_P036",25
"11063",8685.12993215385,"CAFI_P036",50
"11064",16457.4668308103,"CAFI_P036",100
"11065",-1000.91442400683,"CAFI_P036",25
"11066",-1080.15546155963,"CAFI_P036",50
"11067",1388.34694116333,"CAFI_P036",100
"11068",7466.05048672124,"CAFI_P036",25
"11069",5897.6022816787,"CAFI_P036",50
"11070",3368.8325692185,"CAFI_P036",100
"11071",6815.91956586766,"CAFI_P036",25
"11072",7276.00428520871,"CAFI_P036",50
"11073",19488.6211494851,"CAFI_P036",100
"11074",-3112.14287985189,"CAFI_P036",25
"11075",570.362005280564,"CAFI_P036",50
"11076",11611.4134632021,"CAFI_P036",100
"11077",6119.80270603384,"CAFI_P036",25
"11078",9800.70141730603,"CAFI_P036",50
"11079",-130.889910924103,"CAFI_P036",100
"11080",-825.288026875409,"CAFI_P036",25
"11081",12277.5415380655,"CAFI_P036",50
"11082",-24.8768910281651,"CAFI_P036",100
"11083",-1125.69200930526,"CAFI_P036",25
"11084",6338.03851680408,"CAFI_P036",50
"11085",10841.2767550689,"CAFI_P036",100
"11086",75.901239203813,"CAFI_P036",25
"11087",2717.63127290699,"CAFI_P036",50
"11088",-4393.50357038749,"CAFI_P036",100
"11089",1648.59124228492,"CAFI_P036",25
"11090",5513.08332331272,"CAFI_P036",50
"11091",10911.9802954404,"CAFI_P036",100
"11092",3287.80173933177,"CAFI_P036",25
"11093",11249.4759991762,"CAFI_P036",50
"11094",12379.7184598247,"CAFI_P036",100
"11095",6201.49313870145,"CAFI_P036",25
"11096",-2102.90636422482,"CAFI_P036",50
"11097",7557.81213709357,"CAFI_P036",100
"11098",-6757.47273918666,"CAFI_P036",25
"11099",-2048.56158801538,"CAFI_P036",50
"11100",7621.59637389085,"CAFI_P036",100
"11101",-2485.74254378892,"CAFI_P039",25
"11102",44625.5282793817,"CAFI_P039",50
"11103",43977.1663336171,"CAFI_P039",100
"11104",-4889.14765134244,"CAFI_P039",25
"11105",-2389.64984748073,"CAFI_P039",50
"11106",7093.57322232277,"CAFI_P039",100
"11107",299.5352088933,"CAFI_P039",25
"11108",-902.43987030632,"CAFI_P039",50
"11109",8763.43200690328,"CAFI_P039",100
"11110",-137.889975104015,"CAFI_P039",25
"11111",-1631.1751942533,"CAFI_P039",50
"11112",17997.1180597081,"CAFI_P039",100
"11113",1188.19107021854,"CAFI_P039",25
"11114",4529.84637749576,"CAFI_P039",50
"11115",22573.0302441525,"CAFI_P039",100
"11116",456.801440559619,"CAFI_P039",25
"11117",2272.16935247619,"CAFI_P039",50
"11118",1649.72524691591,"CAFI_P039",100
"11119",541.330031337857,"CAFI_P039",25
"11120",-4874.20616093569,"CAFI_P039",50
"11121",-1899.57492459306,"CAFI_P039",100
"11122",25013.6423088012,"CAFI_P039",25
"11123",-1007.62778672576,"CAFI_P039",50
"11124",-1201.35949538209,"CAFI_P039",100
"11125",119.316524463822,"CAFI_P039",25
"11126",-7267.90471583841,"CAFI_P039",50
"11127",-2215.21941716661,"CAFI_P039",100
"11128",6700.16115882277,"CAFI_P039",25
"11129",62.9894898032944,"CAFI_P039",50
"11130",17162.9335006069,"CAFI_P039",100
"11131",5123.07582603674,"CAFI_P039",25
"11132",9666.2340633494,"CAFI_P039",50
"11133",-5121.13443871684,"CAFI_P039",100
"11134",-672.410240904341,"CAFI_P039",25
"11135",-6267.91505222104,"CAFI_P039",50
"11136",2605.08021901007,"CAFI_P039",100
"11137",-4645.78825881606,"CAFI_P039",25
"11138",-6475.2630568012,"CAFI_P039",50
"11139",-1359.89884581903,"CAFI_P039",100
"11140",2672.73017349027,"CAFI_P039",25
"11141",-2126.47884066243,"CAFI_P039",50
"11142",-3653.11897819524,"CAFI_P039",100
"11143",-4119.20401746684,"CAFI_P039",25
"11144",5328.76273757324,"CAFI_P039",50
"11145",-3505.90657335162,"CAFI_P039",100
"11146",648.336127952061,"CAFI_P039",25
"11147",436.77129004008,"CAFI_P039",50
"11148",-991.343213977758,"CAFI_P039",100
"11149",-1656.33634483939,"CAFI_P039",25
"11150",6712.89941107942,"CAFI_P039",50
"11151",-6496.85993808886,"CAFI_P039",100
"11152",-4064.33058831884,"CAFI_P039",25
"11153",-3314.52572632197,"CAFI_P039",50
"11154",-2909.43431841742,"CAFI_P039",100
"11155",4476.90872812388,"CAFI_P039",25
"11156",-5535.32680826215,"CAFI_P039",50
"11157",-3490.41972175718,"CAFI_P039",100
"11158",-4149.0352234442,"CAFI_P039",25
"11159",-2130.09943207624,"CAFI_P039",50
"11160",-4797.83527714526,"CAFI_P039",100
"11161",-375.749952533864,"CAFI_P039",25
"11162",10544.261940981,"CAFI_P039",50
"11163",-2148.89013820954,"CAFI_P039",100
"11164",499.787783617503,"CAFI_P039",25
"11165",-3303.11421966887,"CAFI_P039",50
"11166",-516.861608246021,"CAFI_P039",100
"11167",952.883676826983,"CAFI_P039",25
"11168",-2349.35910935499,"CAFI_P039",50
"11169",3924.72544482455,"CAFI_P039",100
"11170",-84.6792485639744,"CAFI_P039",25
"11171",-6373.82484121621,"CAFI_P039",50
"11172",2391.38449829927,"CAFI_P039",100
"11173",-543.574845141353,"CAFI_P039",25
"11174",-3445.63877981261,"CAFI_P039",50
"11175",8531.48643243266,"CAFI_P039",100
"11176",1482.96081289678,"CAFI_P039",25
"11177",-5896.95805960795,"CAFI_P039",50
"11178",5531.04691734602,"CAFI_P039",100
"11179",-1710.00045160178,"CAFI_P039",25
"11180",-196.31822719489,"CAFI_P039",50
"11181",-1042.13480381022,"CAFI_P039",100
"11182",7083.74561517371,"CAFI_P039",25
"11183",-4006.12294169707,"CAFI_P039",50
"11184",24944.1688675709,"CAFI_P039",100
"11185",-2882.87658778913,"CAFI_P039",25
"11186",1541.41310427795,"CAFI_P039",50
"11187",3894.90548800072,"CAFI_P039",100
"11188",2896.47174588806,"CAFI_P039",25
"11189",-3533.9522468267,"CAFI_P039",50
"11190",-3878.23903104122,"CAFI_P039",100
"11191",27892.065829434,"CAFI_P039",25
"11192",-5529.20152786456,"CAFI_P039",50
"11193",-1859.16111323715,"CAFI_P039",100
"11194",2076.82465855571,"CAFI_P039",25
"11195",3844.62771951736,"CAFI_P039",50
"11196",-7331.17110907176,"CAFI_P039",100
"11197",-4618.16189867514,"CAFI_P039",25
"11198",-5748.85612232643,"CAFI_P039",50
"11199",1118.03041081209,"CAFI_P039",100
"11200",-3547.3643025998,"CAFI_P039",25
"11201",7333.81846728679,"CAFI_P039",50
"11202",1878.69761830472,"CAFI_P039",100
"11203",219.139001000061,"CAFI_P039",25
"11204",-4730.5987354432,"CAFI_P039",50
"11205",5646.12709940627,"CAFI_P039",100
"11206",-729.268321852462,"CAFI_P039",25
"11207",1256.32030481414,"CAFI_P039",50
"11208",740.981594694953,"CAFI_P039",100
"11209",2960.60301012883,"CAFI_P039",25
"11210",5244.87025300981,"CAFI_P039",50
"11211",-4137.60151254068,"CAFI_P039",100
"11212",-96.7274282088911,"CAFI_P039",25
"11213",-995.360604992311,"CAFI_P039",50
"11214",3527.09842441892,"CAFI_P039",100
"11215",-2167.76100151823,"CAFI_P039",25
"11216",3426.79871408438,"CAFI_P039",50
"11217",4899.66354236746,"CAFI_P039",100
"11218",2837.84902139235,"CAFI_P039",25
"11219",1588.68188948205,"CAFI_P039",50
"11220",920.536132747424,"CAFI_P039",100
"11221",-6947.4933896091,"CAFI_P039",25
"11222",-6599.03233800959,"CAFI_P039",50
"11223",246.727509293414,"CAFI_P039",100
"11224",2299.42287068468,"CAFI_P039",25
"11225",-3673.07027199934,"CAFI_P039",50
"11226",-1226.89573708529,"CAFI_P039",100
"11227",419.077388415666,"CAFI_P039",25
"11228",-4970.2981756402,"CAFI_P039",50
"11229",24825.0737156921,"CAFI_P039",100
"11230",-1234.20128717803,"CAFI_P039",25
"11231",2057.48596287816,"CAFI_P039",50
"11232",65.5676593798853,"CAFI_P039",100
"11233",699.541600241384,"CAFI_P039",25
"11234",8161.99337416631,"CAFI_P039",50
"11235",20320.1601714095,"CAFI_P039",100
"11236",-70.5368498939788,"CAFI_P039",25
"11237",20359.5450819021,"CAFI_P039",50
"11238",19241.2724412776,"CAFI_P039",100
"11239",-2640.13717983992,"CAFI_P039",25
"11240",-3829.87206755273,"CAFI_P039",50
"11241",-5153.64847799091,"CAFI_P039",100
"11242",885.471460780071,"CAFI_P039",25
"11243",-4590.97924853888,"CAFI_P039",50
"11244",-2259.21921652704,"CAFI_P039",100
"11245",2915.87061560669,"CAFI_P039",25
"11246",106.420293182571,"CAFI_P039",50
"11247",312.104132380511,"CAFI_P039",100
"11248",-4816.33219038503,"CAFI_P039",25
"11249",-3119.66789137071,"CAFI_P039",50
"11250",1847.25976829577,"CAFI_P039",100
"11251",3493.73984410201,"CAFI_P039",25
"11252",-3463.17907762821,"CAFI_P039",50
"11253",18989.5547376847,"CAFI_P039",100
"11254",-94.0116318736109,"CAFI_P039",25
"11255",482.292997786863,"CAFI_P039",50
"11256",-4443.26520376417,"CAFI_P039",100
"11257",-595.159530142671,"CAFI_P039",25
"11258",1597.88270498952,"CAFI_P039",50
"11259",595.189422463562,"CAFI_P039",100
"11260",815.4667703819,"CAFI_P039",25
"11261",3782.82466916402,"CAFI_P039",50
"11262",8966.65611277521,"CAFI_P039",100
"11263",7082.95410402576,"CAFI_P039",25
"11264",-3339.50751045035,"CAFI_P039",50
"11265",-6382.31299862335,"CAFI_P039",100
"11266",934.080079694482,"CAFI_P039",25
"11267",902.114668434719,"CAFI_P039",50
"11268",-1324.36272795213,"CAFI_P039",100
"11269",940.777437890851,"CAFI_P039",25
"11270",29129.6192426959,"CAFI_P039",50
"11271",4668.58405038388,"CAFI_P039",100
"11272",-2514.62204606374,"CAFI_P039",25
"11273",1388.58209315551,"CAFI_P039",50
"11274",-5568.44792186146,"CAFI_P039",100
"11275",1297.5075947569,"CAFI_P039",25
"11276",6089.28872072103,"CAFI_P039",50
"11277",-5295.77401051225,"CAFI_P039",100
"11278",-1559.76160363178,"CAFI_P039",25
"11279",18484.2128208414,"CAFI_P039",50
"11280",428.695514702093,"CAFI_P039",100
"11281",1776.89338956532,"CAFI_P039",25
"11282",15200.2026983061,"CAFI_P039",50
"11283",-2263.1825264208,"CAFI_P039",100
"11284",1347.03772074732,"CAFI_P039",25
"11285",507.248386879743,"CAFI_P039",50
"11286",-3307.30899408326,"CAFI_P039",100
"11287",6670.62240397284,"CAFI_P039",25
"11288",-4267.32954703417,"CAFI_P039",50
"11289",-1821.05093405925,"CAFI_P039",100
"11290",28.7288332314347,"CAFI_P039",25
"11291",-1261.19029001173,"CAFI_P039",50
"11292",-5513.99596525537,"CAFI_P039",100
"11293",818.747859397175,"CAFI_P039",25
"11294",-5571.99101053327,"CAFI_P039",50
"11295",-1285.59060513982,"CAFI_P039",100
"11296",-5194.04188584775,"CAFI_P039",25
"11297",2528.88157042672,"CAFI_P039",50
"11298",-3796.66413677856,"CAFI_P039",100
"11299",2589.64326244546,"CAFI_P039",25
"11300",-5892.01935911781,"CAFI_P039",50
"11301",-1002.29340179433,"CAFI_P039",100
"11302",-215.076921702188,"CAFI_P039",25
"11303",-1984.4342279766,"CAFI_P039",50
"11304",5294.81282865003,"CAFI_P039",100
"11305",25333.141384436,"CAFI_P039",25
"11306",-2954.70426126366,"CAFI_P039",50
"11307",2716.35971919962,"CAFI_P039",100
"11308",725.571719361033,"CAFI_P039",25
"11309",-266.829632570705,"CAFI_P039",50
"11310",6002.84447286325,"CAFI_P039",100
"11311",-2673.07627587428,"CAFI_P039",25
"11312",421.94997510867,"CAFI_P039",50
"11313",8251.22946323588,"CAFI_P039",100
"11314",-82.4752391448128,"CAFI_P039",25
"11315",-4561.85440242718,"CAFI_P039",50
"11316",1704.81590409257,"CAFI_P039",100
"11317",-186.73517234248,"CAFI_P039",25
"11318",-5482.01426132099,"CAFI_P039",50
"11319",2332.66109254083,"CAFI_P039",100
"11320",960.701348852832,"CAFI_P039",25
"11321",2280.86782910494,"CAFI_P039",50
"11322",-5710.27363034751,"CAFI_P039",100
"11323",-6647.17994402413,"CAFI_P039",25
"11324",-2849.76916538947,"CAFI_P039",50
"11325",545.210972734931,"CAFI_P039",100
"11326",-160.317187857087,"CAFI_P039",25
"11327",2652.22943644982,"CAFI_P039",50
"11328",-4302.0675560151,"CAFI_P039",100
"11329",4319.17248425627,"CAFI_P039",25
"11330",-4700.72017775121,"CAFI_P039",50
"11331",6803.21309585654,"CAFI_P039",100
"11332",1207.82590651567,"CAFI_P039",25
"11333",-7021.32656346439,"CAFI_P039",50
"11334",-3760.77953302016,"CAFI_P039",100
"11335",993.249215465155,"CAFI_P039",25
"11336",-6403.3755328054,"CAFI_P039",50
"11337",-2804.26646709815,"CAFI_P039",100
"11338",259.395956928434,"CAFI_P039",25
"11339",3859.90978921091,"CAFI_P039",50
"11340",-4120.82718979154,"CAFI_P039",100
"11341",4948.22524666277,"CAFI_P039",25
"11342",-82.5850445010292,"CAFI_P039",50
"11343",848.093990248832,"CAFI_P039",100
"11344",4572.42858817018,"CAFI_P039",25
"11345",3445.81947640749,"CAFI_P039",50
"11346",-5182.53399979157,"CAFI_P039",100
"11347",-5862.08169423105,"CAFI_P039",25
"11348",-3569.25179055784,"CAFI_P039",50
"11349",491.729591843265,"CAFI_P039",100
"11350",-293.970230026636,"CAFI_P039",25
"11351",5838.32554637882,"CAFI_P039",50
"11352",-3396.38386078022,"CAFI_P039",100
"11353",1811.38087409071,"CAFI_P039",25
"11354",-2310.65034541168,"CAFI_P039",50
"11355",-388.401268619142,"CAFI_P039",100
"11356",-4347.44761268544,"CAFI_P039",25
"11357",353.643730106123,"CAFI_P039",50
"11358",-1398.39945900463,"CAFI_P039",100
"11359",-3358.35781426361,"CAFI_P039",25
"11360",5795.86694878366,"CAFI_P039",50
"11361",-3894.89515854241,"CAFI_P039",100
"11362",-98.142601562955,"CAFI_P039",25
"11363",-1177.98519345419,"CAFI_P039",50
"11364",-2571.69456053543,"CAFI_P039",100
"11365",1617.32811723297,"CAFI_P039",25
"11366",-4603.96019915101,"CAFI_P039",50
"11367",1801.52577211999,"CAFI_P039",100
"11368",1624.25754992088,"CAFI_P039",25
"11369",-7138.96931573551,"CAFI_P039",50
"11370",26269.3174457105,"CAFI_P039",100
"11371",-1347.81873977126,"CAFI_P039",25
"11372",2290.49061377966,"CAFI_P039",50
"11373",1471.57209854305,"CAFI_P039",100
"11374",-36.9612709002977,"CAFI_P039",25
"11375",-1788.85424065581,"CAFI_P039",50
"11376",1081.98731367648,"CAFI_P039",100
"11377",9551.84662822657,"CAFI_P039",25
"11378",372.103441933927,"CAFI_P039",50
"11379",-907.33405824221,"CAFI_P039",100
"11380",-114.310191560391,"CAFI_P039",25
"11381",100.157222766808,"CAFI_P039",50
"11382",2474.53409290095,"CAFI_P039",100
"11383",1006.33182947876,"CAFI_P039",25
"11384",-2086.92058785426,"CAFI_P039",50
"11385",296.03326141127,"CAFI_P039",100
"11386",2520.32837239697,"CAFI_P039",25
"11387",1974.34072936166,"CAFI_P039",50
"11388",9480.57321744805,"CAFI_P039",100
"11389",-313.21309554638,"CAFI_P039",25
"11390",1244.86982909948,"CAFI_P039",50
"11391",-5474.26714057091,"CAFI_P039",100
"11392",19828.2043791951,"CAFI_P039",25
"11393",905.396341793559,"CAFI_P039",50
"11394",6900.46267564746,"CAFI_P039",100
"11395",-762.089438963914,"CAFI_P039",25
"11396",-2957.76218776987,"CAFI_P039",50
"11397",24409.2155992975,"CAFI_P039",100
"11398",-128.670240245498,"CAFI_P039",25
"11399",58.6078816279478,"CAFI_P039",50
"11400",3022.12087206691,"CAFI_P039",100
"11401",-1464.47216142094,"CAFI_P040",25
"11402",-5697.29360901698,"CAFI_P040",50
"11403",-8433.42137802442,"CAFI_P040",100
"11404",-2007.54388442452,"CAFI_P040",25
"11405",-1435.90244357428,"CAFI_P040",50
"11406",-5473.68806980446,"CAFI_P040",100
"11407",-1946.2176909085,"CAFI_P040",25
"11408",1705.11203470186,"CAFI_P040",50
"11409",-7136.12631175038,"CAFI_P040",100
"11410",-1199.37976862997,"CAFI_P040",25
"11411",-3085.47587146211,"CAFI_P040",50
"11412",909.010601943446,"CAFI_P040",100
"11413",-1551.57292892868,"CAFI_P040",25
"11414",-1647.44733814537,"CAFI_P040",50
"11415",-9704.4353983701,"CAFI_P040",100
"11416",-2227.29480236734,"CAFI_P040",25
"11417",-7404.93041420073,"CAFI_P040",50
"11418",-7868.90522465331,"CAFI_P040",100
"11419",-2677.00698328018,"CAFI_P040",25
"11420",-4977.82874582519,"CAFI_P040",50
"11421",-3080.65550841097,"CAFI_P040",100
"11422",-5105.70479150489,"CAFI_P040",25
"11423",-6573.54239202736,"CAFI_P040",50
"11424",-6766.12897803501,"CAFI_P040",100
"11425",-309.485354447126,"CAFI_P040",25
"11426",-8859.81652963039,"CAFI_P040",50
"11427",-3590.33353826168,"CAFI_P040",100
"11428",-4003.89972112837,"CAFI_P040",25
"11429",-2753.56595129284,"CAFI_P040",50
"11430",-1614.19212186875,"CAFI_P040",100
"11431",998.127724992199,"CAFI_P040",25
"11432",-5092.72502906236,"CAFI_P040",50
"11433",-7395.49377650718,"CAFI_P040",100
"11434",105.842658540292,"CAFI_P040",25
"11435",-3566.60728078423,"CAFI_P040",50
"11436",-7267.3553840777,"CAFI_P040",100
"11437",-2435.57155640415,"CAFI_P040",25
"11438",-692.497960156412,"CAFI_P040",50
"11439",-1122.24304172769,"CAFI_P040",100
"11440",-2732.95723049951,"CAFI_P040",25
"11441",-3533.74415120535,"CAFI_P040",50
"11442",-4687.57799133618,"CAFI_P040",100
"11443",-5328.26550285105,"CAFI_P040",25
"11444",-7954.30586963901,"CAFI_P040",50
"11445",-9713.51353529624,"CAFI_P040",100
"11446",-680.790546100528,"CAFI_P040",25
"11447",-1526.90280717763,"CAFI_P040",50
"11448",-5026.18166399613,"CAFI_P040",100
"11449",2195.60391035283,"CAFI_P040",25
"11450",-3119.00305218078,"CAFI_P040",50
"11451",-7847.02072015346,"CAFI_P040",100
"11452",-3003.34040714969,"CAFI_P040",25
"11453",-8536.4975983765,"CAFI_P040",50
"11454",-7203.48242739221,"CAFI_P040",100
"11455",-6124.68478138911,"CAFI_P040",25
"11456",-5662.91567383014,"CAFI_P040",50
"11457",-6226.37867828351,"CAFI_P040",100
"11458",1886.68043429669,"CAFI_P040",25
"11459",-990.140812979458,"CAFI_P040",50
"11460",-6272.59564723558,"CAFI_P040",100
"11461",-767.067475973861,"CAFI_P040",25
"11462",-2956.84799629982,"CAFI_P040",50
"11463",-3291.64880195167,"CAFI_P040",100
"11464",-2646.80640547303,"CAFI_P040",25
"11465",-3133.77217986051,"CAFI_P040",50
"11466",-6834.67994299391,"CAFI_P040",100
"11467",1981.34661725292,"CAFI_P040",25
"11468",-4577.89423993029,"CAFI_P040",50
"11469",-9617.81582409637,"CAFI_P040",100
"11470",1508.04110515091,"CAFI_P040",25
"11471",-3698.94318176809,"CAFI_P040",50
"11472",829.819779807847,"CAFI_P040",100
"11473",-2969.50155918032,"CAFI_P040",25
"11474",2644.53601485374,"CAFI_P040",50
"11475",-7466.56783631962,"CAFI_P040",100
"11476",-2673.16377534438,"CAFI_P040",25
"11477",-2621.37194179217,"CAFI_P040",50
"11478",-201.512409595045,"CAFI_P040",100
"11479",-1378.45154468861,"CAFI_P040",25
"11480",-3980.83609550615,"CAFI_P040",50
"11481",-4512.6351463678,"CAFI_P040",100
"11482",833.160787262634,"CAFI_P040",25
"11483",-5109.32665560019,"CAFI_P040",50
"11484",-1303.27213761205,"CAFI_P040",100
"11485",-3456.50594419503,"CAFI_P040",25
"11486",-6840.83394835488,"CAFI_P040",50
"11487",-2828.99617332715,"CAFI_P040",100
"11488",3829.18907853251,"CAFI_P040",25
"11489",-5305.42344974604,"CAFI_P040",50
"11490",1724.42336022065,"CAFI_P040",100
"11491",919.239973957883,"CAFI_P040",25
"11492",2426.26058958936,"CAFI_P040",50
"11493",-6725.18302137,"CAFI_P040",100
"11494",-3655.05507718347,"CAFI_P040",25
"11495",-3148.99540550489,"CAFI_P040",50
"11496",-6239.69300037721,"CAFI_P040",100
"11497",-284.349539436196,"CAFI_P040",25
"11498",2807.84005685602,"CAFI_P040",50
"11499",-5383.68483447278,"CAFI_P040",100
"11500",-240.101722715219,"CAFI_P040",25
"11501",-7141.19969869443,"CAFI_P040",50
"11502",-8147.80596262473,"CAFI_P040",100
"11503",-2143.93842200862,"CAFI_P040",25
"11504",-4132.74341227295,"CAFI_P040",50
"11505",-7254.81333929216,"CAFI_P040",100
"11506",-1689.4747278016,"CAFI_P040",25
"11507",-132.487831432023,"CAFI_P040",50
"11508",946.626451713237,"CAFI_P040",100
"11509",1035.24809377879,"CAFI_P040",25
"11510",96.0447725506383,"CAFI_P040",50
"11511",-6480.91998962723,"CAFI_P040",100
"11512",-369.344052699598,"CAFI_P040",25
"11513",-6883.75606043558,"CAFI_P040",50
"11514",-2378.14294368206,"CAFI_P040",100
"11515",-3259.99975469511,"CAFI_P040",25
"11516",-65.7931352236774,"CAFI_P040",50
"11517",-5057.08004806787,"CAFI_P040",100
"11518",-2082.31945284456,"CAFI_P040",25
"11519",-464.937173005485,"CAFI_P040",50
"11520",-7339.86558284858,"CAFI_P040",100
"11521",3739.09586823036,"CAFI_P040",25
"11522",-5175.12534292892,"CAFI_P040",50
"11523",-8996.57875487168,"CAFI_P040",100
"11524",-4095.76611669321,"CAFI_P040",25
"11525",-8666.42451803645,"CAFI_P040",50
"11526",-7751.41855814733,"CAFI_P040",100
"11527",1344.28706320471,"CAFI_P040",25
"11528",-4716.50514715255,"CAFI_P040",50
"11529",-10272.3529003114,"CAFI_P040",100
"11530",262.841876118531,"CAFI_P040",25
"11531",57.942639392335,"CAFI_P040",50
"11532",-2715.99617637842,"CAFI_P040",100
"11533",-1046.09535968915,"CAFI_P040",25
"11534",-3306.5495029357,"CAFI_P040",50
"11535",-8788.0243627837,"CAFI_P040",100
"11536",-3198.7928928872,"CAFI_P040",25
"11537",-2617.17987047418,"CAFI_P040",50
"11538",-8518.96945484483,"CAFI_P040",100
"11539",5413.4040365993,"CAFI_P040",25
"11540",-2298.52337974834,"CAFI_P040",50
"11541",1018.06589635508,"CAFI_P040",100
"11542",-1939.46140356507,"CAFI_P040",25
"11543",-5757.47905839112,"CAFI_P040",50
"11544",-1074.2242371733,"CAFI_P040",100
"11545",-6808.20551462544,"CAFI_P040",25
"11546",-8937.17219700105,"CAFI_P040",50
"11547",-6742.64680393619,"CAFI_P040",100
"11548",-2244.83357791882,"CAFI_P040",25
"11549",-4266.7010952312,"CAFI_P040",50
"11550",-7946.04812842776,"CAFI_P040",100
"11551",-8436.69157087704,"CAFI_P040",25
"11552",-2790.74374174958,"CAFI_P040",50
"11553",5857.13217890504,"CAFI_P040",100
"11554",-2719.0934809921,"CAFI_P040",25
"11555",-2803.62743114083,"CAFI_P040",50
"11556",-4541.29921023635,"CAFI_P040",100
"11557",-1240.42429444086,"CAFI_P040",25
"11558",-8470.35892822506,"CAFI_P040",50
"11559",-8221.61422854941,"CAFI_P040",100
"11560",-2190.68957786588,"CAFI_P040",25
"11561",3122.39875161211,"CAFI_P040",50
"11562",-266.979818301188,"CAFI_P040",100
"11563",-1055.60493689016,"CAFI_P040",25
"11564",-377.334289134596,"CAFI_P040",50
"11565",-6725.61142710334,"CAFI_P040",100
"11566",10044.8826144847,"CAFI_P040",25
"11567",-1727.71658603882,"CAFI_P040",50
"11568",-5490.61718922059,"CAFI_P040",100
"11569",-4372.13949189306,"CAFI_P040",25
"11570",-7687.24112933906,"CAFI_P040",50
"11571",-4781.39347070616,"CAFI_P040",100
"11572",-4932.79869763169,"CAFI_P040",25
"11573",-3847.32865849373,"CAFI_P040",50
"11574",-4196.46631162436,"CAFI_P040",100
"11575",525.089908596798,"CAFI_P040",25
"11576",-522.820338105841,"CAFI_P040",50
"11577",1222.6892968078,"CAFI_P040",100
"11578",6416.89925614366,"CAFI_P040",25
"11579",-1795.15404228179,"CAFI_P040",50
"11580",-7653.48234578423,"CAFI_P040",100
"11581",-5553.14546846319,"CAFI_P040",25
"11582",106.570521379414,"CAFI_P040",50
"11583",-6597.40712997277,"CAFI_P040",100
"11584",-5554.1878647634,"CAFI_P040",25
"11585",1075.54150205725,"CAFI_P040",50
"11586",-940.675890834944,"CAFI_P040",100
"11587",-630.411277598934,"CAFI_P040",25
"11588",-5343.16571660407,"CAFI_P040",50
"11589",-4631.71861380016,"CAFI_P040",100
"11590",-3249.40412718235,"CAFI_P040",25
"11591",-3603.49089203015,"CAFI_P040",50
"11592",-5007.26074679202,"CAFI_P040",100
"11593",76.0457713624928,"CAFI_P040",25
"11594",-4628.64177605591,"CAFI_P040",50
"11595",-9005.32378993032,"CAFI_P040",100
"11596",-3236.81271039112,"CAFI_P040",25
"11597",-2564.86079337582,"CAFI_P040",50
"11598",-6148.42759921873,"CAFI_P040",100
"11599",-1137.4514264946,"CAFI_P040",25
"11600",-2751.50375315145,"CAFI_P040",50
"11601",-5371.57215334021,"CAFI_P040",100
"11602",-298.230898537528,"CAFI_P040",25
"11603",-5335.53732449518,"CAFI_P040",50
"11604",-5870.32379644873,"CAFI_P040",100
"11605",-5275.91404883712,"CAFI_P040",25
"11606",3431.24687987391,"CAFI_P040",50
"11607",-7260.97628099658,"CAFI_P040",100
"11608",-147.458805905306,"CAFI_P040",25
"11609",-5771.53819371393,"CAFI_P040",50
"11610",-9392.42555355756,"CAFI_P040",100
"11611",-1694.33456275571,"CAFI_P040",25
"11612",-3217.32379510032,"CAFI_P040",50
"11613",4892.32059940675,"CAFI_P040",100
"11614",-3987.44689203662,"CAFI_P040",25
"11615",-2913.51756932816,"CAFI_P040",50
"11616",-7706.98302004093,"CAFI_P040",100
"11617",-4188.89124297694,"CAFI_P040",25
"11618",2523.46784784985,"CAFI_P040",50
"11619",-6838.05207146742,"CAFI_P040",100
"11620",668.487751632812,"CAFI_P040",25
"11621",474.265595059609,"CAFI_P040",50
"11622",-9389.05028398379,"CAFI_P040",100
"11623",-4208.22758595276,"CAFI_P040",25
"11624",47.802255638002,"CAFI_P040",50
"11625",1085.29534989758,"CAFI_P040",100
"11626",-1177.98515280537,"CAFI_P040",25
"11627",681.497869068786,"CAFI_P040",50
"11628",-6601.91664505849,"CAFI_P040",100
"11629",1260.90986087354,"CAFI_P040",25
"11630",-3222.31058252131,"CAFI_P040",50
"11631",-10370.9420049853,"CAFI_P040",100
"11632",805.899633885594,"CAFI_P040",25
"11633",-3467.76989079628,"CAFI_P040",50
"11634",-714.055022174085,"CAFI_P040",100
"11635",5267.57592482271,"CAFI_P040",25
"11636",-4332.34679238251,"CAFI_P040",50
"11637",-7100.57791834083,"CAFI_P040",100
"11638",-2733.67572288515,"CAFI_P040",25
"11639",-6608.02328018544,"CAFI_P040",50
"11640",-812.06708217127,"CAFI_P040",100
"11641",-2811.90049196684,"CAFI_P040",25
"11642",2880.50562231211,"CAFI_P040",50
"11643",-7332.460029515,"CAFI_P040",100
"11644",-337.861656963156,"CAFI_P040",25
"11645",-728.142719231604,"CAFI_P040",50
"11646",-3883.53953728371,"CAFI_P040",100
"11647",-2369.052177965,"CAFI_P040",25
"11648",-4564.42091836638,"CAFI_P040",50
"11649",-2543.23758934511,"CAFI_P040",100
"11650",-188.115009948291,"CAFI_P040",25
"11651",209.551297219441,"CAFI_P040",50
"11652",-8892.23844615227,"CAFI_P040",100
"11653",4459.47625398578,"CAFI_P040",25
"11654",2445.77168158698,"CAFI_P040",50
"11655",-6331.21126272716,"CAFI_P040",100
"11656",81.2830405899731,"CAFI_P040",25
"11657",-2832.89600842912,"CAFI_P040",50
"11658",-7277.75011584538,"CAFI_P040",100
"11659",-259.236047829443,"CAFI_P040",25
"11660",59.7914068009413,"CAFI_P040",50
"11661",-5787.41883064245,"CAFI_P040",100
"11662",-2142.77043664371,"CAFI_P040",25
"11663",-11449.5118446205,"CAFI_P040",50
"11664",-9564.93600652048,"CAFI_P040",100
"11665",100.84459621206,"CAFI_P040",25
"11666",-4995.63868633431,"CAFI_P040",50
"11667",-5698.56051686688,"CAFI_P040",100
"11668",-1766.34675746938,"CAFI_P040",25
"11669",-4692.04631030027,"CAFI_P040",50
"11670",-7606.17640582414,"CAFI_P040",100
"11671",1502.93737581646,"CAFI_P040",25
"11672",-4180.66659396302,"CAFI_P040",50
"11673",-8765.41147038501,"CAFI_P040",100
"11674",188.34531305352,"CAFI_P040",25
"11675",-2136.96777173257,"CAFI_P040",50
"11676",-7221.67149518026,"CAFI_P040",100
"11677",1900.02309544533,"CAFI_P040",25
"11678",-2035.46797832425,"CAFI_P040",50
"11679",-7389.47053788727,"CAFI_P040",100
"11680",-1475.3716961898,"CAFI_P040",25
"11681",-2051.72510076693,"CAFI_P040",50
"11682",-624.572520177375,"CAFI_P040",100
"11683",-1284.16030911345,"CAFI_P040",25
"11684",-5920.18449085427,"CAFI_P040",50
"11685",-6954.49063080284,"CAFI_P040",100
"11686",-112.758679865394,"CAFI_P040",25
"11687",-1467.04969531161,"CAFI_P040",50
"11688",-8107.36897411005,"CAFI_P040",100
"11689",-1033.61114354126,"CAFI_P040",25
"11690",-7583.70591456039,"CAFI_P040",50
"11691",-6501.52276044316,"CAFI_P040",100
"11692",-4742.13979277579,"CAFI_P040",25
"11693",-3572.70236581579,"CAFI_P040",50
"11694",-4174.69695651185,"CAFI_P040",100
"11695",-541.698445544404,"CAFI_P040",25
"11696",-7049.91266487195,"CAFI_P040",50
"11697",-3492.4303136323,"CAFI_P040",100
"11698",559.791065737401,"CAFI_P040",25
"11699",-2968.58748458113,"CAFI_P040",50
"11700",-3512.34220652297,"CAFI_P040",100
"11701",-263.234690835263,"CAFI_P041",25
"11702",1447.95188021756,"CAFI_P041",50
"11703",5034.88512456152,"CAFI_P041",100
"11704",-1255.34789810851,"CAFI_P041",25
"11705",6950.14880345599,"CAFI_P041",50
"11706",11801.2546601975,"CAFI_P041",100
"11707",816.81820613984,"CAFI_P041",25
"11708",14548.8631374939,"CAFI_P041",50
"11709",3199.51631189499,"CAFI_P041",100
"11710",-483.131698957819,"CAFI_P041",25
"11711",-187.841291252786,"CAFI_P041",50
"11712",6893.46785591965,"CAFI_P041",100
"11713",2869.97996054351,"CAFI_P041",25
"11714",1483.05542787272,"CAFI_P041",50
"11715",21463.9206771905,"CAFI_P041",100
"11716",-194.149882291735,"CAFI_P041",25
"11717",4059.18716598168,"CAFI_P041",50
"11718",1888.32074636486,"CAFI_P041",100
"11719",19474.4710051531,"CAFI_P041",25
"11720",-867.183252703573,"CAFI_P041",50
"11721",1125.56973199497,"CAFI_P041",100
"11722",944.988236725214,"CAFI_P041",25
"11723",1999.4134690607,"CAFI_P041",50
"11724",13852.0079312364,"CAFI_P041",100
"11725",769.324930822739,"CAFI_P041",25
"11726",18682.9209049565,"CAFI_P041",50
"11727",4427.22046493803,"CAFI_P041",100
"11728",1730.76924912757,"CAFI_P041",25
"11729",32576.408003379,"CAFI_P041",50
"11730",16292.5660143833,"CAFI_P041",100
"11731",1795.95734257958,"CAFI_P041",25
"11732",5207.98489624154,"CAFI_P041",50
"11733",1682.929321773,"CAFI_P041",100
"11734",92.0270059000468,"CAFI_P041",25
"11735",-104.999363023118,"CAFI_P041",50
"11736",8215.3857525335,"CAFI_P041",100
"11737",1083.33569327931,"CAFI_P041",25
"11738",18752.8687147853,"CAFI_P041",50
"11739",9691.09635125397,"CAFI_P041",100
"11740",-710.309798769274,"CAFI_P041",25
"11741",1590.49835461366,"CAFI_P041",50
"11742",5340.50841711627,"CAFI_P041",100
"11743",1160.91920053776,"CAFI_P041",25
"11744",2044.64790870616,"CAFI_P041",50
"11745",859.001026928105,"CAFI_P041",100
"11746",265.812380598509,"CAFI_P041",25
"11747",5604.5375000037,"CAFI_P041",50
"11748",3970.50116257434,"CAFI_P041",100
"11749",1006.98487311226,"CAFI_P041",25
"11750",1286.38252859315,"CAFI_P041",50
"11751",18576.4085100673,"CAFI_P041",100
"11752",7176.82838030203,"CAFI_P041",25
"11753",29075.5594889296,"CAFI_P041",50
"11754",24180.0332780302,"CAFI_P041",100
"11755",276.435915953742,"CAFI_P041",25
"11756",-1708.86072899631,"CAFI_P041",50
"11757",3800.82135207875,"CAFI_P041",100
"11758",18911.1782803349,"CAFI_P041",25
"11759",-1019.38367323103,"CAFI_P041",50
"11760",1122.06836218794,"CAFI_P041",100
"11761",-146.748719214258,"CAFI_P041",25
"11762",2386.68682041878,"CAFI_P041",50
"11763",7654.11992853953,"CAFI_P041",100
"11764",-273.626177487604,"CAFI_P041",25
"11765",326.073275436502,"CAFI_P041",50
"11766",848.260309463833,"CAFI_P041",100
"11767",-963.857012340537,"CAFI_P041",25
"11768",16064.7252561396,"CAFI_P041",50
"11769",18189.869041317,"CAFI_P041",100
"11770",34.4932400386024,"CAFI_P041",25
"11771",1241.39707366368,"CAFI_P041",50
"11772",472.013804748305,"CAFI_P041",100
"11773",-101.474149418355,"CAFI_P041",25
"11774",3510.58075665828,"CAFI_P041",50
"11775",1857.88447686954,"CAFI_P041",100
"11776",19320.546963569,"CAFI_P041",25
"11777",22742.9083124425,"CAFI_P041",50
"11778",670.387778836914,"CAFI_P041",100
"11779",657.950925270532,"CAFI_P041",25
"11780",17998.9295264084,"CAFI_P041",50
"11781",7246.6677282211,"CAFI_P041",100
"11782",426.316567684349,"CAFI_P041",25
"11783",-1773.23145074912,"CAFI_P041",50
"11784",6089.37509068017,"CAFI_P041",100
"11785",2496.03881219222,"CAFI_P041",25
"11786",4725.87768254182,"CAFI_P041",50
"11787",6468.9508051727,"CAFI_P041",100
"11788",-1331.96884749981,"CAFI_P041",25
"11789",1160.87286300547,"CAFI_P041",50
"11790",7777.24566911059,"CAFI_P041",100
"11791",366.38617837397,"CAFI_P041",25
"11792",286.800828292442,"CAFI_P041",50
"11793",9466.06996524631,"CAFI_P041",100
"11794",1096.72724128162,"CAFI_P041",25
"11795",20840.6016321289,"CAFI_P041",50
"11796",1673.95327143269,"CAFI_P041",100
"11797",543.674815657025,"CAFI_P041",25
"11798",13515.972434919,"CAFI_P041",50
"11799",2115.96159128787,"CAFI_P041",100
"11800",677.17525858304,"CAFI_P041",25
"11801",21050.4194139641,"CAFI_P041",50
"11802",6225.12663943303,"CAFI_P041",100
"11803",108.481293885212,"CAFI_P041",25
"11804",173.651935359638,"CAFI_P041",50
"11805",15031.4339567913,"CAFI_P041",100
"11806",256.163383755716,"CAFI_P041",25
"11807",1043.16276793409,"CAFI_P041",50
"11808",6360.42458228953,"CAFI_P041",100
"11809",2990.21222780945,"CAFI_P041",25
"11810",3204.34237949314,"CAFI_P041",50
"11811",14471.2354662336,"CAFI_P041",100
"11812",27.5479331550596,"CAFI_P041",25
"11813",9105.44864004201,"CAFI_P041",50
"11814",4395.86069664435,"CAFI_P041",100
"11815",5923.3035194508,"CAFI_P041",25
"11816",4392.33207746487,"CAFI_P041",50
"11817",4525.86509065016,"CAFI_P041",100
"11818",2376.23555132924,"CAFI_P041",25
"11819",1378.10986348949,"CAFI_P041",50
"11820",1070.19275578728,"CAFI_P041",100
"11821",5306.38402326626,"CAFI_P041",25
"11822",2395.54143986828,"CAFI_P041",50
"11823",5408.39892379547,"CAFI_P041",100
"11824",450.672237953171,"CAFI_P041",25
"11825",5906.21772222535,"CAFI_P041",50
"11826",2326.10369833355,"CAFI_P041",100
"11827",1511.08859328023,"CAFI_P041",25
"11828",4049.53843162907,"CAFI_P041",50
"11829",5333.35649197266,"CAFI_P041",100
"11830",546.263302393927,"CAFI_P041",25
"11831",1857.72786725158,"CAFI_P041",50
"11832",1983.77913012917,"CAFI_P041",100
"11833",1074.52119338865,"CAFI_P041",25
"11834",11507.2987094261,"CAFI_P041",50
"11835",27179.2609488973,"CAFI_P041",100
"11836",3782.95041200731,"CAFI_P041",25
"11837",803.350131230894,"CAFI_P041",50
"11838",-783.791468401352,"CAFI_P041",100
"11839",-286.29902098974,"CAFI_P041",25
"11840",2369.84348840834,"CAFI_P041",50
"11841",9186.76760710261,"CAFI_P041",100
"11842",400.407449281542,"CAFI_P041",25
"11843",983.225423176074,"CAFI_P041",50
"11844",13387.3308675236,"CAFI_P041",100
"11845",1961.25616595856,"CAFI_P041",25
"11846",4677.85392272007,"CAFI_P041",50
"11847",3152.87445074346,"CAFI_P041",100
"11848",4695.71494347756,"CAFI_P041",25
"11849",1640.60342434366,"CAFI_P041",50
"11850",35310.4788237723,"CAFI_P041",100
"11851",-796.846812545788,"CAFI_P041",25
"11852",6794.29004523679,"CAFI_P041",50
"11853",1655.49445972397,"CAFI_P041",100
"11854",5910.08360538341,"CAFI_P041",25
"11855",2930.97665775556,"CAFI_P041",50
"11856",16050.5589828202,"CAFI_P041",100
"11857",15502.1961081554,"CAFI_P041",25
"11858",745.855075256404,"CAFI_P041",50
"11859",7755.82382761981,"CAFI_P041",100
"11860",3034.19257652815,"CAFI_P041",25
"11861",2089.60145251799,"CAFI_P041",50
"11862",11035.0999467967,"CAFI_P041",100
"11863",7015.77151325427,"CAFI_P041",25
"11864",8530.19260620803,"CAFI_P041",50
"11865",7143.89460950484,"CAFI_P041",100
"11866",1893.73345009686,"CAFI_P041",25
"11867",21575.2980320351,"CAFI_P041",50
"11868",9240.23806167167,"CAFI_P041",100
"11869",3758.68227295997,"CAFI_P041",25
"11870",4502.2615494917,"CAFI_P041",50
"11871",5400.78357607836,"CAFI_P041",100
"11872",-450.808674372645,"CAFI_P041",25
"11873",-328.20682871918,"CAFI_P041",50
"11874",19214.7849254064,"CAFI_P041",100
"11875",2210.46316682646,"CAFI_P041",25
"11876",1899.09081447593,"CAFI_P041",50
"11877",46375.0404142177,"CAFI_P041",100
"11878",-1813.75268292698,"CAFI_P041",25
"11879",-2665.1707258799,"CAFI_P041",50
"11880",10291.5681206485,"CAFI_P041",100
"11881",2706.229883725,"CAFI_P041",25
"11882",583.164247458917,"CAFI_P041",50
"11883",5663.04116491359,"CAFI_P041",100
"11884",1164.34425674748,"CAFI_P041",25
"11885",460.308167898533,"CAFI_P041",50
"11886",4525.6605304344,"CAFI_P041",100
"11887",-1306.83359592673,"CAFI_P041",25
"11888",-113.899019196862,"CAFI_P041",50
"11889",376.042958834121,"CAFI_P041",100
"11890",5611.2010970994,"CAFI_P041",25
"11891",6795.78089127323,"CAFI_P041",50
"11892",5694.08125150786,"CAFI_P041",100
"11893",2387.43957711611,"CAFI_P041",25
"11894",961.391841562698,"CAFI_P041",50
"11895",1806.66312595099,"CAFI_P041",100
"11896",10312.7227176174,"CAFI_P041",25
"11897",3756.39662603248,"CAFI_P041",50
"11898",22624.0280788675,"CAFI_P041",100
"11899",1959.11808499263,"CAFI_P041",25
"11900",3772.16661421699,"CAFI_P041",50
"11901",16819.5187409542,"CAFI_P041",100
"11902",31.2267548277741,"CAFI_P041",25
"11903",26630.8845436635,"CAFI_P041",50
"11904",40041.8395734789,"CAFI_P041",100
"11905",13423.3933127437,"CAFI_P041",25
"11906",520.810971337516,"CAFI_P041",50
"11907",24465.8702180493,"CAFI_P041",100
"11908",7323.51985370452,"CAFI_P041",25
"11909",-15.0095947673835,"CAFI_P041",50
"11910",15705.0060977487,"CAFI_P041",100
"11911",15223.5219858613,"CAFI_P041",25
"11912",2458.17187225947,"CAFI_P041",50
"11913",18613.7763194755,"CAFI_P041",100
"11914",554.695155327121,"CAFI_P041",25
"11915",5984.63318652366,"CAFI_P041",50
"11916",14521.3658263602,"CAFI_P041",100
"11917",194.761245751841,"CAFI_P041",25
"11918",168.140704725462,"CAFI_P041",50
"11919",5692.95067651232,"CAFI_P041",100
"11920",4434.37699157259,"CAFI_P041",25
"11921",6280.24877387984,"CAFI_P041",50
"11922",26470.2662053787,"CAFI_P041",100
"11923",1441.1267889984,"CAFI_P041",25
"11924",642.884302527353,"CAFI_P041",50
"11925",23909.9104659563,"CAFI_P041",100
"11926",4934.2284074013,"CAFI_P041",25
"11927",-1374.00437903346,"CAFI_P041",50
"11928",32413.3110396178,"CAFI_P041",100
"11929",3534.59548570667,"CAFI_P041",25
"11930",5692.75250557964,"CAFI_P041",50
"11931",-870.72588067071,"CAFI_P041",100
"11932",445.590384359064,"CAFI_P041",25
"11933",725.699824884709,"CAFI_P041",50
"11934",21105.9666597679,"CAFI_P041",100
"11935",523.643763628206,"CAFI_P041",25
"11936",1630.64555022612,"CAFI_P041",50
"11937",677.071822044381,"CAFI_P041",100
"11938",2371.73687508088,"CAFI_P041",25
"11939",166.653669251828,"CAFI_P041",50
"11940",5804.26501518278,"CAFI_P041",100
"11941",5134.92038655162,"CAFI_P041",25
"11942",1113.50878259266,"CAFI_P041",50
"11943",13253.3195349028,"CAFI_P041",100
"11944",810.165624775924,"CAFI_P041",25
"11945",-2170.96904194474,"CAFI_P041",50
"11946",8242.66132999567,"CAFI_P041",100
"11947",1681.68339359359,"CAFI_P041",25
"11948",19370.2318918273,"CAFI_P041",50
"11949",6367.68654950321,"CAFI_P041",100
"11950",1336.44558682962,"CAFI_P041",25
"11951",20491.7945242253,"CAFI_P041",50
"11952",4228.92465987249,"CAFI_P041",100
"11953",8739.05711026842,"CAFI_P041",25
"11954",670.316801147914,"CAFI_P041",50
"11955",1444.89544767851,"CAFI_P041",100
"11956",-811.842422040994,"CAFI_P041",25
"11957",668.843601050728,"CAFI_P041",50
"11958",3695.901087734,"CAFI_P041",100
"11959",26.9117557195132,"CAFI_P041",25
"11960",1096.1136435314,"CAFI_P041",50
"11961",3508.05293459559,"CAFI_P041",100
"11962",2152.66388799247,"CAFI_P041",25
"11963",14288.5036941321,"CAFI_P041",50
"11964",21274.3285119373,"CAFI_P041",100
"11965",-880.865356391645,"CAFI_P041",25
"11966",7845.34049113462,"CAFI_P041",50
"11967",16347.5353978731,"CAFI_P041",100
"11968",135.216771276755,"CAFI_P041",25
"11969",-216.760288865247,"CAFI_P041",50
"11970",1222.36901711993,"CAFI_P041",100
"11971",141.070802122384,"CAFI_P041",25
"11972",148.481337361969,"CAFI_P041",50
"11973",17291.2475337379,"CAFI_P041",100
"11974",9215.21334494429,"CAFI_P041",25
"11975",-1287.66096938885,"CAFI_P041",50
"11976",384.663181424374,"CAFI_P041",100
"11977",-846.439385167992,"CAFI_P041",25
"11978",1108.38494122334,"CAFI_P041",50
"11979",86.0609760279185,"CAFI_P041",100
"11980",-96.5149746008974,"CAFI_P041",25
"11981",-1289.90396171517,"CAFI_P041",50
"11982",22885.9688851719,"CAFI_P041",100
"11983",2986.25820282195,"CAFI_P041",25
"11984",3179.26269932318,"CAFI_P041",50
"11985",13572.5523396299,"CAFI_P041",100
"11986",-1142.44589251344,"CAFI_P041",25
"11987",1532.78838733121,"CAFI_P041",50
"11988",33456.3053953306,"CAFI_P041",100
"11989",9672.35713004964,"CAFI_P041",25
"11990",6112.89107027114,"CAFI_P041",50
"11991",1710.33670115852,"CAFI_P041",100
"11992",923.182218454691,"CAFI_P041",25
"11993",-231.139326304139,"CAFI_P041",50
"11994",15567.2611538584,"CAFI_P041",100
"11995",1091.45657124941,"CAFI_P041",25
"11996",5163.47617205136,"CAFI_P041",50
"11997",21102.0448399449,"CAFI_P041",100
"11998",3226.50729913363,"CAFI_P041",25
"11999",2112.77791195118,"CAFI_P041",50
"12000",13924.2955858719,"CAFI_P041",100
"12001",-9000.52124296816,"CAFI_P042",25
"12002",-7410.56011407456,"CAFI_P042",50
"12003",-5148.41491678788,"CAFI_P042",100
"12004",-11092.9148473651,"CAFI_P042",25
"12005",-6505.59212464408,"CAFI_P042",50
"12006",-10903.9759828759,"CAFI_P042",100
"12007",264.449659160106,"CAFI_P042",25
"12008",-7282.99910819915,"CAFI_P042",50
"12009",-13014.0911130541,"CAFI_P042",100
"12010",87.6353837862844,"CAFI_P042",25
"12011",15494.0843382374,"CAFI_P042",50
"12012",-12832.7712454828,"CAFI_P042",100
"12013",11569.3133450595,"CAFI_P042",25
"12014",5519.80113747274,"CAFI_P042",50
"12015",-4294.17460723885,"CAFI_P042",100
"12016",-4700.96847039473,"CAFI_P042",25
"12017",-6043.17013798159,"CAFI_P042",50
"12018",10003.163559486,"CAFI_P042",100
"12019",830.602136378351,"CAFI_P042",25
"12020",-2674.14434303145,"CAFI_P042",50
"12021",341.843837017484,"CAFI_P042",100
"12022",-6563.3104854527,"CAFI_P042",25
"12023",-9387.17904737237,"CAFI_P042",50
"12024",-11603.9085489467,"CAFI_P042",100
"12025",1117.45590267814,"CAFI_P042",25
"12026",-6847.42971109727,"CAFI_P042",50
"12027",-9718.28426722781,"CAFI_P042",100
"12028",-3318.28529380151,"CAFI_P042",25
"12029",-5492.63730968907,"CAFI_P042",50
"12030",-11220.9850903514,"CAFI_P042",100
"12031",-4989.29394847271,"CAFI_P042",25
"12032",-2855.9339231262,"CAFI_P042",50
"12033",-2865.31570388615,"CAFI_P042",100
"12034",-2625.05787933571,"CAFI_P042",25
"12035",-56.8865859798389,"CAFI_P042",50
"12036",4112.84190748085,"CAFI_P042",100
"12037",-6103.87446252722,"CAFI_P042",25
"12038",-9966.21691537183,"CAFI_P042",50
"12039",9270.21412624861,"CAFI_P042",100
"12040",-6273.04126360663,"CAFI_P042",25
"12041",-5764.63408622763,"CAFI_P042",50
"12042",-14885.1091922056,"CAFI_P042",100
"12043",-602.734090600978,"CAFI_P042",25
"12044",-12966.5412094694,"CAFI_P042",50
"12045",-2877.37696202344,"CAFI_P042",100
"12046",337.029875882668,"CAFI_P042",25
"12047",-364.162813898292,"CAFI_P042",50
"12048",-8207.62642635085,"CAFI_P042",100
"12049",-4362.65149621863,"CAFI_P042",25
"12050",-6027.09933127265,"CAFI_P042",50
"12051",7441.09846918588,"CAFI_P042",100
"12052",-107.678206203796,"CAFI_P042",25
"12053",2493.23995095934,"CAFI_P042",50
"12054",-6797.5339754009,"CAFI_P042",100
"12055",-740.462834766135,"CAFI_P042",25
"12056",-7596.14547314297,"CAFI_P042",50
"12057",-7209.30207248643,"CAFI_P042",100
"12058",-347.38282565464,"CAFI_P042",25
"12059",13746.0441588173,"CAFI_P042",50
"12060",14385.2812873414,"CAFI_P042",100
"12061",-6483.42944395432,"CAFI_P042",25
"12062",-5195.77612665476,"CAFI_P042",50
"12063",-5584.617834643,"CAFI_P042",100
"12064",-4189.59091561608,"CAFI_P042",25
"12065",-9451.04471261543,"CAFI_P042",50
"12066",-12389.513946434,"CAFI_P042",100
"12067",-1967.90353963024,"CAFI_P042",25
"12068",-1181.60704946198,"CAFI_P042",50
"12069",-3214.15004497982,"CAFI_P042",100
"12070",631.294252343592,"CAFI_P042",25
"12071",1989.15013787843,"CAFI_P042",50
"12072",-11412.2260338471,"CAFI_P042",100
"12073",-6328.84815601853,"CAFI_P042",25
"12074",-3650.97014219931,"CAFI_P042",50
"12075",-12680.1108094286,"CAFI_P042",100
"12076",2068.93559288851,"CAFI_P042",25
"12077",1724.5981259704,"CAFI_P042",50
"12078",-13418.8673186021,"CAFI_P042",100
"12079",-5036.83692244923,"CAFI_P042",25
"12080",1269.69278549292,"CAFI_P042",50
"12081",-12451.3032167201,"CAFI_P042",100
"12082",-1830.46759255667,"CAFI_P042",25
"12083",-3569.32456507412,"CAFI_P042",50
"12084",-4887.56068823911,"CAFI_P042",100
"12085",5346.52014405694,"CAFI_P042",25
"12086",14970.0713409208,"CAFI_P042",50
"12087",4.60307952208677,"CAFI_P042",100
"12088",-6337.80418790615,"CAFI_P042",25
"12089",-6220.06168945431,"CAFI_P042",50
"12090",-11222.1580273863,"CAFI_P042",100
"12091",5451.62710929179,"CAFI_P042",25
"12092",-212.18347118207,"CAFI_P042",50
"12093",-2342.73903682572,"CAFI_P042",100
"12094",-1288.72196569678,"CAFI_P042",25
"12095",-3934.05640076176,"CAFI_P042",50
"12096",-12648.4833180012,"CAFI_P042",100
"12097",-5627.46673462738,"CAFI_P042",25
"12098",5041.45719608414,"CAFI_P042",50
"12099",-5751.98697377706,"CAFI_P042",100
"12100",8569.33901605703,"CAFI_P042",25
"12101",507.029304463242,"CAFI_P042",50
"12102",-7734.59980683494,"CAFI_P042",100
"12103",-4775.49749449029,"CAFI_P042",25
"12104",-3037.18894833559,"CAFI_P042",50
"12105",-11187.8049880289,"CAFI_P042",100
"12106",-6929.61583786184,"CAFI_P042",25
"12107",-11464.7961403472,"CAFI_P042",50
"12108",-14202.3814249329,"CAFI_P042",100
"12109",-3995.09850489709,"CAFI_P042",25
"12110",-13387.4038171787,"CAFI_P042",50
"12111",-11088.9222107713,"CAFI_P042",100
"12112",-80.1452299171942,"CAFI_P042",25
"12113",-9869.00462698523,"CAFI_P042",50
"12114",1010.33965518791,"CAFI_P042",100
"12115",302.571347175224,"CAFI_P042",25
"12116",17093.4608294089,"CAFI_P042",50
"12117",16096.1985491848,"CAFI_P042",100
"12118",-7773.73992342921,"CAFI_P042",25
"12119",-8836.17732823768,"CAFI_P042",50
"12120",-100.060932906228,"CAFI_P042",100
"12121",-1960.07511546632,"CAFI_P042",25
"12122",-10494.7481811991,"CAFI_P042",50
"12123",2138.15716394823,"CAFI_P042",100
"12124",-5788.08313496149,"CAFI_P042",25
"12125",-8070.39955837152,"CAFI_P042",50
"12126",5829.35084993247,"CAFI_P042",100
"12127",14.3954710428952,"CAFI_P042",25
"12128",-3550.83537862799,"CAFI_P042",50
"12129",15850.1856333195,"CAFI_P042",100
"12130",1999.18691355019,"CAFI_P042",25
"12131",-10232.9740915337,"CAFI_P042",50
"12132",-10665.4664944496,"CAFI_P042",100
"12133",-6426.14196183358,"CAFI_P042",25
"12134",-5746.2503453978,"CAFI_P042",50
"12135",-4598.74189936585,"CAFI_P042",100
"12136",-6040.83689434576,"CAFI_P042",25
"12137",-3172.87961200031,"CAFI_P042",50
"12138",-7556.23924987658,"CAFI_P042",100
"12139",1886.28681874403,"CAFI_P042",25
"12140",-4214.42593242199,"CAFI_P042",50
"12141",-13593.0066867216,"CAFI_P042",100
"12142",-507.682212775922,"CAFI_P042",25
"12143",-4192.487285487,"CAFI_P042",50
"12144",-3228.99109657848,"CAFI_P042",100
"12145",-3074.5073840823,"CAFI_P042",25
"12146",-6546.84611692838,"CAFI_P042",50
"12147",-10803.3563854135,"CAFI_P042",100
"12148",-2143.04958595324,"CAFI_P042",25
"12149",-9290.07467855053,"CAFI_P042",50
"12150",5640.25021245639,"CAFI_P042",100
"12151",-8680.01389320067,"CAFI_P042",25
"12152",-7147.56343376409,"CAFI_P042",50
"12153",-6950.64479056827,"CAFI_P042",100
"12154",-5289.37793918198,"CAFI_P042",25
"12155",21558.4645483336,"CAFI_P042",50
"12156",12651.9984591032,"CAFI_P042",100
"12157",-12919.7270283378,"CAFI_P042",25
"12158",-5250.53095931001,"CAFI_P042",50
"12159",-5278.25359780982,"CAFI_P042",100
"12160",-132.538035946141,"CAFI_P042",25
"12161",-3143.84820829879,"CAFI_P042",50
"12162",13001.6060323659,"CAFI_P042",100
"12163",5912.77630289039,"CAFI_P042",25
"12164",24.0861946537625,"CAFI_P042",50
"12165",-76.7979447596008,"CAFI_P042",100
"12166",-3750.81686668773,"CAFI_P042",25
"12167",6363.6380041723,"CAFI_P042",50
"12168",-13359.677639927,"CAFI_P042",100
"12169",3185.42908975889,"CAFI_P042",25
"12170",9948.90092603187,"CAFI_P042",50
"12171",-11844.9349404899,"CAFI_P042",100
"12172",9965.27377701877,"CAFI_P042",25
"12173",-6384.99660738837,"CAFI_P042",50
"12174",-12369.4224648723,"CAFI_P042",100
"12175",1001.28725662822,"CAFI_P042",25
"12176",-15163.436554561,"CAFI_P042",50
"12177",-6396.57811255846,"CAFI_P042",100
"12178",-1510.77085794607,"CAFI_P042",25
"12179",-8143.81137598009,"CAFI_P042",50
"12180",6649.87266950705,"CAFI_P042",100
"12181",3735.14557001385,"CAFI_P042",25
"12182",-5560.70341946115,"CAFI_P042",50
"12183",14682.3101200187,"CAFI_P042",100
"12184",10374.3011442369,"CAFI_P042",25
"12185",2557.6338631835,"CAFI_P042",50
"12186",7454.83895535447,"CAFI_P042",100
"12187",-4616.71302588843,"CAFI_P042",25
"12188",-1599.78280723834,"CAFI_P042",50
"12189",-10460.6125309963,"CAFI_P042",100
"12190",-350.535662204609,"CAFI_P042",25
"12191",-1491.85762406106,"CAFI_P042",50
"12192",-37.5967385842814,"CAFI_P042",100
"12193",289.099416717247,"CAFI_P042",25
"12194",5448.31200061121,"CAFI_P042",50
"12195",-6246.35618367797,"CAFI_P042",100
"12196",-7438.78121951269,"CAFI_P042",25
"12197",-8836.71040649863,"CAFI_P042",50
"12198",-10273.5843854178,"CAFI_P042",100
"12199",-5795.17410637077,"CAFI_P042",25
"12200",-10628.4080885191,"CAFI_P042",50
"12201",-10599.651115399,"CAFI_P042",100
"12202",582.199645479035,"CAFI_P042",25
"12203",-3200.41940275824,"CAFI_P042",50
"12204",-12081.8834235534,"CAFI_P042",100
"12205",1338.49963972566,"CAFI_P042",25
"12206",6580.33243884321,"CAFI_P042",50
"12207",-11074.8287403514,"CAFI_P042",100
"12208",2554.04545139684,"CAFI_P042",25
"12209",-4141.60829852178,"CAFI_P042",50
"12210",-7140.61770352593,"CAFI_P042",100
"12211",-818.963030909596,"CAFI_P042",25
"12212",-6711.32279829611,"CAFI_P042",50
"12213",-6190.05323699891,"CAFI_P042",100
"12214",185.059943896835,"CAFI_P042",25
"12215",-9368.90467238275,"CAFI_P042",50
"12216",-1484.16136807494,"CAFI_P042",100
"12217",244.461345227435,"CAFI_P042",25
"12218",2283.69596160483,"CAFI_P042",50
"12219",3189.57325210638,"CAFI_P042",100
"12220",-990.585735961795,"CAFI_P042",25
"12221",-5455.09713400505,"CAFI_P042",50
"12222",-13314.7188846061,"CAFI_P042",100
"12223",219.877271857637,"CAFI_P042",25
"12224",-13303.3844447315,"CAFI_P042",50
"12225",1558.21719345811,"CAFI_P042",100
"12226",-3205.77766285784,"CAFI_P042",25
"12227",-846.983494996151,"CAFI_P042",50
"12228",-4479.06586443103,"CAFI_P042",100
"12229",-5186.42424652143,"CAFI_P042",25
"12230",3055.80472081294,"CAFI_P042",50
"12231",-9231.46597749856,"CAFI_P042",100
"12232",1010.49958276062,"CAFI_P042",25
"12233",-9466.43280557171,"CAFI_P042",50
"12234",-9256.00520189817,"CAFI_P042",100
"12235",-914.258874178457,"CAFI_P042",25
"12236",-4515.24166614091,"CAFI_P042",50
"12237",-8005.83826685254,"CAFI_P042",100
"12238",-3482.73567855184,"CAFI_P042",25
"12239",-2737.67618852976,"CAFI_P042",50
"12240",392.746033120085,"CAFI_P042",100
"12241",10400.2389768085,"CAFI_P042",25
"12242",3316.66862710851,"CAFI_P042",50
"12243",-6340.43520712457,"CAFI_P042",100
"12244",-2805.13393581635,"CAFI_P042",25
"12245",-7371.47343611496,"CAFI_P042",50
"12246",-12607.1214671775,"CAFI_P042",100
"12247",-5138.93601648422,"CAFI_P042",25
"12248",-11944.5522604635,"CAFI_P042",50
"12249",-7110.57254647202,"CAFI_P042",100
"12250",5603.78990758234,"CAFI_P042",25
"12251",-6397.98565494217,"CAFI_P042",50
"12252",-9951.24610893358,"CAFI_P042",100
"12253",-148.874182039348,"CAFI_P042",25
"12254",-7598.00863227254,"CAFI_P042",50
"12255",-7234.8147591452,"CAFI_P042",100
"12256",-9095.51179128821,"CAFI_P042",25
"12257",-12046.1653674289,"CAFI_P042",50
"12258",-8004.84143379744,"CAFI_P042",100
"12259",-5071.50701804669,"CAFI_P042",25
"12260",329.372861756186,"CAFI_P042",50
"12261",-2536.50725677592,"CAFI_P042",100
"12262",-5703.96792351385,"CAFI_P042",25
"12263",-12250.3493812064,"CAFI_P042",50
"12264",-6092.43508075638,"CAFI_P042",100
"12265",-781.533868448925,"CAFI_P042",25
"12266",-2000.7638340054,"CAFI_P042",50
"12267",2017.13639037055,"CAFI_P042",100
"12268",-2438.27028850844,"CAFI_P042",25
"12269",6971.91913725663,"CAFI_P042",50
"12270",-8845.12006693741,"CAFI_P042",100
"12271",10695.528833803,"CAFI_P042",25
"12272",3855.40369298978,"CAFI_P042",50
"12273",-17.7409299505525,"CAFI_P042",100
"12274",2481.90287784149,"CAFI_P042",25
"12275",-1327.06590798724,"CAFI_P042",50
"12276",18258.4591384059,"CAFI_P042",100
"12277",-2574.66146299499,"CAFI_P042",25
"12278",-6278.23310776579,"CAFI_P042",50
"12279",-7671.0940593977,"CAFI_P042",100
"12280",3105.70867642143,"CAFI_P042",25
"12281",-364.359635468456,"CAFI_P042",50
"12282",-6812.13245998649,"CAFI_P042",100
"12283",-1291.47423815017,"CAFI_P042",25
"12284",-3951.59552995797,"CAFI_P042",50
"12285",-8153.13702715264,"CAFI_P042",100
"12286",-3474.91533250397,"CAFI_P042",25
"12287",-3043.72986043285,"CAFI_P042",50
"12288",-8627.71648500836,"CAFI_P042",100
"12289",-5475.48837903421,"CAFI_P042",25
"12290",-4294.55543814914,"CAFI_P042",50
"12291",-9309.16246346937,"CAFI_P042",100
"12292",1585.18675780587,"CAFI_P042",25
"12293",-13519.4732164382,"CAFI_P042",50
"12294",-12571.2612941124,"CAFI_P042",100
"12295",151.092425368959,"CAFI_P042",25
"12296",2116.13939767942,"CAFI_P042",50
"12297",-359.304507889843,"CAFI_P042",100
"12298",8495.32106470963,"CAFI_P042",25
"12299",-3919.49862967071,"CAFI_P042",50
"12300",-1373.32362552051,"CAFI_P042",100
"12301",-2657.52096513318,"CAFI_P043",25
"12302",2069.4637339109,"CAFI_P043",50
"12303",-4410.77203665383,"CAFI_P043",100
"12304",-5636.83068979974,"CAFI_P043",25
"12305",-2159.7305693673,"CAFI_P043",50
"12306",-381.152970569907,"CAFI_P043",100
"12307",-382.55221177818,"CAFI_P043",25
"12308",-1928.60200109449,"CAFI_P043",50
"12309",4451.26873359311,"CAFI_P043",100
"12310",-1649.49173453965,"CAFI_P043",25
"12311",3027.85865542229,"CAFI_P043",50
"12312",5035.33764221703,"CAFI_P043",100
"12313",6297.52526937626,"CAFI_P043",25
"12314",-135.796179310797,"CAFI_P043",50
"12315",5605.21626348764,"CAFI_P043",100
"12316",1340.56608187404,"CAFI_P043",25
"12317",3435.24374910357,"CAFI_P043",50
"12318",-2039.38726608388,"CAFI_P043",100
"12319",98.0205969307281,"CAFI_P043",25
"12320",14044.7650259281,"CAFI_P043",50
"12321",-3751.23927027051,"CAFI_P043",100
"12322",-3138.94638706502,"CAFI_P043",25
"12323",5082.6334755189,"CAFI_P043",50
"12324",3169.71967719911,"CAFI_P043",100
"12325",-661.696527474938,"CAFI_P043",25
"12326",-9422.92119311527,"CAFI_P043",50
"12327",2494.70238628233,"CAFI_P043",100
"12328",2030.89350077161,"CAFI_P043",25
"12329",3039.26216991138,"CAFI_P043",50
"12330",5140.45865398634,"CAFI_P043",100
"12331",3927.83421800533,"CAFI_P043",25
"12332",-795.60565293429,"CAFI_P043",50
"12333",-664.403943396406,"CAFI_P043",100
"12334",784.041396777786,"CAFI_P043",25
"12335",-3310.96072890874,"CAFI_P043",50
"12336",-41.9276534829114,"CAFI_P043",100
"12337",2922.05555919552,"CAFI_P043",25
"12338",-1308.48729888131,"CAFI_P043",50
"12339",-4405.85405064601,"CAFI_P043",100
"12340",4697.35307397481,"CAFI_P043",25
"12341",14926.3869631964,"CAFI_P043",50
"12342",-2638.69463616097,"CAFI_P043",100
"12343",2359.12941961488,"CAFI_P043",25
"12344",1526.64498884184,"CAFI_P043",50
"12345",-481.075140693749,"CAFI_P043",100
"12346",1409.71340352957,"CAFI_P043",25
"12347",-994.691056040669,"CAFI_P043",50
"12348",8572.05790694585,"CAFI_P043",100
"12349",2102.02934507994,"CAFI_P043",25
"12350",2278.7946148889,"CAFI_P043",50
"12351",-3992.63104073665,"CAFI_P043",100
"12352",-3138.00550084896,"CAFI_P043",25
"12353",-34.7468311637349,"CAFI_P043",50
"12354",2874.36547317696,"CAFI_P043",100
"12355",2564.26879421854,"CAFI_P043",25
"12356",353.593351709133,"CAFI_P043",50
"12357",11070.0293813669,"CAFI_P043",100
"12358",1745.39649571394,"CAFI_P043",25
"12359",-7926.31414708498,"CAFI_P043",50
"12360",1802.74703171122,"CAFI_P043",100
"12361",159.955824366858,"CAFI_P043",25
"12362",-702.194283657736,"CAFI_P043",50
"12363",1233.9157991838,"CAFI_P043",100
"12364",-1392.05278347863,"CAFI_P043",25
"12365",4591.82339172385,"CAFI_P043",50
"12366",7545.62615627958,"CAFI_P043",100
"12367",2987.41136006769,"CAFI_P043",25
"12368",10583.7983400821,"CAFI_P043",50
"12369",5042.11070838326,"CAFI_P043",100
"12370",-10.0880265090382,"CAFI_P043",25
"12371",3452.88938350603,"CAFI_P043",50
"12372",11110.0264018949,"CAFI_P043",100
"12373",4778.06524090658,"CAFI_P043",25
"12374",129.644377879158,"CAFI_P043",50
"12375",-1874.29298177452,"CAFI_P043",100
"12376",8137.62382439477,"CAFI_P043",25
"12377",9125.78866178403,"CAFI_P043",50
"12378",3107.93625222967,"CAFI_P043",100
"12379",3132.53829381187,"CAFI_P043",25
"12380",-2024.08768616276,"CAFI_P043",50
"12381",7189.38291871003,"CAFI_P043",100
"12382",3426.66235994891,"CAFI_P043",25
"12383",1063.77361706723,"CAFI_P043",50
"12384",5395.63746759002,"CAFI_P043",100
"12385",2153.05202933398,"CAFI_P043",25
"12386",5605.5214086771,"CAFI_P043",50
"12387",6369.84345566377,"CAFI_P043",100
"12388",-2430.72940770024,"CAFI_P043",25
"12389",7307.13626164763,"CAFI_P043",50
"12390",3435.32780523112,"CAFI_P043",100
"12391",3400.47728183251,"CAFI_P043",25
"12392",-6928.42503740717,"CAFI_P043",50
"12393",-6966.13317410342,"CAFI_P043",100
"12394",-4335.67956526892,"CAFI_P043",25
"12395",-2168.30864801479,"CAFI_P043",50
"12396",5596.15652201799,"CAFI_P043",100
"12397",3185.12889686512,"CAFI_P043",25
"12398",4403.87111939763,"CAFI_P043",50
"12399",4801.7963574419,"CAFI_P043",100
"12400",-2127.12499519272,"CAFI_P043",25
"12401",30.6289605280617,"CAFI_P043",50
"12402",971.414492428012,"CAFI_P043",100
"12403",157.564484574832,"CAFI_P043",25
"12404",-4031.73198174505,"CAFI_P043",50
"12405",4291.44731175524,"CAFI_P043",100
"12406",-3881.44387776463,"CAFI_P043",25
"12407",188.538684893341,"CAFI_P043",50
"12408",14758.1470803551,"CAFI_P043",100
"12409",481.423350931582,"CAFI_P043",25
"12410",-409.883050816919,"CAFI_P043",50
"12411",-34.5496150399849,"CAFI_P043",100
"12412",10231.4323732996,"CAFI_P043",25
"12413",29.2423356253421,"CAFI_P043",50
"12414",3811.9974362131,"CAFI_P043",100
"12415",-1475.44851953906,"CAFI_P043",25
"12416",-2965.47774123214,"CAFI_P043",50
"12417",-1342.82427402161,"CAFI_P043",100
"12418",-1576.25190514253,"CAFI_P043",25
"12419",1937.98756656103,"CAFI_P043",50
"12420",8556.92792738162,"CAFI_P043",100
"12421",2946.88450324928,"CAFI_P043",25
"12422",-79.248176221241,"CAFI_P043",50
"12423",4595.19189744635,"CAFI_P043",100
"12424",-1147.76805015121,"CAFI_P043",25
"12425",-1640.29691914606,"CAFI_P043",50
"12426",570.686743293219,"CAFI_P043",100
"12427",-1059.19899940764,"CAFI_P043",25
"12428",-6249.36554524241,"CAFI_P043",50
"12429",2622.95156118425,"CAFI_P043",100
"12430",-988.393149089039,"CAFI_P043",25
"12431",5270.05412390281,"CAFI_P043",50
"12432",9415.6022873492,"CAFI_P043",100
"12433",-2282.48378022155,"CAFI_P043",25
"12434",13896.7458468027,"CAFI_P043",50
"12435",-1296.72891152187,"CAFI_P043",100
"12436",2793.76420269554,"CAFI_P043",25
"12437",7173.44048607119,"CAFI_P043",50
"12438",8825.72313719027,"CAFI_P043",100
"12439",-1215.43038304834,"CAFI_P043",25
"12440",-198.097904421738,"CAFI_P043",50
"12441",-2133.62721448962,"CAFI_P043",100
"12442",-2198.48455672886,"CAFI_P043",25
"12443",-2478.35672395804,"CAFI_P043",50
"12444",-1770.17136839163,"CAFI_P043",100
"12445",3397.81938017899,"CAFI_P043",25
"12446",1772.50582351763,"CAFI_P043",50
"12447",4427.33132377849,"CAFI_P043",100
"12448",-1957.3158079483,"CAFI_P043",25
"12449",1272.78385339226,"CAFI_P043",50
"12450",10595.5201416976,"CAFI_P043",100
"12451",3062.20346719786,"CAFI_P043",25
"12452",2067.45592941475,"CAFI_P043",50
"12453",-3130.52817824483,"CAFI_P043",100
"12454",-2953.18281818824,"CAFI_P043",25
"12455",4318.04868740842,"CAFI_P043",50
"12456",-124.639640535694,"CAFI_P043",100
"12457",823.446910549857,"CAFI_P043",25
"12458",-1635.0197525298,"CAFI_P043",50
"12459",777.774578643439,"CAFI_P043",100
"12460",631.544940021093,"CAFI_P043",25
"12461",1481.42441313676,"CAFI_P043",50
"12462",2957.58786275578,"CAFI_P043",100
"12463",-1517.57592178488,"CAFI_P043",25
"12464",-5236.7517651497,"CAFI_P043",50
"12465",-2507.57449985581,"CAFI_P043",100
"12466",3458.37242352797,"CAFI_P043",25
"12467",-455.300305138924,"CAFI_P043",50
"12468",1518.41225766487,"CAFI_P043",100
"12469",-193.672293248033,"CAFI_P043",25
"12470",2998.17852305717,"CAFI_P043",50
"12471",4882.8434078508,"CAFI_P043",100
"12472",4404.59088164291,"CAFI_P043",25
"12473",-290.291489347117,"CAFI_P043",50
"12474",680.160943823634,"CAFI_P043",100
"12475",-399.216436854069,"CAFI_P043",25
"12476",-2175.46645347655,"CAFI_P043",50
"12477",2175.62961988038,"CAFI_P043",100
"12478",108.953423285478,"CAFI_P043",25
"12479",-198.180087278393,"CAFI_P043",50
"12480",3573.2199026864,"CAFI_P043",100
"12481",1879.91613505321,"CAFI_P043",25
"12482",13304.8776909018,"CAFI_P043",50
"12483",-20.5110122012265,"CAFI_P043",100
"12484",3704.58721592187,"CAFI_P043",25
"12485",-1452.86152798642,"CAFI_P043",50
"12486",7081.4533447164,"CAFI_P043",100
"12487",-4487.0581583413,"CAFI_P043",25
"12488",-1959.74887818648,"CAFI_P043",50
"12489",10164.2275817757,"CAFI_P043",100
"12490",2021.59813953415,"CAFI_P043",25
"12491",-1353.56809341651,"CAFI_P043",50
"12492",29879.9838313274,"CAFI_P043",100
"12493",539.703465327388,"CAFI_P043",25
"12494",4180.08612352784,"CAFI_P043",50
"12495",2278.47757010703,"CAFI_P043",100
"12496",-5180.87265473942,"CAFI_P043",25
"12497",5328.76525820588,"CAFI_P043",50
"12498",-3420.16065587162,"CAFI_P043",100
"12499",-1370.13371137183,"CAFI_P043",25
"12500",2419.75440778097,"CAFI_P043",50
"12501",-395.493787977117,"CAFI_P043",100
"12502",-3590.87419996591,"CAFI_P043",25
"12503",3022.70941272221,"CAFI_P043",50
"12504",-1847.69389095309,"CAFI_P043",100
"12505",-4649.26098129325,"CAFI_P043",25
"12506",-3175.85667067999,"CAFI_P043",50
"12507",3279.78997577025,"CAFI_P043",100
"12508",1264.97087161109,"CAFI_P043",25
"12509",-3020.94640088361,"CAFI_P043",50
"12510",10762.5197572004,"CAFI_P043",100
"12511",330.405503803515,"CAFI_P043",25
"12512",2698.57661645714,"CAFI_P043",50
"12513",-90.5550428148126,"CAFI_P043",100
"12514",-2444.05408003446,"CAFI_P043",25
"12515",-2008.86414801251,"CAFI_P043",50
"12516",1084.27048507376,"CAFI_P043",100
"12517",-3000.07176294952,"CAFI_P043",25
"12518",-3503.20165184911,"CAFI_P043",50
"12519",8249.97744579019,"CAFI_P043",100
"12520",-678.954435866384,"CAFI_P043",25
"12521",4219.18958860822,"CAFI_P043",50
"12522",87.0927837931667,"CAFI_P043",100
"12523",-487.35178659315,"CAFI_P043",25
"12524",-856.032705765654,"CAFI_P043",50
"12525",3928.44443175851,"CAFI_P043",100
"12526",1999.23884586775,"CAFI_P043",25
"12527",1077.31133886284,"CAFI_P043",50
"12528",837.985066157329,"CAFI_P043",100
"12529",4813.03346591239,"CAFI_P043",25
"12530",3385.24275233116,"CAFI_P043",50
"12531",-1074.81600608869,"CAFI_P043",100
"12532",713.794066312606,"CAFI_P043",25
"12533",-887.167924424604,"CAFI_P043",50
"12534",11431.8639660656,"CAFI_P043",100
"12535",-724.109895670816,"CAFI_P043",25
"12536",375.166950853571,"CAFI_P043",50
"12537",2495.40121200413,"CAFI_P043",100
"12538",-201.427921991854,"CAFI_P043",25
"12539",14035.3581734883,"CAFI_P043",50
"12540",4492.26179375735,"CAFI_P043",100
"12541",-3423.28637160303,"CAFI_P043",25
"12542",3969.03602345433,"CAFI_P043",50
"12543",-870.54286475663,"CAFI_P043",100
"12544",-3030.6277754599,"CAFI_P043",25
"12545",16925.1893842526,"CAFI_P043",50
"12546",-2010.48541734219,"CAFI_P043",100
"12547",-648.234701265261,"CAFI_P043",25
"12548",-3070.14175010595,"CAFI_P043",50
"12549",73.7392580687883,"CAFI_P043",100
"12550",888.636679170741,"CAFI_P043",25
"12551",-4126.03160780267,"CAFI_P043",50
"12552",698.864829167374,"CAFI_P043",100
"12553",419.752452732384,"CAFI_P043",25
"12554",-5544.28212306218,"CAFI_P043",50
"12555",1768.02526719603,"CAFI_P043",100
"12556",968.51515472203,"CAFI_P043",25
"12557",2126.0031648023,"CAFI_P043",50
"12558",12523.7136900186,"CAFI_P043",100
"12559",554.718673454801,"CAFI_P043",25
"12560",3020.17737460241,"CAFI_P043",50
"12561",765.875470768078,"CAFI_P043",100
"12562",-6010.38430562848,"CAFI_P043",25
"12563",8722.15175849263,"CAFI_P043",50
"12564",595.944004202815,"CAFI_P043",100
"12565",4503.70597767926,"CAFI_P043",25
"12566",1093.94090823564,"CAFI_P043",50
"12567",4897.82378667701,"CAFI_P043",100
"12568",-3405.9782179672,"CAFI_P043",25
"12569",2576.20894394556,"CAFI_P043",50
"12570",3649.51443219525,"CAFI_P043",100
"12571",-632.207544806413,"CAFI_P043",25
"12572",-3945.42589093352,"CAFI_P043",50
"12573",-2211.90502495252,"CAFI_P043",100
"12574",-1835.19480475644,"CAFI_P043",25
"12575",1037.43739318769,"CAFI_P043",50
"12576",10402.6466140628,"CAFI_P043",100
"12577",835.632267956767,"CAFI_P043",25
"12578",6382.91203043488,"CAFI_P043",50
"12579",6766.74999919441,"CAFI_P043",100
"12580",-698.567275763606,"CAFI_P043",25
"12581",1091.20466574377,"CAFI_P043",50
"12582",16600.321465208,"CAFI_P043",100
"12583",7562.57832145045,"CAFI_P043",25
"12584",3735.68144117136,"CAFI_P043",50
"12585",6150.50506474244,"CAFI_P043",100
"12586",-4282.15038705932,"CAFI_P043",25
"12587",2485.23187579302,"CAFI_P043",50
"12588",4118.40857840073,"CAFI_P043",100
"12589",-1809.29058037148,"CAFI_P043",25
"12590",1596.36369914821,"CAFI_P043",50
"12591",-6138.06050083457,"CAFI_P043",100
"12592",3423.21356113499,"CAFI_P043",25
"12593",-3740.70995182719,"CAFI_P043",50
"12594",143.495774317504,"CAFI_P043",100
"12595",-829.477773269115,"CAFI_P043",25
"12596",5848.25691133749,"CAFI_P043",50
"12597",2206.40525376264,"CAFI_P043",100
"12598",-1009.25913833341,"CAFI_P043",25
"12599",2279.27587832228,"CAFI_P043",50
"12600",4827.14376024975,"CAFI_P043",100
"12601",-17564.9554568581,"CAFI_P044",25
"12602",-18780.8991855981,"CAFI_P044",50
"12603",-26112.8258118964,"CAFI_P044",100
"12604",-11825.6422924281,"CAFI_P044",25
"12605",7371.27946692106,"CAFI_P044",50
"12606",-32824.7156115858,"CAFI_P044",100
"12607",-13306.5462822043,"CAFI_P044",25
"12608",-22398.7295941197,"CAFI_P044",50
"12609",-27058.992057385,"CAFI_P044",100
"12610",-9016.36288261542,"CAFI_P044",25
"12611",-27415.3622767702,"CAFI_P044",50
"12612",-34898.9101040689,"CAFI_P044",100
"12613",-2839.30467551324,"CAFI_P044",25
"12614",-10105.1167221215,"CAFI_P044",50
"12615",-44334.7621115407,"CAFI_P044",100
"12616",-11262.1919740051,"CAFI_P044",25
"12617",-3964.77749168768,"CAFI_P044",50
"12618",-13687.588291368,"CAFI_P044",100
"12619",6099.39229078084,"CAFI_P044",25
"12620",-2003.704464624,"CAFI_P044",50
"12621",-26069.6809472021,"CAFI_P044",100
"12622",12624.4794033009,"CAFI_P044",25
"12623",-10364.0761500777,"CAFI_P044",50
"12624",-23692.5653159561,"CAFI_P044",100
"12625",-3493.51977802766,"CAFI_P044",25
"12626",-31020.8812148483,"CAFI_P044",50
"12627",-38677.2333826561,"CAFI_P044",100
"12628",6675.52672277385,"CAFI_P044",25
"12629",-11898.577588875,"CAFI_P044",50
"12630",-120.018186333647,"CAFI_P044",100
"12631",-26526.7593664805,"CAFI_P044",25
"12632",-31495.597608266,"CAFI_P044",50
"12633",-18601.6557379417,"CAFI_P044",100
"12634",5742.69864515337,"CAFI_P044",25
"12635",-16382.932649062,"CAFI_P044",50
"12636",-30446.714338916,"CAFI_P044",100
"12637",-14892.7887507962,"CAFI_P044",25
"12638",-31675.0845882188,"CAFI_P044",50
"12639",-8174.46639235574,"CAFI_P044",100
"12640",-21994.2560353884,"CAFI_P044",25
"12641",-20405.3602664063,"CAFI_P044",50
"12642",-30936.2136704179,"CAFI_P044",100
"12643",3525.94083780196,"CAFI_P044",25
"12644",113.144164561585,"CAFI_P044",50
"12645",-23756.0542927519,"CAFI_P044",100
"12646",-8980.82276330015,"CAFI_P044",25
"12647",-23970.0327523176,"CAFI_P044",50
"12648",-33854.2338847798,"CAFI_P044",100
"12649",1030.88690887275,"CAFI_P044",25
"12650",-31413.9026450921,"CAFI_P044",50
"12651",-7531.13469881925,"CAFI_P044",100
"12652",-4062.22929765983,"CAFI_P044",25
"12653",-19506.9297887351,"CAFI_P044",50
"12654",-40789.8264373265,"CAFI_P044",100
"12655",-4381.65401678986,"CAFI_P044",25
"12656",-9079.68403244723,"CAFI_P044",50
"12657",-38387.5506917072,"CAFI_P044",100
"12658",-4883.11912507901,"CAFI_P044",25
"12659",-9343.42675887677,"CAFI_P044",50
"12660",-32275.6576026138,"CAFI_P044",100
"12661",-24357.2307179565,"CAFI_P044",25
"12662",-22725.9327183473,"CAFI_P044",50
"12663",-28293.7464220618,"CAFI_P044",100
"12664",270.560397239868,"CAFI_P044",25
"12665",-30498.8318718425,"CAFI_P044",50
"12666",-31054.096244675,"CAFI_P044",100
"12667",-3975.55379033677,"CAFI_P044",25
"12668",-9274.35387733096,"CAFI_P044",50
"12669",-26208.5953604254,"CAFI_P044",100
"12670",-15887.4027584885,"CAFI_P044",25
"12671",-13987.0040631351,"CAFI_P044",50
"12672",-32445.9473538331,"CAFI_P044",100
"12673",-15835.0421335892,"CAFI_P044",25
"12674",-12634.815775109,"CAFI_P044",50
"12675",-13720.1012708785,"CAFI_P044",100
"12676",-6465.62385403743,"CAFI_P044",25
"12677",-8348.96044879674,"CAFI_P044",50
"12678",-9397.58490934887,"CAFI_P044",100
"12679",-7105.8193733262,"CAFI_P044",25
"12680",-4786.69721801596,"CAFI_P044",50
"12681",-40325.4890057954,"CAFI_P044",100
"12682",-10164.5452061513,"CAFI_P044",25
"12683",-12710.8699883458,"CAFI_P044",50
"12684",-22921.8782582828,"CAFI_P044",100
"12685",-16841.872843199,"CAFI_P044",25
"12686",-24139.4902562787,"CAFI_P044",50
"12687",-42984.2546785965,"CAFI_P044",100
"12688",-24126.3578409469,"CAFI_P044",25
"12689",-14802.3481621432,"CAFI_P044",50
"12690",-39799.7988249696,"CAFI_P044",100
"12691",-1735.57353688742,"CAFI_P044",25
"12692",-32148.8722183676,"CAFI_P044",50
"12693",-34611.6642324883,"CAFI_P044",100
"12694",-12330.3681054178,"CAFI_P044",25
"12695",-28032.5073143307,"CAFI_P044",50
"12696",-9780.16464437573,"CAFI_P044",100
"12697",-10956.0807954502,"CAFI_P044",25
"12698",-20575.7932150502,"CAFI_P044",50
"12699",-11102.8685305049,"CAFI_P044",100
"12700",-7674.21659487463,"CAFI_P044",25
"12701",-28982.2789899444,"CAFI_P044",50
"12702",-33704.8756988039,"CAFI_P044",100
"12703",-12811.5171542849,"CAFI_P044",25
"12704",-8442.72521624406,"CAFI_P044",50
"12705",-39711.2637995954,"CAFI_P044",100
"12706",1782.39310514054,"CAFI_P044",25
"12707",5015.82115606766,"CAFI_P044",50
"12708",-17702.1662448207,"CAFI_P044",100
"12709",-12470.58932067,"CAFI_P044",25
"12710",-10570.1083326782,"CAFI_P044",50
"12711",-38051.6928258693,"CAFI_P044",100
"12712",-7960.48560193129,"CAFI_P044",25
"12713",-20466.1930199832,"CAFI_P044",50
"12714",-27821.0953644383,"CAFI_P044",100
"12715",4530.25402349228,"CAFI_P044",25
"12716",-1729.35267127457,"CAFI_P044",50
"12717",-24658.6442505086,"CAFI_P044",100
"12718",-8014.7856234627,"CAFI_P044",25
"12719",-12254.6282472112,"CAFI_P044",50
"12720",-23040.0395670986,"CAFI_P044",100
"12721",-10274.2409829976,"CAFI_P044",25
"12722",-6118.62789608468,"CAFI_P044",50
"12723",-18974.1939537323,"CAFI_P044",100
"12724",-6348.40452261758,"CAFI_P044",25
"12725",-16010.2762556604,"CAFI_P044",50
"12726",-21608.056280221,"CAFI_P044",100
"12727",-26979.4758417155,"CAFI_P044",25
"12728",-6641.04299227899,"CAFI_P044",50
"12729",-17348.4833764435,"CAFI_P044",100
"12730",-16034.7387474138,"CAFI_P044",25
"12731",-15062.3925233919,"CAFI_P044",50
"12732",-25256.2965459033,"CAFI_P044",100
"12733",-18856.7204106199,"CAFI_P044",25
"12734",-13271.4647070128,"CAFI_P044",50
"12735",-42068.2018335097,"CAFI_P044",100
"12736",2390.35398530442,"CAFI_P044",25
"12737",-22520.4309729576,"CAFI_P044",50
"12738",-16571.1929677228,"CAFI_P044",100
"12739",938.420405546087,"CAFI_P044",25
"12740",-15239.5459243627,"CAFI_P044",50
"12741",-32064.0075773862,"CAFI_P044",100
"12742",1326.47649464733,"CAFI_P044",25
"12743",-8306.44319106999,"CAFI_P044",50
"12744",-22382.7110274654,"CAFI_P044",100
"12745",-30448.1023324998,"CAFI_P044",25
"12746",-10472.6858784035,"CAFI_P044",50
"12747",-5533.07074044953,"CAFI_P044",100
"12748",-13867.6412203938,"CAFI_P044",25
"12749",-11040.1488351048,"CAFI_P044",50
"12750",-47272.9676817667,"CAFI_P044",100
"12751",2170.43221894809,"CAFI_P044",25
"12752",-10340.7147626614,"CAFI_P044",50
"12753",-24312.7704325919,"CAFI_P044",100
"12754",-9931.24399886868,"CAFI_P044",25
"12755",-9508.86928374419,"CAFI_P044",50
"12756",390.528664898186,"CAFI_P044",100
"12757",-2959.52385535714,"CAFI_P044",25
"12758",1238.85821813496,"CAFI_P044",50
"12759",-27027.7751285674,"CAFI_P044",100
"12760",4209.02517581807,"CAFI_P044",25
"12761",-10288.6810905588,"CAFI_P044",50
"12762",-28969.8068334157,"CAFI_P044",100
"12763",-14290.253317856,"CAFI_P044",25
"12764",-16157.2938395889,"CAFI_P044",50
"12765",-38387.855359083,"CAFI_P044",100
"12766",-23468.3916050507,"CAFI_P044",25
"12767",-16141.5593106336,"CAFI_P044",50
"12768",-30329.6629223457,"CAFI_P044",100
"12769",-24153.2803188984,"CAFI_P044",25
"12770",-38081.5030345272,"CAFI_P044",50
"12771",-31016.6106292167,"CAFI_P044",100
"12772",-6072.61247555231,"CAFI_P044",25
"12773",-3062.81934836728,"CAFI_P044",50
"12774",-32973.077409358,"CAFI_P044",100
"12775",9944.38288874173,"CAFI_P044",25
"12776",-18396.2739208742,"CAFI_P044",50
"12777",-22798.5008980066,"CAFI_P044",100
"12778",3782.22228661529,"CAFI_P044",25
"12779",-23952.7541702402,"CAFI_P044",50
"12780",-31491.1140188201,"CAFI_P044",100
"12781",-6256.50384746143,"CAFI_P044",25
"12782",-17561.1813052775,"CAFI_P044",50
"12783",-34699.0620816305,"CAFI_P044",100
"12784",2395.58852629748,"CAFI_P044",25
"12785",-12111.9552143496,"CAFI_P044",50
"12786",-40887.6238592686,"CAFI_P044",100
"12787",-4644.58738138992,"CAFI_P044",25
"12788",15618.2489969933,"CAFI_P044",50
"12789",-20090.4558431801,"CAFI_P044",100
"12790",5631.61289499054,"CAFI_P044",25
"12791",-5827.98087521171,"CAFI_P044",50
"12792",-41515.404343756,"CAFI_P044",100
"12793",-13792.7710617496,"CAFI_P044",25
"12794",-20840.4091596988,"CAFI_P044",50
"12795",-50108.1751024949,"CAFI_P044",100
"12796",-26703.971235825,"CAFI_P044",25
"12797",-20649.4492599697,"CAFI_P044",50
"12798",-33634.5591680359,"CAFI_P044",100
"12799",-18513.5201671418,"CAFI_P044",25
"12800",-24090.3516453673,"CAFI_P044",50
"12801",-35659.7256682296,"CAFI_P044",100
"12802",-14610.5953462774,"CAFI_P044",25
"12803",1033.59595402301,"CAFI_P044",50
"12804",-40886.1325699459,"CAFI_P044",100
"12805",-13729.6394831764,"CAFI_P044",25
"12806",-13903.8869196571,"CAFI_P044",50
"12807",-36804.6797687925,"CAFI_P044",100
"12808",-8686.36706191872,"CAFI_P044",25
"12809",-16551.3448181746,"CAFI_P044",50
"12810",-4161.18644163909,"CAFI_P044",100
"12811",-1107.72653935669,"CAFI_P044",25
"12812",-28544.1226074575,"CAFI_P044",50
"12813",-36236.2135381585,"CAFI_P044",100
"12814",-7756.39299212286,"CAFI_P044",25
"12815",-23829.935352872,"CAFI_P044",50
"12816",-16646.6092452804,"CAFI_P044",100
"12817",1969.33155122481,"CAFI_P044",25
"12818",-22964.9521833709,"CAFI_P044",50
"12819",-28819.8823043552,"CAFI_P044",100
"12820",1762.7737227605,"CAFI_P044",25
"12821",-15657.664589914,"CAFI_P044",50
"12822",-47636.2609714575,"CAFI_P044",100
"12823",-4938.70439494826,"CAFI_P044",25
"12824",-7512.69629224512,"CAFI_P044",50
"12825",-21686.5931824354,"CAFI_P044",100
"12826",-4170.77297416137,"CAFI_P044",25
"12827",-11758.9837203915,"CAFI_P044",50
"12828",-38439.7546969319,"CAFI_P044",100
"12829",2061.87404258223,"CAFI_P044",25
"12830",-30311.0188741988,"CAFI_P044",50
"12831",-27393.2076777266,"CAFI_P044",100
"12832",-4503.16878445056,"CAFI_P044",25
"12833",-32382.3260199875,"CAFI_P044",50
"12834",-34161.6767695342,"CAFI_P044",100
"12835",1110.22412289539,"CAFI_P044",25
"12836",-29180.9442594372,"CAFI_P044",50
"12837",-32725.842484126,"CAFI_P044",100
"12838",-269.079808552109,"CAFI_P044",25
"12839",-36101.3882673238,"CAFI_P044",50
"12840",-29917.3414440776,"CAFI_P044",100
"12841",-20874.311278692,"CAFI_P044",25
"12842",-31125.007942896,"CAFI_P044",50
"12843",-25440.0540623777,"CAFI_P044",100
"12844",1979.51101074234,"CAFI_P044",25
"12845",-24221.2245011505,"CAFI_P044",50
"12846",-26609.4951194522,"CAFI_P044",100
"12847",-13177.076586145,"CAFI_P044",25
"12848",-19116.2453306923,"CAFI_P044",50
"12849",-21997.4833926475,"CAFI_P044",100
"12850",-20562.989217712,"CAFI_P044",25
"12851",-9732.1996229642,"CAFI_P044",50
"12852",-24873.4413367698,"CAFI_P044",100
"12853",352.789867420797,"CAFI_P044",25
"12854",-36197.5309711574,"CAFI_P044",50
"12855",-38435.5874639778,"CAFI_P044",100
"12856",-8482.07054840843,"CAFI_P044",25
"12857",-23048.6861571969,"CAFI_P044",50
"12858",-46377.5294682352,"CAFI_P044",100
"12859",-1006.84649496095,"CAFI_P044",25
"12860",-33344.4805818765,"CAFI_P044",50
"12861",-35421.0672643817,"CAFI_P044",100
"12862",4864.71272270876,"CAFI_P044",25
"12863",2723.76475996169,"CAFI_P044",50
"12864",-26628.8997921456,"CAFI_P044",100
"12865",-576.009012379916,"CAFI_P044",25
"12866",-17230.0695719525,"CAFI_P044",50
"12867",-34391.4947733807,"CAFI_P044",100
"12868",-7519.08047768997,"CAFI_P044",25
"12869",-10595.6855210629,"CAFI_P044",50
"12870",-25579.4242187427,"CAFI_P044",100
"12871",-6148.11610430124,"CAFI_P044",25
"12872",-15200.9709041993,"CAFI_P044",50
"12873",-27477.6255036818,"CAFI_P044",100
"12874",-9083.24604813999,"CAFI_P044",25
"12875",-1244.14157888858,"CAFI_P044",50
"12876",-7233.27079822629,"CAFI_P044",100
"12877",-15689.6904801414,"CAFI_P044",25
"12878",-11014.2556020467,"CAFI_P044",50
"12879",-21170.7394090437,"CAFI_P044",100
"12880",-3078.25878033822,"CAFI_P044",25
"12881",-15270.2357136916,"CAFI_P044",50
"12882",-36346.8195713632,"CAFI_P044",100
"12883",-4650.8187576459,"CAFI_P044",25
"12884",-7543.62066155736,"CAFI_P044",50
"12885",-27603.646511727,"CAFI_P044",100
"12886",-14059.2089457124,"CAFI_P044",25
"12887",-25041.8375642019,"CAFI_P044",50
"12888",-35152.5213445112,"CAFI_P044",100
"12889",-1943.90177425486,"CAFI_P044",25
"12890",-23850.3615593388,"CAFI_P044",50
"12891",-26064.7393707225,"CAFI_P044",100
"12892",6695.76953722519,"CAFI_P044",25
"12893",-13178.1074297086,"CAFI_P044",50
"12894",-19227.4778763273,"CAFI_P044",100
"12895",-9137.32751214539,"CAFI_P044",25
"12896",-17508.9041593233,"CAFI_P044",50
"12897",-37210.0737790198,"CAFI_P044",100
"12898",1840.68447064707,"CAFI_P044",25
"12899",369.056243861036,"CAFI_P044",50
"12900",-33575.8019454495,"CAFI_P044",100
"12901",-769.681788541027,"CAFI_P045",25
"12902",-1204.71982488176,"CAFI_P045",50
"12903",-22858.4958433183,"CAFI_P045",100
"12904",-12502.311977617,"CAFI_P045",25
"12905",-9156.95544397406,"CAFI_P045",50
"12906",-18178.3949562997,"CAFI_P045",100
"12907",-3777.13820008916,"CAFI_P045",25
"12908",-14675.1156277766,"CAFI_P045",50
"12909",-16927.8391516378,"CAFI_P045",100
"12910",-8317.99427283293,"CAFI_P045",25
"12911",-8922.2057277261,"CAFI_P045",50
"12912",-23255.8612308406,"CAFI_P045",100
"12913",-9494.52302879497,"CAFI_P045",25
"12914",6243.76596443192,"CAFI_P045",50
"12915",-18381.6978134192,"CAFI_P045",100
"12916",-1889.10910209158,"CAFI_P045",25
"12917",-6794.97404255497,"CAFI_P045",50
"12918",-20822.0792058564,"CAFI_P045",100
"12919",-2751.7432988896,"CAFI_P045",25
"12920",-7601.78851268167,"CAFI_P045",50
"12921",-9605.95306057925,"CAFI_P045",100
"12922",-5190.80080186162,"CAFI_P045",25
"12923",-9113.84861728444,"CAFI_P045",50
"12924",-23940.8811736818,"CAFI_P045",100
"12925",-5375.17685303866,"CAFI_P045",25
"12926",524.094703802373,"CAFI_P045",50
"12927",-9668.62535462109,"CAFI_P045",100
"12928",2263.417460586,"CAFI_P045",25
"12929",-408.869024525164,"CAFI_P045",50
"12930",-22490.2064254991,"CAFI_P045",100
"12931",-2844.48362337507,"CAFI_P045",25
"12932",-18291.7020364556,"CAFI_P045",50
"12933",-18874.6534816425,"CAFI_P045",100
"12934",667.670837199956,"CAFI_P045",25
"12935",-3439.02513554553,"CAFI_P045",50
"12936",-21352.054177215,"CAFI_P045",100
"12937",-6760.59392921778,"CAFI_P045",25
"12938",10650.8105301598,"CAFI_P045",50
"12939",-15148.9571412953,"CAFI_P045",100
"12940",-5359.46043976565,"CAFI_P045",25
"12941",210.771097828692,"CAFI_P045",50
"12942",-22841.7373830586,"CAFI_P045",100
"12943",-6380.67663347395,"CAFI_P045",25
"12944",-16687.7799870965,"CAFI_P045",50
"12945",-22617.3088061888,"CAFI_P045",100
"12946",-6374.32774484897,"CAFI_P045",25
"12947",-20739.5647628476,"CAFI_P045",50
"12948",-13015.4884563057,"CAFI_P045",100
"12949",4867.12311672966,"CAFI_P045",25
"12950",-16079.7717887576,"CAFI_P045",50
"12951",-5639.70028151816,"CAFI_P045",100
"12952",-9200.52638935932,"CAFI_P045",25
"12953",-3848.08394212386,"CAFI_P045",50
"12954",-19810.9880404348,"CAFI_P045",100
"12955",2877.49577405112,"CAFI_P045",25
"12956",-7279.57714996045,"CAFI_P045",50
"12957",-19908.7423875324,"CAFI_P045",100
"12958",-7841.75713018735,"CAFI_P045",25
"12959",-14713.1583172153,"CAFI_P045",50
"12960",-1224.17939872545,"CAFI_P045",100
"12961",877.683380241739,"CAFI_P045",25
"12962",2438.4962689199,"CAFI_P045",50
"12963",-21063.3083770772,"CAFI_P045",100
"12964",-3728.81775762886,"CAFI_P045",25
"12965",-21348.0726723163,"CAFI_P045",50
"12966",-22911.2871238853,"CAFI_P045",100
"12967",1654.32529132324,"CAFI_P045",25
"12968",-13627.7519188154,"CAFI_P045",50
"12969",-22895.8962219122,"CAFI_P045",100
"12970",-17734.6094787013,"CAFI_P045",25
"12971",-5450.13321204233,"CAFI_P045",50
"12972",-5615.5151975053,"CAFI_P045",100
"12973",-1766.64624148159,"CAFI_P045",25
"12974",-152.89806826826,"CAFI_P045",50
"12975",-9925.30121820857,"CAFI_P045",100
"12976",-7811.77483370726,"CAFI_P045",25
"12977",-4363.68917731557,"CAFI_P045",50
"12978",-14176.3930817815,"CAFI_P045",100
"12979",-6306.93549386604,"CAFI_P045",25
"12980",-13417.8900473368,"CAFI_P045",50
"12981",-22284.0134924974,"CAFI_P045",100
"12982",-5615.89972892997,"CAFI_P045",25
"12983",-9273.93176997395,"CAFI_P045",50
"12984",-20387.1954889585,"CAFI_P045",100
"12985",-9836.54528499307,"CAFI_P045",25
"12986",7625.48410781927,"CAFI_P045",50
"12987",-20641.1691194305,"CAFI_P045",100
"12988",-10698.395403024,"CAFI_P045",25
"12989",-1471.97308833007,"CAFI_P045",50
"12990",-22359.4240175181,"CAFI_P045",100
"12991",-6136.51805714687,"CAFI_P045",25
"12992",2994.81426207867,"CAFI_P045",50
"12993",-24025.9256442261,"CAFI_P045",100
"12994",-4279.94909255026,"CAFI_P045",25
"12995",-15117.9759666884,"CAFI_P045",50
"12996",-14374.9199846807,"CAFI_P045",100
"12997",-17891.7169292686,"CAFI_P045",25
"12998",-18171.0149327248,"CAFI_P045",50
"12999",-16832.1186737312,"CAFI_P045",100
"13000",-7577.42233607842,"CAFI_P045",25
"13001",-1927.64136243146,"CAFI_P045",50
"13002",-12364.3282231499,"CAFI_P045",100
"13003",-714.677874005458,"CAFI_P045",25
"13004",1031.77318954543,"CAFI_P045",50
"13005",-20194.9712122165,"CAFI_P045",100
"13006",-13563.8886871618,"CAFI_P045",25
"13007",-8039.9168704882,"CAFI_P045",50
"13008",-17609.3351776177,"CAFI_P045",100
"13009",1214.11456521263,"CAFI_P045",25
"13010",-15614.121528842,"CAFI_P045",50
"13011",-3798.22889896476,"CAFI_P045",100
"13012",-2292.53625329543,"CAFI_P045",25
"13013",-9021.02518071613,"CAFI_P045",50
"13014",-22294.8918144228,"CAFI_P045",100
"13015",-905.033716460806,"CAFI_P045",25
"13016",-9615.81852729566,"CAFI_P045",50
"13017",-16226.1775250831,"CAFI_P045",100
"13018",-4258.86626224389,"CAFI_P045",25
"13019",1105.44837346213,"CAFI_P045",50
"13020",-24517.9604660589,"CAFI_P045",100
"13021",-9205.87441774231,"CAFI_P045",25
"13022",-5655.60470801895,"CAFI_P045",50
"13023",-105.376317419461,"CAFI_P045",100
"13024",12418.1224366726,"CAFI_P045",25
"13025",-4073.46088216768,"CAFI_P045",50
"13026",-12919.8935129563,"CAFI_P045",100
"13027",-9415.35913402867,"CAFI_P045",25
"13028",-12507.2379379053,"CAFI_P045",50
"13029",-14872.44704575,"CAFI_P045",100
"13030",-8147.95492815285,"CAFI_P045",25
"13031",-16124.6309219712,"CAFI_P045",50
"13032",-16877.6423648944,"CAFI_P045",100
"13033",-925.666848188674,"CAFI_P045",25
"13034",12749.2386619432,"CAFI_P045",50
"13035",-14051.3756516533,"CAFI_P045",100
"13036",-5670.212516926,"CAFI_P045",25
"13037",-1603.3810306848,"CAFI_P045",50
"13038",-19566.5064623218,"CAFI_P045",100
"13039",-3445.30872808717,"CAFI_P045",25
"13040",-5891.22595509817,"CAFI_P045",50
"13041",-20526.5328019889,"CAFI_P045",100
"13042",-7769.89852866466,"CAFI_P045",25
"13043",-8137.73208286305,"CAFI_P045",50
"13044",-19233.9467347549,"CAFI_P045",100
"13045",-4258.66041868075,"CAFI_P045",25
"13046",-5741.64715700154,"CAFI_P045",50
"13047",-25844.7847536374,"CAFI_P045",100
"13048",700.048934255959,"CAFI_P045",25
"13049",-2944.90921096882,"CAFI_P045",50
"13050",-23233.1893799051,"CAFI_P045",100
"13051",-8477.96195396327,"CAFI_P045",25
"13052",-1370.61963625054,"CAFI_P045",50
"13053",-19743.9749640009,"CAFI_P045",100
"13054",1386.62788119429,"CAFI_P045",25
"13055",-6854.36571258109,"CAFI_P045",50
"13056",-15759.6468531169,"CAFI_P045",100
"13057",3353.49644809705,"CAFI_P045",25
"13058",-16708.9611481827,"CAFI_P045",50
"13059",-22057.1341101435,"CAFI_P045",100
"13060",-9058.87300071702,"CAFI_P045",25
"13061",-12799.2581879404,"CAFI_P045",50
"13062",-23617.5101726262,"CAFI_P045",100
"13063",12356.2046000006,"CAFI_P045",25
"13064",-7533.78355777002,"CAFI_P045",50
"13065",-21314.6848458267,"CAFI_P045",100
"13066",-7760.72497346502,"CAFI_P045",25
"13067",-2945.90566002234,"CAFI_P045",50
"13068",-17084.9511543568,"CAFI_P045",100
"13069",-6276.25365257869,"CAFI_P045",25
"13070",-11901.9847695151,"CAFI_P045",50
"13071",-10998.5231943264,"CAFI_P045",100
"13072",-8355.5144632677,"CAFI_P045",25
"13073",-9528.72274688823,"CAFI_P045",50
"13074",-21436.7590923177,"CAFI_P045",100
"13075",6231.74188737839,"CAFI_P045",25
"13076",-1840.61116805859,"CAFI_P045",50
"13077",-8185.95930327073,"CAFI_P045",100
"13078",840.294811461412,"CAFI_P045",25
"13079",-17478.5033239741,"CAFI_P045",50
"13080",-22173.7891430663,"CAFI_P045",100
"13081",-7710.56463016337,"CAFI_P045",25
"13082",-12526.3359263019,"CAFI_P045",50
"13083",-14321.7424269122,"CAFI_P045",100
"13084",-5277.15512899432,"CAFI_P045",25
"13085",-11835.2270745128,"CAFI_P045",50
"13086",-26583.0869105748,"CAFI_P045",100
"13087",-2152.75132174016,"CAFI_P045",25
"13088",-8844.20075805346,"CAFI_P045",50
"13089",-10973.2498139928,"CAFI_P045",100
"13090",-17263.1863926956,"CAFI_P045",25
"13091",-4708.07134104974,"CAFI_P045",50
"13092",-18711.234474962,"CAFI_P045",100
"13093",-49.4817052787985,"CAFI_P045",25
"13094",-14424.3462130549,"CAFI_P045",50
"13095",-9753.80995628034,"CAFI_P045",100
"13096",-8183.52695382183,"CAFI_P045",25
"13097",926.701278497349,"CAFI_P045",50
"13098",-21564.4451095298,"CAFI_P045",100
"13099",-9308.89866818656,"CAFI_P045",25
"13100",-14953.7644331533,"CAFI_P045",50
"13101",-17700.811431884,"CAFI_P045",100
"13102",-6761.39925640641,"CAFI_P045",25
"13103",-1856.91714317381,"CAFI_P045",50
"13104",-15721.848321537,"CAFI_P045",100
"13105",1040.66253472556,"CAFI_P045",25
"13106",-2582.22375074116,"CAFI_P045",50
"13107",-14154.2568103012,"CAFI_P045",100
"13108",-5295.82925593172,"CAFI_P045",25
"13109",-20315.7830409007,"CAFI_P045",50
"13110",-3509.96820968785,"CAFI_P045",100
"13111",-15336.5963626661,"CAFI_P045",25
"13112",-11706.2098989897,"CAFI_P045",50
"13113",-8128.30327487306,"CAFI_P045",100
"13114",7690.94296104758,"CAFI_P045",25
"13115",3917.31037626759,"CAFI_P045",50
"13116",-11681.6878009951,"CAFI_P045",100
"13117",-6026.60640001716,"CAFI_P045",25
"13118",-14714.8556492153,"CAFI_P045",50
"13119",-6156.55807977653,"CAFI_P045",100
"13120",-8786.51350745361,"CAFI_P045",25
"13121",-4997.64026688185,"CAFI_P045",50
"13122",-7283.96691026783,"CAFI_P045",100
"13123",-3209.51136848365,"CAFI_P045",25
"13124",4868.48624754732,"CAFI_P045",50
"13125",-5973.78274506499,"CAFI_P045",100
"13126",-2082.73575327685,"CAFI_P045",25
"13127",-17129.1759253506,"CAFI_P045",50
"13128",-15397.0453996733,"CAFI_P045",100
"13129",-6294.78084376646,"CAFI_P045",25
"13130",-9180.15204376826,"CAFI_P045",50
"13131",-24584.3974781535,"CAFI_P045",100
"13132",-2103.56812012783,"CAFI_P045",25
"13133",-10674.6443708929,"CAFI_P045",50
"13134",-12465.152155756,"CAFI_P045",100
"13135",-1183.30477025284,"CAFI_P045",25
"13136",-19136.5975187994,"CAFI_P045",50
"13137",-19881.7264491025,"CAFI_P045",100
"13138",-2130.14480528224,"CAFI_P045",25
"13139",-8683.10107840365,"CAFI_P045",50
"13140",-20511.3186454338,"CAFI_P045",100
"13141",-6101.8230040691,"CAFI_P045",25
"13142",-9825.23981488013,"CAFI_P045",50
"13143",915.27267341956,"CAFI_P045",100
"13144",-100.383370366646,"CAFI_P045",25
"13145",-12829.0557578956,"CAFI_P045",50
"13146",-20069.1476595293,"CAFI_P045",100
"13147",-3882.27353872085,"CAFI_P045",25
"13148",-18608.2997719013,"CAFI_P045",50
"13149",-15595.5021640174,"CAFI_P045",100
"13150",656.874727261427,"CAFI_P045",25
"13151",-9539.6980066449,"CAFI_P045",50
"13152",-19315.2729421303,"CAFI_P045",100
"13153",-12578.4345393911,"CAFI_P045",25
"13154",-21434.5829447702,"CAFI_P045",50
"13155",-10504.9707044432,"CAFI_P045",100
"13156",-2034.54194852401,"CAFI_P045",25
"13157",-8586.24455800385,"CAFI_P045",50
"13158",-10648.0670660965,"CAFI_P045",100
"13159",-9726.7137132028,"CAFI_P045",25
"13160",-10807.8786119259,"CAFI_P045",50
"13161",-19996.9976122726,"CAFI_P045",100
"13162",-1054.16125212802,"CAFI_P045",25
"13163",-7523.36501057638,"CAFI_P045",50
"13164",-22030.4696762805,"CAFI_P045",100
"13165",1462.31802376756,"CAFI_P045",25
"13166",8176.24019624008,"CAFI_P045",50
"13167",-21932.4594565342,"CAFI_P045",100
"13168",-9348.41913249955,"CAFI_P045",25
"13169",-9807.94090662006,"CAFI_P045",50
"13170",-19454.3438900334,"CAFI_P045",100
"13171",22029.9118420596,"CAFI_P045",25
"13172",-12632.2947198812,"CAFI_P045",50
"13173",-6623.84136243776,"CAFI_P045",100
"13174",-3018.15647357638,"CAFI_P045",25
"13175",-17049.6749901472,"CAFI_P045",50
"13176",-16702.7190654536,"CAFI_P045",100
"13177",1456.8412550349,"CAFI_P045",25
"13178",-21158.962684145,"CAFI_P045",50
"13179",-10923.4516544166,"CAFI_P045",100
"13180",-3346.22253089136,"CAFI_P045",25
"13181",-21564.6259228701,"CAFI_P045",50
"13182",-24849.1140901909,"CAFI_P045",100
"13183",-347.306689331424,"CAFI_P045",25
"13184",-8663.27232116717,"CAFI_P045",50
"13185",-18814.4847760114,"CAFI_P045",100
"13186",-1121.08643109252,"CAFI_P045",25
"13187",-8098.15903414181,"CAFI_P045",50
"13188",-23648.039981065,"CAFI_P045",100
"13189",-7997.75636867917,"CAFI_P045",25
"13190",-16081.9762639586,"CAFI_P045",50
"13191",-21415.927038321,"CAFI_P045",100
"13192",6046.81433003413,"CAFI_P045",25
"13193",-5680.52647594525,"CAFI_P045",50
"13194",-25909.9308430046,"CAFI_P045",100
"13195",-10014.1421930887,"CAFI_P045",25
"13196",-3371.88892285968,"CAFI_P045",50
"13197",-13176.0683957925,"CAFI_P045",100
"13198",-10339.832952974,"CAFI_P045",25
"13199",-9376.79168678739,"CAFI_P045",50
"13200",-18476.671022467,"CAFI_P045",100
"13201",4624.47646205453,"CAFI_P046",25
"13202",-35360.5005173734,"CAFI_P046",50
"13203",-25069.9502929859,"CAFI_P046",100
"13204",2362.41955554258,"CAFI_P046",25
"13205",-11940.4891562685,"CAFI_P046",50
"13206",-22620.698756231,"CAFI_P046",100
"13207",216.529058713291,"CAFI_P046",25
"13208",3384.91479994933,"CAFI_P046",50
"13209",-34866.2136942767,"CAFI_P046",100
"13210",-10100.3452850523,"CAFI_P046",25
"13211",-20673.285084518,"CAFI_P046",50
"13212",-20716.4998568012,"CAFI_P046",100
"13213",-6328.06206547917,"CAFI_P046",25
"13214",-19459.9630488069,"CAFI_P046",50
"13215",-33990.7180435653,"CAFI_P046",100
"13216",-4923.93459764472,"CAFI_P046",25
"13217",-14592.3168548502,"CAFI_P046",50
"13218",-21162.2511795339,"CAFI_P046",100
"13219",-12480.2493464912,"CAFI_P046",25
"13220",-6465.64359106444,"CAFI_P046",50
"13221",-19963.1768585057,"CAFI_P046",100
"13222",-11063.3257308764,"CAFI_P046",25
"13223",-23833.726095619,"CAFI_P046",50
"13224",-18745.7723949128,"CAFI_P046",100
"13225",-13763.230706119,"CAFI_P046",25
"13226",-4944.66678521183,"CAFI_P046",50
"13227",-30223.2752997232,"CAFI_P046",100
"13228",-5790.09020248777,"CAFI_P046",25
"13229",31112.4836710629,"CAFI_P046",50
"13230",-6983.13027871883,"CAFI_P046",100
"13231",7727.87531409296,"CAFI_P046",25
"13232",5253.81627107487,"CAFI_P046",50
"13233",-25121.4105846666,"CAFI_P046",100
"13234",-3780.15792980744,"CAFI_P046",25
"13235",-11819.7516575262,"CAFI_P046",50
"13236",-26368.8672176586,"CAFI_P046",100
"13237",2026.19972193631,"CAFI_P046",25
"13238",-3193.25066105206,"CAFI_P046",50
"13239",-17001.8152184034,"CAFI_P046",100
"13240",8247.33609691594,"CAFI_P046",25
"13241",-3656.53006010212,"CAFI_P046",50
"13242",10241.4536795366,"CAFI_P046",100
"13243",-7779.69364619197,"CAFI_P046",25
"13244",-157.812121242343,"CAFI_P046",50
"13245",-18594.2421452831,"CAFI_P046",100
"13246",4202.40660276916,"CAFI_P046",25
"13247",-13278.993708232,"CAFI_P046",50
"13248",-30436.7506108132,"CAFI_P046",100
"13249",-5140.20657243696,"CAFI_P046",25
"13250",-12569.554091963,"CAFI_P046",50
"13251",-20642.1984894312,"CAFI_P046",100
"13252",-24683.2079808264,"CAFI_P046",25
"13253",-6695.03282091144,"CAFI_P046",50
"13254",-38353.2438396852,"CAFI_P046",100
"13255",10514.8075951299,"CAFI_P046",25
"13256",-9000.19934898015,"CAFI_P046",50
"13257",20844.5315484899,"CAFI_P046",100
"13258",-5010.81811228127,"CAFI_P046",25
"13259",-24989.2332447663,"CAFI_P046",50
"13260",-19056.3051815401,"CAFI_P046",100
"13261",-10962.593651019,"CAFI_P046",25
"13262",-3455.59680941585,"CAFI_P046",50
"13263",-26563.5433731386,"CAFI_P046",100
"13264",-6747.78373746196,"CAFI_P046",25
"13265",-716.200240567036,"CAFI_P046",50
"13266",-30391.2380308234,"CAFI_P046",100
"13267",696.362547827652,"CAFI_P046",25
"13268",-35027.2235576953,"CAFI_P046",50
"13269",-16100.8619211934,"CAFI_P046",100
"13270",-6388.39791007427,"CAFI_P046",25
"13271",-23483.4614890514,"CAFI_P046",50
"13272",-20520.697581372,"CAFI_P046",100
"13273",-2173.87905462302,"CAFI_P046",25
"13274",55114.4578086124,"CAFI_P046",50
"13275",-31470.8007453161,"CAFI_P046",100
"13276",-18578.5799038537,"CAFI_P046",25
"13277",-18701.7343923846,"CAFI_P046",50
"13278",-12863.6397636767,"CAFI_P046",100
"13279",-10671.136956705,"CAFI_P046",25
"13280",-7670.9246093863,"CAFI_P046",50
"13281",17353.4302182424,"CAFI_P046",100
"13282",-7808.26827359985,"CAFI_P046",25
"13283",-9124.77606322191,"CAFI_P046",50
"13284",-34666.9158075872,"CAFI_P046",100
"13285",-7502.31997904164,"CAFI_P046",25
"13286",7877.56092358369,"CAFI_P046",50
"13287",-17089.922715076,"CAFI_P046",100
"13288",2351.34393256076,"CAFI_P046",25
"13289",3435.06742916879,"CAFI_P046",50
"13290",-39354.9922051919,"CAFI_P046",100
"13291",-8689.83912549209,"CAFI_P046",25
"13292",9461.11999157793,"CAFI_P046",50
"13293",-28514.7572982186,"CAFI_P046",100
"13294",-7951.41333927005,"CAFI_P046",25
"13295",-22140.070395268,"CAFI_P046",50
"13296",-20313.3773529523,"CAFI_P046",100
"13297",-5807.14663163573,"CAFI_P046",25
"13298",-11711.3544565588,"CAFI_P046",50
"13299",-8190.28687264549,"CAFI_P046",100
"13300",-1989.75915957254,"CAFI_P046",25
"13301",-18401.2158859793,"CAFI_P046",50
"13302",11000.3872112697,"CAFI_P046",100
"13303",-15704.9867526594,"CAFI_P046",25
"13304",-2655.7099635037,"CAFI_P046",50
"13305",-6446.74050902715,"CAFI_P046",100
"13306",6441.18981573283,"CAFI_P046",25
"13307",-9479.03230789071,"CAFI_P046",50
"13308",16320.6558377481,"CAFI_P046",100
"13309",-11178.9317536994,"CAFI_P046",25
"13310",-17221.6208642081,"CAFI_P046",50
"13311",16380.2096588915,"CAFI_P046",100
"13312",3148.74230386014,"CAFI_P046",25
"13313",1621.99366632517,"CAFI_P046",50
"13314",-27627.1719243264,"CAFI_P046",100
"13315",5882.81132447394,"CAFI_P046",25
"13316",3012.84966404468,"CAFI_P046",50
"13317",-14682.9762782083,"CAFI_P046",100
"13318",12972.402590016,"CAFI_P046",25
"13319",4013.07635935571,"CAFI_P046",50
"13320",-25310.0215191066,"CAFI_P046",100
"13321",-11148.766696114,"CAFI_P046",25
"13322",-17339.3591643403,"CAFI_P046",50
"13323",-3168.36449524533,"CAFI_P046",100
"13324",-12701.1117265676,"CAFI_P046",25
"13325",2275.44465809636,"CAFI_P046",50
"13326",-20826.1852741715,"CAFI_P046",100
"13327",3245.39277442108,"CAFI_P046",25
"13328",-7256.30466796929,"CAFI_P046",50
"13329",-17657.9057049215,"CAFI_P046",100
"13330",-3005.63577399001,"CAFI_P046",25
"13331",-13911.0571185138,"CAFI_P046",50
"13332",-1026.93288912508,"CAFI_P046",100
"13333",-4645.14155170327,"CAFI_P046",25
"13334",-15604.014175029,"CAFI_P046",50
"13335",-29034.8363868645,"CAFI_P046",100
"13336",-235.537981899804,"CAFI_P046",25
"13337",20003.9490646814,"CAFI_P046",50
"13338",-2388.20996694302,"CAFI_P046",100
"13339",-17918.3557184321,"CAFI_P046",25
"13340",-3136.9060643196,"CAFI_P046",50
"13341",-13036.4449551305,"CAFI_P046",100
"13342",-15697.9740057965,"CAFI_P046",25
"13343",-3144.91201349738,"CAFI_P046",50
"13344",-30143.1641140531,"CAFI_P046",100
"13345",-18183.1151082016,"CAFI_P046",25
"13346",-21121.0116679502,"CAFI_P046",50
"13347",-11892.6584759482,"CAFI_P046",100
"13348",-10015.2615935794,"CAFI_P046",25
"13349",-13806.9222345645,"CAFI_P046",50
"13350",-28044.8833925308,"CAFI_P046",100
"13351",-13775.1515536465,"CAFI_P046",25
"13352",-21211.3120751262,"CAFI_P046",50
"13353",-28673.1260655223,"CAFI_P046",100
"13354",-12399.4943566325,"CAFI_P046",25
"13355",2656.16664952785,"CAFI_P046",50
"13356",-24083.6610141228,"CAFI_P046",100
"13357",24344.8842109903,"CAFI_P046",25
"13358",-1881.60811284604,"CAFI_P046",50
"13359",-8960.4573734139,"CAFI_P046",100
"13360",2147.74438286066,"CAFI_P046",25
"13361",28773.1980131898,"CAFI_P046",50
"13362",-31697.2923706723,"CAFI_P046",100
"13363",-14593.4462877589,"CAFI_P046",25
"13364",-29777.9334620722,"CAFI_P046",50
"13365",-19716.3972498846,"CAFI_P046",100
"13366",8795.43282394571,"CAFI_P046",25
"13367",-3464.7367987035,"CAFI_P046",50
"13368",24426.7308797506,"CAFI_P046",100
"13369",-7930.48064095894,"CAFI_P046",25
"13370",-26680.8615355663,"CAFI_P046",50
"13371",-4025.8968315231,"CAFI_P046",100
"13372",764.408037658606,"CAFI_P046",25
"13373",-13942.4592420276,"CAFI_P046",50
"13374",-21768.5426987674,"CAFI_P046",100
"13375",2892.12665568868,"CAFI_P046",25
"13376",-27789.5027640994,"CAFI_P046",50
"13377",-24075.4093134234,"CAFI_P046",100
"13378",-13179.1480847412,"CAFI_P046",25
"13379",-10099.1858266742,"CAFI_P046",50
"13380",39603.0670594638,"CAFI_P046",100
"13381",-1129.34304435068,"CAFI_P046",25
"13382",-6398.00537368888,"CAFI_P046",50
"13383",-21500.5431845207,"CAFI_P046",100
"13384",-3219.96863238025,"CAFI_P046",25
"13385",-36272.7834841959,"CAFI_P046",50
"13386",-6759.48788549495,"CAFI_P046",100
"13387",-3216.42114667199,"CAFI_P046",25
"13388",-6961.3182453285,"CAFI_P046",50
"13389",-9749.932707767,"CAFI_P046",100
"13390",-17045.391812363,"CAFI_P046",25
"13391",-10102.0250825013,"CAFI_P046",50
"13392",-32639.4287842147,"CAFI_P046",100
"13393",3255.69702952896,"CAFI_P046",25
"13394",-6143.271861972,"CAFI_P046",50
"13395",-32447.4744513122,"CAFI_P046",100
"13396",38222.7825750107,"CAFI_P046",25
"13397",-4646.95767801558,"CAFI_P046",50
"13398",-23022.3149452194,"CAFI_P046",100
"13399",-9754.41045380622,"CAFI_P046",25
"13400",-20575.0029030414,"CAFI_P046",50
"13401",-15966.9501451071,"CAFI_P046",100
"13402",-17483.5722701797,"CAFI_P046",25
"13403",-18578.9025331661,"CAFI_P046",50
"13404",-13253.0647042029,"CAFI_P046",100
"13405",-383.31199279218,"CAFI_P046",25
"13406",-3338.88029861473,"CAFI_P046",50
"13407",-6733.51492429274,"CAFI_P046",100
"13408",14060.264052254,"CAFI_P046",25
"13409",330.593549689394,"CAFI_P046",50
"13410",-39319.3737892609,"CAFI_P046",100
"13411",6250.72825676808,"CAFI_P046",25
"13412",4843.99965714093,"CAFI_P046",50
"13413",-26443.7439518201,"CAFI_P046",100
"13414",277.650109938113,"CAFI_P046",25
"13415",-10188.5560785033,"CAFI_P046",50
"13416",-21899.402569895,"CAFI_P046",100
"13417",-6357.30468721391,"CAFI_P046",25
"13418",-14363.1419736492,"CAFI_P046",50
"13419",-24862.2520057716,"CAFI_P046",100
"13420",-13003.1571549945,"CAFI_P046",25
"13421",-11024.5264297022,"CAFI_P046",50
"13422",-5641.17446076788,"CAFI_P046",100
"13423",1477.2783230567,"CAFI_P046",25
"13424",-12576.7049026484,"CAFI_P046",50
"13425",-15216.9990204099,"CAFI_P046",100
"13426",-9239.82441800076,"CAFI_P046",25
"13427",432.298100432265,"CAFI_P046",50
"13428",-25567.8336901953,"CAFI_P046",100
"13429",-3014.10161859234,"CAFI_P046",25
"13430",-24277.5941681092,"CAFI_P046",50
"13431",-13276.9359663196,"CAFI_P046",100
"13432",-8286.98132817249,"CAFI_P046",25
"13433",9057.61543327011,"CAFI_P046",50
"13434",-10008.4191609342,"CAFI_P046",100
"13435",40908.8427124648,"CAFI_P046",25
"13436",36227.8708806395,"CAFI_P046",50
"13437",31974.4424768993,"CAFI_P046",100
"13438",-2928.97596811259,"CAFI_P046",25
"13439",13829.4176555843,"CAFI_P046",50
"13440",-10345.4358705877,"CAFI_P046",100
"13441",-108.730789069785,"CAFI_P046",25
"13442",-13767.8127250351,"CAFI_P046",50
"13443",-18297.8058518387,"CAFI_P046",100
"13444",647.266124594549,"CAFI_P046",25
"13445",-18145.6538420801,"CAFI_P046",50
"13446",-926.299267890863,"CAFI_P046",100
"13447",664.422344996128,"CAFI_P046",25
"13448",-23828.8116360062,"CAFI_P046",50
"13449",-25067.2573664436,"CAFI_P046",100
"13450",-5218.00744950416,"CAFI_P046",25
"13451",-17731.7699413002,"CAFI_P046",50
"13452",-29015.4999406203,"CAFI_P046",100
"13453",-1953.47186380089,"CAFI_P046",25
"13454",-5943.07262388564,"CAFI_P046",50
"13455",-27234.1219176457,"CAFI_P046",100
"13456",324.660173697688,"CAFI_P046",25
"13457",-8991.81519035372,"CAFI_P046",50
"13458",-20567.6022097357,"CAFI_P046",100
"13459",2422.01142949692,"CAFI_P046",25
"13460",-2912.81627384579,"CAFI_P046",50
"13461",-13979.7043447281,"CAFI_P046",100
"13462",16773.7664703284,"CAFI_P046",25
"13463",-6368.50293000834,"CAFI_P046",50
"13464",-9761.22131153767,"CAFI_P046",100
"13465",1987.52301431954,"CAFI_P046",25
"13466",25161.423656099,"CAFI_P046",50
"13467",-11774.602957044,"CAFI_P046",100
"13468",-6003.20704172069,"CAFI_P046",25
"13469",45838.4708067671,"CAFI_P046",50
"13470",-24422.8462321646,"CAFI_P046",100
"13471",-11693.0725841185,"CAFI_P046",25
"13472",-3333.00996759592,"CAFI_P046",50
"13473",-34633.945207795,"CAFI_P046",100
"13474",-13775.5417777004,"CAFI_P046",25
"13475",-24252.8062642398,"CAFI_P046",50
"13476",-4494.87780745694,"CAFI_P046",100
"13477",-9170.89108297334,"CAFI_P046",25
"13478",-21353.5141280363,"CAFI_P046",50
"13479",-23445.0789516955,"CAFI_P046",100
"13480",-2537.68125978432,"CAFI_P046",25
"13481",-20342.967575482,"CAFI_P046",50
"13482",11401.6450415848,"CAFI_P046",100
"13483",3318.10509057093,"CAFI_P046",25
"13484",-10893.6589406456,"CAFI_P046",50
"13485",3407.00170754391,"CAFI_P046",100
"13486",-3355.89603664359,"CAFI_P046",25
"13487",-7050.41276744549,"CAFI_P046",50
"13488",-22657.2442052811,"CAFI_P046",100
"13489",-15720.2667742592,"CAFI_P046",25
"13490",22611.8980753719,"CAFI_P046",50
"13491",16242.3195970489,"CAFI_P046",100
"13492",-2163.65186896292,"CAFI_P046",25
"13493",-22054.3945480547,"CAFI_P046",50
"13494",-15535.0043856651,"CAFI_P046",100
"13495",-16030.7055225639,"CAFI_P046",25
"13496",-11585.6291676504,"CAFI_P046",50
"13497",49048.376612532,"CAFI_P046",100
"13498",-69.2445697972435,"CAFI_P046",25
"13499",-17675.9511443855,"CAFI_P046",50
"13500",-26901.4119033276,"CAFI_P046",100
"13501",-6298.0117724172,"CAFI_P047",25
"13502",-6767.03682876533,"CAFI_P047",50
"13503",-13930.2686544469,"CAFI_P047",100
"13504",15821.592963399,"CAFI_P047",25
"13505",-6998.46049758441,"CAFI_P047",50
"13506",-15062.1517885157,"CAFI_P047",100
"13507",-8066.41084065591,"CAFI_P047",25
"13508",-8499.14985247319,"CAFI_P047",50
"13509",-15467.4332683437,"CAFI_P047",100
"13510",-214.063265962352,"CAFI_P047",25
"13511",-8934.02682010242,"CAFI_P047",50
"13512",-11824.8095113397,"CAFI_P047",100
"13513",465.369709345745,"CAFI_P047",25
"13514",-7237.256856514,"CAFI_P047",50
"13515",-12114.1231717733,"CAFI_P047",100
"13516",-501.729521799687,"CAFI_P047",25
"13517",-11010.4334947988,"CAFI_P047",50
"13518",-16019.0540033848,"CAFI_P047",100
"13519",-2917.40866909857,"CAFI_P047",25
"13520",-6143.47606937785,"CAFI_P047",50
"13521",-15095.2077855813,"CAFI_P047",100
"13522",-4391.07677176115,"CAFI_P047",25
"13523",-11528.287686102,"CAFI_P047",50
"13524",-15699.7781757409,"CAFI_P047",100
"13525",-4602.2359024878,"CAFI_P047",25
"13526",-8576.83459029552,"CAFI_P047",50
"13527",-15675.0826700615,"CAFI_P047",100
"13528",-6307.86962914385,"CAFI_P047",25
"13529",-2887.52951643674,"CAFI_P047",50
"13530",4149.63389624128,"CAFI_P047",100
"13531",13855.0728653771,"CAFI_P047",25
"13532",-6704.8997248723,"CAFI_P047",50
"13533",-14225.9197715125,"CAFI_P047",100
"13534",-6781.27250298225,"CAFI_P047",25
"13535",-10605.7095719993,"CAFI_P047",50
"13536",-16220.8191672341,"CAFI_P047",100
"13537",-4076.39890944265,"CAFI_P047",25
"13538",-7833.38785047672,"CAFI_P047",50
"13539",-14806.4165316228,"CAFI_P047",100
"13540",-3506.00068341606,"CAFI_P047",25
"13541",-800.067975759855,"CAFI_P047",50
"13542",-13305.7206489191,"CAFI_P047",100
"13543",-2989.85896573722,"CAFI_P047",25
"13544",-3870.62483410691,"CAFI_P047",50
"13545",-15614.7821337554,"CAFI_P047",100
"13546",-879.222185607126,"CAFI_P047",25
"13547",-8012.08600251049,"CAFI_P047",50
"13548",-13671.1134668113,"CAFI_P047",100
"13549",-8022.80180770099,"CAFI_P047",25
"13550",-8986.11308308296,"CAFI_P047",50
"13551",-9908.11757719233,"CAFI_P047",100
"13552",-550.125743234239,"CAFI_P047",25
"13553",-3161.81200092839,"CAFI_P047",50
"13554",-13493.8771097836,"CAFI_P047",100
"13555",-5239.81613928129,"CAFI_P047",25
"13556",-9379.95526664378,"CAFI_P047",50
"13557",-13965.204104538,"CAFI_P047",100
"13558",-2557.99979858866,"CAFI_P047",25
"13559",-3992.34863076278,"CAFI_P047",50
"13560",-9148.93251304839,"CAFI_P047",100
"13561",2242.86792866385,"CAFI_P047",25
"13562",-5130.07382364772,"CAFI_P047",50
"13563",-13489.0615180266,"CAFI_P047",100
"13564",-1842.02352997081,"CAFI_P047",25
"13565",-6719.97122116007,"CAFI_P047",50
"13566",-15988.0881484639,"CAFI_P047",100
"13567",-4830.77902093294,"CAFI_P047",25
"13568",-5992.11807376609,"CAFI_P047",50
"13569",-5519.35330150858,"CAFI_P047",100
"13570",-6557.86519718172,"CAFI_P047",25
"13571",-2664.69335264972,"CAFI_P047",50
"13572",-13603.0726671657,"CAFI_P047",100
"13573",-4856.74106037745,"CAFI_P047",25
"13574",-9489.78806886355,"CAFI_P047",50
"13575",-13579.1955600415,"CAFI_P047",100
"13576",-5006.89067569101,"CAFI_P047",25
"13577",-4782.80495734472,"CAFI_P047",50
"13578",-13441.4216295466,"CAFI_P047",100
"13579",-4598.37964237641,"CAFI_P047",25
"13580",-10725.2003097718,"CAFI_P047",50
"13581",-15260.8278913268,"CAFI_P047",100
"13582",-9953.9392359331,"CAFI_P047",25
"13583",-7377.14580996182,"CAFI_P047",50
"13584",-10748.3217725058,"CAFI_P047",100
"13585",-7780.9424896431,"CAFI_P047",25
"13586",-9225.99223523076,"CAFI_P047",50
"13587",-14663.9776241551,"CAFI_P047",100
"13588",-223.910472198419,"CAFI_P047",25
"13589",-13848.0262998545,"CAFI_P047",50
"13590",-13435.835408606,"CAFI_P047",100
"13591",-6656.3854171257,"CAFI_P047",25
"13592",-6570.73401621824,"CAFI_P047",50
"13593",-14460.0774612314,"CAFI_P047",100
"13594",-2091.37799045094,"CAFI_P047",25
"13595",-3883.3927495415,"CAFI_P047",50
"13596",-14477.3886965573,"CAFI_P047",100
"13597",-4915.30427367595,"CAFI_P047",25
"13598",-5240.56507523073,"CAFI_P047",50
"13599",-13972.5844599503,"CAFI_P047",100
"13600",-828.669631100813,"CAFI_P047",25
"13601",-10456.1443718982,"CAFI_P047",50
"13602",-14677.4703431414,"CAFI_P047",100
"13603",-2085.96654269053,"CAFI_P047",25
"13604",-10340.8873920621,"CAFI_P047",50
"13605",-8213.22338807939,"CAFI_P047",100
"13606",-6867.50582150277,"CAFI_P047",25
"13607",-11039.0318535908,"CAFI_P047",50
"13608",-15488.9314987068,"CAFI_P047",100
"13609",-4827.99146498105,"CAFI_P047",25
"13610",-4922.82797558568,"CAFI_P047",50
"13611",4113.46211431883,"CAFI_P047",100
"13612",-7825.10358425179,"CAFI_P047",25
"13613",-9081.94357348187,"CAFI_P047",50
"13614",-15139.2929125486,"CAFI_P047",100
"13615",-5880.16353896848,"CAFI_P047",25
"13616",-5970.31029917256,"CAFI_P047",50
"13617",-13815.3627668228,"CAFI_P047",100
"13618",-4877.20883515984,"CAFI_P047",25
"13619",-7013.41283827019,"CAFI_P047",50
"13620",-13201.2778225718,"CAFI_P047",100
"13621",-7999.00857800248,"CAFI_P047",25
"13622",-10364.1325859943,"CAFI_P047",50
"13623",-15333.225056251,"CAFI_P047",100
"13624",-4923.93130683881,"CAFI_P047",25
"13625",-7846.43074113689,"CAFI_P047",50
"13626",-15438.7531860602,"CAFI_P047",100
"13627",-2977.71206038407,"CAFI_P047",25
"13628",-11696.8326439095,"CAFI_P047",50
"13629",-15265.2864086256,"CAFI_P047",100
"13630",-5543.08361648433,"CAFI_P047",25
"13631",-7876.87122402499,"CAFI_P047",50
"13632",-14844.2555801867,"CAFI_P047",100
"13633",-3350.69102180639,"CAFI_P047",25
"13634",-5179.72407630528,"CAFI_P047",50
"13635",-13891.2168458984,"CAFI_P047",100
"13636",-1961.10210456446,"CAFI_P047",25
"13637",-9905.41648083655,"CAFI_P047",50
"13638",-15761.8644478852,"CAFI_P047",100
"13639",-4699.67506083727,"CAFI_P047",25
"13640",-7140.27333637918,"CAFI_P047",50
"13641",-13670.7777434995,"CAFI_P047",100
"13642",-394.568367164989,"CAFI_P047",25
"13643",-6922.25108981006,"CAFI_P047",50
"13644",-13900.0107734436,"CAFI_P047",100
"13645",-6312.26130305341,"CAFI_P047",25
"13646",-8549.80284127827,"CAFI_P047",50
"13647",-14071.1490158793,"CAFI_P047",100
"13648",-6048.91849552531,"CAFI_P047",25
"13649",-9875.07494519283,"CAFI_P047",50
"13650",-13459.0078560909,"CAFI_P047",100
"13651",-4596.54747341204,"CAFI_P047",25
"13652",-13638.4096031462,"CAFI_P047",50
"13653",4454.10955382857,"CAFI_P047",100
"13654",-9036.29377154663,"CAFI_P047",25
"13655",9952.21946852375,"CAFI_P047",50
"13656",5182.99977155228,"CAFI_P047",100
"13657",-3990.73816013304,"CAFI_P047",25
"13658",-11266.8180251469,"CAFI_P047",50
"13659",-15019.4343210816,"CAFI_P047",100
"13660",-5070.90404754083,"CAFI_P047",25
"13661",-9389.22040372384,"CAFI_P047",50
"13662",-12812.4823004096,"CAFI_P047",100
"13663",-8967.32776828369,"CAFI_P047",25
"13664",-7026.12046953068,"CAFI_P047",50
"13665",-15904.8966212322,"CAFI_P047",100
"13666",-4947.58646177928,"CAFI_P047",25
"13667",-13225.9602692079,"CAFI_P047",50
"13668",-15917.5657085543,"CAFI_P047",100
"13669",-4945.65725427392,"CAFI_P047",25
"13670",-7429.6457081745,"CAFI_P047",50
"13671",-8400.70305454945,"CAFI_P047",100
"13672",-6129.51497233534,"CAFI_P047",25
"13673",-7231.32750065363,"CAFI_P047",50
"13674",-13574.2897562645,"CAFI_P047",100
"13675",-6450.68858321801,"CAFI_P047",25
"13676",-6208.77777173184,"CAFI_P047",50
"13677",-13632.4635074894,"CAFI_P047",100
"13678",-1430.86368309933,"CAFI_P047",25
"13679",-9776.33119104036,"CAFI_P047",50
"13680",-14581.7146406195,"CAFI_P047",100
"13681",-1869.79213954441,"CAFI_P047",25
"13682",-5285.37536412349,"CAFI_P047",50
"13683",-13393.6977646043,"CAFI_P047",100
"13684",-6298.16094267531,"CAFI_P047",25
"13685",-8625.26861080919,"CAFI_P047",50
"13686",-12973.6291164151,"CAFI_P047",100
"13687",-5754.55648395338,"CAFI_P047",25
"13688",-4971.24716741338,"CAFI_P047",50
"13689",3091.41589849989,"CAFI_P047",100
"13690",-7870.89591190533,"CAFI_P047",25
"13691",-9080.35045180033,"CAFI_P047",50
"13692",-14205.9876983307,"CAFI_P047",100
"13693",-6780.53313192363,"CAFI_P047",25
"13694",-871.498413065245,"CAFI_P047",50
"13695",-13281.1907341503,"CAFI_P047",100
"13696",-1274.11223146497,"CAFI_P047",25
"13697",-7560.42013043552,"CAFI_P047",50
"13698",-16119.8541974214,"CAFI_P047",100
"13699",-7579.19532548881,"CAFI_P047",25
"13700",-7767.85761781363,"CAFI_P047",50
"13701",-7239.76925531647,"CAFI_P047",100
"13702",-6333.10380814419,"CAFI_P047",25
"13703",-4478.24148439168,"CAFI_P047",50
"13704",-14294.3384419603,"CAFI_P047",100
"13705",-3045.62971765467,"CAFI_P047",25
"13706",-9838.80988131082,"CAFI_P047",50
"13707",-13964.0886644977,"CAFI_P047",100
"13708",-7232.77073335495,"CAFI_P047",25
"13709",-1592.74293921591,"CAFI_P047",50
"13710",-13220.0387150782,"CAFI_P047",100
"13711",8719.2659736966,"CAFI_P047",25
"13712",-7545.10105548266,"CAFI_P047",50
"13713",-14485.2389617859,"CAFI_P047",100
"13714",-5035.5411297041,"CAFI_P047",25
"13715",-5906.39462543683,"CAFI_P047",50
"13716",-15319.1081687625,"CAFI_P047",100
"13717",-3312.6455228088,"CAFI_P047",25
"13718",-4364.4686226584,"CAFI_P047",50
"13719",2704.9530002386,"CAFI_P047",100
"13720",-1903.57665325128,"CAFI_P047",25
"13721",-14030.7750771404,"CAFI_P047",50
"13722",-12110.7281775119,"CAFI_P047",100
"13723",-4642.99737363736,"CAFI_P047",25
"13724",-4680.5797205219,"CAFI_P047",50
"13725",-13724.5302564605,"CAFI_P047",100
"13726",13237.6199277747,"CAFI_P047",25
"13727",-13831.2670716822,"CAFI_P047",50
"13728",-15035.3770390497,"CAFI_P047",100
"13729",-10980.2957148909,"CAFI_P047",25
"13730",18921.6763406405,"CAFI_P047",50
"13731",-12935.8164704599,"CAFI_P047",100
"13732",-8875.18200354905,"CAFI_P047",25
"13733",361.86323822182,"CAFI_P047",50
"13734",-14265.5223681004,"CAFI_P047",100
"13735",-4505.56151417043,"CAFI_P047",25
"13736",-934.076326466718,"CAFI_P047",50
"13737",-14497.8445264222,"CAFI_P047",100
"13738",-108.591356127959,"CAFI_P047",25
"13739",-11051.7997909436,"CAFI_P047",50
"13740",-12496.0405966874,"CAFI_P047",100
"13741",-5484.05969157247,"CAFI_P047",25
"13742",-6509.52209161615,"CAFI_P047",50
"13743",-14055.5343343273,"CAFI_P047",100
"13744",-893.59432299147,"CAFI_P047",25
"13745",-4467.65711587618,"CAFI_P047",50
"13746",-12125.0910213611,"CAFI_P047",100
"13747",-7677.25480841944,"CAFI_P047",25
"13748",-9209.60500818944,"CAFI_P047",50
"13749",-10802.5175272413,"CAFI_P047",100
"13750",-2191.56369154088,"CAFI_P047",25
"13751",-6191.0172563279,"CAFI_P047",50
"13752",-15767.5942011136,"CAFI_P047",100
"13753",-4221.24515264688,"CAFI_P047",25
"13754",-8612.40777683038,"CAFI_P047",50
"13755",-15789.1674807628,"CAFI_P047",100
"13756",-1973.10387416426,"CAFI_P047",25
"13757",-10879.3874946118,"CAFI_P047",50
"13758",-14658.5968823614,"CAFI_P047",100
"13759",-4308.48913990753,"CAFI_P047",25
"13760",-10948.5745777857,"CAFI_P047",50
"13761",3124.9618130709,"CAFI_P047",100
"13762",-6435.97334354995,"CAFI_P047",25
"13763",-7993.41906092665,"CAFI_P047",50
"13764",-10164.2661656235,"CAFI_P047",100
"13765",-6052.39575231857,"CAFI_P047",25
"13766",1862.10969942549,"CAFI_P047",50
"13767",-15244.7018618503,"CAFI_P047",100
"13768",-1178.50749507209,"CAFI_P047",25
"13769",-4181.81002543253,"CAFI_P047",50
"13770",-15954.5994208037,"CAFI_P047",100
"13771",-8751.20846853676,"CAFI_P047",25
"13772",-12795.0990167085,"CAFI_P047",50
"13773",-15395.7147677005,"CAFI_P047",100
"13774",-8054.57607330712,"CAFI_P047",25
"13775",-7232.2101763414,"CAFI_P047",50
"13776",-15978.8442224772,"CAFI_P047",100
"13777",-766.15155196382,"CAFI_P047",25
"13778",-11711.1761479587,"CAFI_P047",50
"13779",-14959.0239008386,"CAFI_P047",100
"13780",-8900.77405594484,"CAFI_P047",25
"13781",-8840.68672134005,"CAFI_P047",50
"13782",-15041.5153449317,"CAFI_P047",100
"13783",-3990.75473907698,"CAFI_P047",25
"13784",-9618.28504897092,"CAFI_P047",50
"13785",-12196.8833937402,"CAFI_P047",100
"13786",-6383.34799488691,"CAFI_P047",25
"13787",-10479.3486513441,"CAFI_P047",50
"13788",-14690.1295350369,"CAFI_P047",100
"13789",-6844.83080811714,"CAFI_P047",25
"13790",-9281.27389153597,"CAFI_P047",50
"13791",-14066.6891480157,"CAFI_P047",100
"13792",-2510.80899512552,"CAFI_P047",25
"13793",-8288.90047080148,"CAFI_P047",50
"13794",-13652.5558161207,"CAFI_P047",100
"13795",-7932.80988819379,"CAFI_P047",25
"13796",-6752.74595564709,"CAFI_P047",50
"13797",-8307.36785748595,"CAFI_P047",100
"13798",-3329.32925691135,"CAFI_P047",25
"13799",-12786.4604855982,"CAFI_P047",50
"13800",-4845.97135271158,"CAFI_P047",100
"13801",-5141.20302944933,"CAFI_P049",25
"13802",3439.54535263396,"CAFI_P049",50
"13803",8567.7981618162,"CAFI_P049",100
"13804",-5778.78786746721,"CAFI_P049",25
"13805",-480.561506995029,"CAFI_P049",50
"13806",-6827.46504587959,"CAFI_P049",100
"13807",-7636.04525865361,"CAFI_P049",25
"13808",4978.71708406945,"CAFI_P049",50
"13809",-14242.9611621483,"CAFI_P049",100
"13810",-1538.84086113088,"CAFI_P049",25
"13811",-4093.58846644493,"CAFI_P049",50
"13812",356.86948694865,"CAFI_P049",100
"13813",1609.53895059752,"CAFI_P049",25
"13814",7548.97342759781,"CAFI_P049",50
"13815",-15367.0172270891,"CAFI_P049",100
"13816",1482.84734334023,"CAFI_P049",25
"13817",6208.28270602666,"CAFI_P049",50
"13818",12865.845616064,"CAFI_P049",100
"13819",-1173.61615562753,"CAFI_P049",25
"13820",-4901.12873542708,"CAFI_P049",50
"13821",-869.914903892786,"CAFI_P049",100
"13822",-1724.9808037373,"CAFI_P049",25
"13823",11029.9230412422,"CAFI_P049",50
"13824",7768.23689459119,"CAFI_P049",100
"13825",2227.49580964528,"CAFI_P049",25
"13826",-10872.7188403742,"CAFI_P049",50
"13827",-3473.21088758268,"CAFI_P049",100
"13828",-446.033015632041,"CAFI_P049",25
"13829",-525.732538673154,"CAFI_P049",50
"13830",-1092.8471535081,"CAFI_P049",100
"13831",8572.57920921082,"CAFI_P049",25
"13832",223.159299507533,"CAFI_P049",50
"13833",-4292.84432939312,"CAFI_P049",100
"13834",-10086.1786033374,"CAFI_P049",25
"13835",-2224.350587939,"CAFI_P049",50
"13836",18288.3674251288,"CAFI_P049",100
"13837",3278.75138530097,"CAFI_P049",25
"13838",6874.41916224986,"CAFI_P049",50
"13839",-6054.11764418866,"CAFI_P049",100
"13840",3001.60345940437,"CAFI_P049",25
"13841",514.666782637039,"CAFI_P049",50
"13842",-11224.2259776283,"CAFI_P049",100
"13843",-2591.39295600864,"CAFI_P049",25
"13844",8454.8542171962,"CAFI_P049",50
"13845",-10618.4988176581,"CAFI_P049",100
"13846",3316.62056322844,"CAFI_P049",25
"13847",-7477.46088732861,"CAFI_P049",50
"13848",2945.51871922376,"CAFI_P049",100
"13849",-9696.59461138037,"CAFI_P049",25
"13850",-9583.1963729845,"CAFI_P049",50
"13851",-12895.8803185484,"CAFI_P049",100
"13852",-5980.12797302843,"CAFI_P049",25
"13853",16888.8094419139,"CAFI_P049",50
"13854",-2416.81529265051,"CAFI_P049",100
"13855",1707.05811297311,"CAFI_P049",25
"13856",1130.92622572539,"CAFI_P049",50
"13857",5738.32223112645,"CAFI_P049",100
"13858",-1758.53020991085,"CAFI_P049",25
"13859",-14496.9130727039,"CAFI_P049",50
"13860",-9598.3375430532,"CAFI_P049",100
"13861",-4003.8111973895,"CAFI_P049",25
"13862",3102.17046888615,"CAFI_P049",50
"13863",-6086.49616751427,"CAFI_P049",100
"13864",-709.20774459056,"CAFI_P049",25
"13865",4291.9485108724,"CAFI_P049",50
"13866",-13511.6305322645,"CAFI_P049",100
"13867",9360.59025729887,"CAFI_P049",25
"13868",-4591.49896511558,"CAFI_P049",50
"13869",-6263.79252751142,"CAFI_P049",100
"13870",2911.56632204613,"CAFI_P049",25
"13871",-11253.2531354293,"CAFI_P049",50
"13872",-2684.74946731087,"CAFI_P049",100
"13873",3557.43125478199,"CAFI_P049",25
"13874",-2309.28287369394,"CAFI_P049",50
"13875",-4659.55300571269,"CAFI_P049",100
"13876",-2974.93475216889,"CAFI_P049",25
"13877",2034.67936592287,"CAFI_P049",50
"13878",-10212.892476725,"CAFI_P049",100
"13879",-7482.23670738973,"CAFI_P049",25
"13880",16391.452833988,"CAFI_P049",50
"13881",-13698.6372191607,"CAFI_P049",100
"13882",-1037.73573977299,"CAFI_P049",25
"13883",-1109.33672371044,"CAFI_P049",50
"13884",17874.207861384,"CAFI_P049",100
"13885",-2778.39872555004,"CAFI_P049",25
"13886",977.331728201738,"CAFI_P049",50
"13887",-8495.51811489902,"CAFI_P049",100
"13888",3158.03944862867,"CAFI_P049",25
"13889",-10088.9681938154,"CAFI_P049",50
"13890",-5264.56406575762,"CAFI_P049",100
"13891",-8503.98131412469,"CAFI_P049",25
"13892",-4608.15891051211,"CAFI_P049",50
"13893",-6808.28139213487,"CAFI_P049",100
"13894",-1144.19402237961,"CAFI_P049",25
"13895",3040.63812887308,"CAFI_P049",50
"13896",9732.75996995647,"CAFI_P049",100
"13897",-2137.4438901621,"CAFI_P049",25
"13898",-1801.30256582343,"CAFI_P049",50
"13899",-5019.24603070592,"CAFI_P049",100
"13900",2243.98077079729,"CAFI_P049",25
"13901",1059.48649008872,"CAFI_P049",50
"13902",-11171.8243281655,"CAFI_P049",100
"13903",-2184.82242696953,"CAFI_P049",25
"13904",-9181.55895846637,"CAFI_P049",50
"13905",14014.0354701692,"CAFI_P049",100
"13906",-3621.55485867508,"CAFI_P049",25
"13907",7483.09112421353,"CAFI_P049",50
"13908",9301.54250265297,"CAFI_P049",100
"13909",-143.791641642689,"CAFI_P049",25
"13910",-13449.0628720683,"CAFI_P049",50
"13911",-6820.28215487115,"CAFI_P049",100
"13912",-1798.98994723309,"CAFI_P049",25
"13913",966.121720258496,"CAFI_P049",50
"13914",-5107.8014047246,"CAFI_P049",100
"13915",5284.63848814924,"CAFI_P049",25
"13916",-3861.32986865629,"CAFI_P049",50
"13917",-10854.4450117138,"CAFI_P049",100
"13918",2526.14908544172,"CAFI_P049",25
"13919",-7024.16583526254,"CAFI_P049",50
"13920",-4653.43110360761,"CAFI_P049",100
"13921",1395.04898993406,"CAFI_P049",25
"13922",-682.948527075438,"CAFI_P049",50
"13923",-9295.44706778752,"CAFI_P049",100
"13924",3324.97669302547,"CAFI_P049",25
"13925",-3142.32242179444,"CAFI_P049",50
"13926",1549.24588543081,"CAFI_P049",100
"13927",5851.4689570234,"CAFI_P049",25
"13928",835.594317444222,"CAFI_P049",50
"13929",3384.406665936,"CAFI_P049",100
"13930",-8295.40504193312,"CAFI_P049",25
"13931",-2483.3940757064,"CAFI_P049",50
"13932",-10893.5270496038,"CAFI_P049",100
"13933",-6625.66484382676,"CAFI_P049",25
"13934",-5328.40960026806,"CAFI_P049",50
"13935",1263.89677835951,"CAFI_P049",100
"13936",3253.227897695,"CAFI_P049",25
"13937",7723.73829198742,"CAFI_P049",50
"13938",4718.32342720937,"CAFI_P049",100
"13939",4860.11544625249,"CAFI_P049",25
"13940",-4438.93390326985,"CAFI_P049",50
"13941",-7721.89856111497,"CAFI_P049",100
"13942",3068.23417439178,"CAFI_P049",25
"13943",-4266.28458833427,"CAFI_P049",50
"13944",-2272.17872005314,"CAFI_P049",100
"13945",-1377.26191984327,"CAFI_P049",25
"13946",-2661.16645571272,"CAFI_P049",50
"13947",-13728.7684417485,"CAFI_P049",100
"13948",2996.04738811226,"CAFI_P049",25
"13949",-3830.0156103897,"CAFI_P049",50
"13950",5349.4298380439,"CAFI_P049",100
"13951",4143.94155831143,"CAFI_P049",25
"13952",9374.27946965396,"CAFI_P049",50
"13953",-3536.20230758423,"CAFI_P049",100
"13954",-4100.18643076779,"CAFI_P049",25
"13955",9999.63822797273,"CAFI_P049",50
"13956",8107.64804939931,"CAFI_P049",100
"13957",-1022.0631881413,"CAFI_P049",25
"13958",-5391.27989617817,"CAFI_P049",50
"13959",458.954230431293,"CAFI_P049",100
"13960",-3592.96649418407,"CAFI_P049",25
"13961",5057.1277894527,"CAFI_P049",50
"13962",4225.40763298725,"CAFI_P049",100
"13963",-2384.04113811904,"CAFI_P049",25
"13964",8382.92508038372,"CAFI_P049",50
"13965",-12412.5662792439,"CAFI_P049",100
"13966",-950.475305535831,"CAFI_P049",25
"13967",-5125.02594655039,"CAFI_P049",50
"13968",507.088121699722,"CAFI_P049",100
"13969",-2374.13982688091,"CAFI_P049",25
"13970",-10830.1567286259,"CAFI_P049",50
"13971",-8334.29585332703,"CAFI_P049",100
"13972",3539.23196999269,"CAFI_P049",25
"13973",9292.80849586005,"CAFI_P049",50
"13974",-5504.96825378895,"CAFI_P049",100
"13975",7960.04759523371,"CAFI_P049",25
"13976",3685.86078712641,"CAFI_P049",50
"13977",-10499.1229409041,"CAFI_P049",100
"13978",-1170.46318754461,"CAFI_P049",25
"13979",-3495.16551145678,"CAFI_P049",50
"13980",-6564.85312863975,"CAFI_P049",100
"13981",-7359.80868436326,"CAFI_P049",25
"13982",7562.47622233612,"CAFI_P049",50
"13983",-4300.11431918966,"CAFI_P049",100
"13984",-768.190497125644,"CAFI_P049",25
"13985",-3884.57923719333,"CAFI_P049",50
"13986",10112.6935573363,"CAFI_P049",100
"13987",2299.85387604317,"CAFI_P049",25
"13988",-10057.8355248435,"CAFI_P049",50
"13989",5734.93594990185,"CAFI_P049",100
"13990",9720.03465190806,"CAFI_P049",25
"13991",-1222.87565391517,"CAFI_P049",50
"13992",779.885728170309,"CAFI_P049",100
"13993",-1709.29172221557,"CAFI_P049",25
"13994",8379.09605615441,"CAFI_P049",50
"13995",4936.09775187433,"CAFI_P049",100
"13996",-10936.2169252626,"CAFI_P049",25
"13997",-3258.58285395271,"CAFI_P049",50
"13998",-9061.95421121453,"CAFI_P049",100
"13999",-614.66379225612,"CAFI_P049",25
"14000",-6036.13995510008,"CAFI_P049",50
"14001",-14222.0887754011,"CAFI_P049",100
"14002",-6102.3618209727,"CAFI_P049",25
"14003",-5430.68195287848,"CAFI_P049",50
"14004",-503.987275669788,"CAFI_P049",100
"14005",-9166.26801874492,"CAFI_P049",25
"14006",1069.66953785924,"CAFI_P049",50
"14007",-5393.18739386357,"CAFI_P049",100
"14008",-780.587328497466,"CAFI_P049",25
"14009",7078.48644011401,"CAFI_P049",50
"14010",-13466.8080392231,"CAFI_P049",100
"14011",-7278.43086251599,"CAFI_P049",25
"14012",-4355.93161899876,"CAFI_P049",50
"14013",-12037.8887649477,"CAFI_P049",100
"14014",-2394.72500268367,"CAFI_P049",25
"14015",-9195.74329455788,"CAFI_P049",50
"14016",14593.888983675,"CAFI_P049",100
"14017",-10220.8380198375,"CAFI_P049",25
"14018",10961.7651857657,"CAFI_P049",50
"14019",-4891.89827622136,"CAFI_P049",100
"14020",952.351210555382,"CAFI_P049",25
"14021",-10684.5682715173,"CAFI_P049",50
"14022",-7854.03120261509,"CAFI_P049",100
"14023",618.335322717787,"CAFI_P049",25
"14024",-4788.4869813855,"CAFI_P049",50
"14025",-2520.49885284092,"CAFI_P049",100
"14026",389.030627289409,"CAFI_P049",25
"14027",812.822841676243,"CAFI_P049",50
"14028",-5323.84309362713,"CAFI_P049",100
"14029",3116.07843072558,"CAFI_P049",25
"14030",588.63146062789,"CAFI_P049",50
"14031",-10780.8119695784,"CAFI_P049",100
"14032",-1364.84524888344,"CAFI_P049",25
"14033",2712.4475993391,"CAFI_P049",50
"14034",-1987.71724071776,"CAFI_P049",100
"14035",13917.2846553551,"CAFI_P049",25
"14036",-2001.41567471981,"CAFI_P049",50
"14037",-3806.27461276884,"CAFI_P049",100
"14038",-2170.94322827287,"CAFI_P049",25
"14039",8154.41705283779,"CAFI_P049",50
"14040",8847.96321586455,"CAFI_P049",100
"14041",-3746.31992495758,"CAFI_P049",25
"14042",-5131.18899614524,"CAFI_P049",50
"14043",4371.86129633264,"CAFI_P049",100
"14044",-3448.42835679429,"CAFI_P049",25
"14045",-7237.83588789191,"CAFI_P049",50
"14046",5349.20612425724,"CAFI_P049",100
"14047",1062.12304991513,"CAFI_P049",25
"14048",3459.46469064848,"CAFI_P049",50
"14049",11506.7100037178,"CAFI_P049",100
"14050",-1620.95671172955,"CAFI_P049",25
"14051",-1849.01847569973,"CAFI_P049",50
"14052",-12144.407210698,"CAFI_P049",100
"14053",802.8618187471,"CAFI_P049",25
"14054",11695.8504612187,"CAFI_P049",50
"14055",24866.5827037529,"CAFI_P049",100
"14056",326.989752640977,"CAFI_P049",25
"14057",-13941.3291407256,"CAFI_P049",50
"14058",-4495.94992093323,"CAFI_P049",100
"14059",-4451.11531598205,"CAFI_P049",25
"14060",-3741.27203819042,"CAFI_P049",50
"14061",-909.009540759958,"CAFI_P049",100
"14062",5417.09740298032,"CAFI_P049",25
"14063",-8133.9342314688,"CAFI_P049",50
"14064",7121.30836608715,"CAFI_P049",100
"14065",-4913.40348670544,"CAFI_P049",25
"14066",2789.75166310312,"CAFI_P049",50
"14067",-974.251942698669,"CAFI_P049",100
"14068",-9093.1081261668,"CAFI_P049",25
"14069",-462.00008449296,"CAFI_P049",50
"14070",10050.5337579251,"CAFI_P049",100
"14071",-807.329311224486,"CAFI_P049",25
"14072",4685.09456247374,"CAFI_P049",50
"14073",-6740.27815930056,"CAFI_P049",100
"14074",6207.56980138653,"CAFI_P049",25
"14075",2180.97612549306,"CAFI_P049",50
"14076",-14425.2177340134,"CAFI_P049",100
"14077",-8302.57704823557,"CAFI_P049",25
"14078",8768.39528645162,"CAFI_P049",50
"14079",3554.93363542482,"CAFI_P049",100
"14080",3211.83531095908,"CAFI_P049",25
"14081",-7363.20596667388,"CAFI_P049",50
"14082",-2723.07392234064,"CAFI_P049",100
"14083",3881.06794334223,"CAFI_P049",25
"14084",-9077.11544017761,"CAFI_P049",50
"14085",3837.71087935384,"CAFI_P049",100
"14086",-1819.28932878256,"CAFI_P049",25
"14087",-5943.53777817439,"CAFI_P049",50
"14088",12061.9257694772,"CAFI_P049",100
"14089",-12337.3333122099,"CAFI_P049",25
"14090",-5130.84665920396,"CAFI_P049",50
"14091",-4417.01801680733,"CAFI_P049",100
"14092",-3680.23509133566,"CAFI_P049",25
"14093",13950.5826852736,"CAFI_P049",50
"14094",-11189.7499875876,"CAFI_P049",100
"14095",-2322.47625755431,"CAFI_P049",25
"14096",456.03209488673,"CAFI_P049",50
"14097",11377.957675634,"CAFI_P049",100
"14098",-12152.3066410037,"CAFI_P049",25
"14099",-4425.64579293749,"CAFI_P049",50
"14100",-4494.68103687832,"CAFI_P049",100
"14101",4200.63588331811,"CAFI_P050",25
"14102",2779.36830270462,"CAFI_P050",50
"14103",6248.30115641237,"CAFI_P050",100
"14104",3458.97661159927,"CAFI_P050",25
"14105",3130.02800549258,"CAFI_P050",50
"14106",17952.7707512335,"CAFI_P050",100
"14107",-3203.44363343011,"CAFI_P050",25
"14108",680.46081033838,"CAFI_P050",50
"14109",-2707.46879606612,"CAFI_P050",100
"14110",-437.310879892728,"CAFI_P050",25
"14111",-1227.20835377698,"CAFI_P050",50
"14112",329.288332464173,"CAFI_P050",100
"14113",1573.74144267797,"CAFI_P050",25
"14114",-2923.52542634591,"CAFI_P050",50
"14115",4188.70093726952,"CAFI_P050",100
"14116",2811.39517194743,"CAFI_P050",25
"14117",204.794017816836,"CAFI_P050",50
"14118",-2663.18610566747,"CAFI_P050",100
"14119",-1267.93415501379,"CAFI_P050",25
"14120",220.908898827678,"CAFI_P050",50
"14121",-586.653478632652,"CAFI_P050",100
"14122",-400.018834547605,"CAFI_P050",25
"14123",1052.44929335421,"CAFI_P050",50
"14124",7118.21005987629,"CAFI_P050",100
"14125",4572.10072652253,"CAFI_P050",25
"14126",-822.342307299521,"CAFI_P050",50
"14127",1295.57339725218,"CAFI_P050",100
"14128",-316.011254330078,"CAFI_P050",25
"14129",3308.54444168138,"CAFI_P050",50
"14130",1775.09444578379,"CAFI_P050",100
"14131",-222.922243372537,"CAFI_P050",25
"14132",130.066293488344,"CAFI_P050",50
"14133",2722.15243373418,"CAFI_P050",100
"14134",-303.454559299425,"CAFI_P050",25
"14135",4472.30333914122,"CAFI_P050",50
"14136",4916.20261347416,"CAFI_P050",100
"14137",2318.03973350106,"CAFI_P050",25
"14138",2025.54417232415,"CAFI_P050",50
"14139",2633.43570898098,"CAFI_P050",100
"14140",68.802421225846,"CAFI_P050",25
"14141",5247.72133018615,"CAFI_P050",50
"14142",2716.87893268961,"CAFI_P050",100
"14143",3784.14045989435,"CAFI_P050",25
"14144",5386.66652885679,"CAFI_P050",50
"14145",4723.00435357844,"CAFI_P050",100
"14146",4007.25757378779,"CAFI_P050",25
"14147",4123.30180330863,"CAFI_P050",50
"14148",15511.1559570569,"CAFI_P050",100
"14149",249.871602764033,"CAFI_P050",25
"14150",2589.98475552173,"CAFI_P050",50
"14151",4442.24215254572,"CAFI_P050",100
"14152",1169.44326135732,"CAFI_P050",25
"14153",2050.39020537483,"CAFI_P050",50
"14154",64.7016338989197,"CAFI_P050",100
"14155",-67.8125314193603,"CAFI_P050",25
"14156",4277.70924666245,"CAFI_P050",50
"14157",3631.31301800092,"CAFI_P050",100
"14158",1348.54063232738,"CAFI_P050",25
"14159",2138.5204224081,"CAFI_P050",50
"14160",2528.00806092282,"CAFI_P050",100
"14161",-2980.65112461176,"CAFI_P050",25
"14162",1780.60595661923,"CAFI_P050",50
"14163",1390.94377810971,"CAFI_P050",100
"14164",1275.54932321605,"CAFI_P050",25
"14165",9834.25934076178,"CAFI_P050",50
"14166",-2032.83659090931,"CAFI_P050",100
"14167",-161.514200502279,"CAFI_P050",25
"14168",-131.391984412447,"CAFI_P050",50
"14169",-1080.75039756266,"CAFI_P050",100
"14170",430.586159058934,"CAFI_P050",25
"14171",-575.316718467657,"CAFI_P050",50
"14172",5465.8280006893,"CAFI_P050",100
"14173",-3675.38041350516,"CAFI_P050",25
"14174",1930.43592121592,"CAFI_P050",50
"14175",5394.92013580122,"CAFI_P050",100
"14176",-1589.64913709665,"CAFI_P050",25
"14177",117.080058382388,"CAFI_P050",50
"14178",640.336374155537,"CAFI_P050",100
"14179",-58.7633184799342,"CAFI_P050",25
"14180",5156.94273718449,"CAFI_P050",50
"14181",460.414703385875,"CAFI_P050",100
"14182",551.911915573321,"CAFI_P050",25
"14183",119.05411921296,"CAFI_P050",50
"14184",-2236.9147489703,"CAFI_P050",100
"14185",1050.82622392589,"CAFI_P050",25
"14186",-1223.07607560532,"CAFI_P050",50
"14187",7981.83427662883,"CAFI_P050",100
"14188",2083.62147548157,"CAFI_P050",25
"14189",311.995519888995,"CAFI_P050",50
"14190",-3828.78912470705,"CAFI_P050",100
"14191",2900.1176600513,"CAFI_P050",25
"14192",14220.6689516106,"CAFI_P050",50
"14193",6521.50085443372,"CAFI_P050",100
"14194",1598.29628557767,"CAFI_P050",25
"14195",7206.86173416206,"CAFI_P050",50
"14196",-2442.53489715763,"CAFI_P050",100
"14197",-325.444980188098,"CAFI_P050",25
"14198",658.984733228455,"CAFI_P050",50
"14199",-2619.37634025258,"CAFI_P050",100
"14200",1398.16691774764,"CAFI_P050",25
"14201",-1391.47764608069,"CAFI_P050",50
"14202",2233.83012136118,"CAFI_P050",100
"14203",3350.90692972555,"CAFI_P050",25
"14204",1915.41552197162,"CAFI_P050",50
"14205",916.679896484944,"CAFI_P050",100
"14206",1106.29190036954,"CAFI_P050",25
"14207",4605.09938298207,"CAFI_P050",50
"14208",1876.53221994225,"CAFI_P050",100
"14209",3926.8595331698,"CAFI_P050",25
"14210",-3287.50461868057,"CAFI_P050",50
"14211",2213.1328552097,"CAFI_P050",100
"14212",338.22422937263,"CAFI_P050",25
"14213",-704.203402557876,"CAFI_P050",50
"14214",3907.07129595886,"CAFI_P050",100
"14215",600.506413630443,"CAFI_P050",25
"14216",6323.65878804383,"CAFI_P050",50
"14217",1763.16178169212,"CAFI_P050",100
"14218",-255.349477807264,"CAFI_P050",25
"14219",5934.97651155505,"CAFI_P050",50
"14220",11814.5189236944,"CAFI_P050",100
"14221",1060.56771490551,"CAFI_P050",25
"14222",667.22509625266,"CAFI_P050",50
"14223",9742.1675663607,"CAFI_P050",100
"14224",4969.64742661122,"CAFI_P050",25
"14225",9065.87312580892,"CAFI_P050",50
"14226",6666.94494292047,"CAFI_P050",100
"14227",-1313.42299381853,"CAFI_P050",25
"14228",-4.545256985788,"CAFI_P050",50
"14229",2966.61371153875,"CAFI_P050",100
"14230",-420.688547266269,"CAFI_P050",25
"14231",1607.43647832112,"CAFI_P050",50
"14232",707.931645476056,"CAFI_P050",100
"14233",-1916.55491524411,"CAFI_P050",25
"14234",-776.270272611553,"CAFI_P050",50
"14235",-1603.86149479641,"CAFI_P050",100
"14236",2575.56607246352,"CAFI_P050",25
"14237",-3013.04325924328,"CAFI_P050",50
"14238",5453.7049687251,"CAFI_P050",100
"14239",3853.67487894752,"CAFI_P050",25
"14240",601.578160072997,"CAFI_P050",50
"14241",8906.49500195714,"CAFI_P050",100
"14242",1173.69091157586,"CAFI_P050",25
"14243",5752.29861343632,"CAFI_P050",50
"14244",6392.48957789002,"CAFI_P050",100
"14245",15.0752740648459,"CAFI_P050",25
"14246",-1978.9788248651,"CAFI_P050",50
"14247",4473.46479722499,"CAFI_P050",100
"14248",3069.97882496883,"CAFI_P050",25
"14249",4071.66806509154,"CAFI_P050",50
"14250",736.028440239577,"CAFI_P050",100
"14251",-1334.95863685163,"CAFI_P050",25
"14252",1412.11676802242,"CAFI_P050",50
"14253",3779.85445902668,"CAFI_P050",100
"14254",330.848069042258,"CAFI_P050",25
"14255",-107.083359607204,"CAFI_P050",50
"14256",-2714.45684847381,"CAFI_P050",100
"14257",29.4426172809908,"CAFI_P050",25
"14258",-3119.82532383146,"CAFI_P050",50
"14259",4706.65346856345,"CAFI_P050",100
"14260",-1966.58410641892,"CAFI_P050",25
"14261",10815.2405614447,"CAFI_P050",50
"14262",1343.41189564689,"CAFI_P050",100
"14263",-1015.80765478878,"CAFI_P050",25
"14264",5323.04773085006,"CAFI_P050",50
"14265",119.99058578338,"CAFI_P050",100
"14266",1867.05977450998,"CAFI_P050",25
"14267",3097.85315534449,"CAFI_P050",50
"14268",7723.87659215005,"CAFI_P050",100
"14269",329.353532129957,"CAFI_P050",25
"14270",845.326455844246,"CAFI_P050",50
"14271",9267.32639981547,"CAFI_P050",100
"14272",916.132916983246,"CAFI_P050",25
"14273",1274.27875458458,"CAFI_P050",50
"14274",7005.95745320022,"CAFI_P050",100
"14275",2816.59799698862,"CAFI_P050",25
"14276",3284.17828471793,"CAFI_P050",50
"14277",13099.5724988894,"CAFI_P050",100
"14278",507.612490221189,"CAFI_P050",25
"14279",-543.481459660485,"CAFI_P050",50
"14280",423.012460973463,"CAFI_P050",100
"14281",-382.223992624466,"CAFI_P050",25
"14282",2451.08964729871,"CAFI_P050",50
"14283",3666.73304357039,"CAFI_P050",100
"14284",20.4405650911795,"CAFI_P050",25
"14285",2246.52371982398,"CAFI_P050",50
"14286",5644.3295688105,"CAFI_P050",100
"14287",-8.42101620996254,"CAFI_P050",25
"14288",1921.67674367348,"CAFI_P050",50
"14289",12587.9611582356,"CAFI_P050",100
"14290",550.37791756459,"CAFI_P050",25
"14291",3374.68860105131,"CAFI_P050",50
"14292",5505.22058503589,"CAFI_P050",100
"14293",-619.187342674122,"CAFI_P050",25
"14294",652.260905721807,"CAFI_P050",50
"14295",-1049.92126830795,"CAFI_P050",100
"14296",1372.39995741064,"CAFI_P050",25
"14297",225.657125095837,"CAFI_P050",50
"14298",5713.68327554036,"CAFI_P050",100
"14299",2571.21437595508,"CAFI_P050",25
"14300",2648.49518321239,"CAFI_P050",50
"14301",7831.4630776977,"CAFI_P050",100
"14302",1062.51685006567,"CAFI_P050",25
"14303",477.608664637984,"CAFI_P050",50
"14304",3304.96583512641,"CAFI_P050",100
"14305",1233.51909078914,"CAFI_P050",25
"14306",1959.83530623247,"CAFI_P050",50
"14307",-1807.18480940358,"CAFI_P050",100
"14308",-2022.89068583667,"CAFI_P050",25
"14309",-173.959324194788,"CAFI_P050",50
"14310",1959.56616815852,"CAFI_P050",100
"14311",-1274.33993201866,"CAFI_P050",25
"14312",2885.01389565127,"CAFI_P050",50
"14313",4773.40121512802,"CAFI_P050",100
"14314",819.521185405785,"CAFI_P050",25
"14315",3628.13235428536,"CAFI_P050",50
"14316",45.7483370304981,"CAFI_P050",100
"14317",577.35284443936,"CAFI_P050",25
"14318",3469.08898508683,"CAFI_P050",50
"14319",7427.94452541842,"CAFI_P050",100
"14320",-525.222772392648,"CAFI_P050",25
"14321",-3979.66756797698,"CAFI_P050",50
"14322",4250.87124523454,"CAFI_P050",100
"14323",7473.48774247666,"CAFI_P050",25
"14324",5005.27343512769,"CAFI_P050",50
"14325",759.451361477288,"CAFI_P050",100
"14326",250.572443779762,"CAFI_P050",25
"14327",-301.788162482204,"CAFI_P050",50
"14328",4309.51865694069,"CAFI_P050",100
"14329",-172.052852630819,"CAFI_P050",25
"14330",-440.87066809542,"CAFI_P050",50
"14331",5865.06723985312,"CAFI_P050",100
"14332",-1028.15700468552,"CAFI_P050",25
"14333",2012.67607531225,"CAFI_P050",50
"14334",1370.22752803919,"CAFI_P050",100
"14335",2032.98258647913,"CAFI_P050",25
"14336",1477.10746054837,"CAFI_P050",50
"14337",-100.739188525098,"CAFI_P050",100
"14338",752.33689791066,"CAFI_P050",25
"14339",9672.71391700991,"CAFI_P050",50
"14340",1214.86271233033,"CAFI_P050",100
"14341",6369.01795694663,"CAFI_P050",25
"14342",-27.0519156741793,"CAFI_P050",50
"14343",6131.40171721982,"CAFI_P050",100
"14344",-2466.33714322551,"CAFI_P050",25
"14345",-4258.49654306791,"CAFI_P050",50
"14346",8414.83936010182,"CAFI_P050",100
"14347",1560.17493458843,"CAFI_P050",25
"14348",2613.32353625746,"CAFI_P050",50
"14349",7399.65885430449,"CAFI_P050",100
"14350",1375.76026006622,"CAFI_P050",25
"14351",2365.09914031764,"CAFI_P050",50
"14352",6293.00319423966,"CAFI_P050",100
"14353",3396.7879801302,"CAFI_P050",25
"14354",8418.40827947101,"CAFI_P050",50
"14355",10567.083550627,"CAFI_P050",100
"14356",2352.7625641347,"CAFI_P050",25
"14357",668.604846195056,"CAFI_P050",50
"14358",1263.42413135926,"CAFI_P050",100
"14359",272.879125834093,"CAFI_P050",25
"14360",1333.68669183631,"CAFI_P050",50
"14361",1227.66211970357,"CAFI_P050",100
"14362",1908.69547116949,"CAFI_P050",25
"14363",2916.6784379778,"CAFI_P050",50
"14364",4892.08585976329,"CAFI_P050",100
"14365",954.956260772829,"CAFI_P050",25
"14366",-596.940605273936,"CAFI_P050",50
"14367",461.155588247027,"CAFI_P050",100
"14368",2327.7837798502,"CAFI_P050",25
"14369",1422.49436576155,"CAFI_P050",50
"14370",6243.14960026016,"CAFI_P050",100
"14371",2260.57804621564,"CAFI_P050",25
"14372",8576.72276102091,"CAFI_P050",50
"14373",-3972.6598497426,"CAFI_P050",100
"14374",-512.929157970415,"CAFI_P050",25
"14375",-1217.78623957507,"CAFI_P050",50
"14376",6485.9287472452,"CAFI_P050",100
"14377",3765.39568796789,"CAFI_P050",25
"14378",2516.87235599192,"CAFI_P050",50
"14379",2908.84841232584,"CAFI_P050",100
"14380",-756.119139158633,"CAFI_P050",25
"14381",-155.302699270629,"CAFI_P050",50
"14382",7215.43240768314,"CAFI_P050",100
"14383",3971.25623342572,"CAFI_P050",25
"14384",2898.39050243233,"CAFI_P050",50
"14385",7507.29702078659,"CAFI_P050",100
"14386",3020.14427161668,"CAFI_P050",25
"14387",1490.16589797277,"CAFI_P050",50
"14388",98.3991428040026,"CAFI_P050",100
"14389",4554.8253313617,"CAFI_P050",25
"14390",2467.20827730594,"CAFI_P050",50
"14391",8527.64994574283,"CAFI_P050",100
"14392",1109.31005492873,"CAFI_P050",25
"14393",-2222.48334708047,"CAFI_P050",50
"14394",108.349882480921,"CAFI_P050",100
"14395",-1640.64326322114,"CAFI_P050",25
"14396",1464.23441494757,"CAFI_P050",50
"14397",16447.9645099416,"CAFI_P050",100
"14398",-2281.23919897448,"CAFI_P050",25
"14399",3744.49733208076,"CAFI_P050",50
"14400",1909.01878938163,"CAFI_P050",100
"14401",-3369.64266002961,"CAFI_P051",25
"14402",-686.121441842784,"CAFI_P051",50
"14403",-45.064560026105,"CAFI_P051",100
"14404",-2417.47783855966,"CAFI_P051",25
"14405",-1728.93433924677,"CAFI_P051",50
"14406",1670.49760155773,"CAFI_P051",100
"14407",-607.463506273838,"CAFI_P051",25
"14408",-1214.79219946283,"CAFI_P051",50
"14409",-123.344442771311,"CAFI_P051",100
"14410",-2624.30546423813,"CAFI_P051",25
"14411",-4615.05914340549,"CAFI_P051",50
"14412",-10442.2540769561,"CAFI_P051",100
"14413",6694.85623731386,"CAFI_P051",25
"14414",-1550.98396818247,"CAFI_P051",50
"14415",5026.51516765889,"CAFI_P051",100
"14416",1863.64128191894,"CAFI_P051",25
"14417",5165.29592029037,"CAFI_P051",50
"14418",-1394.99393162737,"CAFI_P051",100
"14419",-632.120874232089,"CAFI_P051",25
"14420",-1541.54122488253,"CAFI_P051",50
"14421",312.029777624557,"CAFI_P051",100
"14422",3520.56801475628,"CAFI_P051",25
"14423",-1619.70406257745,"CAFI_P051",50
"14424",2769.99025497006,"CAFI_P051",100
"14425",489.96671308059,"CAFI_P051",25
"14426",-5492.56013754942,"CAFI_P051",50
"14427",-7011.80559521026,"CAFI_P051",100
"14428",-2899.59372626388,"CAFI_P051",25
"14429",-6452.12635545002,"CAFI_P051",50
"14430",14655.4487145085,"CAFI_P051",100
"14431",-2069.33328581491,"CAFI_P051",25
"14432",-6473.17150164623,"CAFI_P051",50
"14433",1684.15498592789,"CAFI_P051",100
"14434",717.393680797861,"CAFI_P051",25
"14435",4714.29828522776,"CAFI_P051",50
"14436",4707.95543328594,"CAFI_P051",100
"14437",-342.711347095261,"CAFI_P051",25
"14438",4332.26539579776,"CAFI_P051",50
"14439",-709.357142974128,"CAFI_P051",100
"14440",352.114770373068,"CAFI_P051",25
"14441",-3387.02098815926,"CAFI_P051",50
"14442",-3140.52318424406,"CAFI_P051",100
"14443",-3968.0041432319,"CAFI_P051",25
"14444",2924.37703104102,"CAFI_P051",50
"14445",-7264.44236452214,"CAFI_P051",100
"14446",-3828.14749284479,"CAFI_P051",25
"14447",-572.527746055857,"CAFI_P051",50
"14448",-11861.8030994756,"CAFI_P051",100
"14449",-2284.90645815345,"CAFI_P051",25
"14450",1461.9894003073,"CAFI_P051",50
"14451",-2585.7775355679,"CAFI_P051",100
"14452",-2565.25911854411,"CAFI_P051",25
"14453",-6042.91746528738,"CAFI_P051",50
"14454",-5352.00617370557,"CAFI_P051",100
"14455",-1910.13728260473,"CAFI_P051",25
"14456",-3375.1132588177,"CAFI_P051",50
"14457",-3434.15057374031,"CAFI_P051",100
"14458",1662.95943154849,"CAFI_P051",25
"14459",-10408.6680464437,"CAFI_P051",50
"14460",2898.54573735545,"CAFI_P051",100
"14461",-2735.36619567784,"CAFI_P051",25
"14462",-4055.51523431216,"CAFI_P051",50
"14463",-4604.88724061855,"CAFI_P051",100
"14464",1026.85966579904,"CAFI_P051",25
"14465",-3766.97986115818,"CAFI_P051",50
"14466",6390.80562612767,"CAFI_P051",100
"14467",704.099802133511,"CAFI_P051",25
"14468",2620.82016424841,"CAFI_P051",50
"14469",6786.04792864594,"CAFI_P051",100
"14470",-590.941559227969,"CAFI_P051",25
"14471",2872.42289287454,"CAFI_P051",50
"14472",940.82924586325,"CAFI_P051",100
"14473",-3300.51170132862,"CAFI_P051",25
"14474",-3672.39571857874,"CAFI_P051",50
"14475",-6170.90117077733,"CAFI_P051",100
"14476",-1174.10031280137,"CAFI_P051",25
"14477",-9060.40888446939,"CAFI_P051",50
"14478",-4622.99520277063,"CAFI_P051",100
"14479",-3922.258629043,"CAFI_P051",25
"14480",-4174.8753172716,"CAFI_P051",50
"14481",-5271.72478015936,"CAFI_P051",100
"14482",-3968.35052112941,"CAFI_P051",25
"14483",6636.52643388745,"CAFI_P051",50
"14484",-11131.6931998433,"CAFI_P051",100
"14485",4436.50887363756,"CAFI_P051",25
"14486",3524.59877904764,"CAFI_P051",50
"14487",-158.409891949908,"CAFI_P051",100
"14488",5441.33007791228,"CAFI_P051",25
"14489",2184.65886911983,"CAFI_P051",50
"14490",-5951.39234751058,"CAFI_P051",100
"14491",4135.91742929621,"CAFI_P051",25
"14492",-3746.70050164041,"CAFI_P051",50
"14493",-3611.53139267748,"CAFI_P051",100
"14494",-2749.33190114447,"CAFI_P051",25
"14495",1483.43212907235,"CAFI_P051",50
"14496",-3530.42988379105,"CAFI_P051",100
"14497",-2569.57097223448,"CAFI_P051",25
"14498",11631.37043882,"CAFI_P051",50
"14499",4985.34631404307,"CAFI_P051",100
"14500",4306.42877751988,"CAFI_P051",25
"14501",-1422.95061482297,"CAFI_P051",50
"14502",-4805.77750978005,"CAFI_P051",100
"14503",5236.20692546325,"CAFI_P051",25
"14504",-3255.15548919575,"CAFI_P051",50
"14505",3330.83727075724,"CAFI_P051",100
"14506",-3920.48996906361,"CAFI_P051",25
"14507",1155.5994414186,"CAFI_P051",50
"14508",-5220.12924454873,"CAFI_P051",100
"14509",-473.988392991916,"CAFI_P051",25
"14510",-6270.98278895349,"CAFI_P051",50
"14511",803.39422081894,"CAFI_P051",100
"14512",1977.34404423792,"CAFI_P051",25
"14513",-4797.74227118463,"CAFI_P051",50
"14514",11843.1934580256,"CAFI_P051",100
"14515",-1669.26006601509,"CAFI_P051",25
"14516",12084.7346944888,"CAFI_P051",50
"14517",-6898.04889843409,"CAFI_P051",100
"14518",-1408.17199327316,"CAFI_P051",25
"14519",-5781.63296790997,"CAFI_P051",50
"14520",3283.66842917373,"CAFI_P051",100
"14521",8413.78788507226,"CAFI_P051",25
"14522",94.5657575969817,"CAFI_P051",50
"14523",3601.67806513724,"CAFI_P051",100
"14524",-2983.86744915103,"CAFI_P051",25
"14525",-4830.56117871997,"CAFI_P051",50
"14526",-14294.6874074436,"CAFI_P051",100
"14527",-378.701211807784,"CAFI_P051",25
"14528",-1072.4897234739,"CAFI_P051",50
"14529",-3468.24320515813,"CAFI_P051",100
"14530",-3455.02072224976,"CAFI_P051",25
"14531",-2719.1489919023,"CAFI_P051",50
"14532",1500.49797827873,"CAFI_P051",100
"14533",-1576.74837123134,"CAFI_P051",25
"14534",-4934.85433943133,"CAFI_P051",50
"14535",11.1817107340903,"CAFI_P051",100
"14536",-2405.72988918595,"CAFI_P051",25
"14537",-2191.90348999717,"CAFI_P051",50
"14538",-10345.3807876675,"CAFI_P051",100
"14539",-1665.28287280077,"CAFI_P051",25
"14540",-2806.25102603465,"CAFI_P051",50
"14541",6661.12066377603,"CAFI_P051",100
"14542",1199.64253319945,"CAFI_P051",25
"14543",-367.04776424481,"CAFI_P051",50
"14544",-9401.05863435069,"CAFI_P051",100
"14545",993.808052673761,"CAFI_P051",25
"14546",3611.41246075853,"CAFI_P051",50
"14547",-4202.57497234366,"CAFI_P051",100
"14548",594.522790214251,"CAFI_P051",25
"14549",-4398.50517042191,"CAFI_P051",50
"14550",-458.414429192111,"CAFI_P051",100
"14551",-927.178869640687,"CAFI_P051",25
"14552",-3582.42471309236,"CAFI_P051",50
"14553",-1837.33581873382,"CAFI_P051",100
"14554",-635.595741351775,"CAFI_P051",25
"14555",-7441.63974728013,"CAFI_P051",50
"14556",-5274.44299092607,"CAFI_P051",100
"14557",-5161.57648194701,"CAFI_P051",25
"14558",-8020.82983202857,"CAFI_P051",50
"14559",-10287.0450928006,"CAFI_P051",100
"14560",-3754.95270099989,"CAFI_P051",25
"14561",-384.797272610973,"CAFI_P051",50
"14562",-864.611178947991,"CAFI_P051",100
"14563",1934.25413786748,"CAFI_P051",25
"14564",-1216.74517189077,"CAFI_P051",50
"14565",-4158.075005522,"CAFI_P051",100
"14566",-1535.47626316873,"CAFI_P051",25
"14567",6655.08730053608,"CAFI_P051",50
"14568",5793.36904855931,"CAFI_P051",100
"14569",-3312.59317587083,"CAFI_P051",25
"14570",-6853.76267655531,"CAFI_P051",50
"14571",-6630.37732724429,"CAFI_P051",100
"14572",-2454.72418267929,"CAFI_P051",25
"14573",-6893.56196056199,"CAFI_P051",50
"14574",-13325.7226001832,"CAFI_P051",100
"14575",137.059272712242,"CAFI_P051",25
"14576",-6502.92029298865,"CAFI_P051",50
"14577",7250.87993930411,"CAFI_P051",100
"14578",-1617.61434929285,"CAFI_P051",25
"14579",-7953.7649928352,"CAFI_P051",50
"14580",6876.59970364664,"CAFI_P051",100
"14581",7589.2271592285,"CAFI_P051",25
"14582",5847.92685539901,"CAFI_P051",50
"14583",-853.388030724251,"CAFI_P051",100
"14584",7032.88920392343,"CAFI_P051",25
"14585",-4337.92306746633,"CAFI_P051",50
"14586",3152.2937982638,"CAFI_P051",100
"14587",-3881.31459940402,"CAFI_P051",25
"14588",1893.96759332553,"CAFI_P051",50
"14589",1943.99119020443,"CAFI_P051",100
"14590",1672.73030949189,"CAFI_P051",25
"14591",-3026.51902960014,"CAFI_P051",50
"14592",634.426862288819,"CAFI_P051",100
"14593",3415.11692210153,"CAFI_P051",25
"14594",629.243417020567,"CAFI_P051",50
"14595",-2400.13552444885,"CAFI_P051",100
"14596",-1581.11068995137,"CAFI_P051",25
"14597",1059.9410274032,"CAFI_P051",50
"14598",-7536.35737607704,"CAFI_P051",100
"14599",3954.62992986574,"CAFI_P051",25
"14600",-4266.55615741631,"CAFI_P051",50
"14601",-1668.86509258856,"CAFI_P051",100
"14602",-2854.69494297911,"CAFI_P051",25
"14603",-3264.10680729107,"CAFI_P051",50
"14604",6880.96976755725,"CAFI_P051",100
"14605",-1607.49517664994,"CAFI_P051",25
"14606",-2882.47784273844,"CAFI_P051",50
"14607",-208.470130734931,"CAFI_P051",100
"14608",-752.847293155326,"CAFI_P051",25
"14609",-6943.40884973732,"CAFI_P051",50
"14610",-744.114510087878,"CAFI_P051",100
"14611",-1973.45835858185,"CAFI_P051",25
"14612",-7183.67950644135,"CAFI_P051",50
"14613",-462.108420525386,"CAFI_P051",100
"14614",-29.5514062953589,"CAFI_P051",25
"14615",-1366.33927534064,"CAFI_P051",50
"14616",-4292.56548499619,"CAFI_P051",100
"14617",-912.883864203322,"CAFI_P051",25
"14618",2191.48374818836,"CAFI_P051",50
"14619",-1534.99040004483,"CAFI_P051",100
"14620",4022.40580557208,"CAFI_P051",25
"14621",-1893.36374898563,"CAFI_P051",50
"14622",1252.40477006545,"CAFI_P051",100
"14623",3718.54477353979,"CAFI_P051",25
"14624",1281.50192391191,"CAFI_P051",50
"14625",-8807.81852522804,"CAFI_P051",100
"14626",2889.28168868774,"CAFI_P051",25
"14627",-1519.36089532805,"CAFI_P051",50
"14628",-1434.69390189482,"CAFI_P051",100
"14629",1075.10351956662,"CAFI_P051",25
"14630",-5281.57407999187,"CAFI_P051",50
"14631",3881.34358320371,"CAFI_P051",100
"14632",-489.022094600921,"CAFI_P051",25
"14633",-3930.70777518631,"CAFI_P051",50
"14634",-3770.69647469188,"CAFI_P051",100
"14635",-2608.83106504523,"CAFI_P051",25
"14636",-9346.09462504613,"CAFI_P051",50
"14637",-2581.65210251143,"CAFI_P051",100
"14638",4343.36187948319,"CAFI_P051",25
"14639",80.0307931721327,"CAFI_P051",50
"14640",9513.61705142001,"CAFI_P051",100
"14641",-3669.22978000299,"CAFI_P051",25
"14642",-1772.31362304793,"CAFI_P051",50
"14643",-3790.187491766,"CAFI_P051",100
"14644",3161.74978414131,"CAFI_P051",25
"14645",-1256.21417376649,"CAFI_P051",50
"14646",-11834.2525170187,"CAFI_P051",100
"14647",-1758.19419557828,"CAFI_P051",25
"14648",-5194.65184403161,"CAFI_P051",50
"14649",-8755.46298565381,"CAFI_P051",100
"14650",1860.8220388034,"CAFI_P051",25
"14651",2418.52142948087,"CAFI_P051",50
"14652",-8877.25385908168,"CAFI_P051",100
"14653",-1544.04959430522,"CAFI_P051",25
"14654",3796.70324534914,"CAFI_P051",50
"14655",-2523.77614546398,"CAFI_P051",100
"14656",-2505.32430150051,"CAFI_P051",25
"14657",7145.99427590423,"CAFI_P051",50
"14658",-1782.83262573043,"CAFI_P051",100
"14659",-2649.37694299553,"CAFI_P051",25
"14660",-6695.58430614576,"CAFI_P051",50
"14661",2762.65563066053,"CAFI_P051",100
"14662",4684.24725959185,"CAFI_P051",25
"14663",2784.55182623485,"CAFI_P051",50
"14664",4552.92996435557,"CAFI_P051",100
"14665",3050.68070744872,"CAFI_P051",25
"14666",-3471.10093890733,"CAFI_P051",50
"14667",1409.80249033464,"CAFI_P051",100
"14668",3638.4102852825,"CAFI_P051",25
"14669",-6872.8022119129,"CAFI_P051",50
"14670",7786.53924963993,"CAFI_P051",100
"14671",-3570.31873584577,"CAFI_P051",25
"14672",2132.62626303727,"CAFI_P051",50
"14673",-1258.14664851499,"CAFI_P051",100
"14674",-3223.29285099721,"CAFI_P051",25
"14675",-1.86416183886467,"CAFI_P051",50
"14676",-501.946897753834,"CAFI_P051",100
"14677",4017.71490795325,"CAFI_P051",25
"14678",-4867.69595469953,"CAFI_P051",50
"14679",1135.30623471373,"CAFI_P051",100
"14680",1068.22553081549,"CAFI_P051",25
"14681",-9433.68150165793,"CAFI_P051",50
"14682",-5787.70963821516,"CAFI_P051",100
"14683",663.555911132979,"CAFI_P051",25
"14684",2866.92515086688,"CAFI_P051",50
"14685",2388.20174299489,"CAFI_P051",100
"14686",726.704948147497,"CAFI_P051",25
"14687",-43.6252379285288,"CAFI_P051",50
"14688",1133.22653601517,"CAFI_P051",100
"14689",1493.78436715886,"CAFI_P051",25
"14690",-990.530377485091,"CAFI_P051",50
"14691",5085.52151053838,"CAFI_P051",100
"14692",5864.97731575914,"CAFI_P051",25
"14693",-1909.8562412422,"CAFI_P051",50
"14694",-11752.0322320777,"CAFI_P051",100
"14695",-2951.96854347741,"CAFI_P051",25
"14696",-3613.75503303853,"CAFI_P051",50
"14697",5779.9665560743,"CAFI_P051",100
"14698",-4310.03824740581,"CAFI_P051",25
"14699",-2696.42678616781,"CAFI_P051",50
"14700",2169.75090763852,"CAFI_P051",100
"14701",862.875563096692,"CAFI_P052",25
"14702",284.837982997939,"CAFI_P052",50
"14703",4943.3835482604,"CAFI_P052",100
"14704",18148.2429650737,"CAFI_P052",25
"14705",407.269216114015,"CAFI_P052",50
"14706",-2669.82300755047,"CAFI_P052",100
"14707",-401.571355176478,"CAFI_P052",25
"14708",-2549.20276306712,"CAFI_P052",50
"14709",-5750.76327609905,"CAFI_P052",100
"14710",-2434.71154280842,"CAFI_P052",25
"14711",-3955.60980358231,"CAFI_P052",50
"14712",7455.97180734467,"CAFI_P052",100
"14713",-2274.04763864449,"CAFI_P052",25
"14714",-3606.01415001051,"CAFI_P052",50
"14715",482.908558560739,"CAFI_P052",100
"14716",18030.4067858777,"CAFI_P052",25
"14717",7241.1718263574,"CAFI_P052",50
"14718",23431.0930810519,"CAFI_P052",100
"14719",-200.395771543001,"CAFI_P052",25
"14720",-4603.55611656531,"CAFI_P052",50
"14721",-3726.34703267665,"CAFI_P052",100
"14722",3743.24820056668,"CAFI_P052",25
"14723",-4271.46368892977,"CAFI_P052",50
"14724",-2312.56354685695,"CAFI_P052",100
"14725",-269.643579782627,"CAFI_P052",25
"14726",-1092.51012240048,"CAFI_P052",50
"14727",-2443.85510050505,"CAFI_P052",100
"14728",-2103.01760804717,"CAFI_P052",25
"14729",18109.4723797134,"CAFI_P052",50
"14730",-1970.07851388035,"CAFI_P052",100
"14731",2630.93168390426,"CAFI_P052",25
"14732",-3460.72276771726,"CAFI_P052",50
"14733",-3028.19851504441,"CAFI_P052",100
"14734",-4183.80643382532,"CAFI_P052",25
"14735",3420.22866381536,"CAFI_P052",50
"14736",2154.48872942865,"CAFI_P052",100
"14737",12645.253060331,"CAFI_P052",25
"14738",-2445.8137208391,"CAFI_P052",50
"14739",-2131.02959744411,"CAFI_P052",100
"14740",64.3468195461028,"CAFI_P052",25
"14741",-528.664231193194,"CAFI_P052",50
"14742",-1228.42872474107,"CAFI_P052",100
"14743",5469.36785184749,"CAFI_P052",25
"14744",-1334.30430969468,"CAFI_P052",50
"14745",3939.86410347695,"CAFI_P052",100
"14746",937.491259340168,"CAFI_P052",25
"14747",-2153.01813771244,"CAFI_P052",50
"14748",4642.1339691935,"CAFI_P052",100
"14749",-1766.3962131709,"CAFI_P052",25
"14750",-2796.23291148376,"CAFI_P052",50
"14751",13331.5395096962,"CAFI_P052",100
"14752",1055.98610393453,"CAFI_P052",25
"14753",2808.45222468497,"CAFI_P052",50
"14754",23087.0644926142,"CAFI_P052",100
"14755",592.708471331687,"CAFI_P052",25
"14756",29672.543112005,"CAFI_P052",50
"14757",714.449245397642,"CAFI_P052",100
"14758",-465.225710368453,"CAFI_P052",25
"14759",948.102638187382,"CAFI_P052",50
"14760",-704.586558103154,"CAFI_P052",100
"14761",-3210.66888709666,"CAFI_P052",25
"14762",-2165.76082410157,"CAFI_P052",50
"14763",-1996.75683134826,"CAFI_P052",100
"14764",-2664.20820258415,"CAFI_P052",25
"14765",-441.834749292175,"CAFI_P052",50
"14766",-964.969167822739,"CAFI_P052",100
"14767",-724.444882968353,"CAFI_P052",25
"14768",7923.49147515537,"CAFI_P052",50
"14769",-498.50500597604,"CAFI_P052",100
"14770",1360.66011154742,"CAFI_P052",25
"14771",-1610.5657178922,"CAFI_P052",50
"14772",-504.355932744395,"CAFI_P052",100
"14773",-2397.15449220617,"CAFI_P052",25
"14774",-1990.92224067409,"CAFI_P052",50
"14775",1636.12254274543,"CAFI_P052",100
"14776",-2612.23560361547,"CAFI_P052",25
"14777",1060.05190162241,"CAFI_P052",50
"14778",6953.19356963053,"CAFI_P052",100
"14779",-238.257817397593,"CAFI_P052",25
"14780",-1478.36962292512,"CAFI_P052",50
"14781",9081.38219880135,"CAFI_P052",100
"14782",-2152.414580543,"CAFI_P052",25
"14783",1434.92676709135,"CAFI_P052",50
"14784",-1814.2695000224,"CAFI_P052",100
"14785",-121.21312406045,"CAFI_P052",25
"14786",8546.39757757614,"CAFI_P052",50
"14787",-4237.61757873374,"CAFI_P052",100
"14788",8403.48082596666,"CAFI_P052",25
"14789",-2477.62227294338,"CAFI_P052",50
"14790",-1486.86598561704,"CAFI_P052",100
"14791",3374.50175604867,"CAFI_P052",25
"14792",-1784.84828936795,"CAFI_P052",50
"14793",-1677.18751378954,"CAFI_P052",100
"14794",480.456208342483,"CAFI_P052",25
"14795",1409.56141164905,"CAFI_P052",50
"14796",1754.09661905802,"CAFI_P052",100
"14797",639.198586012324,"CAFI_P052",25
"14798",4764.10063847431,"CAFI_P052",50
"14799",-3839.00459152565,"CAFI_P052",100
"14800",-4590.68930822413,"CAFI_P052",25
"14801",1620.02265910633,"CAFI_P052",50
"14802",-2609.31038448351,"CAFI_P052",100
"14803",-123.66300082361,"CAFI_P052",25
"14804",-3095.10140786684,"CAFI_P052",50
"14805",13083.3908308573,"CAFI_P052",100
"14806",1710.06229955485,"CAFI_P052",25
"14807",4152.95790802813,"CAFI_P052",50
"14808",-2608.04045390434,"CAFI_P052",100
"14809",-2337.14713702668,"CAFI_P052",25
"14810",-4289.14277954577,"CAFI_P052",50
"14811",1365.85725610517,"CAFI_P052",100
"14812",8390.01548607755,"CAFI_P052",25
"14813",800.248916566023,"CAFI_P052",50
"14814",-2220.97550376639,"CAFI_P052",100
"14815",-667.360905778711,"CAFI_P052",25
"14816",-2327.37266066292,"CAFI_P052",50
"14817",10382.5304301905,"CAFI_P052",100
"14818",-1818.4183165296,"CAFI_P052",25
"14819",6070.98615324864,"CAFI_P052",50
"14820",4478.9617681338,"CAFI_P052",100
"14821",1333.10829043147,"CAFI_P052",25
"14822",-2677.45449152379,"CAFI_P052",50
"14823",-3799.2527783798,"CAFI_P052",100
"14824",-282.521970042435,"CAFI_P052",25
"14825",1300.48336635245,"CAFI_P052",50
"14826",4921.73527822157,"CAFI_P052",100
"14827",-2340.96470690388,"CAFI_P052",25
"14828",-3292.90858347001,"CAFI_P052",50
"14829",-1402.553279799,"CAFI_P052",100
"14830",6101.41790814165,"CAFI_P052",25
"14831",-27.1029283951793,"CAFI_P052",50
"14832",-2943.84375347436,"CAFI_P052",100
"14833",3069.05614620852,"CAFI_P052",25
"14834",1564.83092695251,"CAFI_P052",50
"14835",-2090.75777434825,"CAFI_P052",100
"14836",202.578916952014,"CAFI_P052",25
"14837",11744.2641218813,"CAFI_P052",50
"14838",3143.4327456743,"CAFI_P052",100
"14839",-168.02205479308,"CAFI_P052",25
"14840",33877.6510287955,"CAFI_P052",50
"14841",-5861.69664910383,"CAFI_P052",100
"14842",228.261290332273,"CAFI_P052",25
"14843",11920.0207340935,"CAFI_P052",50
"14844",-3655.87473158565,"CAFI_P052",100
"14845",317.897288820328,"CAFI_P052",25
"14846",3434.63161279308,"CAFI_P052",50
"14847",14290.9671179234,"CAFI_P052",100
"14848",831.753166648385,"CAFI_P052",25
"14849",-2752.92475945671,"CAFI_P052",50
"14850",-2141.43391087037,"CAFI_P052",100
"14851",346.082625303941,"CAFI_P052",25
"14852",6375.96662197888,"CAFI_P052",50
"14853",1113.75431294861,"CAFI_P052",100
"14854",1019.6845763647,"CAFI_P052",25
"14855",7497.66144168968,"CAFI_P052",50
"14856",2399.21281922286,"CAFI_P052",100
"14857",754.205286479148,"CAFI_P052",25
"14858",-342.18554231021,"CAFI_P052",50
"14859",-2073.1479859525,"CAFI_P052",100
"14860",-2717.54701765729,"CAFI_P052",25
"14861",186.914282848651,"CAFI_P052",50
"14862",-1961.17504433484,"CAFI_P052",100
"14863",787.210980449279,"CAFI_P052",25
"14864",5444.27592259413,"CAFI_P052",50
"14865",3709.09648065333,"CAFI_P052",100
"14866",-2029.28536288728,"CAFI_P052",25
"14867",-2666.7654688161,"CAFI_P052",50
"14868",5095.90990078001,"CAFI_P052",100
"14869",-2319.44574409467,"CAFI_P052",25
"14870",-628.469125435455,"CAFI_P052",50
"14871",1764.10255556693,"CAFI_P052",100
"14872",1384.38531049373,"CAFI_P052",25
"14873",16922.0725664418,"CAFI_P052",50
"14874",2679.26887669947,"CAFI_P052",100
"14875",604.100639065815,"CAFI_P052",25
"14876",3916.23110054698,"CAFI_P052",50
"14877",-726.379997391603,"CAFI_P052",100
"14878",6531.96168140022,"CAFI_P052",25
"14879",-988.360057270329,"CAFI_P052",50
"14880",-894.649566370004,"CAFI_P052",100
"14881",-2589.34840542235,"CAFI_P052",25
"14882",-338.957651861943,"CAFI_P052",50
"14883",4061.48277133546,"CAFI_P052",100
"14884",223.953264884185,"CAFI_P052",25
"14885",-1411.97689942078,"CAFI_P052",50
"14886",653.768937650631,"CAFI_P052",100
"14887",4493.03556172506,"CAFI_P052",25
"14888",222.738065596583,"CAFI_P052",50
"14889",16167.7684740761,"CAFI_P052",100
"14890",278.774430179008,"CAFI_P052",25
"14891",859.695386789594,"CAFI_P052",50
"14892",-2194.81445795784,"CAFI_P052",100
"14893",5830.60456656342,"CAFI_P052",25
"14894",2054.19179649794,"CAFI_P052",50
"14895",12245.81584777,"CAFI_P052",100
"14896",13040.3945693842,"CAFI_P052",25
"14897",916.706762148504,"CAFI_P052",50
"14898",8560.86637213052,"CAFI_P052",100
"14899",918.806979729387,"CAFI_P052",25
"14900",270.390409489337,"CAFI_P052",50
"14901",-3546.37454168795,"CAFI_P052",100
"14902",1179.38995562503,"CAFI_P052",25
"14903",-1638.59164744511,"CAFI_P052",50
"14904",2181.25518973958,"CAFI_P052",100
"14905",-2752.58478534,"CAFI_P052",25
"14906",163.636273782991,"CAFI_P052",50
"14907",3427.32457690377,"CAFI_P052",100
"14908",8340.91471604744,"CAFI_P052",25
"14909",-1789.32268587261,"CAFI_P052",50
"14910",660.751051629632,"CAFI_P052",100
"14911",-2347.33995452683,"CAFI_P052",25
"14912",774.209452385025,"CAFI_P052",50
"14913",5095.6765493284,"CAFI_P052",100
"14914",1674.34580899388,"CAFI_P052",25
"14915",-4441.56778950049,"CAFI_P052",50
"14916",-4727.73585892774,"CAFI_P052",100
"14917",5665.32062947945,"CAFI_P052",25
"14918",-1115.95226729734,"CAFI_P052",50
"14919",-544.629864293558,"CAFI_P052",100
"14920",-2006.090700887,"CAFI_P052",25
"14921",-380.590115083498,"CAFI_P052",50
"14922",1660.62842768524,"CAFI_P052",100
"14923",-105.543672541011,"CAFI_P052",25
"14924",-3232.9051192411,"CAFI_P052",50
"14925",5209.54416498705,"CAFI_P052",100
"14926",-3038.99492414208,"CAFI_P052",25
"14927",-1250.9182911067,"CAFI_P052",50
"14928",2472.73113553179,"CAFI_P052",100
"14929",-1710.74050873678,"CAFI_P052",25
"14930",-3131.92137294586,"CAFI_P052",50
"14931",-2214.97674149444,"CAFI_P052",100
"14932",13808.2933748029,"CAFI_P052",25
"14933",34287.6030965857,"CAFI_P052",50
"14934",-1552.8865190447,"CAFI_P052",100
"14935",1688.18076427019,"CAFI_P052",25
"14936",6357.04918628998,"CAFI_P052",50
"14937",-1326.43337510191,"CAFI_P052",100
"14938",-778.11715511349,"CAFI_P052",25
"14939",-263.789289116627,"CAFI_P052",50
"14940",740.865471366793,"CAFI_P052",100
"14941",-826.651068293198,"CAFI_P052",25
"14942",100.036142986472,"CAFI_P052",50
"14943",3930.69253589318,"CAFI_P052",100
"14944",853.708206213603,"CAFI_P052",25
"14945",5763.71920365785,"CAFI_P052",50
"14946",12530.6389698631,"CAFI_P052",100
"14947",711.472686134337,"CAFI_P052",25
"14948",-4368.104762634,"CAFI_P052",50
"14949",1409.6735847072,"CAFI_P052",100
"14950",-2353.46633292115,"CAFI_P052",25
"14951",890.639592966007,"CAFI_P052",50
"14952",7085.29798720998,"CAFI_P052",100
"14953",636.315477559314,"CAFI_P052",25
"14954",913.838394129736,"CAFI_P052",50
"14955",-823.837731075677,"CAFI_P052",100
"14956",-2309.49102418876,"CAFI_P052",25
"14957",14003.4412968813,"CAFI_P052",50
"14958",-1030.82790323853,"CAFI_P052",100
"14959",-158.209397351806,"CAFI_P052",25
"14960",2555.66358524165,"CAFI_P052",50
"14961",695.991217936389,"CAFI_P052",100
"14962",-1214.7735477431,"CAFI_P052",25
"14963",2868.55508914168,"CAFI_P052",50
"14964",19.6378397483786,"CAFI_P052",100
"14965",438.437925658043,"CAFI_P052",25
"14966",423.050738276914,"CAFI_P052",50
"14967",-492.855820791476,"CAFI_P052",100
"14968",2603.75956743088,"CAFI_P052",25
"14969",-3619.42402419591,"CAFI_P052",50
"14970",4145.49501478625,"CAFI_P052",100
"14971",-249.91523767839,"CAFI_P052",25
"14972",-2501.25963151787,"CAFI_P052",50
"14973",-1278.08467886999,"CAFI_P052",100
"14974",-1575.21601060239,"CAFI_P052",25
"14975",-1537.91081666917,"CAFI_P052",50
"14976",-2997.12403124259,"CAFI_P052",100
"14977",202.092666411219,"CAFI_P052",25
"14978",1203.72885288548,"CAFI_P052",50
"14979",6224.45854894826,"CAFI_P052",100
"14980",1244.85574181293,"CAFI_P052",25
"14981",-691.866131729039,"CAFI_P052",50
"14982",2083.3707956702,"CAFI_P052",100
"14983",-3897.4973179771,"CAFI_P052",25
"14984",-938.779742735671,"CAFI_P052",50
"14985",4393.57618130493,"CAFI_P052",100
"14986",-2772.99190205551,"CAFI_P052",25
"14987",1364.83322031601,"CAFI_P052",50
"14988",6503.81742340891,"CAFI_P052",100
"14989",3885.10342571652,"CAFI_P052",25
"14990",-1887.63849035956,"CAFI_P052",50
"14991",14240.2333291139,"CAFI_P052",100
"14992",-1747.28162575376,"CAFI_P052",25
"14993",-4689.99750967143,"CAFI_P052",50
"14994",10974.6669241128,"CAFI_P052",100
"14995",11379.5337643131,"CAFI_P052",25
"14996",553.230366458738,"CAFI_P052",50
"14997",16971.1256031672,"CAFI_P052",100
"14998",716.341904303699,"CAFI_P052",25
"14999",-798.521452072979,"CAFI_P052",50
"15000",-1142.93249911506,"CAFI_P052",100
"15001",-320.816512548015,"CAFI_P053",25
"15002",-382.845493089815,"CAFI_P053",50
"15003",-789.77992254839,"CAFI_P053",100
"15004",-611.057141576253,"CAFI_P053",25
"15005",-1315.83956243028,"CAFI_P053",50
"15006",-163.535608033242,"CAFI_P053",100
"15007",-1465.02015501205,"CAFI_P053",25
"15008",-234.431614011264,"CAFI_P053",50
"15009",3702.8634275572,"CAFI_P053",100
"15010",1756.79393266866,"CAFI_P053",25
"15011",2119.45901390334,"CAFI_P053",50
"15012",-1090.67702511614,"CAFI_P053",100
"15013",-573.53886003705,"CAFI_P053",25
"15014",1.42953618933097,"CAFI_P053",50
"15015",-395.953648774768,"CAFI_P053",100
"15016",1238.8242811512,"CAFI_P053",25
"15017",6512.35425587877,"CAFI_P053",50
"15018",4530.28529187763,"CAFI_P053",100
"15019",32.9022871603665,"CAFI_P053",25
"15020",183.398552180501,"CAFI_P053",50
"15021",1695.38298685401,"CAFI_P053",100
"15022",-154.225288426445,"CAFI_P053",25
"15023",173.431164541689,"CAFI_P053",50
"15024",-504.600604010688,"CAFI_P053",100
"15025",761.220902952686,"CAFI_P053",25
"15026",-962.336299154704,"CAFI_P053",50
"15027",-1798.83871686849,"CAFI_P053",100
"15028",-133.957440578175,"CAFI_P053",25
"15029",688.813088865281,"CAFI_P053",50
"15030",-135.587259297638,"CAFI_P053",100
"15031",7954.24849204763,"CAFI_P053",25
"15032",5332.80221752962,"CAFI_P053",50
"15033",-1516.04035533872,"CAFI_P053",100
"15034",200.781210507761,"CAFI_P053",25
"15035",636.247514929273,"CAFI_P053",50
"15036",1729.4757405846,"CAFI_P053",100
"15037",1078.06346325425,"CAFI_P053",25
"15038",-1215.53408102458,"CAFI_P053",50
"15039",3138.59827361471,"CAFI_P053",100
"15040",-93.2107724756352,"CAFI_P053",25
"15041",-409.55498628589,"CAFI_P053",50
"15042",2575.89631062068,"CAFI_P053",100
"15043",58.2749584152771,"CAFI_P053",25
"15044",-797.089958616794,"CAFI_P053",50
"15045",716.574623935245,"CAFI_P053",100
"15046",748.420956763439,"CAFI_P053",25
"15047",7094.19495445711,"CAFI_P053",50
"15048",-1360.51873403988,"CAFI_P053",100
"15049",-1196.40718052658,"CAFI_P053",25
"15050",78.9960859366111,"CAFI_P053",50
"15051",-2180.68438473425,"CAFI_P053",100
"15052",-371.483560977882,"CAFI_P053",25
"15053",-1988.94554306456,"CAFI_P053",50
"15054",-1602.33726129649,"CAFI_P053",100
"15055",3835.93546854606,"CAFI_P053",25
"15056",-555.597510473832,"CAFI_P053",50
"15057",-1116.89541164416,"CAFI_P053",100
"15058",399.708777125546,"CAFI_P053",25
"15059",310.058974323532,"CAFI_P053",50
"15060",-828.971682509145,"CAFI_P053",100
"15061",-138.540762734803,"CAFI_P053",25
"15062",1337.39509408208,"CAFI_P053",50
"15063",-1966.1538160815,"CAFI_P053",100
"15064",425.267250200501,"CAFI_P053",25
"15065",1218.11560939331,"CAFI_P053",50
"15066",864.26229128745,"CAFI_P053",100
"15067",-1016.31635348179,"CAFI_P053",25
"15068",-1738.43602958051,"CAFI_P053",50
"15069",-1280.43411874791,"CAFI_P053",100
"15070",1571.60605716115,"CAFI_P053",25
"15071",2145.62427292991,"CAFI_P053",50
"15072",-1172.71102588685,"CAFI_P053",100
"15073",-173.256930556905,"CAFI_P053",25
"15074",714.233083793748,"CAFI_P053",50
"15075",992.406040726375,"CAFI_P053",100
"15076",6721.16748378347,"CAFI_P053",25
"15077",1661.16257884161,"CAFI_P053",50
"15078",2618.1341230679,"CAFI_P053",100
"15079",942.639519150718,"CAFI_P053",25
"15080",-1375.77194333746,"CAFI_P053",50
"15081",-1057.17528632213,"CAFI_P053",100
"15082",-1631.53364475278,"CAFI_P053",25
"15083",-1313.07810289256,"CAFI_P053",50
"15084",7471.78937473524,"CAFI_P053",100
"15085",-756.031075619219,"CAFI_P053",25
"15086",-1799.67199319141,"CAFI_P053",50
"15087",5012.32412208198,"CAFI_P053",100
"15088",3272.44244570241,"CAFI_P053",25
"15089",4542.43635498738,"CAFI_P053",50
"15090",293.962993586611,"CAFI_P053",100
"15091",1302.17904882433,"CAFI_P053",25
"15092",2069.24350224997,"CAFI_P053",50
"15093",-2541.79187739731,"CAFI_P053",100
"15094",1298.42162813339,"CAFI_P053",25
"15095",611.992050090252,"CAFI_P053",50
"15096",1025.83359207556,"CAFI_P053",100
"15097",329.238757506188,"CAFI_P053",25
"15098",-1287.39965000248,"CAFI_P053",50
"15099",1071.77291159666,"CAFI_P053",100
"15100",606.166620320728,"CAFI_P053",25
"15101",-125.683820533101,"CAFI_P053",50
"15102",-770.485232741135,"CAFI_P053",100
"15103",1899.3761522322,"CAFI_P053",25
"15104",248.383376693731,"CAFI_P053",50
"15105",4318.37948539821,"CAFI_P053",100
"15106",-1577.52625606445,"CAFI_P053",25
"15107",2204.43637379221,"CAFI_P053",50
"15108",4996.10633367667,"CAFI_P053",100
"15109",-403.333461383532,"CAFI_P053",25
"15110",5410.27733689436,"CAFI_P053",50
"15111",-226.432541345712,"CAFI_P053",100
"15112",151.53464756647,"CAFI_P053",25
"15113",137.242536729202,"CAFI_P053",50
"15114",2677.53341933945,"CAFI_P053",100
"15115",-1113.37647070157,"CAFI_P053",25
"15116",-1340.58146635754,"CAFI_P053",50
"15117",6582.94663245944,"CAFI_P053",100
"15118",-1428.79178639076,"CAFI_P053",25
"15119",-123.600207743526,"CAFI_P053",50
"15120",-1802.55710515715,"CAFI_P053",100
"15121",2662.53197935579,"CAFI_P053",25
"15122",-90.3897236237244,"CAFI_P053",50
"15123",55.6378112206585,"CAFI_P053",100
"15124",79.3972010044672,"CAFI_P053",25
"15125",-901.438089648087,"CAFI_P053",50
"15126",5882.65595787691,"CAFI_P053",100
"15127",-1239.39185095337,"CAFI_P053",25
"15128",1002.32966600126,"CAFI_P053",50
"15129",-110.78295096592,"CAFI_P053",100
"15130",180.531645603129,"CAFI_P053",25
"15131",133.605904218595,"CAFI_P053",50
"15132",3191.09519836551,"CAFI_P053",100
"15133",-331.183072575514,"CAFI_P053",25
"15134",1877.60804990039,"CAFI_P053",50
"15135",3694.22368570021,"CAFI_P053",100
"15136",-129.407347596629,"CAFI_P053",25
"15137",1134.74894831804,"CAFI_P053",50
"15138",3678.71855352342,"CAFI_P053",100
"15139",-1724.82943758401,"CAFI_P053",25
"15140",1608.08979807564,"CAFI_P053",50
"15141",1006.07285532096,"CAFI_P053",100
"15142",-583.740823164029,"CAFI_P053",25
"15143",150.238123213057,"CAFI_P053",50
"15144",-669.546527969418,"CAFI_P053",100
"15145",-1205.34463408645,"CAFI_P053",25
"15146",-115.861940475937,"CAFI_P053",50
"15147",-1312.29143512205,"CAFI_P053",100
"15148",96.951003955066,"CAFI_P053",25
"15149",-644.434587047552,"CAFI_P053",50
"15150",1318.30835265209,"CAFI_P053",100
"15151",314.595059453626,"CAFI_P053",25
"15152",2929.66001945062,"CAFI_P053",50
"15153",3856.91353826231,"CAFI_P053",100
"15154",-1395.87112433804,"CAFI_P053",25
"15155",982.162060025439,"CAFI_P053",50
"15156",1451.40009986609,"CAFI_P053",100
"15157",-102.986141246249,"CAFI_P053",25
"15158",948.113164183305,"CAFI_P053",50
"15159",552.339845887094,"CAFI_P053",100
"15160",-153.126464915404,"CAFI_P053",25
"15161",3655.76251777675,"CAFI_P053",50
"15162",-1587.06967217327,"CAFI_P053",100
"15163",1512.22789618812,"CAFI_P053",25
"15164",314.601394191966,"CAFI_P053",50
"15165",4403.86671607461,"CAFI_P053",100
"15166",-1458.25304508864,"CAFI_P053",25
"15167",1499.67628826789,"CAFI_P053",50
"15168",-2145.82605167196,"CAFI_P053",100
"15169",-109.749764452165,"CAFI_P053",25
"15170",3799.85883671086,"CAFI_P053",50
"15171",1932.62622468144,"CAFI_P053",100
"15172",1083.38891438424,"CAFI_P053",25
"15173",2933.85137275432,"CAFI_P053",50
"15174",3891.08356374348,"CAFI_P053",100
"15175",1464.50707786129,"CAFI_P053",25
"15176",1062.34676656275,"CAFI_P053",50
"15177",-1034.08009089727,"CAFI_P053",100
"15178",315.970769986918,"CAFI_P053",25
"15179",-15.5378349926032,"CAFI_P053",50
"15180",518.610201430885,"CAFI_P053",100
"15181",362.490385175362,"CAFI_P053",25
"15182",-1009.15605272781,"CAFI_P053",50
"15183",4187.01437935553,"CAFI_P053",100
"15184",-1470.93677429378,"CAFI_P053",25
"15185",1409.3053224179,"CAFI_P053",50
"15186",-1436.5003798641,"CAFI_P053",100
"15187",1284.37801679023,"CAFI_P053",25
"15188",1831.34014528285,"CAFI_P053",50
"15189",470.91236876219,"CAFI_P053",100
"15190",-621.739679791091,"CAFI_P053",25
"15191",4379.45724348933,"CAFI_P053",50
"15192",-1593.45957121463,"CAFI_P053",100
"15193",-1570.4967077506,"CAFI_P053",25
"15194",1378.32257999678,"CAFI_P053",50
"15195",-326.286047447647,"CAFI_P053",100
"15196",1129.24663952275,"CAFI_P053",25
"15197",58.7686110511422,"CAFI_P053",50
"15198",6159.7353704024,"CAFI_P053",100
"15199",-247.74269851172,"CAFI_P053",25
"15200",-0.728842189710122,"CAFI_P053",50
"15201",1406.38974710726,"CAFI_P053",100
"15202",1043.82725398304,"CAFI_P053",25
"15203",1407.97362390187,"CAFI_P053",50
"15204",3535.78707346151,"CAFI_P053",100
"15205",7799.02681892476,"CAFI_P053",25
"15206",14.4841249603196,"CAFI_P053",50
"15207",-175.100347579923,"CAFI_P053",100
"15208",-1329.19987242034,"CAFI_P053",25
"15209",-1893.62560107937,"CAFI_P053",50
"15210",3318.2110398915,"CAFI_P053",100
"15211",-1129.90950155395,"CAFI_P053",25
"15212",4228.55821407805,"CAFI_P053",50
"15213",809.211399937485,"CAFI_P053",100
"15214",1875.75598520492,"CAFI_P053",25
"15215",379.409142593417,"CAFI_P053",50
"15216",-223.615722252725,"CAFI_P053",100
"15217",1212.93811772615,"CAFI_P053",25
"15218",-659.283166711975,"CAFI_P053",50
"15219",-1680.73425890945,"CAFI_P053",100
"15220",-334.355698957399,"CAFI_P053",25
"15221",-1888.6518701617,"CAFI_P053",50
"15222",3611.80738196929,"CAFI_P053",100
"15223",60.6291477023333,"CAFI_P053",25
"15224",1168.7752096089,"CAFI_P053",50
"15225",1990.30413676487,"CAFI_P053",100
"15226",-163.981569697411,"CAFI_P053",25
"15227",-1213.05960356005,"CAFI_P053",50
"15228",480.006790597661,"CAFI_P053",100
"15229",-1491.30102775883,"CAFI_P053",25
"15230",-1424.26052976225,"CAFI_P053",50
"15231",861.795440494199,"CAFI_P053",100
"15232",-1964.681050716,"CAFI_P053",25
"15233",2069.95199740044,"CAFI_P053",50
"15234",-72.5887259600277,"CAFI_P053",100
"15235",6178.35746357209,"CAFI_P053",25
"15236",869.283377338172,"CAFI_P053",50
"15237",548.131178680225,"CAFI_P053",100
"15238",338.574090032227,"CAFI_P053",25
"15239",498.530864801665,"CAFI_P053",50
"15240",1628.93086599794,"CAFI_P053",100
"15241",-1434.06660779213,"CAFI_P053",25
"15242",861.006861473405,"CAFI_P053",50
"15243",-370.530288140348,"CAFI_P053",100
"15244",219.369137897069,"CAFI_P053",25
"15245",-1592.29629815809,"CAFI_P053",50
"15246",7201.92462123625,"CAFI_P053",100
"15247",-1736.5455064447,"CAFI_P053",25
"15248",-90.1916979582456,"CAFI_P053",50
"15249",960.777677195816,"CAFI_P053",100
"15250",-2068.34309278283,"CAFI_P053",25
"15251",3471.8039744893,"CAFI_P053",50
"15252",-237.820559197397,"CAFI_P053",100
"15253",109.451718000142,"CAFI_P053",25
"15254",2040.24121533925,"CAFI_P053",50
"15255",-1178.34843923783,"CAFI_P053",100
"15256",-1200.40170919412,"CAFI_P053",25
"15257",776.937966123369,"CAFI_P053",50
"15258",2937.21895989531,"CAFI_P053",100
"15259",978.832576066401,"CAFI_P053",25
"15260",-170.17076516946,"CAFI_P053",50
"15261",1099.69084703343,"CAFI_P053",100
"15262",-531.49078585516,"CAFI_P053",25
"15263",1793.58702040307,"CAFI_P053",50
"15264",-1007.00924392242,"CAFI_P053",100
"15265",212.901252033713,"CAFI_P053",25
"15266",-398.920979704446,"CAFI_P053",50
"15267",3113.60863469407,"CAFI_P053",100
"15268",-1789.11887659828,"CAFI_P053",25
"15269",5123.90717431178,"CAFI_P053",50
"15270",7301.06833186484,"CAFI_P053",100
"15271",-1326.87854928037,"CAFI_P053",25
"15272",1564.16745310518,"CAFI_P053",50
"15273",7676.56473251196,"CAFI_P053",100
"15274",-986.875527186727,"CAFI_P053",25
"15275",-965.473650780914,"CAFI_P053",50
"15276",2738.88515155821,"CAFI_P053",100
"15277",782.263247452298,"CAFI_P053",25
"15278",1186.68413885689,"CAFI_P053",50
"15279",84.4768626102014,"CAFI_P053",100
"15280",-1287.60146235544,"CAFI_P053",25
"15281",1001.32843287796,"CAFI_P053",50
"15282",-2234.42467221202,"CAFI_P053",100
"15283",661.361379979469,"CAFI_P053",25
"15284",-547.971534695884,"CAFI_P053",50
"15285",9.51627401125734,"CAFI_P053",100
"15286",-1352.6033193373,"CAFI_P053",25
"15287",7930.24693929908,"CAFI_P053",50
"15288",-1313.66863991207,"CAFI_P053",100
"15289",1914.62333734735,"CAFI_P053",25
"15290",347.780805773888,"CAFI_P053",50
"15291",-1033.85093360709,"CAFI_P053",100
"15292",150.224938132684,"CAFI_P053",25
"15293",1858.64849878606,"CAFI_P053",50
"15294",4682.44627468701,"CAFI_P053",100
"15295",-1050.42550195698,"CAFI_P053",25
"15296",1477.07062655455,"CAFI_P053",50
"15297",7399.840054926,"CAFI_P053",100
"15298",-1463.82870355353,"CAFI_P053",25
"15299",999.748186684941,"CAFI_P053",50
"15300",6226.68387199208,"CAFI_P053",100
"15301",-4551.44320209557,"CAFI_P055",25
"15302",-9216.68371204037,"CAFI_P055",50
"15303",-14303.3874169848,"CAFI_P055",100
"15304",15464.0793692449,"CAFI_P055",25
"15305",-7562.90168161201,"CAFI_P055",50
"15306",-7936.41599233221,"CAFI_P055",100
"15307",1193.97630514775,"CAFI_P055",25
"15308",-7235.19709361572,"CAFI_P055",50
"15309",-8456.69062077173,"CAFI_P055",100
"15310",-11116.6914230207,"CAFI_P055",25
"15311",-11867.0413118825,"CAFI_P055",50
"15312",-8657.98688899708,"CAFI_P055",100
"15313",2446.93776778236,"CAFI_P055",25
"15314",-1058.62841096893,"CAFI_P055",50
"15315",-15098.4969709459,"CAFI_P055",100
"15316",-2417.62524521619,"CAFI_P055",25
"15317",-12485.6451830326,"CAFI_P055",50
"15318",-16292.5886674224,"CAFI_P055",100
"15319",-6191.64895774645,"CAFI_P055",25
"15320",-2052.80310820742,"CAFI_P055",50
"15321",-26039.6571233095,"CAFI_P055",100
"15322",-2558.37812616111,"CAFI_P055",25
"15323",-4162.66627818381,"CAFI_P055",50
"15324",1975.85973609029,"CAFI_P055",100
"15325",-4415.17359857092,"CAFI_P055",25
"15326",2470.18877318909,"CAFI_P055",50
"15327",-8831.80077161902,"CAFI_P055",100
"15328",-2207.92208876321,"CAFI_P055",25
"15329",-17770.9219122377,"CAFI_P055",50
"15330",-23563.2044876344,"CAFI_P055",100
"15331",-2379.73691075871,"CAFI_P055",25
"15332",-11154.7911345033,"CAFI_P055",50
"15333",11860.7646167999,"CAFI_P055",100
"15334",134.109876429255,"CAFI_P055",25
"15335",-2915.79091254208,"CAFI_P055",50
"15336",-24259.5626037001,"CAFI_P055",100
"15337",-2575.51100854279,"CAFI_P055",25
"15338",-4346.22696656885,"CAFI_P055",50
"15339",-12893.7394515561,"CAFI_P055",100
"15340",2161.81076544785,"CAFI_P055",25
"15341",-10198.2151708442,"CAFI_P055",50
"15342",-28570.0463956499,"CAFI_P055",100
"15343",2851.36065630161,"CAFI_P055",25
"15344",-2793.34651083726,"CAFI_P055",50
"15345",-1396.03992972826,"CAFI_P055",100
"15346",-3691.70430358051,"CAFI_P055",25
"15347",3109.70409346989,"CAFI_P055",50
"15348",-22801.375500183,"CAFI_P055",100
"15349",4018.3263162417,"CAFI_P055",25
"15350",-8131.43106316304,"CAFI_P055",50
"15351",-6057.81672964821,"CAFI_P055",100
"15352",-328.466541017173,"CAFI_P055",25
"15353",10435.928148121,"CAFI_P055",50
"15354",-18864.0023912566,"CAFI_P055",100
"15355",-755.184578762273,"CAFI_P055",25
"15356",-11498.381474392,"CAFI_P055",50
"15357",-9048.65637334983,"CAFI_P055",100
"15358",-8965.20130402793,"CAFI_P055",25
"15359",-5575.93265610444,"CAFI_P055",50
"15360",-25429.3480867678,"CAFI_P055",100
"15361",-4532.80735674786,"CAFI_P055",25
"15362",-11038.3821104559,"CAFI_P055",50
"15363",-7755.26457512629,"CAFI_P055",100
"15364",-4962.92276044108,"CAFI_P055",25
"15365",2172.44457094406,"CAFI_P055",50
"15366",-14604.0989352691,"CAFI_P055",100
"15367",-2224.02884466818,"CAFI_P055",25
"15368",-617.027707171743,"CAFI_P055",50
"15369",-22589.6570996905,"CAFI_P055",100
"15370",-2244.24795804895,"CAFI_P055",25
"15371",-7209.27323434514,"CAFI_P055",50
"15372",-3804.70160194184,"CAFI_P055",100
"15373",-4759.50247617601,"CAFI_P055",25
"15374",-14347.5099543355,"CAFI_P055",50
"15375",-16549.277179039,"CAFI_P055",100
"15376",-5586.52593755274,"CAFI_P055",25
"15377",-10893.1196750239,"CAFI_P055",50
"15378",-2256.82914407703,"CAFI_P055",100
"15379",-822.986147200223,"CAFI_P055",25
"15380",-21515.8999442269,"CAFI_P055",50
"15381",-13929.785485396,"CAFI_P055",100
"15382",-5201.82788283186,"CAFI_P055",25
"15383",-2446.57249675901,"CAFI_P055",50
"15384",-16851.4569824957,"CAFI_P055",100
"15385",-4359.74620005646,"CAFI_P055",25
"15386",-18042.1377088205,"CAFI_P055",50
"15387",-22016.1459334402,"CAFI_P055",100
"15388",1444.86723440868,"CAFI_P055",25
"15389",882.272560678248,"CAFI_P055",50
"15390",-13131.8173585563,"CAFI_P055",100
"15391",-6539.71954828204,"CAFI_P055",25
"15392",-14990.2737969609,"CAFI_P055",50
"15393",-5846.50971204235,"CAFI_P055",100
"15394",-4744.86483837327,"CAFI_P055",25
"15395",-6442.73467670573,"CAFI_P055",50
"15396",-11917.0669894902,"CAFI_P055",100
"15397",-5765.51304097066,"CAFI_P055",25
"15398",-21563.6883518,"CAFI_P055",50
"15399",-38.1264514957438,"CAFI_P055",100
"15400",5486.80644245743,"CAFI_P055",25
"15401",-12075.2496132619,"CAFI_P055",50
"15402",-18586.5045436352,"CAFI_P055",100
"15403",952.980839029944,"CAFI_P055",25
"15404",899.156742655672,"CAFI_P055",50
"15405",-13254.0585311644,"CAFI_P055",100
"15406",-7970.28308592504,"CAFI_P055",25
"15407",-6090.77027778525,"CAFI_P055",50
"15408",-12375.9445189112,"CAFI_P055",100
"15409",734.664987584983,"CAFI_P055",25
"15410",-18322.2594521041,"CAFI_P055",50
"15411",-8880.99414959934,"CAFI_P055",100
"15412",-10773.8717924572,"CAFI_P055",25
"15413",29.9010211919085,"CAFI_P055",50
"15414",-19757.3136703591,"CAFI_P055",100
"15415",-9059.18166702287,"CAFI_P055",25
"15416",-4388.27245547483,"CAFI_P055",50
"15417",-5129.61103409115,"CAFI_P055",100
"15418",-2149.99227582978,"CAFI_P055",25
"15419",7050.93814769038,"CAFI_P055",50
"15420",-9994.3640009028,"CAFI_P055",100
"15421",1731.30046916933,"CAFI_P055",25
"15422",-17321.9595925157,"CAFI_P055",50
"15423",-4541.90938310121,"CAFI_P055",100
"15424",-12016.9264574329,"CAFI_P055",25
"15425",-17130.0256630363,"CAFI_P055",50
"15426",-12402.4083364385,"CAFI_P055",100
"15427",-5748.50280119717,"CAFI_P055",25
"15428",-4220.83041362249,"CAFI_P055",50
"15429",-19668.8877612583,"CAFI_P055",100
"15430",-2872.60872402636,"CAFI_P055",25
"15431",-2917.14059252181,"CAFI_P055",50
"15432",-4122.4773395611,"CAFI_P055",100
"15433",-6972.27674089378,"CAFI_P055",25
"15434",-11945.0251718634,"CAFI_P055",50
"15435",-3161.61896535289,"CAFI_P055",100
"15436",-4745.27704992495,"CAFI_P055",25
"15437",-8592.40378280275,"CAFI_P055",50
"15438",-17776.4948078386,"CAFI_P055",100
"15439",744.216351835174,"CAFI_P055",25
"15440",-11137.7866051989,"CAFI_P055",50
"15441",-11662.4417864117,"CAFI_P055",100
"15442",-9173.55843395967,"CAFI_P055",25
"15443",-2976.3521004995,"CAFI_P055",50
"15444",-5165.33492820023,"CAFI_P055",100
"15445",2512.57689846668,"CAFI_P055",25
"15446",-828.93918466894,"CAFI_P055",50
"15447",-2510.7238768423,"CAFI_P055",100
"15448",2453.24553374888,"CAFI_P055",25
"15449",2142.43435149046,"CAFI_P055",50
"15450",-17668.2461495497,"CAFI_P055",100
"15451",-3030.32391548168,"CAFI_P055",25
"15452",2279.2852031003,"CAFI_P055",50
"15453",-5665.66414006683,"CAFI_P055",100
"15454",-7612.77460367908,"CAFI_P055",25
"15455",-772.0437320653,"CAFI_P055",50
"15456",5453.22760333098,"CAFI_P055",100
"15457",2266.76144199778,"CAFI_P055",25
"15458",1256.39489933435,"CAFI_P055",50
"15459",-21058.8037999127,"CAFI_P055",100
"15460",9225.54917560762,"CAFI_P055",25
"15461",-7071.76522651926,"CAFI_P055",50
"15462",-20647.7659139468,"CAFI_P055",100
"15463",200.892666255007,"CAFI_P055",25
"15464",-5464.44667706225,"CAFI_P055",50
"15465",-9803.87857235433,"CAFI_P055",100
"15466",-9152.33916990593,"CAFI_P055",25
"15467",4766.86039160407,"CAFI_P055",50
"15468",17150.1669856786,"CAFI_P055",100
"15469",6098.5336245377,"CAFI_P055",25
"15470",1087.13848090317,"CAFI_P055",50
"15471",-18703.1023307189,"CAFI_P055",100
"15472",-7884.12571632932,"CAFI_P055",25
"15473",-6903.96381607518,"CAFI_P055",50
"15474",-21223.5044797744,"CAFI_P055",100
"15475",1038.71503986389,"CAFI_P055",25
"15476",-5371.1464003562,"CAFI_P055",50
"15477",-15696.6817456922,"CAFI_P055",100
"15478",-8003.65320826496,"CAFI_P055",25
"15479",8627.77114692063,"CAFI_P055",50
"15480",-4866.95828406711,"CAFI_P055",100
"15481",-898.424844971567,"CAFI_P055",25
"15482",-23724.2017756113,"CAFI_P055",50
"15483",-2345.94134752906,"CAFI_P055",100
"15484",-12967.6655319748,"CAFI_P055",25
"15485",15475.4540357148,"CAFI_P055",50
"15486",-14596.3351798134,"CAFI_P055",100
"15487",4723.63076116308,"CAFI_P055",25
"15488",-11939.6461220473,"CAFI_P055",50
"15489",-12937.6982688584,"CAFI_P055",100
"15490",7010.24157411087,"CAFI_P055",25
"15491",-4228.6612065449,"CAFI_P055",50
"15492",-13845.4219015672,"CAFI_P055",100
"15493",-9829.81825230841,"CAFI_P055",25
"15494",4235.37165395066,"CAFI_P055",50
"15495",-24562.4613909979,"CAFI_P055",100
"15496",-3092.74508301786,"CAFI_P055",25
"15497",-13981.6758420755,"CAFI_P055",50
"15498",-10715.8733608611,"CAFI_P055",100
"15499",5247.4448151504,"CAFI_P055",25
"15500",-19151.9459849943,"CAFI_P055",50
"15501",-12502.8636670207,"CAFI_P055",100
"15502",7111.49086319917,"CAFI_P055",25
"15503",-5536.93864580238,"CAFI_P055",50
"15504",-16984.9784699872,"CAFI_P055",100
"15505",848.872874264489,"CAFI_P055",25
"15506",-8788.70270673372,"CAFI_P055",50
"15507",8974.07818700909,"CAFI_P055",100
"15508",-3019.56970174063,"CAFI_P055",25
"15509",-4991.05435706902,"CAFI_P055",50
"15510",-18803.4061196347,"CAFI_P055",100
"15511",-5631.07475309417,"CAFI_P055",25
"15512",4707.1370549358,"CAFI_P055",50
"15513",-5251.40755348123,"CAFI_P055",100
"15514",-860.872524909733,"CAFI_P055",25
"15515",-7568.2373670853,"CAFI_P055",50
"15516",-19097.0504406629,"CAFI_P055",100
"15517",-9526.35495868517,"CAFI_P055",25
"15518",-1274.23478817038,"CAFI_P055",50
"15519",-8032.72377815022,"CAFI_P055",100
"15520",2998.25569830445,"CAFI_P055",25
"15521",-11710.2920879918,"CAFI_P055",50
"15522",-18617.3390482481,"CAFI_P055",100
"15523",5035.3270151224,"CAFI_P055",25
"15524",8714.75678160647,"CAFI_P055",50
"15525",-24176.3089218781,"CAFI_P055",100
"15526",-711.026976290043,"CAFI_P055",25
"15527",-3491.91883753159,"CAFI_P055",50
"15528",-11461.5517854675,"CAFI_P055",100
"15529",-9918.56635860016,"CAFI_P055",25
"15530",-16430.8209501796,"CAFI_P055",50
"15531",-4360.16176915111,"CAFI_P055",100
"15532",436.690090372402,"CAFI_P055",25
"15533",-10268.9150831956,"CAFI_P055",50
"15534",-12063.5780950785,"CAFI_P055",100
"15535",3487.84921098739,"CAFI_P055",25
"15536",4598.92155400314,"CAFI_P055",50
"15537",-7382.5583693306,"CAFI_P055",100
"15538",1290.38129317376,"CAFI_P055",25
"15539",-8169.96707696299,"CAFI_P055",50
"15540",-9679.89901325078,"CAFI_P055",100
"15541",7844.93901043688,"CAFI_P055",25
"15542",-16267.7887157009,"CAFI_P055",50
"15543",-13195.0172395161,"CAFI_P055",100
"15544",7543.96480276226,"CAFI_P055",25
"15545",-10891.1225614601,"CAFI_P055",50
"15546",-11276.6661897924,"CAFI_P055",100
"15547",-2928.14121592726,"CAFI_P055",25
"15548",-2466.65922984132,"CAFI_P055",50
"15549",1008.88727178331,"CAFI_P055",100
"15550",-414.229049175978,"CAFI_P055",25
"15551",-8580.1736615118,"CAFI_P055",50
"15552",-20920.8601684688,"CAFI_P055",100
"15553",-9409.25467056863,"CAFI_P055",25
"15554",-2835.85928164126,"CAFI_P055",50
"15555",-10280.8794087378,"CAFI_P055",100
"15556",-5294.47237964632,"CAFI_P055",25
"15557",-5960.4513252076,"CAFI_P055",50
"15558",-9105.92385426699,"CAFI_P055",100
"15559",-7918.22601596959,"CAFI_P055",25
"15560",-8324.28253302263,"CAFI_P055",50
"15561",-11600.4641866147,"CAFI_P055",100
"15562",-6458.48078540229,"CAFI_P055",25
"15563",-8196.49670974433,"CAFI_P055",50
"15564",-7001.72025579063,"CAFI_P055",100
"15565",-11087.5312384488,"CAFI_P055",25
"15566",9523.07563040958,"CAFI_P055",50
"15567",-16599.402947465,"CAFI_P055",100
"15568",-647.785699387197,"CAFI_P055",25
"15569",-2080.50081994588,"CAFI_P055",50
"15570",-22866.1805913038,"CAFI_P055",100
"15571",-4328.80268128926,"CAFI_P055",25
"15572",-10504.0459959375,"CAFI_P055",50
"15573",-11029.500938599,"CAFI_P055",100
"15574",-3094.80673493556,"CAFI_P055",25
"15575",1385.43600729562,"CAFI_P055",50
"15576",-12033.6435659443,"CAFI_P055",100
"15577",2260.74665504845,"CAFI_P055",25
"15578",481.440537128074,"CAFI_P055",50
"15579",-12852.392555673,"CAFI_P055",100
"15580",-3396.48717222607,"CAFI_P055",25
"15581",3607.15605741797,"CAFI_P055",50
"15582",-18162.5922708171,"CAFI_P055",100
"15583",1238.585189996,"CAFI_P055",25
"15584",-4573.57140736148,"CAFI_P055",50
"15585",-7341.64216501138,"CAFI_P055",100
"15586",-816.278415322537,"CAFI_P055",25
"15587",-12756.1247279441,"CAFI_P055",50
"15588",-9814.86968807754,"CAFI_P055",100
"15589",-1223.19479143858,"CAFI_P055",25
"15590",-6259.00203717692,"CAFI_P055",50
"15591",-14440.5088545518,"CAFI_P055",100
"15592",-12616.5152188634,"CAFI_P055",25
"15593",7804.30264123576,"CAFI_P055",50
"15594",-16126.7546668091,"CAFI_P055",100
"15595",-4673.31344579352,"CAFI_P055",25
"15596",-12463.120978145,"CAFI_P055",50
"15597",-13403.0473057815,"CAFI_P055",100
"15598",-3514.91716128116,"CAFI_P055",25
"15599",-8191.30734572385,"CAFI_P055",50
"15600",-11585.492115927,"CAFI_P055",100
"15601",-2490.98399259147,"CAFI_P056",25
"15602",-2868.8549129852,"CAFI_P056",50
"15603",1389.44467402092,"CAFI_P056",100
"15604",-2522.57317350966,"CAFI_P056",25
"15605",-2309.61898477598,"CAFI_P056",50
"15606",-2616.97095913634,"CAFI_P056",100
"15607",-176.416441270601,"CAFI_P056",25
"15608",-3099.05197204485,"CAFI_P056",50
"15609",-6191.25355306221,"CAFI_P056",100
"15610",-3191.78269197993,"CAFI_P056",25
"15611",-7834.98609596165,"CAFI_P056",50
"15612",-9047.30364401834,"CAFI_P056",100
"15613",-186.964111904701,"CAFI_P056",25
"15614",190.934160541277,"CAFI_P056",50
"15615",-7419.55130881502,"CAFI_P056",100
"15616",-708.776824465283,"CAFI_P056",25
"15617",615.487101552179,"CAFI_P056",50
"15618",-8535.32541213518,"CAFI_P056",100
"15619",-1276.96899830674,"CAFI_P056",25
"15620",-5516.78959107865,"CAFI_P056",50
"15621",-7190.21197947086,"CAFI_P056",100
"15622",1146.81745693741,"CAFI_P056",25
"15623",-1475.55774608892,"CAFI_P056",50
"15624",-7373.0306348771,"CAFI_P056",100
"15625",-1318.24911810775,"CAFI_P056",25
"15626",-4835.13565028063,"CAFI_P056",50
"15627",-7677.52958114356,"CAFI_P056",100
"15628",-4618.71488599529,"CAFI_P056",25
"15629",-3462.24971009366,"CAFI_P056",50
"15630",-816.313682366163,"CAFI_P056",100
"15631",-227.993352422636,"CAFI_P056",25
"15632",-4624.37493106148,"CAFI_P056",50
"15633",-7602.35148917095,"CAFI_P056",100
"15634",-6403.98552999082,"CAFI_P056",25
"15635",-1290.3870766567,"CAFI_P056",50
"15636",-4654.91605043347,"CAFI_P056",100
"15637",-4184.18450953069,"CAFI_P056",25
"15638",-1415.55714641893,"CAFI_P056",50
"15639",-8620.2993384226,"CAFI_P056",100
"15640",-278.377518851412,"CAFI_P056",25
"15641",-4982.24722884473,"CAFI_P056",50
"15642",-7162.06653885196,"CAFI_P056",100
"15643",-7323.50680243745,"CAFI_P056",25
"15644",-1380.67186233775,"CAFI_P056",50
"15645",-6742.422752349,"CAFI_P056",100
"15646",174.29238678109,"CAFI_P056",25
"15647",-3415.27866818411,"CAFI_P056",50
"15648",-8392.67036267548,"CAFI_P056",100
"15649",-2740.83893848467,"CAFI_P056",25
"15650",-3360.17328202081,"CAFI_P056",50
"15651",-3013.9536629221,"CAFI_P056",100
"15652",-1115.26711325654,"CAFI_P056",25
"15653",-1162.42175616298,"CAFI_P056",50
"15654",-8391.8946487475,"CAFI_P056",100
"15655",-501.813427966394,"CAFI_P056",25
"15656",-2605.76648495412,"CAFI_P056",50
"15657",-5154.98046052836,"CAFI_P056",100
"15658",-3422.94709200012,"CAFI_P056",25
"15659",122.208119868941,"CAFI_P056",50
"15660",-7693.38211048409,"CAFI_P056",100
"15661",-6627.81781836435,"CAFI_P056",25
"15662",-3153.34347945184,"CAFI_P056",50
"15663",-7616.45741824657,"CAFI_P056",100
"15664",-1739.62913385409,"CAFI_P056",25
"15665",-715.978234809183,"CAFI_P056",50
"15666",-4979.27365649721,"CAFI_P056",100
"15667",-2715.95334731312,"CAFI_P056",25
"15668",-4354.05466427231,"CAFI_P056",50
"15669",-2821.4481867068,"CAFI_P056",100
"15670",-1688.94070734328,"CAFI_P056",25
"15671",-628.917472928981,"CAFI_P056",50
"15672",-7145.45841428178,"CAFI_P056",100
"15673",-3578.19143749967,"CAFI_P056",25
"15674",-6951.03815262522,"CAFI_P056",50
"15675",-4664.25990568823,"CAFI_P056",100
"15676",-2681.94352459745,"CAFI_P056",25
"15677",-6046.54808747509,"CAFI_P056",50
"15678",-7342.75744749358,"CAFI_P056",100
"15679",-4128.30142445915,"CAFI_P056",25
"15680",1484.17062032208,"CAFI_P056",50
"15681",-5785.48780090387,"CAFI_P056",100
"15682",-1864.4816288796,"CAFI_P056",25
"15683",-3885.57148434634,"CAFI_P056",50
"15684",-7872.13713186704,"CAFI_P056",100
"15685",-216.778778089239,"CAFI_P056",25
"15686",-5987.81433348746,"CAFI_P056",50
"15687",-8427.48374606445,"CAFI_P056",100
"15688",-2488.34952482651,"CAFI_P056",25
"15689",-2596.00341348274,"CAFI_P056",50
"15690",-5224.17327541726,"CAFI_P056",100
"15691",1033.56046045563,"CAFI_P056",25
"15692",-6593.75005814644,"CAFI_P056",50
"15693",-8475.77295103222,"CAFI_P056",100
"15694",-5338.62025534023,"CAFI_P056",25
"15695",-7716.5586872726,"CAFI_P056",50
"15696",-5873.27225514843,"CAFI_P056",100
"15697",-5390.97787895569,"CAFI_P056",25
"15698",-2146.1608916384,"CAFI_P056",50
"15699",-8144.43538688123,"CAFI_P056",100
"15700",-4035.83983886782,"CAFI_P056",25
"15701",-6013.89290553752,"CAFI_P056",50
"15702",-3932.06900710252,"CAFI_P056",100
"15703",-854.237545384633,"CAFI_P056",25
"15704",-7313.14001876728,"CAFI_P056",50
"15705",-6878.07902879849,"CAFI_P056",100
"15706",2949.72151290489,"CAFI_P056",25
"15707",-4809.0118312284,"CAFI_P056",50
"15708",-7793.3516386711,"CAFI_P056",100
"15709",768.851667415875,"CAFI_P056",25
"15710",-7474.89681747583,"CAFI_P056",50
"15711",-6598.40759204376,"CAFI_P056",100
"15712",916.848802763809,"CAFI_P056",25
"15713",-3125.98694815459,"CAFI_P056",50
"15714",-7867.34068750631,"CAFI_P056",100
"15715",-2118.22708638432,"CAFI_P056",25
"15716",-5780.40832117001,"CAFI_P056",50
"15717",-5531.54170589766,"CAFI_P056",100
"15718",-1106.70070282051,"CAFI_P056",25
"15719",-7939.81314756813,"CAFI_P056",50
"15720",-9021.00101947671,"CAFI_P056",100
"15721",-4825.47144194769,"CAFI_P056",25
"15722",-2787.96120500701,"CAFI_P056",50
"15723",5519.67183989125,"CAFI_P056",100
"15724",-2022.00556286373,"CAFI_P056",25
"15725",484.158135749763,"CAFI_P056",50
"15726",-8801.5138424904,"CAFI_P056",100
"15727",-711.837354958232,"CAFI_P056",25
"15728",-4070.86021870254,"CAFI_P056",50
"15729",-8561.4807743394,"CAFI_P056",100
"15730",1420.64436182522,"CAFI_P056",25
"15731",-7626.29930914234,"CAFI_P056",50
"15732",-6852.64116583073,"CAFI_P056",100
"15733",-1093.74532019578,"CAFI_P056",25
"15734",-6764.73677385942,"CAFI_P056",50
"15735",-7199.74069981711,"CAFI_P056",100
"15736",-6082.82792576743,"CAFI_P056",25
"15737",-2301.76525666939,"CAFI_P056",50
"15738",-1594.92514887448,"CAFI_P056",100
"15739",-1569.65539947066,"CAFI_P056",25
"15740",-1347.66548455403,"CAFI_P056",50
"15741",-5723.36444584699,"CAFI_P056",100
"15742",828.091048328279,"CAFI_P056",25
"15743",-7104.29587815926,"CAFI_P056",50
"15744",-8310.21436813322,"CAFI_P056",100
"15745",-686.513562516891,"CAFI_P056",25
"15746",-6419.75195920128,"CAFI_P056",50
"15747",-6983.91834187752,"CAFI_P056",100
"15748",978.066351364949,"CAFI_P056",25
"15749",-724.457370133488,"CAFI_P056",50
"15750",-5667.02423014594,"CAFI_P056",100
"15751",-4708.14306884685,"CAFI_P056",25
"15752",-6360.73027370019,"CAFI_P056",50
"15753",-5031.53083771987,"CAFI_P056",100
"15754",3595.70219284231,"CAFI_P056",25
"15755",-1913.87299770206,"CAFI_P056",50
"15756",-6480.6854639183,"CAFI_P056",100
"15757",265.584765994645,"CAFI_P056",25
"15758",-6743.58777701859,"CAFI_P056",50
"15759",-667.125295218619,"CAFI_P056",100
"15760",-2280.65289868361,"CAFI_P056",25
"15761",2935.98051408373,"CAFI_P056",50
"15762",-4934.10745755603,"CAFI_P056",100
"15763",1163.06805886145,"CAFI_P056",25
"15764",-1025.09622823021,"CAFI_P056",50
"15765",-8214.68463786245,"CAFI_P056",100
"15766",-695.905456289722,"CAFI_P056",25
"15767",-5790.37010917101,"CAFI_P056",50
"15768",-8394.80426051987,"CAFI_P056",100
"15769",861.526362208504,"CAFI_P056",25
"15770",1067.8252905418,"CAFI_P056",50
"15771",-4251.62147904644,"CAFI_P056",100
"15772",3606.59426900116,"CAFI_P056",25
"15773",-317.155772892962,"CAFI_P056",50
"15774",-7286.78645441726,"CAFI_P056",100
"15775",-3118.81424518813,"CAFI_P056",25
"15776",-8568.19468458137,"CAFI_P056",50
"15777",-8143.31344002199,"CAFI_P056",100
"15778",685.669944106034,"CAFI_P056",25
"15779",-7110.09047934215,"CAFI_P056",50
"15780",-8232.11602654304,"CAFI_P056",100
"15781",-1321.86181793836,"CAFI_P056",25
"15782",-5066.89786113056,"CAFI_P056",50
"15783",-7631.36847976153,"CAFI_P056",100
"15784",-276.762634501953,"CAFI_P056",25
"15785",-8508.77764618213,"CAFI_P056",50
"15786",-8538.78241894748,"CAFI_P056",100
"15787",162.029194425617,"CAFI_P056",25
"15788",-5131.52462196631,"CAFI_P056",50
"15789",-7676.84903419398,"CAFI_P056",100
"15790",-4618.64117740393,"CAFI_P056",25
"15791",-1696.18864992727,"CAFI_P056",50
"15792",-7953.88933015354,"CAFI_P056",100
"15793",-2148.72753940757,"CAFI_P056",25
"15794",-6823.02348448685,"CAFI_P056",50
"15795",-8993.6292737786,"CAFI_P056",100
"15796",-3530.01710626706,"CAFI_P056",25
"15797",-3174.0578353665,"CAFI_P056",50
"15798",-7753.02628387755,"CAFI_P056",100
"15799",-4728.46923524849,"CAFI_P056",25
"15800",-2076.28342533311,"CAFI_P056",50
"15801",-8328.83314029248,"CAFI_P056",100
"15802",-4561.71144282311,"CAFI_P056",25
"15803",-3848.3132311162,"CAFI_P056",50
"15804",-9009.73711662534,"CAFI_P056",100
"15805",-103.250352522562,"CAFI_P056",25
"15806",-5961.82795004528,"CAFI_P056",50
"15807",-2834.49491114261,"CAFI_P056",100
"15808",-1251.75332597515,"CAFI_P056",25
"15809",-3468.62255053876,"CAFI_P056",50
"15810",-6958.57359119126,"CAFI_P056",100
"15811",1943.87314410126,"CAFI_P056",25
"15812",-4466.70163597693,"CAFI_P056",50
"15813",-2753.52482496682,"CAFI_P056",100
"15814",-1657.56519053913,"CAFI_P056",25
"15815",-6486.62529958042,"CAFI_P056",50
"15816",-8187.53293431622,"CAFI_P056",100
"15817",414.510737414166,"CAFI_P056",25
"15818",-5773.54371164984,"CAFI_P056",50
"15819",-8341.48985916337,"CAFI_P056",100
"15820",-6795.4910148434,"CAFI_P056",25
"15821",-5318.35642239817,"CAFI_P056",50
"15822",-5829.11933546077,"CAFI_P056",100
"15823",-5708.03650013135,"CAFI_P056",25
"15824",489.321942298338,"CAFI_P056",50
"15825",-7678.69762474234,"CAFI_P056",100
"15826",-4834.00450031798,"CAFI_P056",25
"15827",12.4427073651459,"CAFI_P056",50
"15828",-6824.94533184807,"CAFI_P056",100
"15829",-124.450778440456,"CAFI_P056",25
"15830",-3889.6170635013,"CAFI_P056",50
"15831",-6457.5224000725,"CAFI_P056",100
"15832",-2810.21348853056,"CAFI_P056",25
"15833",-542.150816040885,"CAFI_P056",50
"15834",-7053.9318084534,"CAFI_P056",100
"15835",-2207.86202992324,"CAFI_P056",25
"15836",-2459.27849317502,"CAFI_P056",50
"15837",-5232.25799288251,"CAFI_P056",100
"15838",-6247.12643262475,"CAFI_P056",25
"15839",-2622.74292386997,"CAFI_P056",50
"15840",-4914.12426076228,"CAFI_P056",100
"15841",-1172.02789215042,"CAFI_P056",25
"15842",-5559.19236632406,"CAFI_P056",50
"15843",-6050.63593204346,"CAFI_P056",100
"15844",-1497.07501383724,"CAFI_P056",25
"15845",-932.466877412691,"CAFI_P056",50
"15846",-5245.82138305645,"CAFI_P056",100
"15847",-3804.03537765497,"CAFI_P056",25
"15848",-2728.19293664579,"CAFI_P056",50
"15849",-2468.05507080093,"CAFI_P056",100
"15850",621.728488653651,"CAFI_P056",25
"15851",-5867.81111349376,"CAFI_P056",50
"15852",-8351.69052507517,"CAFI_P056",100
"15853",3232.57575109176,"CAFI_P056",25
"15854",-873.231058130463,"CAFI_P056",50
"15855",-8648.58444683491,"CAFI_P056",100
"15856",-4847.65295649967,"CAFI_P056",25
"15857",-2937.62178726117,"CAFI_P056",50
"15858",-7169.24793161661,"CAFI_P056",100
"15859",-1737.29437409181,"CAFI_P056",25
"15860",-6695.56116512587,"CAFI_P056",50
"15861",-7389.57952851844,"CAFI_P056",100
"15862",-3069.15679822945,"CAFI_P056",25
"15863",-5189.02267695121,"CAFI_P056",50
"15864",-5694.44476664929,"CAFI_P056",100
"15865",-491.066699293748,"CAFI_P056",25
"15866",-5505.74949519726,"CAFI_P056",50
"15867",-5412.8820195873,"CAFI_P056",100
"15868",-1898.13130262135,"CAFI_P056",25
"15869",-322.619974507266,"CAFI_P056",50
"15870",-7228.21360577586,"CAFI_P056",100
"15871",-369.372804555125,"CAFI_P056",25
"15872",-6849.49698867362,"CAFI_P056",50
"15873",-8305.48051405947,"CAFI_P056",100
"15874",-2717.86652729192,"CAFI_P056",25
"15875",-7369.63267721119,"CAFI_P056",50
"15876",-8539.8414211882,"CAFI_P056",100
"15877",-4790.97242431389,"CAFI_P056",25
"15878",533.365853588097,"CAFI_P056",50
"15879",-5476.63021249887,"CAFI_P056",100
"15880",-4325.98590925288,"CAFI_P056",25
"15881",-3484.03010299026,"CAFI_P056",50
"15882",-8336.12610993392,"CAFI_P056",100
"15883",941.808568358552,"CAFI_P056",25
"15884",-4212.83624577927,"CAFI_P056",50
"15885",-7103.17116913118,"CAFI_P056",100
"15886",-6363.8184207437,"CAFI_P056",25
"15887",-3453.77394591318,"CAFI_P056",50
"15888",-5632.22827578204,"CAFI_P056",100
"15889",241.297830914991,"CAFI_P056",25
"15890",-6934.11637831201,"CAFI_P056",50
"15891",-7790.56254480965,"CAFI_P056",100
"15892",-3982.25658383993,"CAFI_P056",25
"15893",-1212.35673526104,"CAFI_P056",50
"15894",-7559.85227534409,"CAFI_P056",100
"15895",-4351.22042612499,"CAFI_P056",25
"15896",2674.55479841727,"CAFI_P056",50
"15897",-8401.43353222484,"CAFI_P056",100
"15898",-222.163759081857,"CAFI_P056",25
"15899",-5645.63198683468,"CAFI_P056",50
"15900",-5295.66644890158,"CAFI_P056",100
"15901",711.979357508098,"CAFI_P057",25
"15902",-2633.21020366944,"CAFI_P057",50
"15903",3173.61144922912,"CAFI_P057",100
"15904",9210.78059204709,"CAFI_P057",25
"15905",-2490.8319721047,"CAFI_P057",50
"15906",-810.66468471635,"CAFI_P057",100
"15907",2079.21009853901,"CAFI_P057",25
"15908",11894.8822511583,"CAFI_P057",50
"15909",11501.2475542359,"CAFI_P057",100
"15910",2868.05413278515,"CAFI_P057",25
"15911",4382.25167378111,"CAFI_P057",50
"15912",-972.505798547587,"CAFI_P057",100
"15913",1685.55113412038,"CAFI_P057",25
"15914",-3150.64700040905,"CAFI_P057",50
"15915",7451.05939438404,"CAFI_P057",100
"15916",6107.17548274543,"CAFI_P057",25
"15917",174.744978718198,"CAFI_P057",50
"15918",569.157648563822,"CAFI_P057",100
"15919",3753.1023394698,"CAFI_P057",25
"15920",1862.74098726784,"CAFI_P057",50
"15921",13061.3820120089,"CAFI_P057",100
"15922",1281.67827263678,"CAFI_P057",25
"15923",-3741.55936350606,"CAFI_P057",50
"15924",345.067000774812,"CAFI_P057",100
"15925",3964.08143906714,"CAFI_P057",25
"15926",16990.0433680506,"CAFI_P057",50
"15927",13576.6058436961,"CAFI_P057",100
"15928",6913.4524758358,"CAFI_P057",25
"15929",4845.71989906047,"CAFI_P057",50
"15930",663.552120856213,"CAFI_P057",100
"15931",-3214.55316383234,"CAFI_P057",25
"15932",-3597.28682019535,"CAFI_P057",50
"15933",1425.57796111517,"CAFI_P057",100
"15934",-5247.29336279054,"CAFI_P057",25
"15935",16892.5651006871,"CAFI_P057",50
"15936",33011.7980357905,"CAFI_P057",100
"15937",-1126.08981822783,"CAFI_P057",25
"15938",13024.095797204,"CAFI_P057",50
"15939",4425.16741678418,"CAFI_P057",100
"15940",-4675.08435413463,"CAFI_P057",25
"15941",-4178.93285193547,"CAFI_P057",50
"15942",10869.8887341584,"CAFI_P057",100
"15943",-2093.836553261,"CAFI_P057",25
"15944",-5649.72630801375,"CAFI_P057",50
"15945",23973.9881910345,"CAFI_P057",100
"15946",62.7502946855966,"CAFI_P057",25
"15947",-2166.05408107225,"CAFI_P057",50
"15948",-3102.11583564727,"CAFI_P057",100
"15949",5612.45309595246,"CAFI_P057",25
"15950",7254.71218141084,"CAFI_P057",50
"15951",4096.42703712976,"CAFI_P057",100
"15952",-4184.64860474193,"CAFI_P057",25
"15953",10395.8717886197,"CAFI_P057",50
"15954",-664.786161816737,"CAFI_P057",100
"15955",3839.0400808769,"CAFI_P057",25
"15956",3613.31769723905,"CAFI_P057",50
"15957",1119.93591877355,"CAFI_P057",100
"15958",4503.89124402279,"CAFI_P057",25
"15959",4295.62746412633,"CAFI_P057",50
"15960",6030.19225845233,"CAFI_P057",100
"15961",-4980.76145345267,"CAFI_P057",25
"15962",-4735.58042015723,"CAFI_P057",50
"15963",-1511.88017041053,"CAFI_P057",100
"15964",3754.55686545689,"CAFI_P057",25
"15965",13414.5778132318,"CAFI_P057",50
"15966",5303.54673838694,"CAFI_P057",100
"15967",325.519172689877,"CAFI_P057",25
"15968",2598.9406806413,"CAFI_P057",50
"15969",294.00725633651,"CAFI_P057",100
"15970",5167.36796422044,"CAFI_P057",25
"15971",-1377.04030773256,"CAFI_P057",50
"15972",-5334.79792148137,"CAFI_P057",100
"15973",7032.71900177261,"CAFI_P057",25
"15974",4355.48015725487,"CAFI_P057",50
"15975",13134.5838623405,"CAFI_P057",100
"15976",4032.20284268571,"CAFI_P057",25
"15977",7251.67458283884,"CAFI_P057",50
"15978",1606.16482079629,"CAFI_P057",100
"15979",4895.6312278535,"CAFI_P057",25
"15980",7047.46646374758,"CAFI_P057",50
"15981",1019.79438006773,"CAFI_P057",100
"15982",7503.3236697946,"CAFI_P057",25
"15983",-2338.52148833129,"CAFI_P057",50
"15984",4927.82605265151,"CAFI_P057",100
"15985",-1614.97673493501,"CAFI_P057",25
"15986",4956.91693672826,"CAFI_P057",50
"15987",12432.3788793381,"CAFI_P057",100
"15988",-5009.67360097441,"CAFI_P057",25
"15989",8677.08180007141,"CAFI_P057",50
"15990",3401.3829964652,"CAFI_P057",100
"15991",3399.74318156685,"CAFI_P057",25
"15992",1950.45951400674,"CAFI_P057",50
"15993",-4097.59783000732,"CAFI_P057",100
"15994",-595.815770905319,"CAFI_P057",25
"15995",5028.90329220923,"CAFI_P057",50
"15996",-4732.20734879127,"CAFI_P057",100
"15997",-5107.90594339947,"CAFI_P057",25
"15998",11770.3866752175,"CAFI_P057",50
"15999",-1529.78241196132,"CAFI_P057",100
"16000",-3349.02698963697,"CAFI_P057",25
"16001",10394.4015678263,"CAFI_P057",50
"16002",13117.4961814504,"CAFI_P057",100
"16003",15378.36214215,"CAFI_P057",25
"16004",9409.51370787076,"CAFI_P057",50
"16005",1238.99528979295,"CAFI_P057",100
"16006",-330.704411942454,"CAFI_P057",25
"16007",-4358.26669766352,"CAFI_P057",50
"16008",-2522.16329659897,"CAFI_P057",100
"16009",7381.19459340276,"CAFI_P057",25
"16010",1706.27496859411,"CAFI_P057",50
"16011",11499.7741103176,"CAFI_P057",100
"16012",3753.24050826786,"CAFI_P057",25
"16013",-714.0572519009,"CAFI_P057",50
"16014",1194.94218849228,"CAFI_P057",100
"16015",1883.10131682575,"CAFI_P057",25
"16016",8702.43444302288,"CAFI_P057",50
"16017",873.371586142865,"CAFI_P057",100
"16018",-1052.39842926944,"CAFI_P057",25
"16019",-2336.3155723064,"CAFI_P057",50
"16020",-615.417567958677,"CAFI_P057",100
"16021",361.757435024105,"CAFI_P057",25
"16022",2169.0221600825,"CAFI_P057",50
"16023",4432.66876783414,"CAFI_P057",100
"16024",-815.969682404771,"CAFI_P057",25
"16025",1848.50751192882,"CAFI_P057",50
"16026",3401.57138642992,"CAFI_P057",100
"16027",1139.88730159131,"CAFI_P057",25
"16028",12022.4576782352,"CAFI_P057",50
"16029",3586.18452500823,"CAFI_P057",100
"16030",347.018215951888,"CAFI_P057",25
"16031",3439.73617840005,"CAFI_P057",50
"16032",13682.7874806128,"CAFI_P057",100
"16033",1480.92281253237,"CAFI_P057",25
"16034",6005.18129182357,"CAFI_P057",50
"16035",5001.73152873138,"CAFI_P057",100
"16036",-2776.92312933417,"CAFI_P057",25
"16037",11911.8335042801,"CAFI_P057",50
"16038",4171.18779723396,"CAFI_P057",100
"16039",5953.38794827482,"CAFI_P057",25
"16040",-2823.05520391185,"CAFI_P057",50
"16041",15296.4483230228,"CAFI_P057",100
"16042",-2219.58385093318,"CAFI_P057",25
"16043",4088.86591567169,"CAFI_P057",50
"16044",14064.6550566525,"CAFI_P057",100
"16045",3437.0730895687,"CAFI_P057",25
"16046",-3404.0669414658,"CAFI_P057",50
"16047",2307.43037986904,"CAFI_P057",100
"16048",2040.63150789886,"CAFI_P057",25
"16049",2255.97100849944,"CAFI_P057",50
"16050",-1673.36223650991,"CAFI_P057",100
"16051",-1212.63731957384,"CAFI_P057",25
"16052",577.946605534147,"CAFI_P057",50
"16053",-5434.29038689315,"CAFI_P057",100
"16054",-3035.97885637986,"CAFI_P057",25
"16055",6449.80663625165,"CAFI_P057",50
"16056",-4788.12965120046,"CAFI_P057",100
"16057",-2255.22349962129,"CAFI_P057",25
"16058",2183.58879865805,"CAFI_P057",50
"16059",5314.09275187016,"CAFI_P057",100
"16060",1356.93960638321,"CAFI_P057",25
"16061",203.753977332701,"CAFI_P057",50
"16062",14585.177831845,"CAFI_P057",100
"16063",11336.2227273641,"CAFI_P057",25
"16064",2181.03829402686,"CAFI_P057",50
"16065",-2255.16974246834,"CAFI_P057",100
"16066",-1995.93420560739,"CAFI_P057",25
"16067",2891.43366306616,"CAFI_P057",50
"16068",-1012.99763966943,"CAFI_P057",100
"16069",-3994.54869924652,"CAFI_P057",25
"16070",-359.593481857242,"CAFI_P057",50
"16071",10351.8818118689,"CAFI_P057",100
"16072",-1767.73965759465,"CAFI_P057",25
"16073",-4224.19742591516,"CAFI_P057",50
"16074",-2539.78185524838,"CAFI_P057",100
"16075",3094.51038623991,"CAFI_P057",25
"16076",-611.762670921307,"CAFI_P057",50
"16077",5985.10402757724,"CAFI_P057",100
"16078",3614.77191755787,"CAFI_P057",25
"16079",-1138.95347916745,"CAFI_P057",50
"16080",3327.21381839112,"CAFI_P057",100
"16081",3591.94632000069,"CAFI_P057",25
"16082",4509.73686183599,"CAFI_P057",50
"16083",7775.04151690524,"CAFI_P057",100
"16084",-373.206191032572,"CAFI_P057",25
"16085",6266.56934416972,"CAFI_P057",50
"16086",-633.791012406873,"CAFI_P057",100
"16087",-1366.28995006415,"CAFI_P057",25
"16088",9050.19864390831,"CAFI_P057",50
"16089",14183.6265091033,"CAFI_P057",100
"16090",-2587.65762419024,"CAFI_P057",25
"16091",5229.82870053037,"CAFI_P057",50
"16092",3254.89223745372,"CAFI_P057",100
"16093",2054.87245989943,"CAFI_P057",25
"16094",-61.2870443870197,"CAFI_P057",50
"16095",13414.426488291,"CAFI_P057",100
"16096",-3817.96328552946,"CAFI_P057",25
"16097",5689.65788452449,"CAFI_P057",50
"16098",3920.71972884503,"CAFI_P057",100
"16099",-2798.32118369994,"CAFI_P057",25
"16100",9446.72328193937,"CAFI_P057",50
"16101",356.281610845443,"CAFI_P057",100
"16102",-1111.05443584637,"CAFI_P057",25
"16103",13604.5924273228,"CAFI_P057",50
"16104",74.9727181101916,"CAFI_P057",100
"16105",-83.9060651831096,"CAFI_P057",25
"16106",2184.74413165453,"CAFI_P057",50
"16107",11132.4424735408,"CAFI_P057",100
"16108",-4348.43875589687,"CAFI_P057",25
"16109",9043.13147756466,"CAFI_P057",50
"16110",3804.29645859037,"CAFI_P057",100
"16111",-809.962558337545,"CAFI_P057",25
"16112",724.09982351755,"CAFI_P057",50
"16113",-7532.39164181583,"CAFI_P057",100
"16114",-1684.39428945223,"CAFI_P057",25
"16115",4766.17086501152,"CAFI_P057",50
"16116",-13243.6289585492,"CAFI_P057",100
"16117",536.816045580665,"CAFI_P057",25
"16118",-152.775801590818,"CAFI_P057",50
"16119",23416.3262688905,"CAFI_P057",100
"16120",-930.103716898622,"CAFI_P057",25
"16121",-707.630976158282,"CAFI_P057",50
"16122",-793.814613201394,"CAFI_P057",100
"16123",-335.669734758529,"CAFI_P057",25
"16124",8486.59541701138,"CAFI_P057",50
"16125",13779.2910184003,"CAFI_P057",100
"16126",9315.56073963852,"CAFI_P057",25
"16127",-773.597752980335,"CAFI_P057",50
"16128",-4482.05027590654,"CAFI_P057",100
"16129",1993.29992323491,"CAFI_P057",25
"16130",9899.71980883714,"CAFI_P057",50
"16131",10774.8177900208,"CAFI_P057",100
"16132",5801.78420977181,"CAFI_P057",25
"16133",-166.86797149395,"CAFI_P057",50
"16134",13544.8778979316,"CAFI_P057",100
"16135",547.23493511643,"CAFI_P057",25
"16136",9837.22297229711,"CAFI_P057",50
"16137",4488.97881600112,"CAFI_P057",100
"16138",-3169.11368947173,"CAFI_P057",25
"16139",12733.355102358,"CAFI_P057",50
"16140",10467.2660558955,"CAFI_P057",100
"16141",7779.22269991611,"CAFI_P057",25
"16142",4030.72200960832,"CAFI_P057",50
"16143",15943.0376532364,"CAFI_P057",100
"16144",-2151.5290482128,"CAFI_P057",25
"16145",15528.6895841152,"CAFI_P057",50
"16146",494.892525257659,"CAFI_P057",100
"16147",-173.570093361515,"CAFI_P057",25
"16148",284.658328526944,"CAFI_P057",50
"16149",3490.97368210545,"CAFI_P057",100
"16150",11645.1969092748,"CAFI_P057",25
"16151",18653.0161929704,"CAFI_P057",50
"16152",8372.10030991581,"CAFI_P057",100
"16153",-1754.60954769151,"CAFI_P057",25
"16154",-463.526359630981,"CAFI_P057",50
"16155",-2743.27894130128,"CAFI_P057",100
"16156",3039.60082595094,"CAFI_P057",25
"16157",2793.37098628719,"CAFI_P057",50
"16158",11823.966475411,"CAFI_P057",100
"16159",-9938.32683414459,"CAFI_P057",25
"16160",2157.6096251446,"CAFI_P057",50
"16161",2652.0278571228,"CAFI_P057",100
"16162",4180.75373920141,"CAFI_P057",25
"16163",1323.75427271461,"CAFI_P057",50
"16164",-5501.10512603028,"CAFI_P057",100
"16165",-89.3014537132694,"CAFI_P057",25
"16166",-2640.54351961313,"CAFI_P057",50
"16167",2178.13467513982,"CAFI_P057",100
"16168",-7548.56740153587,"CAFI_P057",25
"16169",4100.06552773862,"CAFI_P057",50
"16170",11465.1654812662,"CAFI_P057",100
"16171",-1003.18269196784,"CAFI_P057",25
"16172",-5134.15998657787,"CAFI_P057",50
"16173",324.933214545279,"CAFI_P057",100
"16174",-4428.48103035448,"CAFI_P057",25
"16175",4377.4145082921,"CAFI_P057",50
"16176",-7618.74919431977,"CAFI_P057",100
"16177",9887.90619637998,"CAFI_P057",25
"16178",-10183.9030260537,"CAFI_P057",50
"16179",-7734.35104147418,"CAFI_P057",100
"16180",1372.54075057362,"CAFI_P057",25
"16181",600.095748317777,"CAFI_P057",50
"16182",10955.435034903,"CAFI_P057",100
"16183",2237.29715706516,"CAFI_P057",25
"16184",6722.63148749329,"CAFI_P057",50
"16185",14669.2541777868,"CAFI_P057",100
"16186",-597.284400192031,"CAFI_P057",25
"16187",-6775.37110750622,"CAFI_P057",50
"16188",8632.08331843722,"CAFI_P057",100
"16189",7410.75565920916,"CAFI_P057",25
"16190",14614.5856056671,"CAFI_P057",50
"16191",11026.9954351434,"CAFI_P057",100
"16192",6109.61803392298,"CAFI_P057",25
"16193",839.81019949555,"CAFI_P057",50
"16194",22448.5601567053,"CAFI_P057",100
"16195",5086.71552396182,"CAFI_P057",25
"16196",13666.2535603163,"CAFI_P057",50
"16197",-6.50218858176959,"CAFI_P057",100
"16198",77.6972252700943,"CAFI_P057",25
"16199",-948.787732258381,"CAFI_P057",50
"16200",6770.33558148245,"CAFI_P057",100
"16201",7211.79679317778,"CAFI_P058",25
"16202",3285.62573356691,"CAFI_P058",50
"16203",-624.389146243106,"CAFI_P058",100
"16204",3305.26653490082,"CAFI_P058",25
"16205",-1636.99465634263,"CAFI_P058",50
"16206",4365.93848452377,"CAFI_P058",100
"16207",5192.66087753006,"CAFI_P058",25
"16208",3690.20477321799,"CAFI_P058",50
"16209",21593.3949139346,"CAFI_P058",100
"16210",135.207710919698,"CAFI_P058",25
"16211",5406.04526301046,"CAFI_P058",50
"16212",10864.2208684293,"CAFI_P058",100
"16213",-2494.55737340971,"CAFI_P058",25
"16214",760.085562399589,"CAFI_P058",50
"16215",8353.73172443738,"CAFI_P058",100
"16216",9680.30204308408,"CAFI_P058",25
"16217",-5236.11168992173,"CAFI_P058",50
"16218",-6703.48847847077,"CAFI_P058",100
"16219",3166.37029697574,"CAFI_P058",25
"16220",30854.8826808901,"CAFI_P058",50
"16221",29090.3491189609,"CAFI_P058",100
"16222",1591.19907166134,"CAFI_P058",25
"16223",10484.7146975556,"CAFI_P058",50
"16224",-3449.46754102534,"CAFI_P058",100
"16225",-2281.61162505322,"CAFI_P058",25
"16226",2198.97511154041,"CAFI_P058",50
"16227",4539.58664531476,"CAFI_P058",100
"16228",2399.68796904452,"CAFI_P058",25
"16229",-7296.33047336637,"CAFI_P058",50
"16230",2366.37531100624,"CAFI_P058",100
"16231",-5147.96129960229,"CAFI_P058",25
"16232",-11415.0487965021,"CAFI_P058",50
"16233",2649.4637369035,"CAFI_P058",100
"16234",10883.0905519432,"CAFI_P058",25
"16235",-3587.48922584354,"CAFI_P058",50
"16236",13446.5015417021,"CAFI_P058",100
"16237",3162.5381453126,"CAFI_P058",25
"16238",8419.19463537645,"CAFI_P058",50
"16239",7374.37482694391,"CAFI_P058",100
"16240",7666.70763032077,"CAFI_P058",25
"16241",-1274.49609828126,"CAFI_P058",50
"16242",16622.41015538,"CAFI_P058",100
"16243",-1162.14662869539,"CAFI_P058",25
"16244",5885.49177873568,"CAFI_P058",50
"16245",21538.3927774452,"CAFI_P058",100
"16246",10558.3399837112,"CAFI_P058",25
"16247",-1103.35360168622,"CAFI_P058",50
"16248",10954.4876934065,"CAFI_P058",100
"16249",1103.61345969522,"CAFI_P058",25
"16250",11051.1142251658,"CAFI_P058",50
"16251",8986.91901901487,"CAFI_P058",100
"16252",-5190.91429635326,"CAFI_P058",25
"16253",8356.8469701065,"CAFI_P058",50
"16254",19325.636916622,"CAFI_P058",100
"16255",-3422.77995795177,"CAFI_P058",25
"16256",7682.20768119168,"CAFI_P058",50
"16257",5499.01133523782,"CAFI_P058",100
"16258",-278.565101626242,"CAFI_P058",25
"16259",-1356.54233066193,"CAFI_P058",50
"16260",-1892.14062282722,"CAFI_P058",100
"16261",-3137.0158588475,"CAFI_P058",25
"16262",10223.6009340686,"CAFI_P058",50
"16263",10630.7951272615,"CAFI_P058",100
"16264",1852.87359338734,"CAFI_P058",25
"16265",-4817.63309115483,"CAFI_P058",50
"16266",4208.44234687628,"CAFI_P058",100
"16267",-423.94101136594,"CAFI_P058",25
"16268",9869.1519959518,"CAFI_P058",50
"16269",-1590.71151087538,"CAFI_P058",100
"16270",2740.02227043328,"CAFI_P058",25
"16271",-3846.63461517845,"CAFI_P058",50
"16272",3555.48690885506,"CAFI_P058",100
"16273",3477.54157393365,"CAFI_P058",25
"16274",7482.41927883751,"CAFI_P058",50
"16275",12407.1997069798,"CAFI_P058",100
"16276",930.01210993281,"CAFI_P058",25
"16277",2965.22454828076,"CAFI_P058",50
"16278",4424.47780679946,"CAFI_P058",100
"16279",-3812.18809581554,"CAFI_P058",25
"16280",2867.21948092413,"CAFI_P058",50
"16281",-2239.00099375402,"CAFI_P058",100
"16282",-220.517072489922,"CAFI_P058",25
"16283",1411.90852232144,"CAFI_P058",50
"16284",5781.19679078762,"CAFI_P058",100
"16285",7907.90240208688,"CAFI_P058",25
"16286",-4988.24491054891,"CAFI_P058",50
"16287",2241.52681143524,"CAFI_P058",100
"16288",-3701.84289324019,"CAFI_P058",25
"16289",-4378.70209283952,"CAFI_P058",50
"16290",-5627.08432311754,"CAFI_P058",100
"16291",1707.97312886731,"CAFI_P058",25
"16292",7356.18790746274,"CAFI_P058",50
"16293",-1928.92325360366,"CAFI_P058",100
"16294",7634.30601495181,"CAFI_P058",25
"16295",1142.48310146382,"CAFI_P058",50
"16296",-54.5018546515494,"CAFI_P058",100
"16297",4356.33143579948,"CAFI_P058",25
"16298",-4556.07768393739,"CAFI_P058",50
"16299",4309.19344437588,"CAFI_P058",100
"16300",9811.3527640439,"CAFI_P058",25
"16301",225.258210103406,"CAFI_P058",50
"16302",13454.9102893815,"CAFI_P058",100
"16303",1404.97199587512,"CAFI_P058",25
"16304",7694.77074959732,"CAFI_P058",50
"16305",3766.8989700994,"CAFI_P058",100
"16306",-597.200110067904,"CAFI_P058",25
"16307",4187.21243690673,"CAFI_P058",50
"16308",19315.5160504459,"CAFI_P058",100
"16309",-8813.8482660602,"CAFI_P058",25
"16310",13728.781595594,"CAFI_P058",50
"16311",5893.78690061349,"CAFI_P058",100
"16312",2022.31424724974,"CAFI_P058",25
"16313",3588.10362145092,"CAFI_P058",50
"16314",3930.82010995687,"CAFI_P058",100
"16315",-6949.73055448889,"CAFI_P058",25
"16316",1091.63766830246,"CAFI_P058",50
"16317",5122.0919238166,"CAFI_P058",100
"16318",5728.83151122255,"CAFI_P058",25
"16319",5767.37834495711,"CAFI_P058",50
"16320",11481.2879469273,"CAFI_P058",100
"16321",2889.87125485967,"CAFI_P058",25
"16322",11931.6844587685,"CAFI_P058",50
"16323",-9543.51111413207,"CAFI_P058",100
"16324",302.976428283553,"CAFI_P058",25
"16325",13708.5614370371,"CAFI_P058",50
"16326",8219.71002858441,"CAFI_P058",100
"16327",-715.133867327444,"CAFI_P058",25
"16328",2937.82092298797,"CAFI_P058",50
"16329",13628.8311274879,"CAFI_P058",100
"16330",-1263.94806370401,"CAFI_P058",25
"16331",1219.98615922357,"CAFI_P058",50
"16332",-8783.87366918102,"CAFI_P058",100
"16333",7738.04155083059,"CAFI_P058",25
"16334",731.745035557222,"CAFI_P058",50
"16335",12058.8722163342,"CAFI_P058",100
"16336",5759.9737273448,"CAFI_P058",25
"16337",14724.4391163949,"CAFI_P058",50
"16338",9748.55260029819,"CAFI_P058",100
"16339",-5247.32045386042,"CAFI_P058",25
"16340",9814.73503517566,"CAFI_P058",50
"16341",2420.83386099859,"CAFI_P058",100
"16342",2006.66706889469,"CAFI_P058",25
"16343",3133.06876913115,"CAFI_P058",50
"16344",22687.063437295,"CAFI_P058",100
"16345",4840.61059273899,"CAFI_P058",25
"16346",4080.79156991787,"CAFI_P058",50
"16347",2253.03308363535,"CAFI_P058",100
"16348",741.574559870729,"CAFI_P058",25
"16349",1407.07181224544,"CAFI_P058",50
"16350",1693.61206150302,"CAFI_P058",100
"16351",-2814.66857361063,"CAFI_P058",25
"16352",-1000.30889702053,"CAFI_P058",50
"16353",3533.22603586939,"CAFI_P058",100
"16354",8515.91591196851,"CAFI_P058",25
"16355",-328.922384841426,"CAFI_P058",50
"16356",5593.81087928923,"CAFI_P058",100
"16357",700.72977073869,"CAFI_P058",25
"16358",50.4849504652957,"CAFI_P058",50
"16359",8638.14509731895,"CAFI_P058",100
"16360",-4670.95491335093,"CAFI_P058",25
"16361",5730.60308697182,"CAFI_P058",50
"16362",5619.51104609272,"CAFI_P058",100
"16363",575.171861235372,"CAFI_P058",25
"16364",3580.23657528922,"CAFI_P058",50
"16365",1779.28085464032,"CAFI_P058",100
"16366",4396.32746673058,"CAFI_P058",25
"16367",1462.60348948854,"CAFI_P058",50
"16368",11258.3765045145,"CAFI_P058",100
"16369",5158.52587597506,"CAFI_P058",25
"16370",25072.1702141416,"CAFI_P058",50
"16371",-5211.04336556495,"CAFI_P058",100
"16372",-2418.96379764559,"CAFI_P058",25
"16373",-788.066457290814,"CAFI_P058",50
"16374",-4429.06371072808,"CAFI_P058",100
"16375",3283.93713989662,"CAFI_P058",25
"16376",-10225.6922748849,"CAFI_P058",50
"16377",4103.04729738369,"CAFI_P058",100
"16378",1262.85661845366,"CAFI_P058",25
"16379",8804.89928121876,"CAFI_P058",50
"16380",-7989.40135300512,"CAFI_P058",100
"16381",-296.312165906216,"CAFI_P058",25
"16382",1965.97129088454,"CAFI_P058",50
"16383",9526.03022245015,"CAFI_P058",100
"16384",5967.14704544062,"CAFI_P058",25
"16385",1263.96201804132,"CAFI_P058",50
"16386",137.070573559642,"CAFI_P058",100
"16387",1312.12258599361,"CAFI_P058",25
"16388",5097.76870760496,"CAFI_P058",50
"16389",-3348.43680321088,"CAFI_P058",100
"16390",5.86132168761105,"CAFI_P058",25
"16391",2143.25003985278,"CAFI_P058",50
"16392",6452.95671527958,"CAFI_P058",100
"16393",7477.61447970421,"CAFI_P058",25
"16394",-2483.80636267917,"CAFI_P058",50
"16395",13406.3570466753,"CAFI_P058",100
"16396",6255.72494547901,"CAFI_P058",25
"16397",6041.82830058073,"CAFI_P058",50
"16398",25400.5293527754,"CAFI_P058",100
"16399",5590.09337499179,"CAFI_P058",25
"16400",3097.21303707716,"CAFI_P058",50
"16401",16694.6319643629,"CAFI_P058",100
"16402",5499.3271300403,"CAFI_P058",25
"16403",-2103.47462959451,"CAFI_P058",50
"16404",9611.48939207781,"CAFI_P058",100
"16405",3706.46424716699,"CAFI_P058",25
"16406",8992.94398129889,"CAFI_P058",50
"16407",13492.6069836796,"CAFI_P058",100
"16408",387.501934080996,"CAFI_P058",25
"16409",13561.4356773597,"CAFI_P058",50
"16410",10909.2272229745,"CAFI_P058",100
"16411",3526.41156030155,"CAFI_P058",25
"16412",-5794.40181282186,"CAFI_P058",50
"16413",5862.98525154075,"CAFI_P058",100
"16414",-499.772728039854,"CAFI_P058",25
"16415",3759.8131727002,"CAFI_P058",50
"16416",13414.718767155,"CAFI_P058",100
"16417",-4057.69907098025,"CAFI_P058",25
"16418",5609.51559333398,"CAFI_P058",50
"16419",-4165.70000552121,"CAFI_P058",100
"16420",10176.5700463137,"CAFI_P058",25
"16421",701.655523697351,"CAFI_P058",50
"16422",12778.6195086075,"CAFI_P058",100
"16423",1579.63879860245,"CAFI_P058",25
"16424",-3200.09328438283,"CAFI_P058",50
"16425",11733.4741026498,"CAFI_P058",100
"16426",1033.42003195896,"CAFI_P058",25
"16427",9338.92990661055,"CAFI_P058",50
"16428",7783.40180555303,"CAFI_P058",100
"16429",1805.55154121798,"CAFI_P058",25
"16430",11603.041531295,"CAFI_P058",50
"16431",24144.976864551,"CAFI_P058",100
"16432",-7372.16580092485,"CAFI_P058",25
"16433",4856.80774071562,"CAFI_P058",50
"16434",13164.4135994642,"CAFI_P058",100
"16435",3720.7616315124,"CAFI_P058",25
"16436",9507.16417894055,"CAFI_P058",50
"16437",9300.18441106056,"CAFI_P058",100
"16438",-4585.13708878902,"CAFI_P058",25
"16439",7912.73037051395,"CAFI_P058",50
"16440",1147.6203202676,"CAFI_P058",100
"16441",1548.92461226409,"CAFI_P058",25
"16442",9828.38968598511,"CAFI_P058",50
"16443",4027.34602919221,"CAFI_P058",100
"16444",-1906.86936869242,"CAFI_P058",25
"16445",5002.9201103549,"CAFI_P058",50
"16446",16887.8816118197,"CAFI_P058",100
"16447",-1791.45536750634,"CAFI_P058",25
"16448",3921.35661329943,"CAFI_P058",50
"16449",1689.02745077113,"CAFI_P058",100
"16450",4379.61643490379,"CAFI_P058",25
"16451",7444.99138206406,"CAFI_P058",50
"16452",7848.64068632174,"CAFI_P058",100
"16453",-1973.32849240568,"CAFI_P058",25
"16454",-2407.4707838161,"CAFI_P058",50
"16455",15230.8389606067,"CAFI_P058",100
"16456",-1030.02155852353,"CAFI_P058",25
"16457",11826.1333124939,"CAFI_P058",50
"16458",22724.0129429118,"CAFI_P058",100
"16459",-6480.57555526687,"CAFI_P058",25
"16460",608.214788177691,"CAFI_P058",50
"16461",1550.5455040487,"CAFI_P058",100
"16462",10820.1131301159,"CAFI_P058",25
"16463",12524.2440424734,"CAFI_P058",50
"16464",-1622.35219935476,"CAFI_P058",100
"16465",1428.68829939424,"CAFI_P058",25
"16466",14928.9111981798,"CAFI_P058",50
"16467",1630.44798059369,"CAFI_P058",100
"16468",-2907.00772421778,"CAFI_P058",25
"16469",890.333212998201,"CAFI_P058",50
"16470",2695.48588924119,"CAFI_P058",100
"16471",12083.7943184533,"CAFI_P058",25
"16472",11396.8366182762,"CAFI_P058",50
"16473",13591.4320788067,"CAFI_P058",100
"16474",2245.8265607731,"CAFI_P058",25
"16475",-869.058850768197,"CAFI_P058",50
"16476",-5862.3919569818,"CAFI_P058",100
"16477",-3441.05901964894,"CAFI_P058",25
"16478",9587.10534611717,"CAFI_P058",50
"16479",5338.29608688064,"CAFI_P058",100
"16480",2620.90449392601,"CAFI_P058",25
"16481",8407.60752760136,"CAFI_P058",50
"16482",935.706860643055,"CAFI_P058",100
"16483",159.640222431015,"CAFI_P058",25
"16484",5016.83112888367,"CAFI_P058",50
"16485",-1132.46998120827,"CAFI_P058",100
"16486",-3764.31973042362,"CAFI_P058",25
"16487",4459.19238242318,"CAFI_P058",50
"16488",10833.7880160739,"CAFI_P058",100
"16489",3408.87286034515,"CAFI_P058",25
"16490",7516.30204821253,"CAFI_P058",50
"16491",1967.7312549839,"CAFI_P058",100
"16492",11819.2749613085,"CAFI_P058",25
"16493",4983.74437009476,"CAFI_P058",50
"16494",2585.74402236065,"CAFI_P058",100
"16495",-2535.46387255756,"CAFI_P058",25
"16496",-6194.81463391447,"CAFI_P058",50
"16497",14865.6154906836,"CAFI_P058",100
"16498",1256.14581801844,"CAFI_P058",25
"16499",1930.55509000452,"CAFI_P058",50
"16500",-1813.18556453855,"CAFI_P058",100
"16501",9740.6642890643,"CAFI_P060",25
"16502",-835.703720731661,"CAFI_P060",50
"16503",17961.3620255389,"CAFI_P060",100
"16504",-8198.68963183893,"CAFI_P060",25
"16505",5369.61282325321,"CAFI_P060",50
"16506",2022.27022909152,"CAFI_P060",100
"16507",-5816.49131227884,"CAFI_P060",25
"16508",-6826.51244569069,"CAFI_P060",50
"16509",12064.3870275765,"CAFI_P060",100
"16510",-1634.12012576545,"CAFI_P060",25
"16511",17609.7033137906,"CAFI_P060",50
"16512",28226.9417985943,"CAFI_P060",100
"16513",3586.28190210491,"CAFI_P060",25
"16514",681.209607438708,"CAFI_P060",50
"16515",-3286.30575979064,"CAFI_P060",100
"16516",3152.52248709224,"CAFI_P060",25
"16517",-5303.52515282127,"CAFI_P060",50
"16518",-1357.869110208,"CAFI_P060",100
"16519",10497.0044019234,"CAFI_P060",25
"16520",8311.48684630607,"CAFI_P060",50
"16521",16268.8843335031,"CAFI_P060",100
"16522",4414.58619183162,"CAFI_P060",25
"16523",13833.5550935544,"CAFI_P060",50
"16524",-4427.56442412647,"CAFI_P060",100
"16525",-5777.94423173741,"CAFI_P060",25
"16526",-680.466363716114,"CAFI_P060",50
"16527",8061.39899784519,"CAFI_P060",100
"16528",477.688158464618,"CAFI_P060",25
"16529",9276.26338870835,"CAFI_P060",50
"16530",-1432.26326148119,"CAFI_P060",100
"16531",11970.6484881006,"CAFI_P060",25
"16532",-4911.52082020673,"CAFI_P060",50
"16533",7287.08734415198,"CAFI_P060",100
"16534",2623.61657067365,"CAFI_P060",25
"16535",-5569.09541206708,"CAFI_P060",50
"16536",28705.5574950081,"CAFI_P060",100
"16537",21345.2534912287,"CAFI_P060",25
"16538",-4530.91543178033,"CAFI_P060",50
"16539",19925.4210948562,"CAFI_P060",100
"16540",1369.20874566841,"CAFI_P060",25
"16541",-2320.65262936271,"CAFI_P060",50
"16542",14617.3442291268,"CAFI_P060",100
"16543",8909.44452245254,"CAFI_P060",25
"16544",-6841.7091681438,"CAFI_P060",50
"16545",2206.54957376304,"CAFI_P060",100
"16546",-12289.5132081214,"CAFI_P060",25
"16547",10157.786834192,"CAFI_P060",50
"16548",1439.85092771408,"CAFI_P060",100
"16549",2540.97723957023,"CAFI_P060",25
"16550",-15624.4580011135,"CAFI_P060",50
"16551",12654.3317359704,"CAFI_P060",100
"16552",3926.99833415874,"CAFI_P060",25
"16553",-1590.70473523863,"CAFI_P060",50
"16554",11368.6004399949,"CAFI_P060",100
"16555",47.5558114171727,"CAFI_P060",25
"16556",7104.64210630907,"CAFI_P060",50
"16557",18970.5036505086,"CAFI_P060",100
"16558",26161.9480637636,"CAFI_P060",25
"16559",1805.07192951487,"CAFI_P060",50
"16560",25523.2414197348,"CAFI_P060",100
"16561",6210.44011588732,"CAFI_P060",25
"16562",17066.7865058747,"CAFI_P060",50
"16563",-6167.35162595095,"CAFI_P060",100
"16564",2821.06984042824,"CAFI_P060",25
"16565",-123.841293253063,"CAFI_P060",50
"16566",2968.81798340043,"CAFI_P060",100
"16567",-4861.73906547599,"CAFI_P060",25
"16568",12194.0437140372,"CAFI_P060",50
"16569",7468.95690652425,"CAFI_P060",100
"16570",-5763.01716727903,"CAFI_P060",25
"16571",34366.0142048017,"CAFI_P060",50
"16572",-14506.7714916202,"CAFI_P060",100
"16573",-3487.14458404528,"CAFI_P060",25
"16574",19067.2408499845,"CAFI_P060",50
"16575",1546.24909810658,"CAFI_P060",100
"16576",-14034.3136738427,"CAFI_P060",25
"16577",-13807.7286125631,"CAFI_P060",50
"16578",46656.7523849127,"CAFI_P060",100
"16579",-16854.5342294358,"CAFI_P060",25
"16580",1667.09989005735,"CAFI_P060",50
"16581",869.549443152093,"CAFI_P060",100
"16582",4829.33841278346,"CAFI_P060",25
"16583",-5132.26403034601,"CAFI_P060",50
"16584",8019.74544737546,"CAFI_P060",100
"16585",-2000.02296523307,"CAFI_P060",25
"16586",11484.8974083669,"CAFI_P060",50
"16587",-13519.7618504525,"CAFI_P060",100
"16588",6321.04215792514,"CAFI_P060",25
"16589",-11144.9172691426,"CAFI_P060",50
"16590",15817.1964045214,"CAFI_P060",100
"16591",-11053.4655695004,"CAFI_P060",25
"16592",4497.26969759999,"CAFI_P060",50
"16593",36155.3049509697,"CAFI_P060",100
"16594",3678.80548044667,"CAFI_P060",25
"16595",22635.4514963382,"CAFI_P060",50
"16596",10865.9647212116,"CAFI_P060",100
"16597",7116.11731944012,"CAFI_P060",25
"16598",13704.3548350636,"CAFI_P060",50
"16599",6383.34021338908,"CAFI_P060",100
"16600",12129.9545205563,"CAFI_P060",25
"16601",-2674.28116087499,"CAFI_P060",50
"16602",-9125.16552662669,"CAFI_P060",100
"16603",2595.97432086006,"CAFI_P060",25
"16604",-9758.74848664209,"CAFI_P060",50
"16605",-7298.91937311669,"CAFI_P060",100
"16606",10968.0558622445,"CAFI_P060",25
"16607",14434.0411050392,"CAFI_P060",50
"16608",-1433.14969465038,"CAFI_P060",100
"16609",-2163.54874364065,"CAFI_P060",25
"16610",-12900.942613782,"CAFI_P060",50
"16611",5306.4828820533,"CAFI_P060",100
"16612",-1852.59239327873,"CAFI_P060",25
"16613",26.331448554527,"CAFI_P060",50
"16614",6749.47015900444,"CAFI_P060",100
"16615",5124.74168008746,"CAFI_P060",25
"16616",19428.1802830745,"CAFI_P060",50
"16617",6448.84876985493,"CAFI_P060",100
"16618",-4741.91659556172,"CAFI_P060",25
"16619",10332.8729322178,"CAFI_P060",50
"16620",-12730.12460408,"CAFI_P060",100
"16621",13015.0663286521,"CAFI_P060",25
"16622",-8151.88879533845,"CAFI_P060",50
"16623",27667.7587143619,"CAFI_P060",100
"16624",-4134.50393044361,"CAFI_P060",25
"16625",-7229.72879338864,"CAFI_P060",50
"16626",-14110.364754306,"CAFI_P060",100
"16627",6720.40150825382,"CAFI_P060",25
"16628",24435.1491095716,"CAFI_P060",50
"16629",-7449.83313868218,"CAFI_P060",100
"16630",6499.78321670409,"CAFI_P060",25
"16631",3620.33228663134,"CAFI_P060",50
"16632",4766.41230818187,"CAFI_P060",100
"16633",-3906.63979410823,"CAFI_P060",25
"16634",-5315.3599098589,"CAFI_P060",50
"16635",2507.25922957249,"CAFI_P060",100
"16636",569.263483399351,"CAFI_P060",25
"16637",479.40643073828,"CAFI_P060",50
"16638",44447.1654136168,"CAFI_P060",100
"16639",-2812.55566582299,"CAFI_P060",25
"16640",-4681.92133396876,"CAFI_P060",50
"16641",10738.5407734396,"CAFI_P060",100
"16642",5593.99413037428,"CAFI_P060",25
"16643",12121.9290644723,"CAFI_P060",50
"16644",6017.98566713452,"CAFI_P060",100
"16645",-7102.53118818125,"CAFI_P060",25
"16646",7794.37918783695,"CAFI_P060",50
"16647",8345.12872305332,"CAFI_P060",100
"16648",4117.30283334339,"CAFI_P060",25
"16649",20338.0093521215,"CAFI_P060",50
"16650",29529.1705047052,"CAFI_P060",100
"16651",3014.19788182812,"CAFI_P060",25
"16652",8388.57678371813,"CAFI_P060",50
"16653",28232.5269964205,"CAFI_P060",100
"16654",8811.66265469772,"CAFI_P060",25
"16655",-1987.96448111476,"CAFI_P060",50
"16656",3544.24551707611,"CAFI_P060",100
"16657",610.574293443118,"CAFI_P060",25
"16658",1515.1788374653,"CAFI_P060",50
"16659",-12142.0690134434,"CAFI_P060",100
"16660",5105.11877909355,"CAFI_P060",25
"16661",13836.6820001237,"CAFI_P060",50
"16662",42392.2324969091,"CAFI_P060",100
"16663",2927.08556086622,"CAFI_P060",25
"16664",-2916.09610488534,"CAFI_P060",50
"16665",-5036.06229762774,"CAFI_P060",100
"16666",-4971.33031262917,"CAFI_P060",25
"16667",-7793.6186822335,"CAFI_P060",50
"16668",-16001.3234472307,"CAFI_P060",100
"16669",-10598.3753145468,"CAFI_P060",25
"16670",696.832762380189,"CAFI_P060",50
"16671",9207.45057591912,"CAFI_P060",100
"16672",-6388.15371543675,"CAFI_P060",25
"16673",12100.356003238,"CAFI_P060",50
"16674",8825.47345621965,"CAFI_P060",100
"16675",6808.66432413226,"CAFI_P060",25
"16676",-13297.6781640486,"CAFI_P060",50
"16677",2090.71961755014,"CAFI_P060",100
"16678",-3020.77960812079,"CAFI_P060",25
"16679",15028.5671423851,"CAFI_P060",50
"16680",-14481.7862424095,"CAFI_P060",100
"16681",6976.07536680804,"CAFI_P060",25
"16682",22227.1905030116,"CAFI_P060",50
"16683",23174.8178243344,"CAFI_P060",100
"16684",1758.12812843907,"CAFI_P060",25
"16685",9373.43662797776,"CAFI_P060",50
"16686",8568.89359165612,"CAFI_P060",100
"16687",662.998002273671,"CAFI_P060",25
"16688",-7645.65369238664,"CAFI_P060",50
"16689",9095.60479638801,"CAFI_P060",100
"16690",-7731.38371168851,"CAFI_P060",25
"16691",5449.42342244653,"CAFI_P060",50
"16692",-2227.1943798103,"CAFI_P060",100
"16693",16580.0284978386,"CAFI_P060",25
"16694",-342.352571259835,"CAFI_P060",50
"16695",-11042.0532128927,"CAFI_P060",100
"16696",7443.5071899399,"CAFI_P060",25
"16697",-2352.69495886168,"CAFI_P060",50
"16698",9793.48543108639,"CAFI_P060",100
"16699",8711.62277246447,"CAFI_P060",25
"16700",1308.42212456878,"CAFI_P060",50
"16701",-10501.3241044823,"CAFI_P060",100
"16702",-692.698849981418,"CAFI_P060",25
"16703",2605.81046867854,"CAFI_P060",50
"16704",-7947.51608784584,"CAFI_P060",100
"16705",-1180.54561929026,"CAFI_P060",25
"16706",17033.1957311857,"CAFI_P060",50
"16707",14041.3625260878,"CAFI_P060",100
"16708",934.8640768638,"CAFI_P060",25
"16709",23078.7498103966,"CAFI_P060",50
"16710",14963.5082495167,"CAFI_P060",100
"16711",-5281.0494490533,"CAFI_P060",25
"16712",20317.1505577792,"CAFI_P060",50
"16713",-12896.0656261846,"CAFI_P060",100
"16714",5714.18281135993,"CAFI_P060",25
"16715",-387.762141515268,"CAFI_P060",50
"16716",11861.5264697486,"CAFI_P060",100
"16717",-8894.24080602598,"CAFI_P060",25
"16718",18538.6914742037,"CAFI_P060",50
"16719",-1644.18337013276,"CAFI_P060",100
"16720",736.104621467297,"CAFI_P060",25
"16721",-11438.4279630337,"CAFI_P060",50
"16722",16106.1185300164,"CAFI_P060",100
"16723",10409.5632987192,"CAFI_P060",25
"16724",-7042.09352466313,"CAFI_P060",50
"16725",-19268.6092754809,"CAFI_P060",100
"16726",-2682.33141625562,"CAFI_P060",25
"16727",3328.09551047644,"CAFI_P060",50
"16728",-8048.62156467221,"CAFI_P060",100
"16729",4143.38662037282,"CAFI_P060",25
"16730",4623.47384381277,"CAFI_P060",50
"16731",26037.7432287691,"CAFI_P060",100
"16732",-7277.71402009611,"CAFI_P060",25
"16733",16392.5947587637,"CAFI_P060",50
"16734",-1848.18535250972,"CAFI_P060",100
"16735",6265.54469089501,"CAFI_P060",25
"16736",7739.16858512763,"CAFI_P060",50
"16737",5444.82385498309,"CAFI_P060",100
"16738",-6334.2705602097,"CAFI_P060",25
"16739",-8574.05552565341,"CAFI_P060",50
"16740",2889.28686566121,"CAFI_P060",100
"16741",-6579.78931824712,"CAFI_P060",25
"16742",2138.16923123458,"CAFI_P060",50
"16743",-12806.0582696368,"CAFI_P060",100
"16744",-167.232120750006,"CAFI_P060",25
"16745",-12528.2488850649,"CAFI_P060",50
"16746",1936.59235946054,"CAFI_P060",100
"16747",-5362.41345500131,"CAFI_P060",25
"16748",-3723.43145986821,"CAFI_P060",50
"16749",39409.7790335587,"CAFI_P060",100
"16750",-3084.97673101735,"CAFI_P060",25
"16751",10525.1266065283,"CAFI_P060",50
"16752",25833.7516178461,"CAFI_P060",100
"16753",-907.59415006527,"CAFI_P060",25
"16754",9679.97769382538,"CAFI_P060",50
"16755",3954.72059151798,"CAFI_P060",100
"16756",743.870927087148,"CAFI_P060",25
"16757",13795.8994868478,"CAFI_P060",50
"16758",35939.3193917405,"CAFI_P060",100
"16759",602.079058650997,"CAFI_P060",25
"16760",9538.99162395176,"CAFI_P060",50
"16761",-10164.2496989084,"CAFI_P060",100
"16762",-12050.4778957788,"CAFI_P060",25
"16763",6753.96090507106,"CAFI_P060",50
"16764",15082.4317920136,"CAFI_P060",100
"16765",-1195.00250375853,"CAFI_P060",25
"16766",7109.15005910507,"CAFI_P060",50
"16767",30599.699521455,"CAFI_P060",100
"16768",-15374.4141130236,"CAFI_P060",25
"16769",6606.96786559658,"CAFI_P060",50
"16770",52371.6729352044,"CAFI_P060",100
"16771",2128.98062722816,"CAFI_P060",25
"16772",6002.5829184202,"CAFI_P060",50
"16773",-4321.51521076006,"CAFI_P060",100
"16774",8893.28039791482,"CAFI_P060",25
"16775",-4899.68891809217,"CAFI_P060",50
"16776",6941.61585305026,"CAFI_P060",100
"16777",138.953089786693,"CAFI_P060",25
"16778",-2972.38122436998,"CAFI_P060",50
"16779",3181.01082351658,"CAFI_P060",100
"16780",17857.1281684274,"CAFI_P060",25
"16781",-6188.62461987755,"CAFI_P060",50
"16782",136.774959058035,"CAFI_P060",100
"16783",7014.48275105294,"CAFI_P060",25
"16784",39110.5768800994,"CAFI_P060",50
"16785",7472.10109382606,"CAFI_P060",100
"16786",10158.6999607847,"CAFI_P060",25
"16787",6229.29290300451,"CAFI_P060",50
"16788",-6651.46966137225,"CAFI_P060",100
"16789",-2704.77391049382,"CAFI_P060",25
"16790",16345.3272099976,"CAFI_P060",50
"16791",7795.92312848475,"CAFI_P060",100
"16792",548.219249064277,"CAFI_P060",25
"16793",-9079.82326128281,"CAFI_P060",50
"16794",13103.7936161447,"CAFI_P060",100
"16795",-1944.56221991859,"CAFI_P060",25
"16796",128.184971393959,"CAFI_P060",50
"16797",-8342.48223645583,"CAFI_P060",100
"16798",139.695192021318,"CAFI_P060",25
"16799",10852.9303946544,"CAFI_P060",50
"16800",-10691.3312445137,"CAFI_P060",100
"16801",-490.769408781838,"CAFI_P061",25
"16802",-6442.88763773412,"CAFI_P061",50
"16803",9198.46396976523,"CAFI_P061",100
"16804",-366.855466039211,"CAFI_P061",25
"16805",3824.0848159357,"CAFI_P061",50
"16806",14001.6839164514,"CAFI_P061",100
"16807",8235.97588010825,"CAFI_P061",25
"16808",-2174.39608834463,"CAFI_P061",50
"16809",-3204.42831720033,"CAFI_P061",100
"16810",3306.90588138509,"CAFI_P061",25
"16811",15557.2308155781,"CAFI_P061",50
"16812",-3695.01820065599,"CAFI_P061",100
"16813",-27692.9816102971,"CAFI_P061",25
"16814",11739.5871520305,"CAFI_P061",50
"16815",8594.03255109146,"CAFI_P061",100
"16816",4725.1798776628,"CAFI_P061",25
"16817",3374.68208891869,"CAFI_P061",50
"16818",8699.65564069909,"CAFI_P061",100
"16819",2918.77484965627,"CAFI_P061",25
"16820",13051.1332029634,"CAFI_P061",50
"16821",18205.2740847788,"CAFI_P061",100
"16822",13501.226734329,"CAFI_P061",25
"16823",28501.4973636451,"CAFI_P061",50
"16824",14580.590301353,"CAFI_P061",100
"16825",39260.0840901728,"CAFI_P061",25
"16826",-12216.5542120516,"CAFI_P061",50
"16827",44042.0681504582,"CAFI_P061",100
"16828",17037.2956649337,"CAFI_P061",25
"16829",-13836.0768724203,"CAFI_P061",50
"16830",50472.0425690939,"CAFI_P061",100
"16831",1451.50480436214,"CAFI_P061",25
"16832",1675.68477511383,"CAFI_P061",50
"16833",25227.1322469492,"CAFI_P061",100
"16834",-21071.6562948611,"CAFI_P061",25
"16835",-13037.7672003915,"CAFI_P061",50
"16836",11711.4075777788,"CAFI_P061",100
"16837",-3657.11451299803,"CAFI_P061",25
"16838",-19803.0245092254,"CAFI_P061",50
"16839",-13104.8217061409,"CAFI_P061",100
"16840",-34.0995909798075,"CAFI_P061",25
"16841",19740.6001353658,"CAFI_P061",50
"16842",3645.64320472162,"CAFI_P061",100
"16843",9420.19590180833,"CAFI_P061",25
"16844",14814.0429445186,"CAFI_P061",50
"16845",19862.2974397956,"CAFI_P061",100
"16846",-3376.29573703627,"CAFI_P061",25
"16847",2748.6613913679,"CAFI_P061",50
"16848",-14776.8177840605,"CAFI_P061",100
"16849",-11024.0688203982,"CAFI_P061",25
"16850",-16187.7282627143,"CAFI_P061",50
"16851",15678.0087065958,"CAFI_P061",100
"16852",-6134.07946392428,"CAFI_P061",25
"16853",-19718.9456367482,"CAFI_P061",50
"16854",821.55883240432,"CAFI_P061",100
"16855",-638.334459969017,"CAFI_P061",25
"16856",22263.8089112166,"CAFI_P061",50
"16857",-11449.6180166782,"CAFI_P061",100
"16858",-12187.0771288117,"CAFI_P061",25
"16859",-28007.2458286642,"CAFI_P061",50
"16860",29506.6636314139,"CAFI_P061",100
"16861",-1265.43614725937,"CAFI_P061",25
"16862",3368.43897557957,"CAFI_P061",50
"16863",-15269.7973000479,"CAFI_P061",100
"16864",3870.37220784649,"CAFI_P061",25
"16865",22274.7529945185,"CAFI_P061",50
"16866",5784.97555469704,"CAFI_P061",100
"16867",8584.12357622467,"CAFI_P061",25
"16868",8744.99062352692,"CAFI_P061",50
"16869",-18009.2752901979,"CAFI_P061",100
"16870",-3626.49213857797,"CAFI_P061",25
"16871",2116.73219358356,"CAFI_P061",50
"16872",-8592.82192529592,"CAFI_P061",100
"16873",-544.071082108596,"CAFI_P061",25
"16874",-4964.12256685353,"CAFI_P061",50
"16875",4448.31761511328,"CAFI_P061",100
"16876",19178.2831781032,"CAFI_P061",25
"16877",-4188.13984683465,"CAFI_P061",50
"16878",-24298.6096501051,"CAFI_P061",100
"16879",4172.88592969358,"CAFI_P061",25
"16880",6046.07188310777,"CAFI_P061",50
"16881",27485.1964923368,"CAFI_P061",100
"16882",-5178.91601950838,"CAFI_P061",25
"16883",-2277.08439924452,"CAFI_P061",50
"16884",-1999.72878584417,"CAFI_P061",100
"16885",4206.50488414249,"CAFI_P061",25
"16886",463.763676415838,"CAFI_P061",50
"16887",21655.61248899,"CAFI_P061",100
"16888",19608.5754633514,"CAFI_P061",25
"16889",-11243.6261072919,"CAFI_P061",50
"16890",7348.0700643278,"CAFI_P061",100
"16891",2723.44136578403,"CAFI_P061",25
"16892",33918.7572593143,"CAFI_P061",50
"16893",2641.03523985593,"CAFI_P061",100
"16894",-10659.0617352847,"CAFI_P061",25
"16895",-7877.34741773579,"CAFI_P061",50
"16896",47521.3326725911,"CAFI_P061",100
"16897",28716.1744317566,"CAFI_P061",25
"16898",17098.244586497,"CAFI_P061",50
"16899",2395.91626839555,"CAFI_P061",100
"16900",5221.61034329614,"CAFI_P061",25
"16901",-3347.13370999554,"CAFI_P061",50
"16902",-3590.2428350019,"CAFI_P061",100
"16903",-16667.4600143597,"CAFI_P061",25
"16904",-18108.0240140493,"CAFI_P061",50
"16905",-14713.3938953779,"CAFI_P061",100
"16906",-12085.8889746511,"CAFI_P061",25
"16907",-1826.37787529349,"CAFI_P061",50
"16908",41058.7900938641,"CAFI_P061",100
"16909",-1806.89828356082,"CAFI_P061",25
"16910",5749.69976503088,"CAFI_P061",50
"16911",1601.93425916467,"CAFI_P061",100
"16912",-626.701718025724,"CAFI_P061",25
"16913",-5419.79282460897,"CAFI_P061",50
"16914",12972.3440744202,"CAFI_P061",100
"16915",-4705.6639071565,"CAFI_P061",25
"16916",-1811.58634705906,"CAFI_P061",50
"16917",36054.2698278346,"CAFI_P061",100
"16918",12119.6019299392,"CAFI_P061",25
"16919",22239.1193192932,"CAFI_P061",50
"16920",62921.3350033673,"CAFI_P061",100
"16921",5800.97915962629,"CAFI_P061",25
"16922",5210.64711156744,"CAFI_P061",50
"16923",22681.4543906691,"CAFI_P061",100
"16924",-9211.55820146279,"CAFI_P061",25
"16925",-7706.95169729536,"CAFI_P061",50
"16926",18224.8086914441,"CAFI_P061",100
"16927",344.682378871948,"CAFI_P061",25
"16928",-8744.79267841834,"CAFI_P061",50
"16929",24080.8174959653,"CAFI_P061",100
"16930",-4830.12265570374,"CAFI_P061",25
"16931",23979.1528824787,"CAFI_P061",50
"16932",-29128.8753290952,"CAFI_P061",100
"16933",9304.33020090353,"CAFI_P061",25
"16934",34127.4936249651,"CAFI_P061",50
"16935",25835.5931067865,"CAFI_P061",100
"16936",3876.18230368634,"CAFI_P061",25
"16937",9431.90345261141,"CAFI_P061",50
"16938",-16294.427064087,"CAFI_P061",100
"16939",20427.0266789454,"CAFI_P061",25
"16940",17517.6823977908,"CAFI_P061",50
"16941",9259.22326366289,"CAFI_P061",100
"16942",8266.81063387706,"CAFI_P061",25
"16943",4608.84981801768,"CAFI_P061",50
"16944",24487.3642744664,"CAFI_P061",100
"16945",4519.16389256442,"CAFI_P061",25
"16946",-538.047875689284,"CAFI_P061",50
"16947",9250.57910379063,"CAFI_P061",100
"16948",-505.62350732059,"CAFI_P061",25
"16949",40345.2892919428,"CAFI_P061",50
"16950",-9658.24588616582,"CAFI_P061",100
"16951",-8131.63780949468,"CAFI_P061",25
"16952",2879.98614205822,"CAFI_P061",50
"16953",-529.406011737767,"CAFI_P061",100
"16954",-5900.81327822246,"CAFI_P061",25
"16955",29056.0541787085,"CAFI_P061",50
"16956",-19336.5164471734,"CAFI_P061",100
"16957",-2407.36196669383,"CAFI_P061",25
"16958",20126.0598915147,"CAFI_P061",50
"16959",34135.9649079297,"CAFI_P061",100
"16960",11735.9051084894,"CAFI_P061",25
"16961",6819.78395490098,"CAFI_P061",50
"16962",-20972.7608495464,"CAFI_P061",100
"16963",8578.79058511095,"CAFI_P061",25
"16964",-18786.6906583764,"CAFI_P061",50
"16965",4942.05015587184,"CAFI_P061",100
"16966",15872.5387255367,"CAFI_P061",25
"16967",3892.21527686744,"CAFI_P061",50
"16968",53298.0685366099,"CAFI_P061",100
"16969",-15998.4743594938,"CAFI_P061",25
"16970",-27540.2816572788,"CAFI_P061",50
"16971",3354.02602688398,"CAFI_P061",100
"16972",4521.55970077327,"CAFI_P061",25
"16973",-10827.3337816811,"CAFI_P061",50
"16974",-2181.25166736258,"CAFI_P061",100
"16975",12174.8612258976,"CAFI_P061",25
"16976",-2292.80031791114,"CAFI_P061",50
"16977",6739.84662570036,"CAFI_P061",100
"16978",-16014.413258762,"CAFI_P061",25
"16979",-10080.5299941062,"CAFI_P061",50
"16980",-15717.0822583967,"CAFI_P061",100
"16981",-6341.62135340815,"CAFI_P061",25
"16982",-4374.54292941408,"CAFI_P061",50
"16983",-17555.0378122182,"CAFI_P061",100
"16984",10444.9694834214,"CAFI_P061",25
"16985",3375.13495561876,"CAFI_P061",50
"16986",1194.29321103642,"CAFI_P061",100
"16987",-6709.80503721407,"CAFI_P061",25
"16988",-2937.47803055862,"CAFI_P061",50
"16989",-16540.0559617958,"CAFI_P061",100
"16990",9212.75227353629,"CAFI_P061",25
"16991",4726.13001311832,"CAFI_P061",50
"16992",39617.0417570785,"CAFI_P061",100
"16993",375.677340193535,"CAFI_P061",25
"16994",-4061.63374243077,"CAFI_P061",50
"16995",20438.6891060637,"CAFI_P061",100
"16996",32217.0977713784,"CAFI_P061",25
"16997",17486.9740659492,"CAFI_P061",50
"16998",20807.2108239859,"CAFI_P061",100
"16999",-4551.82036341523,"CAFI_P061",25
"17000",29218.4317566682,"CAFI_P061",50
"17001",-10326.2191341202,"CAFI_P061",100
"17002",10337.6687325925,"CAFI_P061",25
"17003",8076.0536597913,"CAFI_P061",50
"17004",1227.70454501861,"CAFI_P061",100
"17005",6795.68485754175,"CAFI_P061",25
"17006",24305.1657537145,"CAFI_P061",50
"17007",-24385.3471155185,"CAFI_P061",100
"17008",5902.03695387254,"CAFI_P061",25
"17009",-126.824792181375,"CAFI_P061",50
"17010",-23147.0820987506,"CAFI_P061",100
"17011",-5764.57325506455,"CAFI_P061",25
"17012",9466.06958501093,"CAFI_P061",50
"17013",13985.5343791226,"CAFI_P061",100
"17014",368.255718728877,"CAFI_P061",25
"17015",-13784.2726925834,"CAFI_P061",50
"17016",-32474.0164252282,"CAFI_P061",100
"17017",3332.70531152759,"CAFI_P061",25
"17018",12388.851854828,"CAFI_P061",50
"17019",5165.67403498961,"CAFI_P061",100
"17020",12219.5930931601,"CAFI_P061",25
"17021",5003.44174668193,"CAFI_P061",50
"17022",-7488.5532055308,"CAFI_P061",100
"17023",-245.81991300208,"CAFI_P061",25
"17024",-12104.1536687473,"CAFI_P061",50
"17025",50084.1092280693,"CAFI_P061",100
"17026",19856.6186710115,"CAFI_P061",25
"17027",3988.20778955735,"CAFI_P061",50
"17028",2597.77215338056,"CAFI_P061",100
"17029",44679.9563004584,"CAFI_P061",25
"17030",2904.21494911221,"CAFI_P061",50
"17031",6966.19223137054,"CAFI_P061",100
"17032",19715.9765453496,"CAFI_P061",25
"17033",1670.02931197704,"CAFI_P061",50
"17034",18039.5497225727,"CAFI_P061",100
"17035",-4746.55227261089,"CAFI_P061",25
"17036",713.46981050988,"CAFI_P061",50
"17037",-13324.7093410122,"CAFI_P061",100
"17038",-291.597528366023,"CAFI_P061",25
"17039",-12695.2030966451,"CAFI_P061",50
"17040",-6079.18121494079,"CAFI_P061",100
"17041",-7391.3441403769,"CAFI_P061",25
"17042",16061.3991692203,"CAFI_P061",50
"17043",25280.7862459191,"CAFI_P061",100
"17044",10952.1040387909,"CAFI_P061",25
"17045",17170.789609681,"CAFI_P061",50
"17046",13393.3856284414,"CAFI_P061",100
"17047",-6578.05695434246,"CAFI_P061",25
"17048",-1660.03827813879,"CAFI_P061",50
"17049",-9308.71802194061,"CAFI_P061",100
"17050",13702.787482129,"CAFI_P061",25
"17051",-1845.78003212018,"CAFI_P061",50
"17052",-18987.8973237038,"CAFI_P061",100
"17053",-23492.276211413,"CAFI_P061",25
"17054",14018.3632832575,"CAFI_P061",50
"17055",9143.5489362363,"CAFI_P061",100
"17056",-11439.2946674645,"CAFI_P061",25
"17057",-4592.86212058173,"CAFI_P061",50
"17058",15966.3013886914,"CAFI_P061",100
"17059",2178.08127517148,"CAFI_P061",25
"17060",-12733.7087047144,"CAFI_P061",50
"17061",45037.5436960564,"CAFI_P061",100
"17062",-9615.15872293967,"CAFI_P061",25
"17063",20054.8412844188,"CAFI_P061",50
"17064",-1799.82816347096,"CAFI_P061",100
"17065",-3099.7384674325,"CAFI_P061",25
"17066",14941.1911467474,"CAFI_P061",50
"17067",-9838.66690042015,"CAFI_P061",100
"17068",965.558535285178,"CAFI_P061",25
"17069",265.653189836652,"CAFI_P061",50
"17070",37654.2202186275,"CAFI_P061",100
"17071",10776.4945434168,"CAFI_P061",25
"17072",-16963.5144728378,"CAFI_P061",50
"17073",18636.510722803,"CAFI_P061",100
"17074",3959.59695857466,"CAFI_P061",25
"17075",16896.9929469978,"CAFI_P061",50
"17076",31701.8111239985,"CAFI_P061",100
"17077",-1681.67607372522,"CAFI_P061",25
"17078",10382.1192792471,"CAFI_P061",50
"17079",-796.523063315311,"CAFI_P061",100
"17080",-424.987475604808,"CAFI_P061",25
"17081",-10129.9681715,"CAFI_P061",50
"17082",42998.956500135,"CAFI_P061",100
"17083",-3360.10598978959,"CAFI_P061",25
"17084",-12063.2071833019,"CAFI_P061",50
"17085",-19852.6048606408,"CAFI_P061",100
"17086",731.601070618781,"CAFI_P061",25
"17087",8552.91714784293,"CAFI_P061",50
"17088",25012.7501171613,"CAFI_P061",100
"17089",1855.93469138473,"CAFI_P061",25
"17090",7833.47973395954,"CAFI_P061",50
"17091",13932.6514788236,"CAFI_P061",100
"17092",-1561.69382739917,"CAFI_P061",25
"17093",-6694.53943152272,"CAFI_P061",50
"17094",5537.18531723937,"CAFI_P061",100
"17095",-3663.52828090946,"CAFI_P061",25
"17096",30070.9576643409,"CAFI_P061",50
"17097",-3407.28169611568,"CAFI_P061",100
"17098",11504.5822329427,"CAFI_P061",25
"17099",-1780.55860170396,"CAFI_P061",50
"17100",-24098.1544311528,"CAFI_P061",100
"17101",42.621647941065,"CAFI_P062",25
"17102",-3294.58022841974,"CAFI_P062",50
"17103",-4913.24684055394,"CAFI_P062",100
"17104",-2962.49260610805,"CAFI_P062",25
"17105",-1524.7113135923,"CAFI_P062",50
"17106",-5023.97313602318,"CAFI_P062",100
"17107",-998.64460580438,"CAFI_P062",25
"17108",-3976.51953144855,"CAFI_P062",50
"17109",-4398.20132537131,"CAFI_P062",100
"17110",10.044611715246,"CAFI_P062",25
"17111",381.503146491828,"CAFI_P062",50
"17112",-3296.40379593484,"CAFI_P062",100
"17113",-2314.75582155999,"CAFI_P062",25
"17114",545.323036078829,"CAFI_P062",50
"17115",-1230.87966847912,"CAFI_P062",100
"17116",-3167.56893298938,"CAFI_P062",25
"17117",-581.694430858188,"CAFI_P062",50
"17118",-3085.07597662156,"CAFI_P062",100
"17119",103.015901273058,"CAFI_P062",25
"17120",-1374.1167984496,"CAFI_P062",50
"17121",-5130.42808121312,"CAFI_P062",100
"17122",-3288.37652453058,"CAFI_P062",25
"17123",-729.011638562893,"CAFI_P062",50
"17124",-4745.08029564918,"CAFI_P062",100
"17125",-3270.90395892382,"CAFI_P062",25
"17126",-925.754180290154,"CAFI_P062",50
"17127",-3804.97930910692,"CAFI_P062",100
"17128",-3172.60071442428,"CAFI_P062",25
"17129",-4229.62954393329,"CAFI_P062",50
"17130",-4361.38639345212,"CAFI_P062",100
"17131",-664.770175624493,"CAFI_P062",25
"17132",-3484.85372726648,"CAFI_P062",50
"17133",-4955.81313693241,"CAFI_P062",100
"17134",-700.069423718116,"CAFI_P062",25
"17135",179.868167565059,"CAFI_P062",50
"17136",-3748.53704783643,"CAFI_P062",100
"17137",212.923371819052,"CAFI_P062",25
"17138",1174.75081086968,"CAFI_P062",50
"17139",-4943.30842683549,"CAFI_P062",100
"17140",426.561440082354,"CAFI_P062",25
"17141",1379.94293723119,"CAFI_P062",50
"17142",-4820.11996893922,"CAFI_P062",100
"17143",-2893.19105836086,"CAFI_P062",25
"17144",-2136.0526454869,"CAFI_P062",50
"17145",-4181.77926390135,"CAFI_P062",100
"17146",1255.7443732227,"CAFI_P062",25
"17147",-984.542936112033,"CAFI_P062",50
"17148",-4470.16509040157,"CAFI_P062",100
"17149",254.006801555457,"CAFI_P062",25
"17150",-600.289006353065,"CAFI_P062",50
"17151",-5047.78808259009,"CAFI_P062",100
"17152",-3172.60071442428,"CAFI_P062",25
"17153",-330.953900912718,"CAFI_P062",50
"17154",-3567.42535691775,"CAFI_P062",100
"17155",-3210.04610870391,"CAFI_P062",25
"17156",3043.17945342194,"CAFI_P062",50
"17157",-4739.58494349848,"CAFI_P062",100
"17158",-17.3662155798811,"CAFI_P062",25
"17159",-2560.81457110692,"CAFI_P062",50
"17160",-1892.91860793866,"CAFI_P062",100
"17161",-653.475968079263,"CAFI_P062",25
"17162",-3076.99602345622,"CAFI_P062",50
"17163",-3499.26935600818,"CAFI_P062",100
"17164",5318.57606101391,"CAFI_P062",25
"17165",-2013.02052283753,"CAFI_P062",50
"17166",-4470.60221784102,"CAFI_P062",100
"17167",269.303541565401,"CAFI_P062",25
"17168",-1671.79798461066,"CAFI_P062",50
"17169",-5201.03452093963,"CAFI_P062",100
"17170",-13.7250043062086,"CAFI_P062",25
"17171",-3341.58744172161,"CAFI_P062",50
"17172",-4658.97590945364,"CAFI_P062",100
"17173",478.842398419481,"CAFI_P062",25
"17174",8519.22436079627,"CAFI_P062",50
"17175",-4299.83026138987,"CAFI_P062",100
"17176",37.3512243576115,"CAFI_P062",25
"17177",74.5744634848961,"CAFI_P062",50
"17178",-5238.90696668945,"CAFI_P062",100
"17179",-3304.55335833743,"CAFI_P062",25
"17180",481.292325105518,"CAFI_P062",50
"17181",-4484.39125915262,"CAFI_P062",100
"17182",-69.5858057453006,"CAFI_P062",25
"17183",-636.575606897619,"CAFI_P062",50
"17184",6699.3947640096,"CAFI_P062",100
"17185",-6.40825155744096,"CAFI_P062",25
"17186",238.996153223387,"CAFI_P062",50
"17187",-4821.46108827842,"CAFI_P062",100
"17188",1142.79345474907,"CAFI_P062",25
"17189",-1737.98679240441,"CAFI_P062",50
"17190",8437.82185472251,"CAFI_P062",100
"17191",719.619847843889,"CAFI_P062",25
"17192",-117.693389308755,"CAFI_P062",50
"17193",-4673.61113479896,"CAFI_P062",100
"17194",-2942.90926415598,"CAFI_P062",25
"17195",237.09864846227,"CAFI_P062",50
"17196",-3449.74107778666,"CAFI_P062",100
"17197",24.162792204821,"CAFI_P062",25
"17198",-3254.82673368618,"CAFI_P062",50
"17199",-1843.72432013231,"CAFI_P062",100
"17200",-1214.2977103795,"CAFI_P062",25
"17201",-1727.07228595749,"CAFI_P062",50
"17202",-4404.25598655207,"CAFI_P062",100
"17203",-1349.21155508814,"CAFI_P062",25
"17204",120.757321779965,"CAFI_P062",50
"17205",-5221.24981338964,"CAFI_P062",100
"17206",315.089406758925,"CAFI_P062",25
"17207",-3150.98806633512,"CAFI_P062",50
"17208",-4795.74355123201,"CAFI_P062",100
"17209",-72.846338998701,"CAFI_P062",25
"17210",2228.5910538419,"CAFI_P062",50
"17211",-4768.03151248815,"CAFI_P062",100
"17212",92.4674479190726,"CAFI_P062",25
"17213",-691.435140701069,"CAFI_P062",50
"17214",-4441.47181795476,"CAFI_P062",100
"17215",-2150.11589750322,"CAFI_P062",25
"17216",-3807.62639923263,"CAFI_P062",50
"17217",-3500.88815563382,"CAFI_P062",100
"17218",-551.941949561791,"CAFI_P062",25
"17219",2842.01551222487,"CAFI_P062",50
"17220",-4866.57260597646,"CAFI_P062",100
"17221",-2982.81665918042,"CAFI_P062",25
"17222",-3178.31552332069,"CAFI_P062",50
"17223",-4834.2430687492,"CAFI_P062",100
"17224",260.780137565394,"CAFI_P062",25
"17225",9382.47649349703,"CAFI_P062",50
"17226",7142.81957056615,"CAFI_P062",100
"17227",-1536.2010656879,"CAFI_P062",25
"17228",-1112.03948480811,"CAFI_P062",50
"17229",1470.17340022826,"CAFI_P062",100
"17230",-33.8859715909639,"CAFI_P062",25
"17231",-3316.39440115553,"CAFI_P062",50
"17232",-2681.14534594017,"CAFI_P062",100
"17233",-1181.26084194539,"CAFI_P062",25
"17234",-1160.38210903524,"CAFI_P062",50
"17235",-1798.26355297156,"CAFI_P062",100
"17236",653.551898604521,"CAFI_P062",25
"17237",-3209.25106506897,"CAFI_P062",50
"17238",-4594.58801393257,"CAFI_P062",100
"17239",514.722703169595,"CAFI_P062",25
"17240",1018.90346295096,"CAFI_P062",50
"17241",-4781.97717949311,"CAFI_P062",100
"17242",6.55542904231697,"CAFI_P062",25
"17243",1072.56104053796,"CAFI_P062",50
"17244",-5304.16868734811,"CAFI_P062",100
"17245",106.514569712395,"CAFI_P062",25
"17246",-2953.21427625977,"CAFI_P062",50
"17247",-5091.03147935602,"CAFI_P062",100
"17248",-1353.36548560945,"CAFI_P062",25
"17249",-4151.95181699071,"CAFI_P062",50
"17250",-3319.18134195905,"CAFI_P062",100
"17251",85.8565618857974,"CAFI_P062",25
"17252",80.8256222107157,"CAFI_P062",50
"17253",-4670.53960829336,"CAFI_P062",100
"17254",-1418.15026867567,"CAFI_P062",25
"17255",-1358.00188207024,"CAFI_P062",50
"17256",-1162.24703662767,"CAFI_P062",100
"17257",-1284.69954677875,"CAFI_P062",25
"17258",-4570.73141922319,"CAFI_P062",50
"17259",-4769.29594912523,"CAFI_P062",100
"17260",-3314.83454223,"CAFI_P062",25
"17261",-3469.64207398857,"CAFI_P062",50
"17262",-4022.12888684773,"CAFI_P062",100
"17263",-1355.81857175688,"CAFI_P062",25
"17264",-2904.00828380414,"CAFI_P062",50
"17265",-3886.98889919769,"CAFI_P062",100
"17266",-923.408017375332,"CAFI_P062",25
"17267",1744.69671689931,"CAFI_P062",50
"17268",-2431.71431467839,"CAFI_P062",100
"17269",-1507.12907022322,"CAFI_P062",25
"17270",2398.40462877243,"CAFI_P062",50
"17271",-2322.86448620414,"CAFI_P062",100
"17272",1684.27796432195,"CAFI_P062",25
"17273",-1428.09428912311,"CAFI_P062",50
"17274",-2944.85369250149,"CAFI_P062",100
"17275",62.340893366927,"CAFI_P062",25
"17276",9942.08735842034,"CAFI_P062",50
"17277",-4855.20363953817,"CAFI_P062",100
"17278",-109.137546636543,"CAFI_P062",25
"17279",-2393.66836589837,"CAFI_P062",50
"17280",-4305.86598291164,"CAFI_P062",100
"17281",2689.61776509118,"CAFI_P062",25
"17282",-1790.52180388421,"CAFI_P062",50
"17283",-4473.95502174308,"CAFI_P062",100
"17284",-1396.70090520332,"CAFI_P062",25
"17285",11.9675049411308,"CAFI_P062",50
"17286",-4197.1638504088,"CAFI_P062",100
"17287",-79.5892724185251,"CAFI_P062",25
"17288",-765.5548171181,"CAFI_P062",50
"17289",-2849.24674844791,"CAFI_P062",100
"17290",-156.116695975739,"CAFI_P062",25
"17291",-598.016235196264,"CAFI_P062",50
"17292",-4640.46684576245,"CAFI_P062",100
"17293",-1424.60849631357,"CAFI_P062",25
"17294",-1256.16948989793,"CAFI_P062",50
"17295",-4215.2320382451,"CAFI_P062",100
"17296",25.8208589747373,"CAFI_P062",25
"17297",-1721.3699446242,"CAFI_P062",50
"17298",2451.02844293101,"CAFI_P062",100
"17299",-3302.16409812929,"CAFI_P062",25
"17300",-2853.37036927012,"CAFI_P062",50
"17301",-3330.53134528565,"CAFI_P062",100
"17302",-1366.08251545017,"CAFI_P062",25
"17303",-2943.87999645472,"CAFI_P062",50
"17304",476.646881777793,"CAFI_P062",100
"17305",1589.17503412676,"CAFI_P062",25
"17306",-2756.17785750385,"CAFI_P062",50
"17307",-2843.65060226616,"CAFI_P062",100
"17308",-292.950965087744,"CAFI_P062",25
"17309",-1607.63478378669,"CAFI_P062",50
"17310",-5161.30782993889,"CAFI_P062",100
"17311",-3328.82077470917,"CAFI_P062",25
"17312",-8.13278973542037,"CAFI_P062",50
"17313",-3488.06041713618,"CAFI_P062",100
"17314",248.516001899901,"CAFI_P062",25
"17315",-1798.52327698364,"CAFI_P062",50
"17316",-2826.46165829588,"CAFI_P062",100
"17317",-41.2197058754391,"CAFI_P062",25
"17318",2569.77313696791,"CAFI_P062",50
"17319",3147.47493244373,"CAFI_P062",100
"17320",151.096297001903,"CAFI_P062",25
"17321",4313.52660335621,"CAFI_P062",50
"17322",-4722.36563136251,"CAFI_P062",100
"17323",-607.736360274401,"CAFI_P062",25
"17324",2006.65946762273,"CAFI_P062",50
"17325",-3193.68767939651,"CAFI_P062",100
"17326",75.1083101628174,"CAFI_P062",25
"17327",-2883.08594291666,"CAFI_P062",50
"17328",-4574.92176417919,"CAFI_P062",100
"17329",116.534189435682,"CAFI_P062",25
"17330",-1720.08642968876,"CAFI_P062",50
"17331",-3656.06709476814,"CAFI_P062",100
"17332",-93.0814718462643,"CAFI_P062",25
"17333",143.350370426197,"CAFI_P062",50
"17334",-4962.6449167169,"CAFI_P062",100
"17335",-595.836029858212,"CAFI_P062",25
"17336",-828.511605840002,"CAFI_P062",50
"17337",-3368.82166324736,"CAFI_P062",100
"17338",-1523.32159417478,"CAFI_P062",25
"17339",4842.81601457356,"CAFI_P062",50
"17340",-3785.8150897233,"CAFI_P062",100
"17341",-16.4343610211508,"CAFI_P062",25
"17342",834.094873979338,"CAFI_P062",50
"17343",-4111.58359876054,"CAFI_P062",100
"17344",-3032.43256873914,"CAFI_P062",25
"17345",-206.125661179336,"CAFI_P062",50
"17346",-4545.73192332397,"CAFI_P062",100
"17347",-11.6145920567214,"CAFI_P062",25
"17348",-635.055251524871,"CAFI_P062",50
"17349",-4082.44702466176,"CAFI_P062",100
"17350",-678.894974057475,"CAFI_P062",25
"17351",-393.926833059028,"CAFI_P062",50
"17352",-4757.95679600313,"CAFI_P062",100
"17353",-3297.306443056,"CAFI_P062",25
"17354",-3236.34068538671,"CAFI_P062",50
"17355",-4267.55369654958,"CAFI_P062",100
"17356",-2866.74847138635,"CAFI_P062",25
"17357",-4687.03014386521,"CAFI_P062",50
"17358",-3535.08340319459,"CAFI_P062",100
"17359",-857.691673608439,"CAFI_P062",25
"17360",84.4179336751986,"CAFI_P062",50
"17361",-1957.4659012646,"CAFI_P062",100
"17362",369.47572199523,"CAFI_P062",25
"17363",-2893.18614580715,"CAFI_P062",50
"17364",3668.69672345955,"CAFI_P062",100
"17365",-19.2738082934811,"CAFI_P062",25
"17366",-4681.97810523023,"CAFI_P062",50
"17367",-4732.14710849788,"CAFI_P062",100
"17368",1612.91731868617,"CAFI_P062",25
"17369",-3806.21683913821,"CAFI_P062",50
"17370",-4174.54902596801,"CAFI_P062",100
"17371",-3288.36083438588,"CAFI_P062",25
"17372",-3390.18462069836,"CAFI_P062",50
"17373",-2509.02695740681,"CAFI_P062",100
"17374",-46.9992437974433,"CAFI_P062",25
"17375",658.451022980968,"CAFI_P062",50
"17376",-5211.12014322547,"CAFI_P062",100
"17377",-611.716923784203,"CAFI_P062",25
"17378",-463.01917549182,"CAFI_P062",50
"17379",-3526.35572647545,"CAFI_P062",100
"17380",-1493.16137743407,"CAFI_P062",25
"17381",-2108.08199701912,"CAFI_P062",50
"17382",-4633.93244480871,"CAFI_P062",100
"17383",123.380794634722,"CAFI_P062",25
"17384",-3306.79591929112,"CAFI_P062",50
"17385",-1686.06175429732,"CAFI_P062",100
"17386",-640.234047502599,"CAFI_P062",25
"17387",-1134.27095190127,"CAFI_P062",50
"17388",-5148.25530468809,"CAFI_P062",100
"17389",-1490.71710553148,"CAFI_P062",25
"17390",144.400049865741,"CAFI_P062",50
"17391",-3017.88009815625,"CAFI_P062",100
"17392",665.017435481481,"CAFI_P062",25
"17393",3917.38901534595,"CAFI_P062",50
"17394",-2494.12396387645,"CAFI_P062",100
"17395",-3268.72820026218,"CAFI_P062",25
"17396",94.2052504795429,"CAFI_P062",50
"17397",-4369.57520425963,"CAFI_P062",100
"17398",424.512933104794,"CAFI_P062",25
"17399",-2278.3727185899,"CAFI_P062",50
"17400",-2024.22290762904,"CAFI_P062",100
"17401",1122.02272597063,"CAFI_P063",25
"17402",-7372.24554625709,"CAFI_P063",50
"17403",1993.45119633651,"CAFI_P063",100
"17404",1103.62676040814,"CAFI_P063",25
"17405",-3701.3449785556,"CAFI_P063",50
"17406",66.2559965243854,"CAFI_P063",100
"17407",-121.583589134563,"CAFI_P063",25
"17408",-5317.63360938191,"CAFI_P063",50
"17409",15042.407799153,"CAFI_P063",100
"17410",1089.94915468874,"CAFI_P063",25
"17411",174.713156038371,"CAFI_P063",50
"17412",5212.19651983734,"CAFI_P063",100
"17413",635.176856023958,"CAFI_P063",25
"17414",1954.2632885584,"CAFI_P063",50
"17415",39.5788523158699,"CAFI_P063",100
"17416",-8.07917699316749,"CAFI_P063",25
"17417",-1698.23868841946,"CAFI_P063",50
"17418",5872.78939769196,"CAFI_P063",100
"17419",-982.673401607695,"CAFI_P063",25
"17420",-2746.1850107676,"CAFI_P063",50
"17421",3577.58316605256,"CAFI_P063",100
"17422",-11498.8386635204,"CAFI_P063",25
"17423",-11010.4139416665,"CAFI_P063",50
"17424",-6546.97855362089,"CAFI_P063",100
"17425",-4080.81766707823,"CAFI_P063",25
"17426",9504.06377171178,"CAFI_P063",50
"17427",-14869.3700044779,"CAFI_P063",100
"17428",557.753958261659,"CAFI_P063",25
"17429",-428.646453981375,"CAFI_P063",50
"17430",5637.01319758405,"CAFI_P063",100
"17431",-288.665140976984,"CAFI_P063",25
"17432",-3957.19882375683,"CAFI_P063",50
"17433",-6093.47487119224,"CAFI_P063",100
"17434",579.956815136014,"CAFI_P063",25
"17435",2691.22191279734,"CAFI_P063",50
"17436",879.436236512236,"CAFI_P063",100
"17437",1219.6440853152,"CAFI_P063",25
"17438",-5671.97657264781,"CAFI_P063",50
"17439",-3353.91480969155,"CAFI_P063",100
"17440",-1810.0299781386,"CAFI_P063",25
"17441",-4352.69844174929,"CAFI_P063",50
"17442",-7526.81348550646,"CAFI_P063",100
"17443",-1403.8209630026,"CAFI_P063",25
"17444",2016.59672513878,"CAFI_P063",50
"17445",-7320.38712226908,"CAFI_P063",100
"17446",-4683.53020351712,"CAFI_P063",25
"17447",12844.552878047,"CAFI_P063",50
"17448",-7660.67828993173,"CAFI_P063",100
"17449",1683.22809925891,"CAFI_P063",25
"17450",6176.48354756687,"CAFI_P063",50
"17451",-7151.32221641295,"CAFI_P063",100
"17452",-4669.54493544722,"CAFI_P063",25
"17453",1398.75586180118,"CAFI_P063",50
"17454",-6367.79621205787,"CAFI_P063",100
"17455",-3856.00288087269,"CAFI_P063",25
"17456",5812.84408656208,"CAFI_P063",50
"17457",-2548.15171815443,"CAFI_P063",100
"17458",-631.446164937021,"CAFI_P063",25
"17459",-5796.83120054993,"CAFI_P063",50
"17460",-8976.35652131849,"CAFI_P063",100
"17461",1168.89619118627,"CAFI_P063",25
"17462",-3366.20920237864,"CAFI_P063",50
"17463",-3384.10915202898,"CAFI_P063",100
"17464",7682.2351105253,"CAFI_P063",25
"17465",-375.141807973909,"CAFI_P063",50
"17466",-7076.27578349854,"CAFI_P063",100
"17467",506.613695889129,"CAFI_P063",25
"17468",-6899.5890648122,"CAFI_P063",50
"17469",-4075.2681335512,"CAFI_P063",100
"17470",219.808040777018,"CAFI_P063",25
"17471",-526.351558075752,"CAFI_P063",50
"17472",-3550.70438017504,"CAFI_P063",100
"17473",10.0172670657048,"CAFI_P063",25
"17474",69.523501987831,"CAFI_P063",50
"17475",-7070.44767033117,"CAFI_P063",100
"17476",-2411.79968732005,"CAFI_P063",25
"17477",-7310.90037042764,"CAFI_P063",50
"17478",-4697.67203258074,"CAFI_P063",100
"17479",-873.018890526146,"CAFI_P063",25
"17480",-3073.38338268703,"CAFI_P063",50
"17481",16564.0153414375,"CAFI_P063",100
"17482",-584.226139329869,"CAFI_P063",25
"17483",-203.729351594928,"CAFI_P063",50
"17484",-7649.76687996989,"CAFI_P063",100
"17485",-6563.10130735338,"CAFI_P063",25
"17486",-8038.68493231188,"CAFI_P063",50
"17487",-11162.6902321026,"CAFI_P063",100
"17488",-491.605559442221,"CAFI_P063",25
"17489",489.760946572613,"CAFI_P063",50
"17490",-4454.3024348988,"CAFI_P063",100
"17491",-13016.008041136,"CAFI_P063",25
"17492",2478.23339175101,"CAFI_P063",50
"17493",-4603.8855966836,"CAFI_P063",100
"17494",5466.33638153793,"CAFI_P063",25
"17495",-6154.13176136283,"CAFI_P063",50
"17496",-14954.0950472103,"CAFI_P063",100
"17497",-613.216370973503,"CAFI_P063",25
"17498",4630.40312328844,"CAFI_P063",50
"17499",3599.25793864712,"CAFI_P063",100
"17500",2355.54839240084,"CAFI_P063",25
"17501",-1200.68374501204,"CAFI_P063",50
"17502",-6833.45105649965,"CAFI_P063",100
"17503",-6342.26950630854,"CAFI_P063",25
"17504",-11289.9381070703,"CAFI_P063",50
"17505",-6163.12045493623,"CAFI_P063",100
"17506",-5506.58962319529,"CAFI_P063",25
"17507",-1694.37838478698,"CAFI_P063",50
"17508",1650.56621838154,"CAFI_P063",100
"17509",-4037.14897934068,"CAFI_P063",25
"17510",-5404.70700432188,"CAFI_P063",50
"17511",4254.74168056154,"CAFI_P063",100
"17512",-2938.89267627749,"CAFI_P063",25
"17513",-3600.49116457335,"CAFI_P063",50
"17514",-9735.20424822735,"CAFI_P063",100
"17515",4018.83211087328,"CAFI_P063",25
"17516",14132.0096383234,"CAFI_P063",50
"17517",20808.8252943323,"CAFI_P063",100
"17518",-6031.44180925813,"CAFI_P063",25
"17519",-946.413750792766,"CAFI_P063",50
"17520",5775.17702732209,"CAFI_P063",100
"17521",-6461.86234489214,"CAFI_P063",25
"17522",-6087.53306792909,"CAFI_P063",50
"17523",6336.12652521016,"CAFI_P063",100
"17524",823.111990367557,"CAFI_P063",25
"17525",5895.71813760992,"CAFI_P063",50
"17526",2268.1189815292,"CAFI_P063",100
"17527",-6283.492333806,"CAFI_P063",25
"17528",2995.63048688346,"CAFI_P063",50
"17529",-11335.7604649701,"CAFI_P063",100
"17530",-6196.70921911069,"CAFI_P063",25
"17531",-2460.89852105331,"CAFI_P063",50
"17532",187.509086862381,"CAFI_P063",100
"17533",5929.08466566261,"CAFI_P063",25
"17534",2482.10824802256,"CAFI_P063",50
"17535",-6934.22700303799,"CAFI_P063",100
"17536",-1336.81036848988,"CAFI_P063",25
"17537",-12405.127454757,"CAFI_P063",50
"17538",-2212.80738599645,"CAFI_P063",100
"17539",8007.31206352511,"CAFI_P063",25
"17540",-8350.64306223579,"CAFI_P063",50
"17541",-10669.2557666111,"CAFI_P063",100
"17542",-6113.17455658986,"CAFI_P063",25
"17543",-416.929623076692,"CAFI_P063",50
"17544",8104.72754852878,"CAFI_P063",100
"17545",3556.00068889718,"CAFI_P063",25
"17546",-10541.4630900033,"CAFI_P063",50
"17547",6071.32743470519,"CAFI_P063",100
"17548",-1120.71116759913,"CAFI_P063",25
"17549",-1346.93652625056,"CAFI_P063",50
"17550",-6810.13750587337,"CAFI_P063",100
"17551",1792.28259059723,"CAFI_P063",25
"17552",3112.16976224224,"CAFI_P063",50
"17553",-11471.1384529802,"CAFI_P063",100
"17554",-305.752458336588,"CAFI_P063",25
"17555",2300.70967869868,"CAFI_P063",50
"17556",-6373.45260936156,"CAFI_P063",100
"17557",-1191.35364198935,"CAFI_P063",25
"17558",9560.63691540839,"CAFI_P063",50
"17559",-15799.6323492849,"CAFI_P063",100
"17560",1436.23984784217,"CAFI_P063",25
"17561",-1083.3315324336,"CAFI_P063",50
"17562",-13119.6127442503,"CAFI_P063",100
"17563",777.601801353681,"CAFI_P063",25
"17564",-5809.65349601765,"CAFI_P063",50
"17565",-4170.81812673924,"CAFI_P063",100
"17566",1424.6419737174,"CAFI_P063",25
"17567",4224.02194120424,"CAFI_P063",50
"17568",-6010.58573250528,"CAFI_P063",100
"17569",1323.22198428685,"CAFI_P063",25
"17570",6098.30898389622,"CAFI_P063",50
"17571",-1501.48195710906,"CAFI_P063",100
"17572",-2855.09019307364,"CAFI_P063",25
"17573",-1458.38278852406,"CAFI_P063",50
"17574",-5837.85043728654,"CAFI_P063",100
"17575",-1611.80281690296,"CAFI_P063",25
"17576",-6453.00360655331,"CAFI_P063",50
"17577",5913.13597957886,"CAFI_P063",100
"17578",-459.670527026348,"CAFI_P063",25
"17579",-2335.07228081246,"CAFI_P063",50
"17580",-4435.6111743954,"CAFI_P063",100
"17581",-2178.34594175356,"CAFI_P063",25
"17582",3024.25039983707,"CAFI_P063",50
"17583",-8639.8863152423,"CAFI_P063",100
"17584",14369.5576939712,"CAFI_P063",25
"17585",-2102.04304096792,"CAFI_P063",50
"17586",14357.4435185834,"CAFI_P063",100
"17587",-12002.7581473663,"CAFI_P063",25
"17588",23505.6459055166,"CAFI_P063",50
"17589",5609.40920543711,"CAFI_P063",100
"17590",-6882.44708687763,"CAFI_P063",25
"17591",-3941.40332196382,"CAFI_P063",50
"17592",-6591.57928848072,"CAFI_P063",100
"17593",13298.5499053601,"CAFI_P063",25
"17594",-4322.58730574866,"CAFI_P063",50
"17595",3769.56240222871,"CAFI_P063",100
"17596",-6386.52423376177,"CAFI_P063",25
"17597",14303.2700524935,"CAFI_P063",50
"17598",-7829.69010529056,"CAFI_P063",100
"17599",-6618.7508896713,"CAFI_P063",25
"17600",-12561.2228191576,"CAFI_P063",50
"17601",4133.73789103999,"CAFI_P063",100
"17602",-3821.91278332856,"CAFI_P063",25
"17603",-8504.56844535735,"CAFI_P063",50
"17604",-8906.05832587939,"CAFI_P063",100
"17605",-7.81326309524593,"CAFI_P063",25
"17606",-10234.043555855,"CAFI_P063",50
"17607",639.455142809747,"CAFI_P063",100
"17608",98.6745111948694,"CAFI_P063",25
"17609",-7618.79153062319,"CAFI_P063",50
"17610",95.2915600350243,"CAFI_P063",100
"17611",7216.96321053465,"CAFI_P063",25
"17612",11458.1608229504,"CAFI_P063",50
"17613",-923.885800894088,"CAFI_P063",100
"17614",2391.86201636263,"CAFI_P063",25
"17615",-1236.06866995699,"CAFI_P063",50
"17616",-11605.044751647,"CAFI_P063",100
"17617",-1182.27371679666,"CAFI_P063",25
"17618",11617.7916707175,"CAFI_P063",50
"17619",-6584.61829396844,"CAFI_P063",100
"17620",895.703090211842,"CAFI_P063",25
"17621",-8516.80040283562,"CAFI_P063",50
"17622",4559.40060675403,"CAFI_P063",100
"17623",222.07390212352,"CAFI_P063",25
"17624",-3031.3069222818,"CAFI_P063",50
"17625",-6885.50682621915,"CAFI_P063",100
"17626",-6009.98476146269,"CAFI_P063",25
"17627",4382.89472275437,"CAFI_P063",50
"17628",-8992.92892914562,"CAFI_P063",100
"17629",7827.32712593625,"CAFI_P063",25
"17630",219.128521835926,"CAFI_P063",50
"17631",2560.5260699233,"CAFI_P063",100
"17632",3373.88817723631,"CAFI_P063",25
"17633",3923.98497170385,"CAFI_P063",50
"17634",-2305.04326271382,"CAFI_P063",100
"17635",-991.495015853317,"CAFI_P063",25
"17636",-12825.871015933,"CAFI_P063",50
"17637",-6841.72341583762,"CAFI_P063",100
"17638",1582.64258019594,"CAFI_P063",25
"17639",6851.14791227621,"CAFI_P063",50
"17640",-212.776085644844,"CAFI_P063",100
"17641",-103.822792672581,"CAFI_P063",25
"17642",-12195.8526780617,"CAFI_P063",50
"17643",14161.4979665913,"CAFI_P063",100
"17644",-6510.04287518508,"CAFI_P063",25
"17645",-678.27661202685,"CAFI_P063",50
"17646",4583.17791369194,"CAFI_P063",100
"17647",-206.47051597308,"CAFI_P063",25
"17648",-5696.78009393893,"CAFI_P063",50
"17649",-13949.5018251069,"CAFI_P063",100
"17650",-539.659070544556,"CAFI_P063",25
"17651",-2283.93450848653,"CAFI_P063",50
"17652",11331.3857608104,"CAFI_P063",100
"17653",-2265.51560542246,"CAFI_P063",25
"17654",-969.598519221152,"CAFI_P063",50
"17655",-3267.14936232186,"CAFI_P063",100
"17656",1384.60412990485,"CAFI_P063",25
"17657",-7040.88938562264,"CAFI_P063",50
"17658",-1387.26056340878,"CAFI_P063",100
"17659",-1135.35440955989,"CAFI_P063",25
"17660",6286.83017998468,"CAFI_P063",50
"17661",-10720.3274065634,"CAFI_P063",100
"17662",3771.14046686923,"CAFI_P063",25
"17663",-1578.75550774689,"CAFI_P063",50
"17664",1694.33965768034,"CAFI_P063",100
"17665",-11899.1356324523,"CAFI_P063",25
"17666",1164.08637918465,"CAFI_P063",50
"17667",7485.43279632949,"CAFI_P063",100
"17668",-822.826775495691,"CAFI_P063",25
"17669",6269.38995017446,"CAFI_P063",50
"17670",999.801064839063,"CAFI_P063",100
"17671",-973.708761978487,"CAFI_P063",25
"17672",4201.98750571188,"CAFI_P063",50
"17673",3759.64537185841,"CAFI_P063",100
"17674",7527.00256334478,"CAFI_P063",25
"17675",-7809.04279538125,"CAFI_P063",50
"17676",-5083.05502279062,"CAFI_P063",100
"17677",-1764.0941936677,"CAFI_P063",25
"17678",-118.08332322468,"CAFI_P063",50
"17679",33940.6472389032,"CAFI_P063",100
"17680",420.637018837471,"CAFI_P063",25
"17681",-5817.46995808682,"CAFI_P063",50
"17682",-1092.69206617321,"CAFI_P063",100
"17683",-1447.07571278865,"CAFI_P063",25
"17684",-763.584620377485,"CAFI_P063",50
"17685",-13280.3007845866,"CAFI_P063",100
"17686",-3876.36509707567,"CAFI_P063",25
"17687",-4438.56852317997,"CAFI_P063",50
"17688",-11518.9864028293,"CAFI_P063",100
"17689",7592.16594911634,"CAFI_P063",25
"17690",-8862.15574822112,"CAFI_P063",50
"17691",-1776.6677044128,"CAFI_P063",100
"17692",7789.54779679017,"CAFI_P063",25
"17693",13728.7722411912,"CAFI_P063",50
"17694",-3465.07823089306,"CAFI_P063",100
"17695",13171.4789205455,"CAFI_P063",25
"17696",7406.49105482741,"CAFI_P063",50
"17697",-7161.36321481463,"CAFI_P063",100
"17698",7625.54153287568,"CAFI_P063",25
"17699",-5798.23659451574,"CAFI_P063",50
"17700",3898.38307580943,"CAFI_P063",100
"17701",-4617.7593210531,"CAFI_P064",25
"17702",-24883.4404421367,"CAFI_P064",50
"17703",-32867.1808744433,"CAFI_P064",100
"17704",-14035.1173450741,"CAFI_P064",25
"17705",-8675.39394801547,"CAFI_P064",50
"17706",-38553.3089583359,"CAFI_P064",100
"17707",-15943.8105592438,"CAFI_P064",25
"17708",-18764.8797145885,"CAFI_P064",50
"17709",-25774.8620192871,"CAFI_P064",100
"17710",-20356.0150369531,"CAFI_P064",25
"17711",-3253.77928741137,"CAFI_P064",50
"17712",-23070.7619128379,"CAFI_P064",100
"17713",-5064.52870433853,"CAFI_P064",25
"17714",-10561.7588471476,"CAFI_P064",50
"17715",-35889.3081242841,"CAFI_P064",100
"17716",514.892224738258,"CAFI_P064",25
"17717",-21324.038057541,"CAFI_P064",50
"17718",-45928.7568958375,"CAFI_P064",100
"17719",-6776.91928982665,"CAFI_P064",25
"17720",-29998.4501610204,"CAFI_P064",50
"17721",-41575.3843950081,"CAFI_P064",100
"17722",-14838.0740889892,"CAFI_P064",25
"17723",-26700.1015875739,"CAFI_P064",50
"17724",-30431.1166403982,"CAFI_P064",100
"17725",3518.30998783943,"CAFI_P064",25
"17726",-7309.91718975874,"CAFI_P064",50
"17727",-30181.3114459218,"CAFI_P064",100
"17728",11557.7642021555,"CAFI_P064",25
"17729",-22804.1921739505,"CAFI_P064",50
"17730",-35373.2019760722,"CAFI_P064",100
"17731",-23162.5655379037,"CAFI_P064",25
"17732",-15916.8858671662,"CAFI_P064",50
"17733",-37088.5106198585,"CAFI_P064",100
"17734",-10545.1621602587,"CAFI_P064",25
"17735",-35189.1510150861,"CAFI_P064",50
"17736",-32392.4453117208,"CAFI_P064",100
"17737",-3538.73748935788,"CAFI_P064",25
"17738",-14006.4099780229,"CAFI_P064",50
"17739",-37976.7027984524,"CAFI_P064",100
"17740",-10165.273495343,"CAFI_P064",25
"17741",-28942.680728531,"CAFI_P064",50
"17742",-30722.3415188129,"CAFI_P064",100
"17743",1315.34887978504,"CAFI_P064",25
"17744",-5645.99976115499,"CAFI_P064",50
"17745",-39608.7861806054,"CAFI_P064",100
"17746",-6565.61770390923,"CAFI_P064",25
"17747",-24166.5606414439,"CAFI_P064",50
"17748",-28492.1977844007,"CAFI_P064",100
"17749",-2821.45276430069,"CAFI_P064",25
"17750",-4348.95256808371,"CAFI_P064",50
"17751",-22103.4147793227,"CAFI_P064",100
"17752",20987.6275525264,"CAFI_P064",25
"17753",-25779.6504138518,"CAFI_P064",50
"17754",-30370.3483672538,"CAFI_P064",100
"17755",-18226.5124922912,"CAFI_P064",25
"17756",-24006.4808686147,"CAFI_P064",50
"17757",-24386.0927779241,"CAFI_P064",100
"17758",-5106.62632088113,"CAFI_P064",25
"17759",-5010.52787303587,"CAFI_P064",50
"17760",-29755.236150711,"CAFI_P064",100
"17761",-11266.7066765561,"CAFI_P064",25
"17762",-4489.40778939915,"CAFI_P064",50
"17763",-36442.8450755419,"CAFI_P064",100
"17764",-8463.03228043753,"CAFI_P064",25
"17765",-19537.5587106607,"CAFI_P064",50
"17766",-26052.4034319031,"CAFI_P064",100
"17767",-2882.27647439099,"CAFI_P064",25
"17768",-19253.7997642009,"CAFI_P064",50
"17769",-3871.40279581997,"CAFI_P064",100
"17770",-12881.4845957085,"CAFI_P064",25
"17771",-6719.67980013182,"CAFI_P064",50
"17772",-15898.6566834964,"CAFI_P064",100
"17773",-5799.08253357123,"CAFI_P064",25
"17774",-22265.8743102124,"CAFI_P064",50
"17775",-38885.7595261521,"CAFI_P064",100
"17776",-9389.5709926706,"CAFI_P064",25
"17777",-37.0198614348192,"CAFI_P064",50
"17778",-35699.757256927,"CAFI_P064",100
"17779",3244.37491209165,"CAFI_P064",25
"17780",-5838.50532724784,"CAFI_P064",50
"17781",-32727.1517550593,"CAFI_P064",100
"17782",-13680.8409258283,"CAFI_P064",25
"17783",-11109.8201528426,"CAFI_P064",50
"17784",-31066.5207795876,"CAFI_P064",100
"17785",-22082.3568247046,"CAFI_P064",25
"17786",-30127.7649375536,"CAFI_P064",50
"17787",-22198.3367086689,"CAFI_P064",100
"17788",-8397.51022189879,"CAFI_P064",25
"17789",7824.57580244471,"CAFI_P064",50
"17790",-4835.03602494037,"CAFI_P064",100
"17791",-7851.12461139046,"CAFI_P064",25
"17792",-14172.3207962444,"CAFI_P064",50
"17793",-34143.8300243855,"CAFI_P064",100
"17794",476.458069290326,"CAFI_P064",25
"17795",-12433.4090482324,"CAFI_P064",50
"17796",-22859.0947419992,"CAFI_P064",100
"17797",-14845.1077806015,"CAFI_P064",25
"17798",-24813.4234668605,"CAFI_P064",50
"17799",-15158.6899365913,"CAFI_P064",100
"17800",-16123.7839704147,"CAFI_P064",25
"17801",-19618.8230203532,"CAFI_P064",50
"17802",-38742.4204718643,"CAFI_P064",100
"17803",-9506.34869127028,"CAFI_P064",25
"17804",-13190.0050735761,"CAFI_P064",50
"17805",-33815.719974618,"CAFI_P064",100
"17806",8065.41625370242,"CAFI_P064",25
"17807",-29815.7216094357,"CAFI_P064",50
"17808",-40294.8716035492,"CAFI_P064",100
"17809",-7188.09040833951,"CAFI_P064",25
"17810",-10646.0865783727,"CAFI_P064",50
"17811",-23080.4496408036,"CAFI_P064",100
"17812",-10642.6309639888,"CAFI_P064",25
"17813",-4560.13484624302,"CAFI_P064",50
"17814",-9154.01051273796,"CAFI_P064",100
"17815",-2495.70089300297,"CAFI_P064",25
"17816",-27553.7316913547,"CAFI_P064",50
"17817",-33484.5907831967,"CAFI_P064",100
"17818",2192.36167770403,"CAFI_P064",25
"17819",-11556.5345039085,"CAFI_P064",50
"17820",-28099.9543026223,"CAFI_P064",100
"17821",452.336801197904,"CAFI_P064",25
"17822",-16179.9834328602,"CAFI_P064",50
"17823",-19187.5526534993,"CAFI_P064",100
"17824",-5487.92871603853,"CAFI_P064",25
"17825",-17371.7720591769,"CAFI_P064",50
"17826",-26294.8629328702,"CAFI_P064",100
"17827",-10699.3646997089,"CAFI_P064",25
"17828",-32519.8275924353,"CAFI_P064",50
"17829",-29703.1579024304,"CAFI_P064",100
"17830",-8695.72515690885,"CAFI_P064",25
"17831",-20220.0874555079,"CAFI_P064",50
"17832",-25914.4545561038,"CAFI_P064",100
"17833",5511.87631363713,"CAFI_P064",25
"17834",-11741.751644606,"CAFI_P064",50
"17835",-11080.3567506353,"CAFI_P064",100
"17836",-3109.67643434217,"CAFI_P064",25
"17837",-19205.3932288392,"CAFI_P064",50
"17838",-27450.793556004,"CAFI_P064",100
"17839",-7519.62648122362,"CAFI_P064",25
"17840",-11614.8615763326,"CAFI_P064",50
"17841",-26259.0761632556,"CAFI_P064",100
"17842",-6188.78365297237,"CAFI_P064",25
"17843",-18524.6654703336,"CAFI_P064",50
"17844",-26337.3401215789,"CAFI_P064",100
"17845",-13565.0428937731,"CAFI_P064",25
"17846",-25275.9691344814,"CAFI_P064",50
"17847",-30257.2626980156,"CAFI_P064",100
"17848",-17109.2979086308,"CAFI_P064",25
"17849",-11007.5968957887,"CAFI_P064",50
"17850",-21505.1546529558,"CAFI_P064",100
"17851",-13779.3737552648,"CAFI_P064",25
"17852",2692.0052432043,"CAFI_P064",50
"17853",-28055.8770860997,"CAFI_P064",100
"17854",1092.66344502592,"CAFI_P064",25
"17855",-7805.90229664347,"CAFI_P064",50
"17856",-34309.1154981313,"CAFI_P064",100
"17857",-6332.91190846701,"CAFI_P064",25
"17858",-24462.7004681034,"CAFI_P064",50
"17859",-27241.0865626485,"CAFI_P064",100
"17860",-18424.9007995888,"CAFI_P064",25
"17861",12428.8748069581,"CAFI_P064",50
"17862",-30430.192400192,"CAFI_P064",100
"17863",-17182.2807476359,"CAFI_P064",25
"17864",-10206.4456581178,"CAFI_P064",50
"17865",-32496.389355164,"CAFI_P064",100
"17866",-12544.1844762737,"CAFI_P064",25
"17867",-21441.8022338779,"CAFI_P064",50
"17868",-41750.4147145807,"CAFI_P064",100
"17869",-9605.5132655176,"CAFI_P064",25
"17870",-9661.15074208652,"CAFI_P064",50
"17871",-39463.1626495813,"CAFI_P064",100
"17872",-4988.95543061348,"CAFI_P064",25
"17873",-15042.8928011997,"CAFI_P064",50
"17874",-35355.7000975226,"CAFI_P064",100
"17875",3261.19522010162,"CAFI_P064",25
"17876",-12359.5349451372,"CAFI_P064",50
"17877",-37788.3557491004,"CAFI_P064",100
"17878",-13827.2972036835,"CAFI_P064",25
"17879",-19521.5890921422,"CAFI_P064",50
"17880",-30651.6192144883,"CAFI_P064",100
"17881",-1377.5111219078,"CAFI_P064",25
"17882",-24374.6758790777,"CAFI_P064",50
"17883",-40618.2369029735,"CAFI_P064",100
"17884",-3280.71895977977,"CAFI_P064",25
"17885",-2523.9952374865,"CAFI_P064",50
"17886",-33137.7464789728,"CAFI_P064",100
"17887",-7814.0237134432,"CAFI_P064",25
"17888",-13818.8447681451,"CAFI_P064",50
"17889",-35280.2247713074,"CAFI_P064",100
"17890",-7379.72559507727,"CAFI_P064",25
"17891",2524.54492408421,"CAFI_P064",50
"17892",-12016.46220085,"CAFI_P064",100
"17893",-6962.27998233971,"CAFI_P064",25
"17894",-15258.9669458977,"CAFI_P064",50
"17895",-19614.7441201397,"CAFI_P064",100
"17896",-22068.7534893408,"CAFI_P064",25
"17897",-26231.3550503042,"CAFI_P064",50
"17898",-31058.3296800383,"CAFI_P064",100
"17899",-6488.9449342211,"CAFI_P064",25
"17900",-3079.53912891843,"CAFI_P064",50
"17901",-30246.1692287013,"CAFI_P064",100
"17902",-16383.9001255242,"CAFI_P064",25
"17903",-22285.6809306584,"CAFI_P064",50
"17904",-41589.0191478527,"CAFI_P064",100
"17905",-3370.32258664409,"CAFI_P064",25
"17906",-15450.1433087746,"CAFI_P064",50
"17907",-12047.9679720521,"CAFI_P064",100
"17908",513.957073780766,"CAFI_P064",25
"17909",-12810.3318913598,"CAFI_P064",50
"17910",-24674.6732230994,"CAFI_P064",100
"17911",-14825.395832284,"CAFI_P064",25
"17912",-25218.6148216493,"CAFI_P064",50
"17913",-38562.0826067951,"CAFI_P064",100
"17914",-14498.5942773381,"CAFI_P064",25
"17915",-16326.3556165144,"CAFI_P064",50
"17916",8567.13455833431,"CAFI_P064",100
"17917",-21175.6803595227,"CAFI_P064",25
"17918",-311.824006476614,"CAFI_P064",50
"17919",-42825.3456401834,"CAFI_P064",100
"17920",-11642.3529430577,"CAFI_P064",25
"17921",-18039.3804733662,"CAFI_P064",50
"17922",-33333.7806271451,"CAFI_P064",100
"17923",-15661.3395880754,"CAFI_P064",25
"17924",-22714.9337418198,"CAFI_P064",50
"17925",-27202.2083725307,"CAFI_P064",100
"17926",-4957.06076261238,"CAFI_P064",25
"17927",-22271.0548227953,"CAFI_P064",50
"17928",-18063.5972374448,"CAFI_P064",100
"17929",-6.20756027993048,"CAFI_P064",25
"17930",698.219940672338,"CAFI_P064",50
"17931",-22398.1526972096,"CAFI_P064",100
"17932",-13489.1365479574,"CAFI_P064",25
"17933",-17973.8413829059,"CAFI_P064",50
"17934",-36840.4981362319,"CAFI_P064",100
"17935",-2421.26016236725,"CAFI_P064",25
"17936",-9289.51983333292,"CAFI_P064",50
"17937",-14790.9611592374,"CAFI_P064",100
"17938",-4016.83757307456,"CAFI_P064",25
"17939",-3810.67258917826,"CAFI_P064",50
"17940",-20691.1045748686,"CAFI_P064",100
"17941",3461.7928955112,"CAFI_P064",25
"17942",11187.2878010133,"CAFI_P064",50
"17943",-22031.2127531995,"CAFI_P064",100
"17944",-5926.96108095505,"CAFI_P064",25
"17945",-8697.27416349581,"CAFI_P064",50
"17946",-14325.2288407384,"CAFI_P064",100
"17947",-14863.1139293839,"CAFI_P064",25
"17948",-19837.62339798,"CAFI_P064",50
"17949",-36989.1851307452,"CAFI_P064",100
"17950",-3575.47507933155,"CAFI_P064",25
"17951",-51.0281669115066,"CAFI_P064",50
"17952",-26106.8692831691,"CAFI_P064",100
"17953",-7532.87019499548,"CAFI_P064",25
"17954",-19288.8671194909,"CAFI_P064",50
"17955",-3799.1913951321,"CAFI_P064",100
"17956",-2543.34911565308,"CAFI_P064",25
"17957",-2409.29384898359,"CAFI_P064",50
"17958",-36476.7550778036,"CAFI_P064",100
"17959",134.53809219884,"CAFI_P064",25
"17960",-17613.5320506181,"CAFI_P064",50
"17961",-28647.3614170189,"CAFI_P064",100
"17962",-5374.5254790787,"CAFI_P064",25
"17963",-13965.9651546862,"CAFI_P064",50
"17964",-24599.3708329289,"CAFI_P064",100
"17965",-7606.50394660281,"CAFI_P064",25
"17966",-8168.1601162774,"CAFI_P064",50
"17967",-11403.3107580725,"CAFI_P064",100
"17968",-17650.1298798996,"CAFI_P064",25
"17969",-4715.08542708401,"CAFI_P064",50
"17970",-30215.580284423,"CAFI_P064",100
"17971",-5059.70319081628,"CAFI_P064",25
"17972",-8371.55093019403,"CAFI_P064",50
"17973",-37208.5530272347,"CAFI_P064",100
"17974",-6186.62692303996,"CAFI_P064",25
"17975",-10118.2673725004,"CAFI_P064",50
"17976",-36895.6002335678,"CAFI_P064",100
"17977",11571.4431069818,"CAFI_P064",25
"17978",14432.9070505041,"CAFI_P064",50
"17979",-41675.2831681545,"CAFI_P064",100
"17980",-11246.2719284627,"CAFI_P064",25
"17981",-25801.0830213519,"CAFI_P064",50
"17982",-34863.7452817874,"CAFI_P064",100
"17983",-12757.3581360982,"CAFI_P064",25
"17984",-26782.8038250075,"CAFI_P064",50
"17985",-30838.6729464231,"CAFI_P064",100
"17986",-3499.61445328308,"CAFI_P064",25
"17987",-10884.4927505043,"CAFI_P064",50
"17988",-24879.4397495347,"CAFI_P064",100
"17989",18960.5803422689,"CAFI_P064",25
"17990",10837.6162484599,"CAFI_P064",50
"17991",-13193.8339804793,"CAFI_P064",100
"17992",-13807.9966095582,"CAFI_P064",25
"17993",-4329.71438962192,"CAFI_P064",50
"17994",-16508.2714247092,"CAFI_P064",100
"17995",-9422.68811401748,"CAFI_P064",25
"17996",-11015.6267646652,"CAFI_P064",50
"17997",-16149.0517600062,"CAFI_P064",100
"17998",-11122.6712401919,"CAFI_P064",25
"17999",-7519.37978204782,"CAFI_P064",50
"18000",-20082.7244340658,"CAFI_P064",100
"18001",-1739.63627757697,"CAFI_P067",25
"18002",-18827.0899450896,"CAFI_P067",50
"18003",-24762.1185560979,"CAFI_P067",100
"18004",-3250.32081623055,"CAFI_P067",25
"18005",-8023.99756721529,"CAFI_P067",50
"18006",-6067.53645310202,"CAFI_P067",100
"18007",-21624.9278079473,"CAFI_P067",25
"18008",-20406.9059247872,"CAFI_P067",50
"18009",-13318.9826499488,"CAFI_P067",100
"18010",1290.51971345168,"CAFI_P067",25
"18011",-2794.75175814395,"CAFI_P067",50
"18012",-25389.6744832326,"CAFI_P067",100
"18013",15488.2395143738,"CAFI_P067",25
"18014",-1961.91416200442,"CAFI_P067",50
"18015",11161.5593538549,"CAFI_P067",100
"18016",-766.218459728989,"CAFI_P067",25
"18017",-8383.21001282823,"CAFI_P067",50
"18018",-30503.2534134343,"CAFI_P067",100
"18019",17738.5646373422,"CAFI_P067",25
"18020",3187.34110194573,"CAFI_P067",50
"18021",-9270.47591397283,"CAFI_P067",100
"18022",-9156.1907684888,"CAFI_P067",25
"18023",-12209.2266488478,"CAFI_P067",50
"18024",-20045.3276354801,"CAFI_P067",100
"18025",-3715.69530486292,"CAFI_P067",25
"18026",-23713.2647175941,"CAFI_P067",50
"18027",-27554.4034816757,"CAFI_P067",100
"18028",-9772.64742383402,"CAFI_P067",25
"18029",-6690.10075743689,"CAFI_P067",50
"18030",-18158.6434944578,"CAFI_P067",100
"18031",-3155.91551326809,"CAFI_P067",25
"18032",12509.0755754091,"CAFI_P067",50
"18033",7644.50764614512,"CAFI_P067",100
"18034",-12658.4994874991,"CAFI_P067",25
"18035",-16819.8949593433,"CAFI_P067",50
"18036",-10670.6410328103,"CAFI_P067",100
"18037",-3261.73045491369,"CAFI_P067",25
"18038",2228.12311727484,"CAFI_P067",50
"18039",-18184.0403747482,"CAFI_P067",100
"18040",4807.00145222689,"CAFI_P067",25
"18041",-16047.6549183812,"CAFI_P067",50
"18042",-29737.6670628565,"CAFI_P067",100
"18043",-8324.96818265418,"CAFI_P067",25
"18044",-1472.09567493724,"CAFI_P067",50
"18045",-28567.4935011161,"CAFI_P067",100
"18046",-1361.66036538401,"CAFI_P067",25
"18047",2226.80898612423,"CAFI_P067",50
"18048",-18563.1522308808,"CAFI_P067",100
"18049",-4691.21320272231,"CAFI_P067",25
"18050",-26194.2172154694,"CAFI_P067",50
"18051",-7514.95055051125,"CAFI_P067",100
"18052",-15277.9901831238,"CAFI_P067",25
"18053",19957.9004631111,"CAFI_P067",50
"18054",-13113.8458783591,"CAFI_P067",100
"18055",-13831.5003387988,"CAFI_P067",25
"18056",-15176.3010353681,"CAFI_P067",50
"18057",-16329.9492029987,"CAFI_P067",100
"18058",-16087.2844763388,"CAFI_P067",25
"18059",-10020.5628157509,"CAFI_P067",50
"18060",9738.94233475969,"CAFI_P067",100
"18061",-8819.23646900582,"CAFI_P067",25
"18062",-9047.30480174551,"CAFI_P067",50
"18063",-16906.8597502002,"CAFI_P067",100
"18064",-804.467377963243,"CAFI_P067",25
"18065",-20530.8822128506,"CAFI_P067",50
"18066",-16204.7761496732,"CAFI_P067",100
"18067",-4148.80062954017,"CAFI_P067",25
"18068",-5931.86364467914,"CAFI_P067",50
"18069",-27956.5422911232,"CAFI_P067",100
"18070",-11356.6062723099,"CAFI_P067",25
"18071",-7300.05331372219,"CAFI_P067",50
"18072",-4099.42181053926,"CAFI_P067",100
"18073",-508.223547731817,"CAFI_P067",25
"18074",-7952.98204783513,"CAFI_P067",50
"18075",-10488.2994239499,"CAFI_P067",100
"18076",-6825.44556247286,"CAFI_P067",25
"18077",17614.8042976726,"CAFI_P067",50
"18078",-4586.88212035975,"CAFI_P067",100
"18079",-19370.7041909537,"CAFI_P067",25
"18080",1078.35927110387,"CAFI_P067",50
"18081",21459.9502035927,"CAFI_P067",100
"18082",-5281.07419506868,"CAFI_P067",25
"18083",-19764.5978160124,"CAFI_P067",50
"18084",-19302.3050810977,"CAFI_P067",100
"18085",3415.07133723627,"CAFI_P067",25
"18086",-510.398109146801,"CAFI_P067",50
"18087",1046.03947426198,"CAFI_P067",100
"18088",6647.66166279331,"CAFI_P067",25
"18089",14101.4136004315,"CAFI_P067",50
"18090",26603.1196160081,"CAFI_P067",100
"18091",634.924743643904,"CAFI_P067",25
"18092",-994.690452363575,"CAFI_P067",50
"18093",-22074.3168802683,"CAFI_P067",100
"18094",-6957.58110163122,"CAFI_P067",25
"18095",-11295.5049167438,"CAFI_P067",50
"18096",-25467.7744862753,"CAFI_P067",100
"18097",3934.83766235859,"CAFI_P067",25
"18098",-4814.64444241655,"CAFI_P067",50
"18099",2589.14617369755,"CAFI_P067",100
"18100",-7198.41370160249,"CAFI_P067",25
"18101",673.673080375593,"CAFI_P067",50
"18102",-8845.7506651149,"CAFI_P067",100
"18103",8564.78599853441,"CAFI_P067",25
"18104",-15941.8964112766,"CAFI_P067",50
"18105",-28097.1353724586,"CAFI_P067",100
"18106",-2234.11106883839,"CAFI_P067",25
"18107",-12443.5146690015,"CAFI_P067",50
"18108",9520.97744828369,"CAFI_P067",100
"18109",-13211.4542236825,"CAFI_P067",25
"18110",-13275.1401150573,"CAFI_P067",50
"18111",-25276.355667221,"CAFI_P067",100
"18112",-11362.8245612592,"CAFI_P067",25
"18113",-13672.3423348168,"CAFI_P067",50
"18114",-15118.4824939295,"CAFI_P067",100
"18115",-7704.33422222902,"CAFI_P067",25
"18116",-21767.1521004231,"CAFI_P067",50
"18117",-32230.0692171202,"CAFI_P067",100
"18118",-283.512867456884,"CAFI_P067",25
"18119",-21805.7814922869,"CAFI_P067",50
"18120",-33374.154440868,"CAFI_P067",100
"18121",-778.656272157095,"CAFI_P067",25
"18122",-3395.17775394249,"CAFI_P067",50
"18123",-26541.5757392427,"CAFI_P067",100
"18124",-2180.72476002167,"CAFI_P067",25
"18125",-9765.50574091164,"CAFI_P067",50
"18126",-26529.8053199087,"CAFI_P067",100
"18127",7335.40969630651,"CAFI_P067",25
"18128",-2952.5756850887,"CAFI_P067",50
"18129",7.49583847570466,"CAFI_P067",100
"18130",-7338.52564929647,"CAFI_P067",25
"18131",2943.60397566773,"CAFI_P067",50
"18132",-25676.0014996602,"CAFI_P067",100
"18133",-9987.44196299283,"CAFI_P067",25
"18134",-16368.2462053676,"CAFI_P067",50
"18135",-23415.0523099375,"CAFI_P067",100
"18136",-1260.97231469234,"CAFI_P067",25
"18137",8253.8072088206,"CAFI_P067",50
"18138",-17385.0725065775,"CAFI_P067",100
"18139",-10052.4993333538,"CAFI_P067",25
"18140",-3481.0322786246,"CAFI_P067",50
"18141",-10944.4091969977,"CAFI_P067",100
"18142",5758.90587589343,"CAFI_P067",25
"18143",-4640.79791333934,"CAFI_P067",50
"18144",-22936.579058369,"CAFI_P067",100
"18145",-13060.324861991,"CAFI_P067",25
"18146",-7371.29212696815,"CAFI_P067",50
"18147",-19403.1710416172,"CAFI_P067",100
"18148",4040.20013372973,"CAFI_P067",25
"18149",-4464.08067360497,"CAFI_P067",50
"18150",-27727.0268535272,"CAFI_P067",100
"18151",-4495.69224700262,"CAFI_P067",25
"18152",10625.2754277441,"CAFI_P067",50
"18153",-18534.8852425337,"CAFI_P067",100
"18154",-15942.2548230785,"CAFI_P067",25
"18155",-15432.0387452087,"CAFI_P067",50
"18156",2514.96157010196,"CAFI_P067",100
"18157",-5641.23472949711,"CAFI_P067",25
"18158",-14756.9787803913,"CAFI_P067",50
"18159",-15316.2256772996,"CAFI_P067",100
"18160",-14262.6238041268,"CAFI_P067",25
"18161",-984.360623757821,"CAFI_P067",50
"18162",-29417.86952602,"CAFI_P067",100
"18163",-6115.32156243065,"CAFI_P067",25
"18164",-15908.9840238165,"CAFI_P067",50
"18165",24541.5109090475,"CAFI_P067",100
"18166",1504.12309933727,"CAFI_P067",25
"18167",-13173.7301759647,"CAFI_P067",50
"18168",-20178.4925014937,"CAFI_P067",100
"18169",-10190.1945818648,"CAFI_P067",25
"18170",442.570080666803,"CAFI_P067",50
"18171",-16692.847004134,"CAFI_P067",100
"18172",-8611.18651250214,"CAFI_P067",25
"18173",-13832.7671331571,"CAFI_P067",50
"18174",-25711.3673279387,"CAFI_P067",100
"18175",-14342.6546961515,"CAFI_P067",25
"18176",-896.542373249307,"CAFI_P067",50
"18177",-19138.4887446507,"CAFI_P067",100
"18178",13215.3111262463,"CAFI_P067",25
"18179",-1351.13719903765,"CAFI_P067",50
"18180",-19955.9589049425,"CAFI_P067",100
"18181",19168.3222346918,"CAFI_P067",25
"18182",-12107.341208488,"CAFI_P067",50
"18183",-27038.9759566227,"CAFI_P067",100
"18184",17180.352786977,"CAFI_P067",25
"18185",-28865.2440345052,"CAFI_P067",50
"18186",-2885.65215026017,"CAFI_P067",100
"18187",16304.4828488348,"CAFI_P067",25
"18188",-5751.83632435568,"CAFI_P067",50
"18189",-28539.3531209159,"CAFI_P067",100
"18190",-2437.86872648302,"CAFI_P067",25
"18191",-6824.8974565987,"CAFI_P067",50
"18192",-21062.0479806916,"CAFI_P067",100
"18193",-12566.3701004834,"CAFI_P067",25
"18194",2583.28634444787,"CAFI_P067",50
"18195",-17778.6676418105,"CAFI_P067",100
"18196",-12815.4383890225,"CAFI_P067",25
"18197",-11889.7036670596,"CAFI_P067",50
"18198",-22669.9017083729,"CAFI_P067",100
"18199",-11799.8290170976,"CAFI_P067",25
"18200",7078.40799533483,"CAFI_P067",50
"18201",-22923.4005658452,"CAFI_P067",100
"18202",24984.6913946917,"CAFI_P067",25
"18203",-14336.701815661,"CAFI_P067",50
"18204",-25382.3904830859,"CAFI_P067",100
"18205",-8248.88170601352,"CAFI_P067",25
"18206",-13156.5310150939,"CAFI_P067",50
"18207",-12296.3799929395,"CAFI_P067",100
"18208",-6575.60391185834,"CAFI_P067",25
"18209",-17330.4114987653,"CAFI_P067",50
"18210",-24060.0248984435,"CAFI_P067",100
"18211",-7408.96692799305,"CAFI_P067",25
"18212",1658.03130350017,"CAFI_P067",50
"18213",1649.70529864606,"CAFI_P067",100
"18214",1350.01359196106,"CAFI_P067",25
"18215",-7843.88767023082,"CAFI_P067",50
"18216",-12490.3092569849,"CAFI_P067",100
"18217",-6473.06204675592,"CAFI_P067",25
"18218",-9158.54355923645,"CAFI_P067",50
"18219",-22121.1871147811,"CAFI_P067",100
"18220",-4922.71247010748,"CAFI_P067",25
"18221",-21081.2836764087,"CAFI_P067",50
"18222",-29643.4399170768,"CAFI_P067",100
"18223",-2545.1591163681,"CAFI_P067",25
"18224",-18832.0762925449,"CAFI_P067",50
"18225",-29593.3042777592,"CAFI_P067",100
"18226",-15188.9221925292,"CAFI_P067",25
"18227",-25373.6078020222,"CAFI_P067",50
"18228",-25004.1214198661,"CAFI_P067",100
"18229",-21870.3511722185,"CAFI_P067",25
"18230",-8048.80594428728,"CAFI_P067",50
"18231",-24927.3608181707,"CAFI_P067",100
"18232",-17487.7354049837,"CAFI_P067",25
"18233",-6498.81292761606,"CAFI_P067",50
"18234",-21060.6631441611,"CAFI_P067",100
"18235",-8768.04156842525,"CAFI_P067",25
"18236",-20997.5431876442,"CAFI_P067",50
"18237",-29943.1509490102,"CAFI_P067",100
"18238",-1018.75704191119,"CAFI_P067",25
"18239",-10193.4890663159,"CAFI_P067",50
"18240",-9720.08291009505,"CAFI_P067",100
"18241",-7304.70542156859,"CAFI_P067",25
"18242",-3474.45814524585,"CAFI_P067",50
"18243",-17996.926923223,"CAFI_P067",100
"18244",-20084.1850032313,"CAFI_P067",25
"18245",-459.445696812589,"CAFI_P067",50
"18246",-18717.806016605,"CAFI_P067",100
"18247",-8206.76270797499,"CAFI_P067",25
"18248",-4611.96551333275,"CAFI_P067",50
"18249",-28149.6873615546,"CAFI_P067",100
"18250",-6201.43510911369,"CAFI_P067",25
"18251",-8622.53539011604,"CAFI_P067",50
"18252",-4969.11863596964,"CAFI_P067",100
"18253",-4148.66819203395,"CAFI_P067",25
"18254",-24682.6599246752,"CAFI_P067",50
"18255",-417.852328565146,"CAFI_P067",100
"18256",3349.80033430713,"CAFI_P067",25
"18257",11877.5827509064,"CAFI_P067",50
"18258",-20253.1379250977,"CAFI_P067",100
"18259",3910.0799705098,"CAFI_P067",25
"18260",-5943.20381364255,"CAFI_P067",50
"18261",-25868.7528377414,"CAFI_P067",100
"18262",-9913.06436301075,"CAFI_P067",25
"18263",-6174.07559216302,"CAFI_P067",50
"18264",-11237.7167372676,"CAFI_P067",100
"18265",2071.44686724985,"CAFI_P067",25
"18266",10039.1440762726,"CAFI_P067",50
"18267",-11434.6111811083,"CAFI_P067",100
"18268",-8543.49229181191,"CAFI_P067",25
"18269",-5783.20402050496,"CAFI_P067",50
"18270",-19977.5445217493,"CAFI_P067",100
"18271",-11258.9287000747,"CAFI_P067",25
"18272",-9819.71674000379,"CAFI_P067",50
"18273",-11397.2209895855,"CAFI_P067",100
"18274",-5110.56940429297,"CAFI_P067",25
"18275",-1475.19366374071,"CAFI_P067",50
"18276",-22987.9442721278,"CAFI_P067",100
"18277",-5982.12023974874,"CAFI_P067",25
"18278",1191.88168909185,"CAFI_P067",50
"18279",-15745.4096329501,"CAFI_P067",100
"18280",-4673.28761751461,"CAFI_P067",25
"18281",-6036.02506791073,"CAFI_P067",50
"18282",-29786.4238578579,"CAFI_P067",100
"18283",3211.54720696685,"CAFI_P067",25
"18284",-11643.0417727687,"CAFI_P067",50
"18285",-25537.3172037593,"CAFI_P067",100
"18286",2072.67477480409,"CAFI_P067",25
"18287",2510.30861844687,"CAFI_P067",50
"18288",1825.48248832452,"CAFI_P067",100
"18289",-16475.0617085872,"CAFI_P067",25
"18290",-11269.5082941141,"CAFI_P067",50
"18291",-18683.9059241422,"CAFI_P067",100
"18292",38.6675333183375,"CAFI_P067",25
"18293",-849.784173196997,"CAFI_P067",50
"18294",-22531.6472175863,"CAFI_P067",100
"18295",-3691.63151850097,"CAFI_P067",25
"18296",-3556.45162618381,"CAFI_P067",50
"18297",-18166.0969242021,"CAFI_P067",100
"18298",-2508.19134816661,"CAFI_P067",25
"18299",14405.5409675268,"CAFI_P067",50
"18300",-11302.7070721424,"CAFI_P067",100
"18301",1132.94346814964,"CAFI_P069",25
"18302",6862.59201468359,"CAFI_P069",50
"18303",10951.9031577485,"CAFI_P069",100
"18304",32.8626857218333,"CAFI_P069",25
"18305",10469.5695345545,"CAFI_P069",50
"18306",7570.0153212804,"CAFI_P069",100
"18307",-3549.79808193975,"CAFI_P069",25
"18308",-3631.86543894815,"CAFI_P069",50
"18309",3058.33762084763,"CAFI_P069",100
"18310",1741.78083376936,"CAFI_P069",25
"18311",17411.6378165128,"CAFI_P069",50
"18312",-150.099465681531,"CAFI_P069",100
"18313",6515.09201322938,"CAFI_P069",25
"18314",4554.82327995199,"CAFI_P069",50
"18315",10717.7763508597,"CAFI_P069",100
"18316",1213.90694590478,"CAFI_P069",25
"18317",-1124.46492073906,"CAFI_P069",50
"18318",2623.38087737764,"CAFI_P069",100
"18319",-3844.70776856883,"CAFI_P069",25
"18320",-5300.88293206191,"CAFI_P069",50
"18321",11076.0463765479,"CAFI_P069",100
"18322",5043.76394561143,"CAFI_P069",25
"18323",3658.17464839254,"CAFI_P069",50
"18324",9044.38676855323,"CAFI_P069",100
"18325",1092.6091698602,"CAFI_P069",25
"18326",6390.10972935252,"CAFI_P069",50
"18327",24463.9455152259,"CAFI_P069",100
"18328",7673.58309530345,"CAFI_P069",25
"18329",19.9568954287679,"CAFI_P069",50
"18330",2301.68244976783,"CAFI_P069",100
"18331",2205.23573382187,"CAFI_P069",25
"18332",2000.84651407227,"CAFI_P069",50
"18333",11455.1009239476,"CAFI_P069",100
"18334",2299.35265386669,"CAFI_P069",25
"18335",-2969.57683417411,"CAFI_P069",50
"18336",12840.1519286011,"CAFI_P069",100
"18337",727.505164592701,"CAFI_P069",25
"18338",4439.53038696141,"CAFI_P069",50
"18339",4463.77091476234,"CAFI_P069",100
"18340",12406.4344069881,"CAFI_P069",25
"18341",14498.6512730452,"CAFI_P069",50
"18342",18132.300647873,"CAFI_P069",100
"18343",1830.15269520378,"CAFI_P069",25
"18344",5642.2788625969,"CAFI_P069",50
"18345",1116.36576730711,"CAFI_P069",100
"18346",606.054664117517,"CAFI_P069",25
"18347",6648.24026682397,"CAFI_P069",50
"18348",6134.35518034059,"CAFI_P069",100
"18349",453.55114425678,"CAFI_P069",25
"18350",5427.90577893186,"CAFI_P069",50
"18351",5968.31090502476,"CAFI_P069",100
"18352",12824.4829603031,"CAFI_P069",25
"18353",-1517.8791485962,"CAFI_P069",50
"18354",7212.9019807544,"CAFI_P069",100
"18355",7213.19051844126,"CAFI_P069",25
"18356",6108.0218441445,"CAFI_P069",50
"18357",9508.5205907998,"CAFI_P069",100
"18358",-409.714595716738,"CAFI_P069",25
"18359",7175.52681354375,"CAFI_P069",50
"18360",9374.47472599521,"CAFI_P069",100
"18361",5819.44854950212,"CAFI_P069",25
"18362",9010.79489438992,"CAFI_P069",50
"18363",14726.3750302611,"CAFI_P069",100
"18364",918.697662605904,"CAFI_P069",25
"18365",17437.6554742706,"CAFI_P069",50
"18366",18212.4854662878,"CAFI_P069",100
"18367",676.595340364205,"CAFI_P069",25
"18368",1310.34560312936,"CAFI_P069",50
"18369",10004.9934849128,"CAFI_P069",100
"18370",6515.28065360384,"CAFI_P069",25
"18371",2280.14412187168,"CAFI_P069",50
"18372",938.279383624322,"CAFI_P069",100
"18373",5063.69703645055,"CAFI_P069",25
"18374",6467.47162433504,"CAFI_P069",50
"18375",6835.11033111293,"CAFI_P069",100
"18376",7299.46921852854,"CAFI_P069",25
"18377",688.813707376714,"CAFI_P069",50
"18378",11534.3606414926,"CAFI_P069",100
"18379",3120.44538522855,"CAFI_P069",25
"18380",-357.141893815948,"CAFI_P069",50
"18381",4805.70414013666,"CAFI_P069",100
"18382",3507.65078457131,"CAFI_P069",25
"18383",12502.8632869114,"CAFI_P069",50
"18384",14399.4866803576,"CAFI_P069",100
"18385",1.23125323088607,"CAFI_P069",25
"18386",5613.3874700226,"CAFI_P069",50
"18387",8451.7884431358,"CAFI_P069",100
"18388",-1178.6456967243,"CAFI_P069",25
"18389",2943.62854067556,"CAFI_P069",50
"18390",13872.2178057659,"CAFI_P069",100
"18391",6868.50293048279,"CAFI_P069",25
"18392",14864.6951328354,"CAFI_P069",50
"18393",6658.08650096069,"CAFI_P069",100
"18394",8496.78007594123,"CAFI_P069",25
"18395",279.490380270348,"CAFI_P069",50
"18396",7171.42150537239,"CAFI_P069",100
"18397",3575.16435037198,"CAFI_P069",25
"18398",2499.71149240824,"CAFI_P069",50
"18399",3055.69533692783,"CAFI_P069",100
"18400",2405.34892935329,"CAFI_P069",25
"18401",13685.3110066421,"CAFI_P069",50
"18402",12731.2605253079,"CAFI_P069",100
"18403",3415.7618972974,"CAFI_P069",25
"18404",20386.7908979437,"CAFI_P069",50
"18405",13150.4158096072,"CAFI_P069",100
"18406",9117.92699991318,"CAFI_P069",25
"18407",1146.24362358364,"CAFI_P069",50
"18408",20679.8529896748,"CAFI_P069",100
"18409",-5214.72545901802,"CAFI_P069",25
"18410",3338.93558102258,"CAFI_P069",50
"18411",739.960854519159,"CAFI_P069",100
"18412",12531.4592691674,"CAFI_P069",25
"18413",9871.24408430792,"CAFI_P069",50
"18414",7821.3664534628,"CAFI_P069",100
"18415",6387.5409348181,"CAFI_P069",25
"18416",1543.60671349644,"CAFI_P069",50
"18417",3743.54137561278,"CAFI_P069",100
"18418",822.032860961044,"CAFI_P069",25
"18419",1741.39038267778,"CAFI_P069",50
"18420",17558.910422758,"CAFI_P069",100
"18421",8307.34479941521,"CAFI_P069",25
"18422",7368.42407283979,"CAFI_P069",50
"18423",10396.0414378272,"CAFI_P069",100
"18424",2859.56386032113,"CAFI_P069",25
"18425",8980.08152580645,"CAFI_P069",50
"18426",8844.37754475995,"CAFI_P069",100
"18427",5455.36913388741,"CAFI_P069",25
"18428",1449.01052005636,"CAFI_P069",50
"18429",13592.0504780678,"CAFI_P069",100
"18430",5161.5015224524,"CAFI_P069",25
"18431",3600.16430038802,"CAFI_P069",50
"18432",5755.97364541667,"CAFI_P069",100
"18433",13519.3164527834,"CAFI_P069",25
"18434",2376.09311092319,"CAFI_P069",50
"18435",2984.42127441365,"CAFI_P069",100
"18436",2131.01910658198,"CAFI_P069",25
"18437",4548.65880352235,"CAFI_P069",50
"18438",709.302532580798,"CAFI_P069",100
"18439",13398.626239802,"CAFI_P069",25
"18440",4424.86410076387,"CAFI_P069",50
"18441",2479.42420735711,"CAFI_P069",100
"18442",9001.3351928835,"CAFI_P069",25
"18443",532.941025239939,"CAFI_P069",50
"18444",5583.11211659375,"CAFI_P069",100
"18445",6198.8648156178,"CAFI_P069",25
"18446",-340.712502903712,"CAFI_P069",50
"18447",3191.93688058644,"CAFI_P069",100
"18448",2368.65616933821,"CAFI_P069",25
"18449",8061.00647135387,"CAFI_P069",50
"18450",15915.2621647355,"CAFI_P069",100
"18451",4989.17700411414,"CAFI_P069",25
"18452",9715.13163859094,"CAFI_P069",50
"18453",10227.8557913832,"CAFI_P069",100
"18454",731.567261048302,"CAFI_P069",25
"18455",7187.75904499477,"CAFI_P069",50
"18456",16292.5372454404,"CAFI_P069",100
"18457",-3281.64147633617,"CAFI_P069",25
"18458",3915.96291838581,"CAFI_P069",50
"18459",9552.56049617322,"CAFI_P069",100
"18460",-2031.63242706779,"CAFI_P069",25
"18461",7050.9802615057,"CAFI_P069",50
"18462",11006.2257225153,"CAFI_P069",100
"18463",-5131.34158193809,"CAFI_P069",25
"18464",-2476.50965705095,"CAFI_P069",50
"18465",5695.25577230914,"CAFI_P069",100
"18466",-505.257194924867,"CAFI_P069",25
"18467",1947.86796893267,"CAFI_P069",50
"18468",9730.66122230946,"CAFI_P069",100
"18469",-190.282155635825,"CAFI_P069",25
"18470",12631.2288794277,"CAFI_P069",50
"18471",9545.68445882143,"CAFI_P069",100
"18472",6694.78825826553,"CAFI_P069",25
"18473",-3952.12107409269,"CAFI_P069",50
"18474",8058.43225700007,"CAFI_P069",100
"18475",2012.28431956738,"CAFI_P069",25
"18476",9690.38238219416,"CAFI_P069",50
"18477",2997.84240896703,"CAFI_P069",100
"18478",-309.961280753487,"CAFI_P069",25
"18479",3954.44675842056,"CAFI_P069",50
"18480",6982.70693688939,"CAFI_P069",100
"18481",3033.11108581471,"CAFI_P069",25
"18482",4412.9726622728,"CAFI_P069",50
"18483",2511.5442704446,"CAFI_P069",100
"18484",2149.09878343449,"CAFI_P069",25
"18485",7846.24611321936,"CAFI_P069",50
"18486",4753.84356053843,"CAFI_P069",100
"18487",7943.36925359472,"CAFI_P069",25
"18488",518.790991063346,"CAFI_P069",50
"18489",9373.06869062758,"CAFI_P069",100
"18490",9095.81379528099,"CAFI_P069",25
"18491",-6040.12354150583,"CAFI_P069",50
"18492",2860.42317890935,"CAFI_P069",100
"18493",5990.32902161358,"CAFI_P069",25
"18494",5464.41372684395,"CAFI_P069",50
"18495",13653.6971495027,"CAFI_P069",100
"18496",4646.38529388671,"CAFI_P069",25
"18497",9182.02421937301,"CAFI_P069",50
"18498",5608.97595866618,"CAFI_P069",100
"18499",1831.82952731114,"CAFI_P069",25
"18500",12942.9334684954,"CAFI_P069",50
"18501",13132.9969289302,"CAFI_P069",100
"18502",3535.66465733113,"CAFI_P069",25
"18503",5692.78518069745,"CAFI_P069",50
"18504",12772.4496684448,"CAFI_P069",100
"18505",3190.86006242206,"CAFI_P069",25
"18506",1203.20306666638,"CAFI_P069",50
"18507",19230.8708242966,"CAFI_P069",100
"18508",1403.34809863998,"CAFI_P069",25
"18509",2404.40510166547,"CAFI_P069",50
"18510",4106.52243161586,"CAFI_P069",100
"18511",2120.21095344267,"CAFI_P069",25
"18512",9143.74135067855,"CAFI_P069",50
"18513",14116.9721760483,"CAFI_P069",100
"18514",-4138.22687590122,"CAFI_P069",25
"18515",1454.9019329719,"CAFI_P069",50
"18516",13284.2701651475,"CAFI_P069",100
"18517",-1489.52493482234,"CAFI_P069",25
"18518",7005.39410004544,"CAFI_P069",50
"18519",5802.38869147602,"CAFI_P069",100
"18520",2064.0757980491,"CAFI_P069",25
"18521",-2057.07775642199,"CAFI_P069",50
"18522",8237.03628028504,"CAFI_P069",100
"18523",770.981218895526,"CAFI_P069",25
"18524",17777.2161531833,"CAFI_P069",50
"18525",9937.80282380007,"CAFI_P069",100
"18526",4639.67430793575,"CAFI_P069",25
"18527",-1303.74856030906,"CAFI_P069",50
"18528",6456.29175469745,"CAFI_P069",100
"18529",-1589.69582426117,"CAFI_P069",25
"18530",4740.37939423928,"CAFI_P069",50
"18531",13636.1415900845,"CAFI_P069",100
"18532",3781.79237150669,"CAFI_P069",25
"18533",2804.89507376828,"CAFI_P069",50
"18534",-1725.66421502456,"CAFI_P069",100
"18535",10980.0274459834,"CAFI_P069",25
"18536",2755.6240513727,"CAFI_P069",50
"18537",7638.36332522804,"CAFI_P069",100
"18538",-3185.86222364643,"CAFI_P069",25
"18539",2247.12476360949,"CAFI_P069",50
"18540",15986.0673120102,"CAFI_P069",100
"18541",-5707.13367885887,"CAFI_P069",25
"18542",6823.1522267668,"CAFI_P069",50
"18543",4239.20792075049,"CAFI_P069",100
"18544",-2652.14006143901,"CAFI_P069",25
"18545",4293.87040935655,"CAFI_P069",50
"18546",15905.3381747987,"CAFI_P069",100
"18547",-2859.67883638572,"CAFI_P069",25
"18548",484.735075229197,"CAFI_P069",50
"18549",8173.84773453366,"CAFI_P069",100
"18550",8127.32579856698,"CAFI_P069",25
"18551",12805.6780400476,"CAFI_P069",50
"18552",6558.66370676918,"CAFI_P069",100
"18553",2614.65293487743,"CAFI_P069",25
"18554",4842.64141119411,"CAFI_P069",50
"18555",2806.33134731726,"CAFI_P069",100
"18556",7977.08522281173,"CAFI_P069",25
"18557",14456.6464886424,"CAFI_P069",50
"18558",9025.04173170909,"CAFI_P069",100
"18559",4133.94468388264,"CAFI_P069",25
"18560",1208.9483643017,"CAFI_P069",50
"18561",13366.3354128864,"CAFI_P069",100
"18562",-3806.1466542909,"CAFI_P069",25
"18563",-1912.22647357237,"CAFI_P069",50
"18564",13575.5069289387,"CAFI_P069",100
"18565",8466.80516319978,"CAFI_P069",25
"18566",-1579.67388475046,"CAFI_P069",50
"18567",13779.1250877345,"CAFI_P069",100
"18568",5617.2115978151,"CAFI_P069",25
"18569",4901.49122722156,"CAFI_P069",50
"18570",1734.14768589515,"CAFI_P069",100
"18571",2963.72195022233,"CAFI_P069",25
"18572",3582.16982801625,"CAFI_P069",50
"18573",12759.5048815194,"CAFI_P069",100
"18574",1996.84962224611,"CAFI_P069",25
"18575",7936.94158033835,"CAFI_P069",50
"18576",2604.79080754856,"CAFI_P069",100
"18577",4876.74884793011,"CAFI_P069",25
"18578",12367.8430513358,"CAFI_P069",50
"18579",7252.52880866552,"CAFI_P069",100
"18580",1213.60346205835,"CAFI_P069",25
"18581",-4533.50622953114,"CAFI_P069",50
"18582",9383.4257768548,"CAFI_P069",100
"18583",876.159782644652,"CAFI_P069",25
"18584",2454.64838772686,"CAFI_P069",50
"18585",12506.5931821751,"CAFI_P069",100
"18586",4084.43804184167,"CAFI_P069",25
"18587",845.58563878882,"CAFI_P069",50
"18588",8597.35924393823,"CAFI_P069",100
"18589",-3455.7681199637,"CAFI_P069",25
"18590",4972.13712708739,"CAFI_P069",50
"18591",14869.7777123895,"CAFI_P069",100
"18592",-3763.44641609513,"CAFI_P069",25
"18593",7190.91601330851,"CAFI_P069",50
"18594",12751.7714913224,"CAFI_P069",100
"18595",2418.35425980162,"CAFI_P069",25
"18596",12341.0068510562,"CAFI_P069",50
"18597",15347.9070974439,"CAFI_P069",100
"18598",2439.67978143808,"CAFI_P069",25
"18599",-5317.06781425019,"CAFI_P069",50
"18600",-457.862113600306,"CAFI_P069",100
"18601",6277.4241925714,"CAFI_P070",25
"18602",5300.44003404505,"CAFI_P070",50
"18603",-7555.25925356237,"CAFI_P070",100
"18604",-3339.12208586739,"CAFI_P070",25
"18605",7906.68139374608,"CAFI_P070",50
"18606",-3187.64008934889,"CAFI_P070",100
"18607",-381.470044069865,"CAFI_P070",25
"18608",-429.337835146056,"CAFI_P070",50
"18609",6355.37589219087,"CAFI_P070",100
"18610",-1555.07158488955,"CAFI_P070",25
"18611",-160.213246563653,"CAFI_P070",50
"18612",-7332.37098821075,"CAFI_P070",100
"18613",-6882.76448158882,"CAFI_P070",25
"18614",-175.428350423987,"CAFI_P070",50
"18615",11.3447145296668,"CAFI_P070",100
"18616",-3890.45308656173,"CAFI_P070",25
"18617",-7473.03457844004,"CAFI_P070",50
"18618",-8267.92572545848,"CAFI_P070",100
"18619",-2964.91577422951,"CAFI_P070",25
"18620",-944.741999637714,"CAFI_P070",50
"18621",-3109.02888261154,"CAFI_P070",100
"18622",4445.65702220125,"CAFI_P070",25
"18623",-2853.34230089185,"CAFI_P070",50
"18624",19583.1645864829,"CAFI_P070",100
"18625",4.923244078469,"CAFI_P070",25
"18626",2737.80054793102,"CAFI_P070",50
"18627",-118.789486578928,"CAFI_P070",100
"18628",1058.31044497332,"CAFI_P070",25
"18629",10213.2710944413,"CAFI_P070",50
"18630",10731.276375472,"CAFI_P070",100
"18631",1658.89887467801,"CAFI_P070",25
"18632",-8989.65107682286,"CAFI_P070",50
"18633",-775.602631014277,"CAFI_P070",100
"18634",-1640.95864135571,"CAFI_P070",25
"18635",-3268.19727987878,"CAFI_P070",50
"18636",-6449.58574932601,"CAFI_P070",100
"18637",-7762.89989909553,"CAFI_P070",25
"18638",-715.361729919765,"CAFI_P070",50
"18639",-8799.45212446619,"CAFI_P070",100
"18640",-3835.38275730517,"CAFI_P070",25
"18641",3036.8562705662,"CAFI_P070",50
"18642",-4953.86624657878,"CAFI_P070",100
"18643",500.408077680331,"CAFI_P070",25
"18644",-5055.82501791252,"CAFI_P070",50
"18645",-2888.06025808968,"CAFI_P070",100
"18646",-1588.76266622922,"CAFI_P070",25
"18647",6327.58267080245,"CAFI_P070",50
"18648",-1979.4784819177,"CAFI_P070",100
"18649",-4576.4748490346,"CAFI_P070",25
"18650",-4575.40391084051,"CAFI_P070",50
"18651",627.918558353878,"CAFI_P070",100
"18652",1595.77779767706,"CAFI_P070",25
"18653",2513.54985141498,"CAFI_P070",50
"18654",-1504.99038721487,"CAFI_P070",100
"18655",-2531.97060128671,"CAFI_P070",25
"18656",-3961.65742049617,"CAFI_P070",50
"18657",-4504.24380186287,"CAFI_P070",100
"18658",-118.882907279796,"CAFI_P070",25
"18659",-568.10778831935,"CAFI_P070",50
"18660",-1387.73838070899,"CAFI_P070",100
"18661",-3664.08475340431,"CAFI_P070",25
"18662",8369.95241794092,"CAFI_P070",50
"18663",-2215.25133868959,"CAFI_P070",100
"18664",493.126350980921,"CAFI_P070",25
"18665",-492.897185355512,"CAFI_P070",50
"18666",8501.1469376467,"CAFI_P070",100
"18667",-4673.40729807684,"CAFI_P070",25
"18668",3565.26247189229,"CAFI_P070",50
"18669",-2556.3318027799,"CAFI_P070",100
"18670",4220.45764346825,"CAFI_P070",25
"18671",458.62270073028,"CAFI_P070",50
"18672",-4517.68086495844,"CAFI_P070",100
"18673",8468.28013168086,"CAFI_P070",25
"18674",-1702.0209186156,"CAFI_P070",50
"18675",-6656.84390328306,"CAFI_P070",100
"18676",295.936666051741,"CAFI_P070",25
"18677",-1350.3244866918,"CAFI_P070",50
"18678",-7497.98600772739,"CAFI_P070",100
"18679",1126.42240273897,"CAFI_P070",25
"18680",4122.30376865724,"CAFI_P070",50
"18681",-1361.68630018935,"CAFI_P070",100
"18682",1123.94922651153,"CAFI_P070",25
"18683",-2840.16973427412,"CAFI_P070",50
"18684",-5269.64254094427,"CAFI_P070",100
"18685",4542.1301074643,"CAFI_P070",25
"18686",-5841.00990410039,"CAFI_P070",50
"18687",-5772.8199322939,"CAFI_P070",100
"18688",1630.57373563224,"CAFI_P070",25
"18689",-4342.42794728672,"CAFI_P070",50
"18690",-8735.639726889,"CAFI_P070",100
"18691",-4944.17602642888,"CAFI_P070",25
"18692",556.913666571141,"CAFI_P070",50
"18693",-930.541138419445,"CAFI_P070",100
"18694",-2441.31522241296,"CAFI_P070",25
"18695",8196.19213868745,"CAFI_P070",50
"18696",9966.35452418137,"CAFI_P070",100
"18697",-1860.02492176241,"CAFI_P070",25
"18698",3213.38164992895,"CAFI_P070",50
"18699",-8656.3645277211,"CAFI_P070",100
"18700",8501.51528963223,"CAFI_P070",25
"18701",-8092.10806667185,"CAFI_P070",50
"18702",-3852.32931745166,"CAFI_P070",100
"18703",-8286.82069848891,"CAFI_P070",25
"18704",2363.91122166588,"CAFI_P070",50
"18705",-1776.4406811966,"CAFI_P070",100
"18706",-174.576296045765,"CAFI_P070",25
"18707",-2749.4433142347,"CAFI_P070",50
"18708",2452.84040049376,"CAFI_P070",100
"18709",5572.06032318695,"CAFI_P070",25
"18710",90.3402151564951,"CAFI_P070",50
"18711",-3241.47712638878,"CAFI_P070",100
"18712",1886.51597862886,"CAFI_P070",25
"18713",-21.2138353506743,"CAFI_P070",50
"18714",-4566.42435275658,"CAFI_P070",100
"18715",-2504.27200781929,"CAFI_P070",25
"18716",4311.07347276254,"CAFI_P070",50
"18717",4299.40410093527,"CAFI_P070",100
"18718",6495.1369402938,"CAFI_P070",25
"18719",6284.58752674944,"CAFI_P070",50
"18720",4477.74892404338,"CAFI_P070",100
"18721",5066.71246639718,"CAFI_P070",25
"18722",-6180.38798958791,"CAFI_P070",50
"18723",-4041.02486429186,"CAFI_P070",100
"18724",-708.602510101569,"CAFI_P070",25
"18725",1639.46835947581,"CAFI_P070",50
"18726",-6281.68573545956,"CAFI_P070",100
"18727",1958.8756369582,"CAFI_P070",25
"18728",-6808.49907706553,"CAFI_P070",50
"18729",-5405.09732682508,"CAFI_P070",100
"18730",-2687.6582647099,"CAFI_P070",25
"18731",-9609.55525233207,"CAFI_P070",50
"18732",-5285.83601404799,"CAFI_P070",100
"18733",-5088.42588455597,"CAFI_P070",25
"18734",-5689.77894350636,"CAFI_P070",50
"18735",2528.47605250226,"CAFI_P070",100
"18736",-2821.85206906986,"CAFI_P070",25
"18737",-3387.50852620928,"CAFI_P070",50
"18738",-1848.44843782712,"CAFI_P070",100
"18739",4660.21387373446,"CAFI_P070",25
"18740",-2907.37885604496,"CAFI_P070",50
"18741",2340.46331941991,"CAFI_P070",100
"18742",2310.39657166405,"CAFI_P070",25
"18743",7041.70500586109,"CAFI_P070",50
"18744",-3395.36020751539,"CAFI_P070",100
"18745",1267.52904735313,"CAFI_P070",25
"18746",3818.96293880968,"CAFI_P070",50
"18747",3101.76592552164,"CAFI_P070",100
"18748",6535.80781402826,"CAFI_P070",25
"18749",263.357877207629,"CAFI_P070",50
"18750",-2179.52986424178,"CAFI_P070",100
"18751",1527.86360794344,"CAFI_P070",25
"18752",-10020.9106424416,"CAFI_P070",50
"18753",-4075.64068891419,"CAFI_P070",100
"18754",-912.822141313198,"CAFI_P070",25
"18755",7153.18978979628,"CAFI_P070",50
"18756",4090.01232070336,"CAFI_P070",100
"18757",-5569.7666959468,"CAFI_P070",25
"18758",8257.52262668128,"CAFI_P070",50
"18759",-3555.2199249414,"CAFI_P070",100
"18760",-3734.1800522522,"CAFI_P070",25
"18761",6421.3939187995,"CAFI_P070",50
"18762",5814.26709107976,"CAFI_P070",100
"18763",-7012.41668998505,"CAFI_P070",25
"18764",-6072.80345703772,"CAFI_P070",50
"18765",10856.2189146729,"CAFI_P070",100
"18766",-5062.36200750279,"CAFI_P070",25
"18767",-407.42993197366,"CAFI_P070",50
"18768",5260.17736068557,"CAFI_P070",100
"18769",842.7106633207,"CAFI_P070",25
"18770",5136.13358556954,"CAFI_P070",50
"18771",-9264.07822067363,"CAFI_P070",100
"18772",-2226.78719720853,"CAFI_P070",25
"18773",3501.19762048023,"CAFI_P070",50
"18774",2363.57268910177,"CAFI_P070",100
"18775",833.413521664887,"CAFI_P070",25
"18776",2702.96141068923,"CAFI_P070",50
"18777",3410.48570467767,"CAFI_P070",100
"18778",7327.0434639045,"CAFI_P070",25
"18779",2183.7995516615,"CAFI_P070",50
"18780",-8622.21540947972,"CAFI_P070",100
"18781",3405.79809058117,"CAFI_P070",25
"18782",990.775221776217,"CAFI_P070",50
"18783",4993.68061672946,"CAFI_P070",100
"18784",-2237.42826736913,"CAFI_P070",25
"18785",14096.8192254111,"CAFI_P070",50
"18786",3988.84402801868,"CAFI_P070",100
"18787",386.870676744904,"CAFI_P070",25
"18788",-4113.57539619145,"CAFI_P070",50
"18789",-9558.68099805119,"CAFI_P070",100
"18790",-7566.03775099045,"CAFI_P070",25
"18791",-3154.85910550517,"CAFI_P070",50
"18792",-443.929907217826,"CAFI_P070",100
"18793",-854.736325537757,"CAFI_P070",25
"18794",-4699.72929910084,"CAFI_P070",50
"18795",-9123.56375394101,"CAFI_P070",100
"18796",-1534.09872203873,"CAFI_P070",25
"18797",-6305.11001935558,"CAFI_P070",50
"18798",-9359.07009911418,"CAFI_P070",100
"18799",1857.30681314378,"CAFI_P070",25
"18800",-9475.63292195697,"CAFI_P070",50
"18801",8261.49303045581,"CAFI_P070",100
"18802",2297.16218202762,"CAFI_P070",25
"18803",127.391452307405,"CAFI_P070",50
"18804",2767.90886698366,"CAFI_P070",100
"18805",-6026.98273853271,"CAFI_P070",25
"18806",5846.78050889101,"CAFI_P070",50
"18807",4322.81380726947,"CAFI_P070",100
"18808",817.636284022738,"CAFI_P070",25
"18809",1247.0899779328,"CAFI_P070",50
"18810",-5821.01739516063,"CAFI_P070",100
"18811",-1855.94985289103,"CAFI_P070",25
"18812",-356.898354231205,"CAFI_P070",50
"18813",4797.45389270355,"CAFI_P070",100
"18814",-3459.19395587067,"CAFI_P070",25
"18815",-2021.63612493683,"CAFI_P070",50
"18816",-5336.66126790619,"CAFI_P070",100
"18817",-775.180192161148,"CAFI_P070",25
"18818",-2638.25536908658,"CAFI_P070",50
"18819",-505.113105234224,"CAFI_P070",100
"18820",-2903.28211609137,"CAFI_P070",25
"18821",5998.28631316367,"CAFI_P070",50
"18822",-1217.97085700399,"CAFI_P070",100
"18823",-4982.69130761293,"CAFI_P070",25
"18824",-8751.9086023425,"CAFI_P070",50
"18825",-3299.40920661876,"CAFI_P070",100
"18826",-10134.3849919713,"CAFI_P070",25
"18827",3731.90752558265,"CAFI_P070",50
"18828",-2440.52322332602,"CAFI_P070",100
"18829",-11530.8814069938,"CAFI_P070",25
"18830",-5880.84460928343,"CAFI_P070",50
"18831",9015.38314489051,"CAFI_P070",100
"18832",2066.988571453,"CAFI_P070",25
"18833",-8583.38956072569,"CAFI_P070",50
"18834",-1525.78128398722,"CAFI_P070",100
"18835",-3161.06599786726,"CAFI_P070",25
"18836",-6184.78002007751,"CAFI_P070",50
"18837",1705.58589995396,"CAFI_P070",100
"18838",2805.14206594593,"CAFI_P070",25
"18839",-6408.16606363904,"CAFI_P070",50
"18840",-2907.29965368123,"CAFI_P070",100
"18841",4220.82467143633,"CAFI_P070",25
"18842",2614.39608972514,"CAFI_P070",50
"18843",1334.90860806566,"CAFI_P070",100
"18844",-271.840613373817,"CAFI_P070",25
"18845",-761.079929011612,"CAFI_P070",50
"18846",3052.56324019836,"CAFI_P070",100
"18847",-4042.13880349929,"CAFI_P070",25
"18848",1187.44846468014,"CAFI_P070",50
"18849",13606.6742917573,"CAFI_P070",100
"18850",-1553.37018479448,"CAFI_P070",25
"18851",-3550.01169250833,"CAFI_P070",50
"18852",-9775.60929902023,"CAFI_P070",100
"18853",4682.5807790106,"CAFI_P070",25
"18854",6906.05374246408,"CAFI_P070",50
"18855",-3082.69722540083,"CAFI_P070",100
"18856",-4635.01380091344,"CAFI_P070",25
"18857",-1940.9570620101,"CAFI_P070",50
"18858",8096.27414897151,"CAFI_P070",100
"18859",1111.65166232226,"CAFI_P070",25
"18860",2626.57909546272,"CAFI_P070",50
"18861",-2745.26519058386,"CAFI_P070",100
"18862",5887.98822338411,"CAFI_P070",25
"18863",-5158.50784565229,"CAFI_P070",50
"18864",-277.494176092761,"CAFI_P070",100
"18865",2698.61368027845,"CAFI_P070",25
"18866",-4120.36437472337,"CAFI_P070",50
"18867",-2897.03764648008,"CAFI_P070",100
"18868",-8513.60954809876,"CAFI_P070",25
"18869",-6967.80726938491,"CAFI_P070",50
"18870",-5542.72284894146,"CAFI_P070",100
"18871",-2329.60759454031,"CAFI_P070",25
"18872",-3848.28177609455,"CAFI_P070",50
"18873",-5854.52369937682,"CAFI_P070",100
"18874",-742.25555561544,"CAFI_P070",25
"18875",-13555.1460986282,"CAFI_P070",50
"18876",2401.29735504845,"CAFI_P070",100
"18877",4579.91070978247,"CAFI_P070",25
"18878",-2994.98870120852,"CAFI_P070",50
"18879",-3209.34197360632,"CAFI_P070",100
"18880",536.932327554241,"CAFI_P070",25
"18881",2902.97829088863,"CAFI_P070",50
"18882",3758.31942560524,"CAFI_P070",100
"18883",952.527773290843,"CAFI_P070",25
"18884",-4443.28311003098,"CAFI_P070",50
"18885",-6403.89851713434,"CAFI_P070",100
"18886",4617.20283573819,"CAFI_P070",25
"18887",-150.922460143105,"CAFI_P070",50
"18888",-4961.90014904033,"CAFI_P070",100
"18889",980.726735586999,"CAFI_P070",25
"18890",-7184.02106199271,"CAFI_P070",50
"18891",99.5317418017657,"CAFI_P070",100
"18892",-392.825692698301,"CAFI_P070",25
"18893",3896.33331030991,"CAFI_P070",50
"18894",8117.94095640784,"CAFI_P070",100
"18895",-2520.64197600356,"CAFI_P070",25
"18896",-4985.98612194939,"CAFI_P070",50
"18897",-5280.86620013337,"CAFI_P070",100
"18898",3775.21944462779,"CAFI_P070",25
"18899",1242.61758031591,"CAFI_P070",50
"18900",-2928.25040680839,"CAFI_P070",100
"18901",1067.67601058161,"CAFI_P071",25
"18902",-3657.72449012345,"CAFI_P071",50
"18903",-12314.8977218189,"CAFI_P071",100
"18904",-13132.2675372027,"CAFI_P071",25
"18905",-13896.5699095415,"CAFI_P071",50
"18906",8183.43621565145,"CAFI_P071",100
"18907",-632.231206561439,"CAFI_P071",25
"18908",-8162.7727407185,"CAFI_P071",50
"18909",-10404.7724716414,"CAFI_P071",100
"18910",-1263.47257358272,"CAFI_P071",25
"18911",-18236.9275386424,"CAFI_P071",50
"18912",-10583.7711539268,"CAFI_P071",100
"18913",909.520169621683,"CAFI_P071",25
"18914",-18064.2853685761,"CAFI_P071",50
"18915",-11789.8086663132,"CAFI_P071",100
"18916",837.693486666307,"CAFI_P071",25
"18917",2206.2859592273,"CAFI_P071",50
"18918",-11192.1147150775,"CAFI_P071",100
"18919",-14623.6880772813,"CAFI_P071",25
"18920",-10328.2375077188,"CAFI_P071",50
"18921",-13188.3218115842,"CAFI_P071",100
"18922",-15957.536232069,"CAFI_P071",25
"18923",-4882.11182422424,"CAFI_P071",50
"18924",-17082.355988447,"CAFI_P071",100
"18925",-3966.17364599503,"CAFI_P071",25
"18926",-1780.19025828311,"CAFI_P071",50
"18927",-6158.24673610728,"CAFI_P071",100
"18928",4271.05173129454,"CAFI_P071",25
"18929",-12058.2250428328,"CAFI_P071",50
"18930",-2653.40507555229,"CAFI_P071",100
"18931",2657.06829180295,"CAFI_P071",25
"18932",-21687.3335214622,"CAFI_P071",50
"18933",-12143.1718575125,"CAFI_P071",100
"18934",-17655.4769350827,"CAFI_P071",25
"18935",-2135.1040932255,"CAFI_P071",50
"18936",-13596.5796585595,"CAFI_P071",100
"18937",27023.7409999,"CAFI_P071",25
"18938",1502.87041060958,"CAFI_P071",50
"18939",488.028826802445,"CAFI_P071",100
"18940",-3741.56465662312,"CAFI_P071",25
"18941",28104.5038293985,"CAFI_P071",50
"18942",-21031.9911310612,"CAFI_P071",100
"18943",735.305908878334,"CAFI_P071",25
"18944",-1105.50792081159,"CAFI_P071",50
"18945",-12562.8696285906,"CAFI_P071",100
"18946",-17426.9945669663,"CAFI_P071",25
"18947",2902.78837682819,"CAFI_P071",50
"18948",-5812.65807241411,"CAFI_P071",100
"18949",-4129.52831676276,"CAFI_P071",25
"18950",-5287.63717182714,"CAFI_P071",50
"18951",3575.4242439919,"CAFI_P071",100
"18952",7595.97398490441,"CAFI_P071",25
"18953",3856.52944362274,"CAFI_P071",50
"18954",-8592.87803121156,"CAFI_P071",100
"18955",1260.19231411291,"CAFI_P071",25
"18956",-16797.4518947958,"CAFI_P071",50
"18957",-10971.8141897475,"CAFI_P071",100
"18958",-8235.33709087275,"CAFI_P071",25
"18959",2804.30698431924,"CAFI_P071",50
"18960",-4881.99996987433,"CAFI_P071",100
"18961",370.47756961087,"CAFI_P071",25
"18962",-13940.6476740707,"CAFI_P071",50
"18963",-11835.8274835474,"CAFI_P071",100
"18964",1163.2512234968,"CAFI_P071",25
"18965",-13987.409671759,"CAFI_P071",50
"18966",-11121.9844981679,"CAFI_P071",100
"18967",369.506421207159,"CAFI_P071",25
"18968",-12411.5332261692,"CAFI_P071",50
"18969",4602.07393789,"CAFI_P071",100
"18970",4629.45719293226,"CAFI_P071",25
"18971",-19166.3205098011,"CAFI_P071",50
"18972",-9053.12959959917,"CAFI_P071",100
"18973",-8421.28949875524,"CAFI_P071",25
"18974",8587.9175110744,"CAFI_P071",50
"18975",2086.01061855449,"CAFI_P071",100
"18976",-3558.70498325932,"CAFI_P071",25
"18977",5560.77983004268,"CAFI_P071",50
"18978",14421.4477354751,"CAFI_P071",100
"18979",-16699.7225291512,"CAFI_P071",25
"18980",2675.23111976025,"CAFI_P071",50
"18981",-6122.00626938121,"CAFI_P071",100
"18982",-4259.37932131166,"CAFI_P071",25
"18983",-8706.98509849166,"CAFI_P071",50
"18984",-10884.9673529415,"CAFI_P071",100
"18985",-17105.9110861967,"CAFI_P071",25
"18986",-15219.2122499662,"CAFI_P071",50
"18987",-14985.9691853689,"CAFI_P071",100
"18988",-2560.95416349621,"CAFI_P071",25
"18989",-13258.7215318652,"CAFI_P071",50
"18990",-5003.82843473455,"CAFI_P071",100
"18991",3032.22739604092,"CAFI_P071",25
"18992",-4696.71800006204,"CAFI_P071",50
"18993",-5130.5349752623,"CAFI_P071",100
"18994",3680.1533390088,"CAFI_P071",25
"18995",7204.80446638889,"CAFI_P071",50
"18996",-23737.2717292719,"CAFI_P071",100
"18997",8761.687608368,"CAFI_P071",25
"18998",-2915.62539568741,"CAFI_P071",50
"18999",-4807.48053705355,"CAFI_P071",100
"19000",-9601.01394312573,"CAFI_P071",25
"19001",-19067.1052796029,"CAFI_P071",50
"19002",-9356.05063560186,"CAFI_P071",100
"19003",-12995.7301957872,"CAFI_P071",25
"19004",1511.4849026812,"CAFI_P071",50
"19005",-5175.35840323003,"CAFI_P071",100
"19006",3717.34379593545,"CAFI_P071",25
"19007",1835.07654247322,"CAFI_P071",50
"19008",-20283.6104174965,"CAFI_P071",100
"19009",5000.47807907872,"CAFI_P071",25
"19010",4724.87408417335,"CAFI_P071",50
"19011",14390.5816848029,"CAFI_P071",100
"19012",6025.68191245158,"CAFI_P071",25
"19013",-6700.82905732031,"CAFI_P071",50
"19014",-2222.66603704472,"CAFI_P071",100
"19015",2916.14214155136,"CAFI_P071",25
"19016",-8094.47382582026,"CAFI_P071",50
"19017",-12427.4515486674,"CAFI_P071",100
"19018",1198.44350879133,"CAFI_P071",25
"19019",-11916.7714769687,"CAFI_P071",50
"19020",-13568.147823718,"CAFI_P071",100
"19021",1026.49904060591,"CAFI_P071",25
"19022",-6982.64493380656,"CAFI_P071",50
"19023",-10473.9115965607,"CAFI_P071",100
"19024",7528.03135502699,"CAFI_P071",25
"19025",-17618.0426702807,"CAFI_P071",50
"19026",-8414.75381814194,"CAFI_P071",100
"19027",6391.13718851312,"CAFI_P071",25
"19028",-6827.42476007558,"CAFI_P071",50
"19029",-14275.9172450625,"CAFI_P071",100
"19030",-11172.3046156919,"CAFI_P071",25
"19031",-9636.77150850807,"CAFI_P071",50
"19032",-10636.4181878088,"CAFI_P071",100
"19033",3537.65524616552,"CAFI_P071",25
"19034",-6753.30671006761,"CAFI_P071",50
"19035",-14710.2574299885,"CAFI_P071",100
"19036",6408.85188341717,"CAFI_P071",25
"19037",1206.87822453666,"CAFI_P071",50
"19038",-16357.2348446475,"CAFI_P071",100
"19039",-2838.54160354426,"CAFI_P071",25
"19040",5162.06845298567,"CAFI_P071",50
"19041",-10436.4113390509,"CAFI_P071",100
"19042",774.673535324691,"CAFI_P071",25
"19043",3692.02897308307,"CAFI_P071",50
"19044",-6263.89617257693,"CAFI_P071",100
"19045",436.183079743816,"CAFI_P071",25
"19046",3939.3801868778,"CAFI_P071",50
"19047",-14380.1952507137,"CAFI_P071",100
"19048",3802.06083910028,"CAFI_P071",25
"19049",-12383.2292494246,"CAFI_P071",50
"19050",-14221.9619527285,"CAFI_P071",100
"19051",320.724895594933,"CAFI_P071",25
"19052",-5007.03104675905,"CAFI_P071",50
"19053",-12288.5653303107,"CAFI_P071",100
"19054",1199.8669398193,"CAFI_P071",25
"19055",1159.91592707258,"CAFI_P071",50
"19056",-16986.8883152701,"CAFI_P071",100
"19057",2187.44806903374,"CAFI_P071",25
"19058",-14318.3787952667,"CAFI_P071",50
"19059",-16016.6936202397,"CAFI_P071",100
"19060",1144.49422926496,"CAFI_P071",25
"19061",20709.6936393055,"CAFI_P071",50
"19062",-17387.564536292,"CAFI_P071",100
"19063",-724.196603809658,"CAFI_P071",25
"19064",-14013.6825261675,"CAFI_P071",50
"19065",-4284.45102563954,"CAFI_P071",100
"19066",4644.53597976197,"CAFI_P071",25
"19067",-12567.2728924063,"CAFI_P071",50
"19068",-11610.2945191253,"CAFI_P071",100
"19069",3747.60208569473,"CAFI_P071",25
"19070",1462.6784651975,"CAFI_P071",50
"19071",-18587.2232582775,"CAFI_P071",100
"19072",-5575.65162382933,"CAFI_P071",25
"19073",2104.15057684865,"CAFI_P071",50
"19074",-14411.6527313411,"CAFI_P071",100
"19075",5896.24373945,"CAFI_P071",25
"19076",-16087.1438184049,"CAFI_P071",50
"19077",-17098.3509849677,"CAFI_P071",100
"19078",2380.61813882022,"CAFI_P071",25
"19079",-19813.3695736439,"CAFI_P071",50
"19080",-3566.15775452362,"CAFI_P071",100
"19081",9584.33341376774,"CAFI_P071",25
"19082",954.404676156351,"CAFI_P071",50
"19083",-18491.5329031207,"CAFI_P071",100
"19084",-15038.5908532797,"CAFI_P071",25
"19085",-3829.83959560009,"CAFI_P071",50
"19086",-6235.63929374272,"CAFI_P071",100
"19087",15337.5582746069,"CAFI_P071",25
"19088",-12600.8972032306,"CAFI_P071",50
"19089",-17855.0783301568,"CAFI_P071",100
"19090",-5818.08838756528,"CAFI_P071",25
"19091",-8571.26045440481,"CAFI_P071",50
"19092",-12478.4807173116,"CAFI_P071",100
"19093",-3884.97764529882,"CAFI_P071",25
"19094",7030.73787739174,"CAFI_P071",50
"19095",1781.2919479566,"CAFI_P071",100
"19096",-14211.6471799308,"CAFI_P071",25
"19097",-17608.024753443,"CAFI_P071",50
"19098",2741.28569205658,"CAFI_P071",100
"19099",5808.77647295286,"CAFI_P071",25
"19100",-222.99410824792,"CAFI_P071",50
"19101",-10577.2471461334,"CAFI_P071",100
"19102",1824.98672401247,"CAFI_P071",25
"19103",-20419.6888283669,"CAFI_P071",50
"19104",-6709.34973667114,"CAFI_P071",100
"19105",-758.492409234284,"CAFI_P071",25
"19106",-12067.6402257431,"CAFI_P071",50
"19107",-16875.6039725321,"CAFI_P071",100
"19108",3103.96108857426,"CAFI_P071",25
"19109",6513.25488820142,"CAFI_P071",50
"19110",-7211.88376600592,"CAFI_P071",100
"19111",-13701.4051829897,"CAFI_P071",25
"19112",768.807051915443,"CAFI_P071",50
"19113",-15327.3668138759,"CAFI_P071",100
"19114",1950.24669738871,"CAFI_P071",25
"19115",2410.24852411507,"CAFI_P071",50
"19116",-22814.7505847411,"CAFI_P071",100
"19117",5763.48120482196,"CAFI_P071",25
"19118",-1703.58414851833,"CAFI_P071",50
"19119",-9842.97486383928,"CAFI_P071",100
"19120",25809.9617758101,"CAFI_P071",25
"19121",-540.945654414536,"CAFI_P071",50
"19122",-4210.63914812019,"CAFI_P071",100
"19123",-12506.3579740836,"CAFI_P071",25
"19124",2517.42025728204,"CAFI_P071",50
"19125",-8634.64901011548,"CAFI_P071",100
"19126",-17745.4548486202,"CAFI_P071",25
"19127",-9712.92894814198,"CAFI_P071",50
"19128",-4088.23326331057,"CAFI_P071",100
"19129",1786.57574230136,"CAFI_P071",25
"19130",3494.98146797321,"CAFI_P071",50
"19131",3962.3959650803,"CAFI_P071",100
"19132",-184.351569513092,"CAFI_P071",25
"19133",-14469.4077086923,"CAFI_P071",50
"19134",-20148.5176318375,"CAFI_P071",100
"19135",49.053916097444,"CAFI_P071",25
"19136",-15796.5656223096,"CAFI_P071",50
"19137",-13337.5007815427,"CAFI_P071",100
"19138",-2935.87305819325,"CAFI_P071",25
"19139",8195.21511962824,"CAFI_P071",50
"19140",-9806.15217885142,"CAFI_P071",100
"19141",-15855.6064018137,"CAFI_P071",25
"19142",1689.90451172006,"CAFI_P071",50
"19143",-18922.7259484837,"CAFI_P071",100
"19144",-3025.77933384187,"CAFI_P071",25
"19145",-2071.36387276714,"CAFI_P071",50
"19146",-7789.59404541494,"CAFI_P071",100
"19147",-16871.2572218701,"CAFI_P071",25
"19148",-8914.96127214591,"CAFI_P071",50
"19149",-12866.42171302,"CAFI_P071",100
"19150",-6841.43574362888,"CAFI_P071",25
"19151",-11211.0122198897,"CAFI_P071",50
"19152",-17928.4103920826,"CAFI_P071",100
"19153",2108.46045101125,"CAFI_P071",25
"19154",-7167.99266953761,"CAFI_P071",50
"19155",-14017.9338672236,"CAFI_P071",100
"19156",-15783.4433040948,"CAFI_P071",25
"19157",-2595.34198318294,"CAFI_P071",50
"19158",-14581.6361393473,"CAFI_P071",100
"19159",-2427.95946377091,"CAFI_P071",25
"19160",-4648.49049057026,"CAFI_P071",50
"19161",-14287.9256869386,"CAFI_P071",100
"19162",616.38916825765,"CAFI_P071",25
"19163",-10487.6692762221,"CAFI_P071",50
"19164",-8840.83856741467,"CAFI_P071",100
"19165",7401.63815578225,"CAFI_P071",25
"19166",-11812.2688370427,"CAFI_P071",50
"19167",1486.73030188796,"CAFI_P071",100
"19168",-2413.0253075778,"CAFI_P071",25
"19169",-18995.6792897202,"CAFI_P071",50
"19170",-14283.973107994,"CAFI_P071",100
"19171",-3404.77136453835,"CAFI_P071",25
"19172",-7451.70040953241,"CAFI_P071",50
"19173",-10536.5472638073,"CAFI_P071",100
"19174",2651.89283756854,"CAFI_P071",25
"19175",-17733.8823898766,"CAFI_P071",50
"19176",-2882.74419433909,"CAFI_P071",100
"19177",2838.32743264595,"CAFI_P071",25
"19178",-11481.5264589704,"CAFI_P071",50
"19179",9582.10558644141,"CAFI_P071",100
"19180",-14983.0725609883,"CAFI_P071",25
"19181",-13210.9898203966,"CAFI_P071",50
"19182",-6926.09608070191,"CAFI_P071",100
"19183",-7479.99776158156,"CAFI_P071",25
"19184",-6694.78282868885,"CAFI_P071",50
"19185",8226.37062689482,"CAFI_P071",100
"19186",-1497.61776075698,"CAFI_P071",25
"19187",11863.9787537642,"CAFI_P071",50
"19188",8174.80769029097,"CAFI_P071",100
"19189",18941.8636143651,"CAFI_P071",25
"19190",10555.9464825017,"CAFI_P071",50
"19191",-8668.76365820935,"CAFI_P071",100
"19192",-15272.5117686951,"CAFI_P071",25
"19193",-3639.09217348247,"CAFI_P071",50
"19194",-11967.1818006588,"CAFI_P071",100
"19195",-4910.99916385318,"CAFI_P071",25
"19196",-19686.773816977,"CAFI_P071",50
"19197",-16578.2638750582,"CAFI_P071",100
"19198",2839.67229202256,"CAFI_P071",25
"19199",-1174.75880496594,"CAFI_P071",50
"19200",-5940.73878983152,"CAFI_P071",100
"19201",-8042.59317880182,"CAFI_P072",25
"19202",10353.1446379281,"CAFI_P072",50
"19203",-16702.7494178516,"CAFI_P072",100
"19204",12897.1669082127,"CAFI_P072",25
"19205",-10172.5127197823,"CAFI_P072",50
"19206",-22426.1708955372,"CAFI_P072",100
"19207",3915.3461337249,"CAFI_P072",25
"19208",-16717.581357865,"CAFI_P072",50
"19209",-22739.7952118942,"CAFI_P072",100
"19210",11930.7538682426,"CAFI_P072",25
"19211",-12951.985300491,"CAFI_P072",50
"19212",-9844.1291501149,"CAFI_P072",100
"19213",-4758.03683896421,"CAFI_P072",25
"19214",-2877.21998522215,"CAFI_P072",50
"19215",-9550.01069935103,"CAFI_P072",100
"19216",-4815.77821922902,"CAFI_P072",25
"19217",-12228.043547571,"CAFI_P072",50
"19218",-6591.20199398982,"CAFI_P072",100
"19219",6880.10546536685,"CAFI_P072",25
"19220",-11361.7693804834,"CAFI_P072",50
"19221",-29346.4049089107,"CAFI_P072",100
"19222",-2178.90379561979,"CAFI_P072",25
"19223",-16767.3166732887,"CAFI_P072",50
"19224",-7218.24571802391,"CAFI_P072",100
"19225",-7367.86810020375,"CAFI_P072",25
"19226",556.915409502632,"CAFI_P072",50
"19227",-20782.0550787534,"CAFI_P072",100
"19228",-2083.1816233081,"CAFI_P072",25
"19229",15134.8689372699,"CAFI_P072",50
"19230",14359.3264165226,"CAFI_P072",100
"19231",1583.22304545884,"CAFI_P072",25
"19232",-11427.5662043896,"CAFI_P072",50
"19233",-16287.465443982,"CAFI_P072",100
"19234",10371.6148029829,"CAFI_P072",25
"19235",-11537.1156710124,"CAFI_P072",50
"19236",-26316.1703186894,"CAFI_P072",100
"19237",-7900.64652989234,"CAFI_P072",25
"19238",3749.89372750738,"CAFI_P072",50
"19239",-16630.4688990526,"CAFI_P072",100
"19240",-3035.44898456562,"CAFI_P072",25
"19241",-6709.02361102938,"CAFI_P072",50
"19242",-9841.99387940834,"CAFI_P072",100
"19243",5409.02453591471,"CAFI_P072",25
"19244",-8442.4370923792,"CAFI_P072",50
"19245",-2530.86759637133,"CAFI_P072",100
"19246",3309.89931951312,"CAFI_P072",25
"19247",6808.67419200821,"CAFI_P072",50
"19248",4056.28212020168,"CAFI_P072",100
"19249",-5567.59004829347,"CAFI_P072",25
"19250",-3034.90282081132,"CAFI_P072",50
"19251",2800.61598558753,"CAFI_P072",100
"19252",2802.03184281639,"CAFI_P072",25
"19253",656.349303489376,"CAFI_P072",50
"19254",-8448.59892539692,"CAFI_P072",100
"19255",-4785.74644940259,"CAFI_P072",25
"19256",-7975.36362344539,"CAFI_P072",50
"19257",-8501.47562703461,"CAFI_P072",100
"19258",-12821.3955117922,"CAFI_P072",25
"19259",2064.0861518812,"CAFI_P072",50
"19260",-31943.5540621657,"CAFI_P072",100
"19261",2317.95937579928,"CAFI_P072",25
"19262",-12751.721395549,"CAFI_P072",50
"19263",-14778.4560589884,"CAFI_P072",100
"19264",1097.72835919383,"CAFI_P072",25
"19265",-18261.8186779893,"CAFI_P072",50
"19266",-24394.7268752168,"CAFI_P072",100
"19267",8065.37407449965,"CAFI_P072",25
"19268",-19828.6593567799,"CAFI_P072",50
"19269",11782.9081593722,"CAFI_P072",100
"19270",1795.11130104162,"CAFI_P072",25
"19271",-20397.8325816208,"CAFI_P072",50
"19272",-22196.7859199072,"CAFI_P072",100
"19273",-8743.1001223221,"CAFI_P072",25
"19274",-8729.89999321324,"CAFI_P072",50
"19275",-21635.1037732016,"CAFI_P072",100
"19276",415.693846456066,"CAFI_P072",25
"19277",2396.21674827917,"CAFI_P072",50
"19278",-10905.4086224306,"CAFI_P072",100
"19279",1876.10601269826,"CAFI_P072",25
"19280",-7637.22329068248,"CAFI_P072",50
"19281",12722.34715543,"CAFI_P072",100
"19282",-6061.81404705934,"CAFI_P072",25
"19283",-18894.4927012678,"CAFI_P072",50
"19284",-28973.350589644,"CAFI_P072",100
"19285",-8157.73033112643,"CAFI_P072",25
"19286",-13680.7844330909,"CAFI_P072",50
"19287",-15062.75291774,"CAFI_P072",100
"19288",-4446.98091153702,"CAFI_P072",25
"19289",-3892.92173030804,"CAFI_P072",50
"19290",-19285.6320540267,"CAFI_P072",100
"19291",-11441.3140784002,"CAFI_P072",25
"19292",-2123.79383973376,"CAFI_P072",50
"19293",-19417.6341184504,"CAFI_P072",100
"19294",-1847.33181228302,"CAFI_P072",25
"19295",-9323.15302160033,"CAFI_P072",50
"19296",-22455.8157904684,"CAFI_P072",100
"19297",-11671.9669976686,"CAFI_P072",25
"19298",-7696.25028562971,"CAFI_P072",50
"19299",-12420.3051553068,"CAFI_P072",100
"19300",-4582.80192582152,"CAFI_P072",25
"19301",-6698.94454832416,"CAFI_P072",50
"19302",-8428.07899164967,"CAFI_P072",100
"19303",-17870.4613944287,"CAFI_P072",25
"19304",2568.65871205291,"CAFI_P072",50
"19305",-4163.29148113774,"CAFI_P072",100
"19306",-7591.4097989946,"CAFI_P072",25
"19307",-7573.79368905688,"CAFI_P072",50
"19308",-6226.47462135588,"CAFI_P072",100
"19309",-10211.1104565075,"CAFI_P072",25
"19310",-20460.223542357,"CAFI_P072",50
"19311",-17086.9333639467,"CAFI_P072",100
"19312",-17685.8174849916,"CAFI_P072",25
"19313",-9496.37391896488,"CAFI_P072",50
"19314",-14799.7028787447,"CAFI_P072",100
"19315",-158.014653516293,"CAFI_P072",25
"19316",-17616.7741729221,"CAFI_P072",50
"19317",14349.3749405826,"CAFI_P072",100
"19318",6650.74793217692,"CAFI_P072",25
"19319",-4158.94230047497,"CAFI_P072",50
"19320",-23913.116529924,"CAFI_P072",100
"19321",-3348.67831883946,"CAFI_P072",25
"19322",-5713.04392656311,"CAFI_P072",50
"19323",-27204.1392110765,"CAFI_P072",100
"19324",-5706.2077485192,"CAFI_P072",25
"19325",-1974.32636676048,"CAFI_P072",50
"19326",-28663.5057602139,"CAFI_P072",100
"19327",-4366.79243295727,"CAFI_P072",25
"19328",-9501.20547403669,"CAFI_P072",50
"19329",-1136.82355262863,"CAFI_P072",100
"19330",-8789.42636681808,"CAFI_P072",25
"19331",2114.62059331517,"CAFI_P072",50
"19332",-23692.2835913121,"CAFI_P072",100
"19333",-6604.48112334096,"CAFI_P072",25
"19334",-14114.512902836,"CAFI_P072",50
"19335",-10364.5853994465,"CAFI_P072",100
"19336",-4530.88072541688,"CAFI_P072",25
"19337",3538.93376235501,"CAFI_P072",50
"19338",-10673.8196921647,"CAFI_P072",100
"19339",-3883.66614072665,"CAFI_P072",25
"19340",-3361.3858694667,"CAFI_P072",50
"19341",-16851.3392995123,"CAFI_P072",100
"19342",-5063.75590425252,"CAFI_P072",25
"19343",-6568.39517788898,"CAFI_P072",50
"19344",-33566.1091099696,"CAFI_P072",100
"19345",-5638.34928271524,"CAFI_P072",25
"19346",-15778.6378799943,"CAFI_P072",50
"19347",-10917.0420319083,"CAFI_P072",100
"19348",2958.52959296579,"CAFI_P072",25
"19349",-9454.94622180582,"CAFI_P072",50
"19350",-6243.5507927463,"CAFI_P072",100
"19351",-5832.45009392727,"CAFI_P072",25
"19352",-11885.9385564188,"CAFI_P072",50
"19353",-26526.3132803836,"CAFI_P072",100
"19354",-12930.6579228208,"CAFI_P072",25
"19355",16629.875603357,"CAFI_P072",50
"19356",-22041.7895539777,"CAFI_P072",100
"19357",-9189.56047167099,"CAFI_P072",25
"19358",8885.38867504115,"CAFI_P072",50
"19359",-14422.5500022329,"CAFI_P072",100
"19360",-1372.92864629981,"CAFI_P072",25
"19361",-7564.9509722201,"CAFI_P072",50
"19362",-5275.08064990945,"CAFI_P072",100
"19363",-10854.1731844409,"CAFI_P072",25
"19364",-13344.3550631204,"CAFI_P072",50
"19365",-16484.3067876896,"CAFI_P072",100
"19366",-5021.72535614128,"CAFI_P072",25
"19367",-2306.54205539334,"CAFI_P072",50
"19368",340.392175674846,"CAFI_P072",100
"19369",-2694.68638167257,"CAFI_P072",25
"19370",-703.370283480501,"CAFI_P072",50
"19371",-6490.59034636605,"CAFI_P072",100
"19372",-11238.9215382742,"CAFI_P072",25
"19373",-5498.05814899679,"CAFI_P072",50
"19374",-4611.69606724806,"CAFI_P072",100
"19375",-9878.6924944233,"CAFI_P072",25
"19376",-9594.67780229723,"CAFI_P072",50
"19377",-26874.4623437444,"CAFI_P072",100
"19378",-6466.43943420745,"CAFI_P072",25
"19379",173.954257581499,"CAFI_P072",50
"19380",2184.96558280353,"CAFI_P072",100
"19381",665.219164697628,"CAFI_P072",25
"19382",-20179.6229440616,"CAFI_P072",50
"19383",-14360.9066133652,"CAFI_P072",100
"19384",-6541.0086050331,"CAFI_P072",25
"19385",13445.6637827634,"CAFI_P072",50
"19386",-23075.2116280884,"CAFI_P072",100
"19387",6520.34519229789,"CAFI_P072",25
"19388",-12881.300836667,"CAFI_P072",50
"19389",-9251.2960188642,"CAFI_P072",100
"19390",3509.55162205815,"CAFI_P072",25
"19391",-17738.7756162624,"CAFI_P072",50
"19392",-13475.0063733222,"CAFI_P072",100
"19393",4550.17515176645,"CAFI_P072",25
"19394",2273.03640049405,"CAFI_P072",50
"19395",-8758.44534700038,"CAFI_P072",100
"19396",-10493.5581207504,"CAFI_P072",25
"19397",-1618.81578221894,"CAFI_P072",50
"19398",-13024.0877871611,"CAFI_P072",100
"19399",3401.10820072179,"CAFI_P072",25
"19400",-8384.72528304538,"CAFI_P072",50
"19401",-21001.5136291774,"CAFI_P072",100
"19402",-3561.05700395431,"CAFI_P072",25
"19403",-13744.6895005227,"CAFI_P072",50
"19404",2431.2847413008,"CAFI_P072",100
"19405",12547.560890187,"CAFI_P072",25
"19406",-8633.65155113419,"CAFI_P072",50
"19407",-3876.91332268284,"CAFI_P072",100
"19408",4462.12197642121,"CAFI_P072",25
"19409",2249.54332526843,"CAFI_P072",50
"19410",5267.13510678557,"CAFI_P072",100
"19411",-1080.23919105477,"CAFI_P072",25
"19412",1093.55670360156,"CAFI_P072",50
"19413",-17425.4309157343,"CAFI_P072",100
"19414",-8787.27425336262,"CAFI_P072",25
"19415",-20630.2936411141,"CAFI_P072",50
"19416",-18513.9966709212,"CAFI_P072",100
"19417",-3478.46198520408,"CAFI_P072",25
"19418",11394.1752864234,"CAFI_P072",50
"19419",4071.38636500953,"CAFI_P072",100
"19420",-6986.23606684938,"CAFI_P072",25
"19421",-7093.25211842242,"CAFI_P072",50
"19422",6898.91918605997,"CAFI_P072",100
"19423",5432.25655567012,"CAFI_P072",25
"19424",-11513.3049401673,"CAFI_P072",50
"19425",-16352.8928554562,"CAFI_P072",100
"19426",1146.4085301304,"CAFI_P072",25
"19427",-3995.18772611598,"CAFI_P072",50
"19428",-20628.5222458962,"CAFI_P072",100
"19429",155.976283373835,"CAFI_P072",25
"19430",-7128.67966012971,"CAFI_P072",50
"19431",-23492.37789674,"CAFI_P072",100
"19432",-6725.15371482895,"CAFI_P072",25
"19433",-13662.154688048,"CAFI_P072",50
"19434",-30293.1248329264,"CAFI_P072",100
"19435",9209.43746079027,"CAFI_P072",25
"19436",-9785.21005036548,"CAFI_P072",50
"19437",-19202.2412473744,"CAFI_P072",100
"19438",-5612.22565054998,"CAFI_P072",25
"19439",-10818.54294107,"CAFI_P072",50
"19440",-15028.251191287,"CAFI_P072",100
"19441",-8849.97324872954,"CAFI_P072",25
"19442",-13790.0248964294,"CAFI_P072",50
"19443",-2041.58977344836,"CAFI_P072",100
"19444",-1450.7191301618,"CAFI_P072",25
"19445",12287.1043558107,"CAFI_P072",50
"19446",-16418.1366017345,"CAFI_P072",100
"19447",4611.68286007928,"CAFI_P072",25
"19448",-7736.34962667717,"CAFI_P072",50
"19449",4152.08714503894,"CAFI_P072",100
"19450",-2132.36950958474,"CAFI_P072",25
"19451",-14009.31898499,"CAFI_P072",50
"19452",-21499.5727770815,"CAFI_P072",100
"19453",4258.74455895566,"CAFI_P072",25
"19454",-11750.4384546704,"CAFI_P072",50
"19455",-14177.0728025933,"CAFI_P072",100
"19456",-3187.71680569573,"CAFI_P072",25
"19457",-11029.5851882189,"CAFI_P072",50
"19458",-9288.99153288966,"CAFI_P072",100
"19459",3275.7217365898,"CAFI_P072",25
"19460",-13707.5411139491,"CAFI_P072",50
"19461",-14729.1735634304,"CAFI_P072",100
"19462",-8748.91974016448,"CAFI_P072",25
"19463",8347.15104754444,"CAFI_P072",50
"19464",-6025.37185085204,"CAFI_P072",100
"19465",-3342.13709351415,"CAFI_P072",25
"19466",-25674.2985412109,"CAFI_P072",50
"19467",-31863.3133958602,"CAFI_P072",100
"19468",1773.70546162169,"CAFI_P072",25
"19469",-16664.5286286774,"CAFI_P072",50
"19470",-13501.3008458966,"CAFI_P072",100
"19471",-6200.04012912494,"CAFI_P072",25
"19472",2271.53911740554,"CAFI_P072",50
"19473",-15927.3462678193,"CAFI_P072",100
"19474",-6073.8748187364,"CAFI_P072",25
"19475",-11301.7722010638,"CAFI_P072",50
"19476",-807.637996549194,"CAFI_P072",100
"19477",10705.9389332323,"CAFI_P072",25
"19478",24658.1221674436,"CAFI_P072",50
"19479",-24099.170331312,"CAFI_P072",100
"19480",12343.075804939,"CAFI_P072",25
"19481",11508.4440936132,"CAFI_P072",50
"19482",-6656.55232245126,"CAFI_P072",100
"19483",-8604.64363871171,"CAFI_P072",25
"19484",-14170.5697297803,"CAFI_P072",50
"19485",-4084.36200041359,"CAFI_P072",100
"19486",-7893.29251587857,"CAFI_P072",25
"19487",-8482.74660051533,"CAFI_P072",50
"19488",-13038.720499559,"CAFI_P072",100
"19489",-5741.31945510925,"CAFI_P072",25
"19490",-10912.720456099,"CAFI_P072",50
"19491",18.8319443053915,"CAFI_P072",100
"19492",-2014.07970330294,"CAFI_P072",25
"19493",-10643.9794171318,"CAFI_P072",50
"19494",-2150.75711357023,"CAFI_P072",100
"19495",749.520270177571,"CAFI_P072",25
"19496",11602.4985662355,"CAFI_P072",50
"19497",-14392.0875431895,"CAFI_P072",100
"19498",-14337.902816501,"CAFI_P072",25
"19499",-16595.006823521,"CAFI_P072",50
"19500",-18001.6719365134,"CAFI_P072",100
"19501",-3910.74089283351,"CAFI_P073",25
"19502",-1969.53743581101,"CAFI_P073",50
"19503",-1712.21197280358,"CAFI_P073",100
"19504",-4292.5471376385,"CAFI_P073",25
"19505",1197.54680447298,"CAFI_P073",50
"19506",-7560.23211758235,"CAFI_P073",100
"19507",-6324.68945898698,"CAFI_P073",25
"19508",-8091.39109263674,"CAFI_P073",50
"19509",-8306.84273550351,"CAFI_P073",100
"19510",-3415.1343497432,"CAFI_P073",25
"19511",-14962.7234801355,"CAFI_P073",50
"19512",-591.608128179272,"CAFI_P073",100
"19513",-976.099089250842,"CAFI_P073",25
"19514",-7260.36613351636,"CAFI_P073",50
"19515",-8257.23684541049,"CAFI_P073",100
"19516",-5611.05328090105,"CAFI_P073",25
"19517",-9229.01871654071,"CAFI_P073",50
"19518",-3848.33911158051,"CAFI_P073",100
"19519",8559.04394247144,"CAFI_P073",25
"19520",-3503.01532543142,"CAFI_P073",50
"19521",-4398.42885229585,"CAFI_P073",100
"19522",5579.6638195914,"CAFI_P073",25
"19523",-10860.9765745631,"CAFI_P073",50
"19524",4184.05261479097,"CAFI_P073",100
"19525",1857.73187512608,"CAFI_P073",25
"19526",-12150.4257414648,"CAFI_P073",50
"19527",-8262.72166800097,"CAFI_P073",100
"19528",-10588.3284436397,"CAFI_P073",25
"19529",13333.2768441715,"CAFI_P073",50
"19530",-7007.46126060782,"CAFI_P073",100
"19531",-7781.01481446985,"CAFI_P073",25
"19532",-6791.3534208365,"CAFI_P073",50
"19533",-8272.00226023822,"CAFI_P073",100
"19534",-3116.38983797841,"CAFI_P073",25
"19535",-1051.3979398011,"CAFI_P073",50
"19536",-2591.57983013056,"CAFI_P073",100
"19537",-1050.62922858796,"CAFI_P073",25
"19538",-6845.92313005234,"CAFI_P073",50
"19539",3559.00309654366,"CAFI_P073",100
"19540",-2298.69980156107,"CAFI_P073",25
"19541",8984.6601508662,"CAFI_P073",50
"19542",-7574.99825135979,"CAFI_P073",100
"19543",-8800.90068208135,"CAFI_P073",25
"19544",-2213.34953812626,"CAFI_P073",50
"19545",-7097.77059213107,"CAFI_P073",100
"19546",3591.5590972777,"CAFI_P073",25
"19547",-8235.28469887556,"CAFI_P073",50
"19548",-8580.46445695998,"CAFI_P073",100
"19549",-4175.45721348823,"CAFI_P073",25
"19550",-4203.1266510007,"CAFI_P073",50
"19551",9287.35196996364,"CAFI_P073",100
"19552",-10798.7180153927,"CAFI_P073",25
"19553",2513.3012860025,"CAFI_P073",50
"19554",-6909.96530251851,"CAFI_P073",100
"19555",-4297.77715074678,"CAFI_P073",25
"19556",-451.61658527609,"CAFI_P073",50
"19557",-3533.43232065445,"CAFI_P073",100
"19558",-3636.35187254392,"CAFI_P073",25
"19559",3020.67733139137,"CAFI_P073",50
"19560",-9305.26028032572,"CAFI_P073",100
"19561",12424.8400324408,"CAFI_P073",25
"19562",4653.9674499596,"CAFI_P073",50
"19563",-1378.72131377336,"CAFI_P073",100
"19564",-817.377176014765,"CAFI_P073",25
"19565",-1478.29758849693,"CAFI_P073",50
"19566",-11400.0014864184,"CAFI_P073",100
"19567",-5825.31013610249,"CAFI_P073",25
"19568",-8988.07881632168,"CAFI_P073",50
"19569",-8021.98662930465,"CAFI_P073",100
"19570",-3797.67881758505,"CAFI_P073",25
"19571",1120.21446977323,"CAFI_P073",50
"19572",-10137.9125575603,"CAFI_P073",100
"19573",1645.05390068499,"CAFI_P073",25
"19574",5758.37047174061,"CAFI_P073",50
"19575",4795.97774258396,"CAFI_P073",100
"19576",-1258.2271411391,"CAFI_P073",25
"19577",-4638.02915761014,"CAFI_P073",50
"19578",9595.8968249617,"CAFI_P073",100
"19579",-4354.65379495308,"CAFI_P073",25
"19580",-8520.85445740266,"CAFI_P073",50
"19581",3420.23561078432,"CAFI_P073",100
"19582",-102.861331992433,"CAFI_P073",25
"19583",-5616.28805428743,"CAFI_P073",50
"19584",-6555.43898874713,"CAFI_P073",100
"19585",-4961.26408892474,"CAFI_P073",25
"19586",9525.99578049604,"CAFI_P073",50
"19587",-15727.5459349083,"CAFI_P073",100
"19588",-2633.98621768551,"CAFI_P073",25
"19589",-1304.36031640531,"CAFI_P073",50
"19590",741.840093555162,"CAFI_P073",100
"19591",2105.76842394221,"CAFI_P073",25
"19592",-1758.40166169655,"CAFI_P073",50
"19593",-1276.40436561627,"CAFI_P073",100
"19594",-3394.36982687644,"CAFI_P073",25
"19595",-3072.86359841708,"CAFI_P073",50
"19596",9006.65942050528,"CAFI_P073",100
"19597",-2491.00452508923,"CAFI_P073",25
"19598",-868.040917733684,"CAFI_P073",50
"19599",9113.82362413732,"CAFI_P073",100
"19600",-5050.49243194057,"CAFI_P073",25
"19601",-2276.70341499097,"CAFI_P073",50
"19602",-7985.8979318557,"CAFI_P073",100
"19603",-3412.8900045327,"CAFI_P073",25
"19604",3163.94028721203,"CAFI_P073",50
"19605",417.316033634183,"CAFI_P073",100
"19606",-8935.66838120169,"CAFI_P073",25
"19607",-2766.02713631402,"CAFI_P073",50
"19608",-11545.2794218015,"CAFI_P073",100
"19609",3012.59035259747,"CAFI_P073",25
"19610",-2642.63200675248,"CAFI_P073",50
"19611",-10752.010152471,"CAFI_P073",100
"19612",-1453.4375495608,"CAFI_P073",25
"19613",-6939.47953045659,"CAFI_P073",50
"19614",-707.965404777846,"CAFI_P073",100
"19615",-2232.88076201512,"CAFI_P073",25
"19616",-358.626053644519,"CAFI_P073",50
"19617",-3480.56301147601,"CAFI_P073",100
"19618",-11477.6740695846,"CAFI_P073",25
"19619",-11762.5898067732,"CAFI_P073",50
"19620",-4728.1298588615,"CAFI_P073",100
"19621",-2525.40542153729,"CAFI_P073",25
"19622",829.257799169456,"CAFI_P073",50
"19623",4614.85507111694,"CAFI_P073",100
"19624",-349.867207326577,"CAFI_P073",25
"19625",-3073.69736581302,"CAFI_P073",50
"19626",4476.67561752815,"CAFI_P073",100
"19627",-1075.88854838547,"CAFI_P073",25
"19628",2976.57385732466,"CAFI_P073",50
"19629",-9647.1045159208,"CAFI_P073",100
"19630",-11735.8197368408,"CAFI_P073",25
"19631",-8074.54765354411,"CAFI_P073",50
"19632",-6507.92626497819,"CAFI_P073",100
"19633",-149.62186474551,"CAFI_P073",25
"19634",-10541.2633856272,"CAFI_P073",50
"19635",-714.097942400549,"CAFI_P073",100
"19636",8178.97713806294,"CAFI_P073",25
"19637",172.041339570249,"CAFI_P073",50
"19638",1564.84260110086,"CAFI_P073",100
"19639",-318.537345837627,"CAFI_P073",25
"19640",-7577.85219899972,"CAFI_P073",50
"19641",-441.361767027876,"CAFI_P073",100
"19642",1243.70325346472,"CAFI_P073",25
"19643",-8193.85123587993,"CAFI_P073",50
"19644",-8420.9659508788,"CAFI_P073",100
"19645",2165.6225562215,"CAFI_P073",25
"19646",-954.593900746375,"CAFI_P073",50
"19647",-183.725103130972,"CAFI_P073",100
"19648",-2582.75484129658,"CAFI_P073",25
"19649",-1200.64194204222,"CAFI_P073",50
"19650",-8161.04847724398,"CAFI_P073",100
"19651",2114.21711941605,"CAFI_P073",25
"19652",-615.401025382627,"CAFI_P073",50
"19653",-11782.4699901421,"CAFI_P073",100
"19654",-3538.52846798155,"CAFI_P073",25
"19655",-60.5303446331527,"CAFI_P073",50
"19656",16685.2798516512,"CAFI_P073",100
"19657",-7248.36355636397,"CAFI_P073",25
"19658",-12416.4407437225,"CAFI_P073",50
"19659",-6944.86529234558,"CAFI_P073",100
"19660",-1337.21168895153,"CAFI_P073",25
"19661",993.146175847505,"CAFI_P073",50
"19662",-6071.47692263074,"CAFI_P073",100
"19663",-3964.72355628002,"CAFI_P073",25
"19664",-10251.6873226035,"CAFI_P073",50
"19665",-2641.085043806,"CAFI_P073",100
"19666",-4009.3644061528,"CAFI_P073",25
"19667",-283.019539449946,"CAFI_P073",50
"19668",-16381.9666327599,"CAFI_P073",100
"19669",-3296.50194193574,"CAFI_P073",25
"19670",6017.04939840466,"CAFI_P073",50
"19671",-9796.49323684862,"CAFI_P073",100
"19672",-2147.12053643394,"CAFI_P073",25
"19673",-14794.6167571371,"CAFI_P073",50
"19674",-1411.78379598906,"CAFI_P073",100
"19675",-6241.09687841777,"CAFI_P073",25
"19676",-1613.70498824248,"CAFI_P073",50
"19677",-11980.0178955511,"CAFI_P073",100
"19678",9611.73354299023,"CAFI_P073",25
"19679",-6837.16212734143,"CAFI_P073",50
"19680",-3752.21545185789,"CAFI_P073",100
"19681",-3175.67807375325,"CAFI_P073",25
"19682",-6853.2437210622,"CAFI_P073",50
"19683",673.312325866485,"CAFI_P073",100
"19684",-3948.70634532307,"CAFI_P073",25
"19685",-7751.64330016263,"CAFI_P073",50
"19686",10814.9830802511,"CAFI_P073",100
"19687",-15239.1327963943,"CAFI_P073",25
"19688",-3562.09291010618,"CAFI_P073",50
"19689",-4076.48334149353,"CAFI_P073",100
"19690",-784.705440697202,"CAFI_P073",25
"19691",-9204.64262791706,"CAFI_P073",50
"19692",8567.93100995733,"CAFI_P073",100
"19693",-6522.84213241993,"CAFI_P073",25
"19694",-9505.40715854859,"CAFI_P073",50
"19695",-13318.3586950205,"CAFI_P073",100
"19696",-1162.95325084717,"CAFI_P073",25
"19697",7100.92911836208,"CAFI_P073",50
"19698",2293.59168100741,"CAFI_P073",100
"19699",2643.66039890342,"CAFI_P073",25
"19700",-6895.96683249809,"CAFI_P073",50
"19701",-8417.96341570164,"CAFI_P073",100
"19702",-2375.35717156873,"CAFI_P073",25
"19703",6307.33492529311,"CAFI_P073",50
"19704",7934.58181099378,"CAFI_P073",100
"19705",1242.32830222807,"CAFI_P073",25
"19706",-2089.69473196403,"CAFI_P073",50
"19707",-7957.94848695392,"CAFI_P073",100
"19708",-3212.6933091245,"CAFI_P073",25
"19709",-4623.29320884665,"CAFI_P073",50
"19710",-2518.67228812521,"CAFI_P073",100
"19711",-7744.20939504181,"CAFI_P073",25
"19712",-1920.21235891402,"CAFI_P073",50
"19713",-3136.64767705835,"CAFI_P073",100
"19714",122.189627670567,"CAFI_P073",25
"19715",-9030.16149604361,"CAFI_P073",50
"19716",-6004.05135083513,"CAFI_P073",100
"19717",-3986.53213542566,"CAFI_P073",25
"19718",-9498.57064701075,"CAFI_P073",50
"19719",-186.130890732165,"CAFI_P073",100
"19720",-6053.58947581233,"CAFI_P073",25
"19721",-1675.60250562441,"CAFI_P073",50
"19722",638.466199074639,"CAFI_P073",100
"19723",-7000.10451791523,"CAFI_P073",25
"19724",1377.83950482495,"CAFI_P073",50
"19725",-5900.34118394012,"CAFI_P073",100
"19726",-7065.7742471649,"CAFI_P073",25
"19727",272.076194188383,"CAFI_P073",50
"19728",8034.52909315925,"CAFI_P073",100
"19729",-6264.87323104485,"CAFI_P073",25
"19730",-13386.7808309261,"CAFI_P073",50
"19731",-9835.61756769824,"CAFI_P073",100
"19732",2212.85084725131,"CAFI_P073",25
"19733",9821.35018837539,"CAFI_P073",50
"19734",1257.84272099729,"CAFI_P073",100
"19735",-4649.20499736373,"CAFI_P073",25
"19736",290.840490008355,"CAFI_P073",50
"19737",-3529.94276452524,"CAFI_P073",100
"19738",1157.65533503803,"CAFI_P073",25
"19739",-647.327990054211,"CAFI_P073",50
"19740",-5533.4786333362,"CAFI_P073",100
"19741",-6363.57190468698,"CAFI_P073",25
"19742",3341.83156150166,"CAFI_P073",50
"19743",-146.017292663571,"CAFI_P073",100
"19744",-2129.91207059589,"CAFI_P073",25
"19745",-8146.1569606979,"CAFI_P073",50
"19746",-2634.87174298399,"CAFI_P073",100
"19747",-484.081767000258,"CAFI_P073",25
"19748",1851.65307531948,"CAFI_P073",50
"19749",-4237.77416024241,"CAFI_P073",100
"19750",-2552.14544806944,"CAFI_P073",25
"19751",7437.19875382894,"CAFI_P073",50
"19752",-1341.043725194,"CAFI_P073",100
"19753",1171.07739679975,"CAFI_P073",25
"19754",10523.8689645999,"CAFI_P073",50
"19755",-10599.1442431523,"CAFI_P073",100
"19756",-3591.84355515672,"CAFI_P073",25
"19757",2235.53080434591,"CAFI_P073",50
"19758",1171.98424141551,"CAFI_P073",100
"19759",-5580.1490215339,"CAFI_P073",25
"19760",-5662.07652624429,"CAFI_P073",50
"19761",-11596.9525970133,"CAFI_P073",100
"19762",-6401.4323983193,"CAFI_P073",25
"19763",-4431.81007305655,"CAFI_P073",50
"19764",-15072.2414288435,"CAFI_P073",100
"19765",410.771104951738,"CAFI_P073",25
"19766",-2008.58829757827,"CAFI_P073",50
"19767",-2813.80054722336,"CAFI_P073",100
"19768",2152.52683471027,"CAFI_P073",25
"19769",-3085.21570558823,"CAFI_P073",50
"19770",-10139.1329828014,"CAFI_P073",100
"19771",-1539.00873673725,"CAFI_P073",25
"19772",-5593.49249098555,"CAFI_P073",50
"19773",-2771.36540666083,"CAFI_P073",100
"19774",-7540.57384877454,"CAFI_P073",25
"19775",3401.45415657113,"CAFI_P073",50
"19776",-9242.39461195812,"CAFI_P073",100
"19777",1262.0609407585,"CAFI_P073",25
"19778",5854.60465484083,"CAFI_P073",50
"19779",-6007.19466407603,"CAFI_P073",100
"19780",-499.908227299282,"CAFI_P073",25
"19781",807.34582647041,"CAFI_P073",50
"19782",-6326.83816069824,"CAFI_P073",100
"19783",-5916.25344118517,"CAFI_P073",25
"19784",-7046.90585177281,"CAFI_P073",50
"19785",-3107.257653801,"CAFI_P073",100
"19786",6872.8949718615,"CAFI_P073",25
"19787",1234.37570407428,"CAFI_P073",50
"19788",-7926.66481714975,"CAFI_P073",100
"19789",9817.22630827496,"CAFI_P073",25
"19790",-1979.36217750289,"CAFI_P073",50
"19791",-6016.45583178836,"CAFI_P073",100
"19792",12453.305942118,"CAFI_P073",25
"19793",14294.0903899487,"CAFI_P073",50
"19794",2400.59898816136,"CAFI_P073",100
"19795",-4799.37240583036,"CAFI_P073",25
"19796",-4542.86346796079,"CAFI_P073",50
"19797",-3285.46589197672,"CAFI_P073",100
"19798",6870.2508529055,"CAFI_P073",25
"19799",-7134.98986287095,"CAFI_P073",50
"19800",-4338.50415186275,"CAFI_P073",100
"19801",-10007.7785941661,"CAFI_P074",25
"19802",-4615.81926060183,"CAFI_P074",50
"19803",-2001.40909603296,"CAFI_P074",100
"19804",5548.88411489147,"CAFI_P074",25
"19805",5807.13778570812,"CAFI_P074",50
"19806",9661.30049169506,"CAFI_P074",100
"19807",-3035.48918076186,"CAFI_P074",25
"19808",-6909.53902574687,"CAFI_P074",50
"19809",10319.8137767183,"CAFI_P074",100
"19810",-11550.9780547454,"CAFI_P074",25
"19811",601.366541261086,"CAFI_P074",50
"19812",-5398.30687900266,"CAFI_P074",100
"19813",-3608.7333358195,"CAFI_P074",25
"19814",349.535052944149,"CAFI_P074",50
"19815",-571.728578531591,"CAFI_P074",100
"19816",5008.47443335084,"CAFI_P074",25
"19817",-4390.73916829505,"CAFI_P074",50
"19818",-14648.6352050499,"CAFI_P074",100
"19819",7108.87362290389,"CAFI_P074",25
"19820",1015.29607333546,"CAFI_P074",50
"19821",-6470.6417330025,"CAFI_P074",100
"19822",-168.499217758304,"CAFI_P074",25
"19823",17127.0914098819,"CAFI_P074",50
"19824",19999.5542339786,"CAFI_P074",100
"19825",-6717.89581872534,"CAFI_P074",25
"19826",13994.6925913323,"CAFI_P074",50
"19827",8353.90531578101,"CAFI_P074",100
"19828",2797.07083553961,"CAFI_P074",25
"19829",17469.0689378685,"CAFI_P074",50
"19830",23578.8433206218,"CAFI_P074",100
"19831",-7937.36885815847,"CAFI_P074",25
"19832",5214.07207442092,"CAFI_P074",50
"19833",-703.607092286751,"CAFI_P074",100
"19834",5260.39633481513,"CAFI_P074",25
"19835",3934.08369672229,"CAFI_P074",50
"19836",10259.8476942181,"CAFI_P074",100
"19837",-6767.19899131428,"CAFI_P074",25
"19838",16300.0313362278,"CAFI_P074",50
"19839",1279.78208538773,"CAFI_P074",100
"19840",10541.7239112057,"CAFI_P074",25
"19841",7748.04966412851,"CAFI_P074",50
"19842",17540.1577151417,"CAFI_P074",100
"19843",1287.59815151506,"CAFI_P074",25
"19844",-1892.60068510729,"CAFI_P074",50
"19845",3111.36044699402,"CAFI_P074",100
"19846",5498.41739489423,"CAFI_P074",25
"19847",12686.1519289315,"CAFI_P074",50
"19848",8115.22640680982,"CAFI_P074",100
"19849",-1131.38422848837,"CAFI_P074",25
"19850",-3723.91213186336,"CAFI_P074",50
"19851",563.376393079408,"CAFI_P074",100
"19852",-9403.90166496829,"CAFI_P074",25
"19853",9536.2735637431,"CAFI_P074",50
"19854",17323.324898659,"CAFI_P074",100
"19855",-5198.62239540205,"CAFI_P074",25
"19856",4730.19874682178,"CAFI_P074",50
"19857",8585.7675174778,"CAFI_P074",100
"19858",7684.73697597656,"CAFI_P074",25
"19859",-3099.43035411125,"CAFI_P074",50
"19860",1306.4322994182,"CAFI_P074",100
"19861",-7628.81225116167,"CAFI_P074",25
"19862",-1184.04435684619,"CAFI_P074",50
"19863",6556.59171798156,"CAFI_P074",100
"19864",3532.00198431255,"CAFI_P074",25
"19865",-8199.35144797259,"CAFI_P074",50
"19866",14471.7079322662,"CAFI_P074",100
"19867",6846.70913598745,"CAFI_P074",25
"19868",-1908.61344058451,"CAFI_P074",50
"19869",5341.56796327379,"CAFI_P074",100
"19870",1668.5244114683,"CAFI_P074",25
"19871",3842.52703700523,"CAFI_P074",50
"19872",4752.51938950061,"CAFI_P074",100
"19873",927.095589849574,"CAFI_P074",25
"19874",-10467.4489758386,"CAFI_P074",50
"19875",3822.45637165243,"CAFI_P074",100
"19876",2588.89152816811,"CAFI_P074",25
"19877",8572.80243050307,"CAFI_P074",50
"19878",14519.7519976721,"CAFI_P074",100
"19879",1240.85922358703,"CAFI_P074",25
"19880",19024.0235925496,"CAFI_P074",50
"19881",-3222.28332112078,"CAFI_P074",100
"19882",-3829.34960980818,"CAFI_P074",25
"19883",-6951.03069195611,"CAFI_P074",50
"19884",9502.70438297675,"CAFI_P074",100
"19885",2883.77414604666,"CAFI_P074",25
"19886",6204.109813252,"CAFI_P074",50
"19887",-8141.64604165038,"CAFI_P074",100
"19888",-3644.09068766114,"CAFI_P074",25
"19889",2435.19066178222,"CAFI_P074",50
"19890",14288.048508126,"CAFI_P074",100
"19891",464.201972052804,"CAFI_P074",25
"19892",22727.8220841956,"CAFI_P074",50
"19893",-1589.61922438204,"CAFI_P074",100
"19894",-379.283850479173,"CAFI_P074",25
"19895",427.014501411119,"CAFI_P074",50
"19896",-10544.9569755665,"CAFI_P074",100
"19897",9813.71093749453,"CAFI_P074",25
"19898",5500.8966740779,"CAFI_P074",50
"19899",-7540.36394352332,"CAFI_P074",100
"19900",3778.05247978104,"CAFI_P074",25
"19901",-4191.00596549409,"CAFI_P074",50
"19902",14785.1486054827,"CAFI_P074",100
"19903",6534.24320238689,"CAFI_P074",25
"19904",7481.81235438812,"CAFI_P074",50
"19905",807.598409796483,"CAFI_P074",100
"19906",-4889.76090808096,"CAFI_P074",25
"19907",21897.8489039571,"CAFI_P074",50
"19908",15690.7449184657,"CAFI_P074",100
"19909",13053.8919661454,"CAFI_P074",25
"19910",7315.31572774128,"CAFI_P074",50
"19911",-1222.25797378243,"CAFI_P074",100
"19912",2848.08977505646,"CAFI_P074",25
"19913",-4600.25597104058,"CAFI_P074",50
"19914",17251.2425543383,"CAFI_P074",100
"19915",5819.49598924344,"CAFI_P074",25
"19916",9143.93496510724,"CAFI_P074",50
"19917",20054.0808268233,"CAFI_P074",100
"19918",5663.26201229321,"CAFI_P074",25
"19919",13281.8315194898,"CAFI_P074",50
"19920",11149.5627396824,"CAFI_P074",100
"19921",-3618.67006610794,"CAFI_P074",25
"19922",5326.92498559545,"CAFI_P074",50
"19923",32003.3356967392,"CAFI_P074",100
"19924",7790.47925940418,"CAFI_P074",25
"19925",4765.70751362492,"CAFI_P074",50
"19926",25111.7982232663,"CAFI_P074",100
"19927",-1746.69991403254,"CAFI_P074",25
"19928",-602.866475768154,"CAFI_P074",50
"19929",18280.4903231948,"CAFI_P074",100
"19930",6398.85842119268,"CAFI_P074",25
"19931",25655.4381446505,"CAFI_P074",50
"19932",9354.01989372645,"CAFI_P074",100
"19933",10119.0923271549,"CAFI_P074",25
"19934",-3103.65803691646,"CAFI_P074",50
"19935",9920.12181902688,"CAFI_P074",100
"19936",-1356.19363127125,"CAFI_P074",25
"19937",10995.6351135827,"CAFI_P074",50
"19938",4269.6119212354,"CAFI_P074",100
"19939",1923.91969518561,"CAFI_P074",25
"19940",5272.60980929312,"CAFI_P074",50
"19941",5507.84331265988,"CAFI_P074",100
"19942",8871.03280971589,"CAFI_P074",25
"19943",4700.41691011912,"CAFI_P074",50
"19944",10601.4232926141,"CAFI_P074",100
"19945",-4840.52623511752,"CAFI_P074",25
"19946",4137.49018995126,"CAFI_P074",50
"19947",6716.22538656939,"CAFI_P074",100
"19948",4841.77175895707,"CAFI_P074",25
"19949",-4703.21395356813,"CAFI_P074",50
"19950",-3329.34113513923,"CAFI_P074",100
"19951",1215.58253364993,"CAFI_P074",25
"19952",-10599.8726251514,"CAFI_P074",50
"19953",17102.5762123383,"CAFI_P074",100
"19954",255.789932926768,"CAFI_P074",25
"19955",-816.67227820697,"CAFI_P074",50
"19956",18412.1755642651,"CAFI_P074",100
"19957",5451.72452637239,"CAFI_P074",25
"19958",-8841.71559303295,"CAFI_P074",50
"19959",10573.5523131801,"CAFI_P074",100
"19960",4843.91011953057,"CAFI_P074",25
"19961",3956.40942747105,"CAFI_P074",50
"19962",30084.8616242665,"CAFI_P074",100
"19963",-8968.55216900754,"CAFI_P074",25
"19964",2707.16790503071,"CAFI_P074",50
"19965",17883.9921741998,"CAFI_P074",100
"19966",5788.07703721337,"CAFI_P074",25
"19967",4858.08789474319,"CAFI_P074",50
"19968",16664.6479594562,"CAFI_P074",100
"19969",-3836.35387396225,"CAFI_P074",25
"19970",10673.647225161,"CAFI_P074",50
"19971",13897.0140986387,"CAFI_P074",100
"19972",7441.59939486947,"CAFI_P074",25
"19973",-8506.32160179719,"CAFI_P074",50
"19974",15112.975033879,"CAFI_P074",100
"19975",3009.84607585025,"CAFI_P074",25
"19976",10920.4175111661,"CAFI_P074",50
"19977",-2904.29913652473,"CAFI_P074",100
"19978",-10622.704610639,"CAFI_P074",25
"19979",19512.8508815892,"CAFI_P074",50
"19980",-8363.6695305637,"CAFI_P074",100
"19981",-6037.33308197692,"CAFI_P074",25
"19982",9322.18344384141,"CAFI_P074",50
"19983",3184.87629555748,"CAFI_P074",100
"19984",11906.6274957984,"CAFI_P074",25
"19985",-5047.70734422375,"CAFI_P074",50
"19986",6407.26566116803,"CAFI_P074",100
"19987",6128.51206959423,"CAFI_P074",25
"19988",4111.73760111502,"CAFI_P074",50
"19989",-9253.30026112276,"CAFI_P074",100
"19990",18574.272633534,"CAFI_P074",25
"19991",-4928.6268789852,"CAFI_P074",50
"19992",10155.300044761,"CAFI_P074",100
"19993",-3665.062214509,"CAFI_P074",25
"19994",-6694.20811343502,"CAFI_P074",50
"19995",7994.52819172945,"CAFI_P074",100
"19996",3780.54409748223,"CAFI_P074",25
"19997",18503.4112349211,"CAFI_P074",50
"19998",16131.8123955099,"CAFI_P074",100
"19999",-4484.47944042017,"CAFI_P074",25
"20000",3695.34405043017,"CAFI_P074",50
"20001",-284.544078798674,"CAFI_P074",100
"20002",-4054.30910113768,"CAFI_P074",25
"20003",9030.29561640404,"CAFI_P074",50
"20004",10423.8181607613,"CAFI_P074",100
"20005",11654.0956547121,"CAFI_P074",25
"20006",-445.050291952153,"CAFI_P074",50
"20007",5824.81362853624,"CAFI_P074",100
"20008",-2651.97686398233,"CAFI_P074",25
"20009",-2238.17064438359,"CAFI_P074",50
"20010",19095.8939317449,"CAFI_P074",100
"20011",5339.92102935404,"CAFI_P074",25
"20012",972.858342257619,"CAFI_P074",50
"20013",-909.812527148286,"CAFI_P074",100
"20014",4898.84763556527,"CAFI_P074",25
"20015",4510.60804563749,"CAFI_P074",50
"20016",23471.1604783341,"CAFI_P074",100
"20017",-4237.38728691591,"CAFI_P074",25
"20018",1511.43231647811,"CAFI_P074",50
"20019",15842.4275532653,"CAFI_P074",100
"20020",5672.72224427259,"CAFI_P074",25
"20021",-407.871893501142,"CAFI_P074",50
"20022",8509.04928347748,"CAFI_P074",100
"20023",295.318707593658,"CAFI_P074",25
"20024",831.65969468432,"CAFI_P074",50
"20025",10637.9689411882,"CAFI_P074",100
"20026",4861.00599397032,"CAFI_P074",25
"20027",11140.4121901578,"CAFI_P074",50
"20028",12098.7163931492,"CAFI_P074",100
"20029",-7141.31556880247,"CAFI_P074",25
"20030",23385.7566561493,"CAFI_P074",50
"20031",-1603.90747574408,"CAFI_P074",100
"20032",2395.44493677677,"CAFI_P074",25
"20033",-5958.99952150346,"CAFI_P074",50
"20034",7733.09547726117,"CAFI_P074",100
"20035",10870.7872006716,"CAFI_P074",25
"20036",-1593.02689315355,"CAFI_P074",50
"20037",2239.18093777337,"CAFI_P074",100
"20038",3397.81999960792,"CAFI_P074",25
"20039",-4482.10237477155,"CAFI_P074",50
"20040",5980.84440206474,"CAFI_P074",100
"20041",6317.00815153605,"CAFI_P074",25
"20042",15951.7462583593,"CAFI_P074",50
"20043",17838.4111987823,"CAFI_P074",100
"20044",-2560.25300144055,"CAFI_P074",25
"20045",19788.4255776546,"CAFI_P074",50
"20046",8897.02612114506,"CAFI_P074",100
"20047",-1157.88673455128,"CAFI_P074",25
"20048",13515.1462836552,"CAFI_P074",50
"20049",-4154.13683360367,"CAFI_P074",100
"20050",-8144.90083887213,"CAFI_P074",25
"20051",12714.8997330972,"CAFI_P074",50
"20052",-2440.54849232506,"CAFI_P074",100
"20053",937.338810266694,"CAFI_P074",25
"20054",36140.5680304601,"CAFI_P074",50
"20055",1676.16955742071,"CAFI_P074",100
"20056",-1686.67574081355,"CAFI_P074",25
"20057",10515.7386683611,"CAFI_P074",50
"20058",8847.07848638087,"CAFI_P074",100
"20059",8534.68002445361,"CAFI_P074",25
"20060",-4700.93455374677,"CAFI_P074",50
"20061",9811.23966613651,"CAFI_P074",100
"20062",-1059.15062917944,"CAFI_P074",25
"20063",-9732.1402758389,"CAFI_P074",50
"20064",-6522.11625805421,"CAFI_P074",100
"20065",746.912534751114,"CAFI_P074",25
"20066",-8658.19199520518,"CAFI_P074",50
"20067",14631.670267888,"CAFI_P074",100
"20068",14178.2209715534,"CAFI_P074",25
"20069",-4369.37792443513,"CAFI_P074",50
"20070",-3870.72767101391,"CAFI_P074",100
"20071",367.036252269172,"CAFI_P074",25
"20072",6879.70758960414,"CAFI_P074",50
"20073",3699.78168161749,"CAFI_P074",100
"20074",10250.5508617732,"CAFI_P074",25
"20075",10343.8568349768,"CAFI_P074",50
"20076",11089.5665733596,"CAFI_P074",100
"20077",-1188.24280283332,"CAFI_P074",25
"20078",13337.1989740934,"CAFI_P074",50
"20079",-339.30882636999,"CAFI_P074",100
"20080",-346.739517062553,"CAFI_P074",25
"20081",10479.0929238225,"CAFI_P074",50
"20082",22191.7270062676,"CAFI_P074",100
"20083",13400.0253471493,"CAFI_P074",25
"20084",1103.22703133064,"CAFI_P074",50
"20085",5124.1559883444,"CAFI_P074",100
"20086",-2165.05345073174,"CAFI_P074",25
"20087",26355.0628795949,"CAFI_P074",50
"20088",-7.82912249764195,"CAFI_P074",100
"20089",-2529.1894884638,"CAFI_P074",25
"20090",8612.10498999862,"CAFI_P074",50
"20091",12868.6956154007,"CAFI_P074",100
"20092",17358.1901008388,"CAFI_P074",25
"20093",15483.6577831753,"CAFI_P074",50
"20094",483.746516666666,"CAFI_P074",100
"20095",6011.69991521718,"CAFI_P074",25
"20096",5713.09947473614,"CAFI_P074",50
"20097",1432.37869638711,"CAFI_P074",100
"20098",3112.82998743799,"CAFI_P074",25
"20099",-12013.8346679845,"CAFI_P074",50
"20100",17741.6102638814,"CAFI_P074",100
"20101",4964.05439540307,"CAFI_P075",25
"20102",24260.7163000811,"CAFI_P075",50
"20103",11558.5567426114,"CAFI_P075",100
"20104",12367.9979937804,"CAFI_P075",25
"20105",12276.3649483217,"CAFI_P075",50
"20106",26855.1603096637,"CAFI_P075",100
"20107",11211.8078059455,"CAFI_P075",25
"20108",17042.570968693,"CAFI_P075",50
"20109",8610.59451693756,"CAFI_P075",100
"20110",280.423003371747,"CAFI_P075",25
"20111",-2076.00797123578,"CAFI_P075",50
"20112",24238.0511486487,"CAFI_P075",100
"20113",6683.71531262278,"CAFI_P075",25
"20114",3704.39724626153,"CAFI_P075",50
"20115",11823.7730063903,"CAFI_P075",100
"20116",1840.79186918907,"CAFI_P075",25
"20117",4938.83882439195,"CAFI_P075",50
"20118",27116.5811303411,"CAFI_P075",100
"20119",419.671326566546,"CAFI_P075",25
"20120",7911.08809973352,"CAFI_P075",50
"20121",238.843613832782,"CAFI_P075",100
"20122",684.1445136845,"CAFI_P075",25
"20123",18933.582198383,"CAFI_P075",50
"20124",14095.4670314174,"CAFI_P075",100
"20125",-545.673745454173,"CAFI_P075",25
"20126",16276.1848477346,"CAFI_P075",50
"20127",17562.0489175563,"CAFI_P075",100
"20128",-1977.25724286016,"CAFI_P075",25
"20129",1457.93951247603,"CAFI_P075",50
"20130",10357.2737717443,"CAFI_P075",100
"20131",3327.4816081645,"CAFI_P075",25
"20132",6800.22771709802,"CAFI_P075",50
"20133",7069.266721063,"CAFI_P075",100
"20134",3741.05476338876,"CAFI_P075",25
"20135",21330.9526548417,"CAFI_P075",50
"20136",7649.10194311384,"CAFI_P075",100
"20137",4511.86878049624,"CAFI_P075",25
"20138",20306.7113876279,"CAFI_P075",50
"20139",33638.6555983329,"CAFI_P075",100
"20140",5596.19370697363,"CAFI_P075",25
"20141",16635.0430656219,"CAFI_P075",50
"20142",9644.18960222148,"CAFI_P075",100
"20143",-4022.57326987968,"CAFI_P075",25
"20144",3428.49287449289,"CAFI_P075",50
"20145",23546.6546817267,"CAFI_P075",100
"20146",8680.57385379955,"CAFI_P075",25
"20147",-1393.98206369433,"CAFI_P075",50
"20148",6908.17674239178,"CAFI_P075",100
"20149",2958.46280993789,"CAFI_P075",25
"20150",8573.02712988853,"CAFI_P075",50
"20151",16498.362987679,"CAFI_P075",100
"20152",4601.21539049776,"CAFI_P075",25
"20153",21898.2537712111,"CAFI_P075",50
"20154",22696.8323971402,"CAFI_P075",100
"20155",20489.9764414108,"CAFI_P075",25
"20156",-4066.41727960482,"CAFI_P075",50
"20157",1449.78309436579,"CAFI_P075",100
"20158",2952.90156229609,"CAFI_P075",25
"20159",4793.372352593,"CAFI_P075",50
"20160",25135.6234418413,"CAFI_P075",100
"20161",-1090.70568135619,"CAFI_P075",25
"20162",7384.39250319032,"CAFI_P075",50
"20163",16060.4121032979,"CAFI_P075",100
"20164",-1626.24921096128,"CAFI_P075",25
"20165",11121.8897646565,"CAFI_P075",50
"20166",22952.720719126,"CAFI_P075",100
"20167",9368.9395514002,"CAFI_P075",25
"20168",19950.3006928821,"CAFI_P075",50
"20169",8840.76199201704,"CAFI_P075",100
"20170",6435.83099256235,"CAFI_P075",25
"20171",8407.38634036761,"CAFI_P075",50
"20172",8947.77970596217,"CAFI_P075",100
"20173",-1760.04304183315,"CAFI_P075",25
"20174",8016.80946409894,"CAFI_P075",50
"20175",21170.4374093105,"CAFI_P075",100
"20176",-2584.81979077024,"CAFI_P075",25
"20177",3744.62759389146,"CAFI_P075",50
"20178",10167.4377503169,"CAFI_P075",100
"20179",3496.68153464753,"CAFI_P075",25
"20180",23114.7710681811,"CAFI_P075",50
"20181",33282.0659332579,"CAFI_P075",100
"20182",-4384.12457363738,"CAFI_P075",25
"20183",-1996.8741505919,"CAFI_P075",50
"20184",27830.8954070091,"CAFI_P075",100
"20185",2982.1212873992,"CAFI_P075",25
"20186",13513.3948241686,"CAFI_P075",50
"20187",4681.96060656948,"CAFI_P075",100
"20188",4713.88929220411,"CAFI_P075",25
"20189",-2704.17748089967,"CAFI_P075",50
"20190",11989.0222199409,"CAFI_P075",100
"20191",-3666.76654491108,"CAFI_P075",25
"20192",3718.48256999959,"CAFI_P075",50
"20193",6381.91029005655,"CAFI_P075",100
"20194",8754.61829563382,"CAFI_P075",25
"20195",14067.901969585,"CAFI_P075",50
"20196",11859.3504510751,"CAFI_P075",100
"20197",3124.6116793878,"CAFI_P075",25
"20198",6801.63856455515,"CAFI_P075",50
"20199",8708.99661694671,"CAFI_P075",100
"20200",8155.52817114443,"CAFI_P075",25
"20201",9763.16997271666,"CAFI_P075",50
"20202",8482.52641022851,"CAFI_P075",100
"20203",20616.8714392802,"CAFI_P075",25
"20204",827.846463235619,"CAFI_P075",50
"20205",10465.8155440696,"CAFI_P075",100
"20206",2354.98168761272,"CAFI_P075",25
"20207",19588.4609074186,"CAFI_P075",50
"20208",-4092.23529658775,"CAFI_P075",100
"20209",558.098633708258,"CAFI_P075",25
"20210",-2354.15074460401,"CAFI_P075",50
"20211",7430.70324705285,"CAFI_P075",100
"20212",7668.8173386046,"CAFI_P075",25
"20213",2859.8482675589,"CAFI_P075",50
"20214",11006.6788711351,"CAFI_P075",100
"20215",2985.01547154522,"CAFI_P075",25
"20216",-1325.00592793751,"CAFI_P075",50
"20217",27133.6812642429,"CAFI_P075",100
"20218",86.4843558199937,"CAFI_P075",25
"20219",20821.0239108531,"CAFI_P075",50
"20220",32382.3359299856,"CAFI_P075",100
"20221",6471.50080893876,"CAFI_P075",25
"20222",20906.2395948532,"CAFI_P075",50
"20223",17813.318066626,"CAFI_P075",100
"20224",113.639692332712,"CAFI_P075",25
"20225",5379.96181102371,"CAFI_P075",50
"20226",11126.8950281573,"CAFI_P075",100
"20227",1491.8988759924,"CAFI_P075",25
"20228",11709.2097579416,"CAFI_P075",50
"20229",31785.471613609,"CAFI_P075",100
"20230",11215.6545457599,"CAFI_P075",25
"20231",14733.6763202935,"CAFI_P075",50
"20232",6159.29683401034,"CAFI_P075",100
"20233",-221.819303354248,"CAFI_P075",25
"20234",-2041.88611859921,"CAFI_P075",50
"20235",25313.4188298072,"CAFI_P075",100
"20236",318.296709504037,"CAFI_P075",25
"20237",15601.4557635393,"CAFI_P075",50
"20238",3089.32645926182,"CAFI_P075",100
"20239",5690.0159269743,"CAFI_P075",25
"20240",-4111.08450305619,"CAFI_P075",50
"20241",5390.52794931864,"CAFI_P075",100
"20242",11163.7042310821,"CAFI_P075",25
"20243",-3107.66139441309,"CAFI_P075",50
"20244",13828.8930858464,"CAFI_P075",100
"20245",5316.1182635501,"CAFI_P075",25
"20246",14426.7710492663,"CAFI_P075",50
"20247",17260.1396158827,"CAFI_P075",100
"20248",18540.23289166,"CAFI_P075",25
"20249",7632.85756661871,"CAFI_P075",50
"20250",7105.24362690415,"CAFI_P075",100
"20251",3643.75275840866,"CAFI_P075",25
"20252",13300.4654345342,"CAFI_P075",50
"20253",24900.2321312134,"CAFI_P075",100
"20254",15670.4757776713,"CAFI_P075",25
"20255",8808.87762470945,"CAFI_P075",50
"20256",12249.1171505631,"CAFI_P075",100
"20257",8724.7818509583,"CAFI_P075",25
"20258",6639.76173980045,"CAFI_P075",50
"20259",32429.0581978751,"CAFI_P075",100
"20260",11015.5428043421,"CAFI_P075",25
"20261",7257.25887399743,"CAFI_P075",50
"20262",23458.6588289266,"CAFI_P075",100
"20263",10469.513833116,"CAFI_P075",25
"20264",10932.5948678784,"CAFI_P075",50
"20265",31188.9175984903,"CAFI_P075",100
"20266",8476.50947870611,"CAFI_P075",25
"20267",3093.40747839853,"CAFI_P075",50
"20268",1198.26678032475,"CAFI_P075",100
"20269",12824.4161588089,"CAFI_P075",25
"20270",18804.2012115782,"CAFI_P075",50
"20271",8492.79483659466,"CAFI_P075",100
"20272",7602.51331651094,"CAFI_P075",25
"20273",-2176.55741242133,"CAFI_P075",50
"20274",12908.6373422074,"CAFI_P075",100
"20275",11780.232243826,"CAFI_P075",25
"20276",10720.2597557742,"CAFI_P075",50
"20277",20850.367198014,"CAFI_P075",100
"20278",5192.93089629186,"CAFI_P075",25
"20279",17925.9986873949,"CAFI_P075",50
"20280",388.993699232698,"CAFI_P075",100
"20281",15784.9883965181,"CAFI_P075",25
"20282",15466.0134345497,"CAFI_P075",50
"20283",4749.71083256515,"CAFI_P075",100
"20284",-5121.19139131042,"CAFI_P075",25
"20285",8373.95671490947,"CAFI_P075",50
"20286",25862.0115244764,"CAFI_P075",100
"20287",6765.66160281125,"CAFI_P075",25
"20288",26245.2896060494,"CAFI_P075",50
"20289",22612.4835241667,"CAFI_P075",100
"20290",6689.0849026792,"CAFI_P075",25
"20291",8460.32066956599,"CAFI_P075",50
"20292",11631.4118063006,"CAFI_P075",100
"20293",9421.11520180578,"CAFI_P075",25
"20294",8108.36244622699,"CAFI_P075",50
"20295",24212.6490910731,"CAFI_P075",100
"20296",-907.618427979469,"CAFI_P075",25
"20297",-1265.54625485267,"CAFI_P075",50
"20298",15744.603388451,"CAFI_P075",100
"20299",3277.80884162156,"CAFI_P075",25
"20300",9362.19631784712,"CAFI_P075",50
"20301",1982.71387811092,"CAFI_P075",100
"20302",-34.421457589895,"CAFI_P075",25
"20303",22639.0800014262,"CAFI_P075",50
"20304",35645.3836510987,"CAFI_P075",100
"20305",-2602.45325542847,"CAFI_P075",25
"20306",10537.4715849672,"CAFI_P075",50
"20307",181.427149093652,"CAFI_P075",100
"20308",1591.64565903088,"CAFI_P075",25
"20309",2275.89794132835,"CAFI_P075",50
"20310",19578.688762629,"CAFI_P075",100
"20311",-3001.0464579566,"CAFI_P075",25
"20312",5976.16805423447,"CAFI_P075",50
"20313",29895.4985252935,"CAFI_P075",100
"20314",-1827.75105715421,"CAFI_P075",25
"20315",12184.3212081709,"CAFI_P075",50
"20316",6011.47997706593,"CAFI_P075",100
"20317",-1178.27883393376,"CAFI_P075",25
"20318",11835.1672951498,"CAFI_P075",50
"20319",18880.2109621594,"CAFI_P075",100
"20320",-15.5396222204436,"CAFI_P075",25
"20321",30997.2167299382,"CAFI_P075",50
"20322",24444.237648382,"CAFI_P075",100
"20323",4483.52724383579,"CAFI_P075",25
"20324",-461.262515117589,"CAFI_P075",50
"20325",9827.6954013161,"CAFI_P075",100
"20326",-2162.6347065164,"CAFI_P075",25
"20327",3652.49316429446,"CAFI_P075",50
"20328",9135.18278200808,"CAFI_P075",100
"20329",-312.150667618611,"CAFI_P075",25
"20330",2009.71540877427,"CAFI_P075",50
"20331",12358.6161981898,"CAFI_P075",100
"20332",-3357.72213687468,"CAFI_P075",25
"20333",10830.2093313538,"CAFI_P075",50
"20334",-1082.54433087457,"CAFI_P075",100
"20335",-2138.73548148695,"CAFI_P075",25
"20336",3806.95426201605,"CAFI_P075",50
"20337",12563.5427472137,"CAFI_P075",100
"20338",1425.27176506643,"CAFI_P075",25
"20339",4165.05970534025,"CAFI_P075",50
"20340",6150.32885790622,"CAFI_P075",100
"20341",-2970.65112910094,"CAFI_P075",25
"20342",16533.8796003748,"CAFI_P075",50
"20343",1817.22670121124,"CAFI_P075",100
"20344",3728.7869844556,"CAFI_P075",25
"20345",843.902550510189,"CAFI_P075",50
"20346",33387.011852361,"CAFI_P075",100
"20347",13584.4345465542,"CAFI_P075",25
"20348",21160.598939159,"CAFI_P075",50
"20349",24764.8377136719,"CAFI_P075",100
"20350",5339.8218019511,"CAFI_P075",25
"20351",2962.87490018317,"CAFI_P075",50
"20352",10816.5706294464,"CAFI_P075",100
"20353",2324.81830382976,"CAFI_P075",25
"20354",21463.5073743106,"CAFI_P075",50
"20355",-4523.77919204207,"CAFI_P075",100
"20356",-1776.63667072286,"CAFI_P075",25
"20357",9765.12461894011,"CAFI_P075",50
"20358",6544.358082199,"CAFI_P075",100
"20359",1522.34313695139,"CAFI_P075",25
"20360",16889.7970084119,"CAFI_P075",50
"20361",-1822.06190464954,"CAFI_P075",100
"20362",330.027617567393,"CAFI_P075",25
"20363",7495.41249369492,"CAFI_P075",50
"20364",18995.2549180625,"CAFI_P075",100
"20365",3377.81558057771,"CAFI_P075",25
"20366",8055.45354954462,"CAFI_P075",50
"20367",58489.672002396,"CAFI_P075",100
"20368",5881.49553109554,"CAFI_P075",25
"20369",10228.138271275,"CAFI_P075",50
"20370",1525.01054579875,"CAFI_P075",100
"20371",-3142.60097686993,"CAFI_P075",25
"20372",7242.58070077864,"CAFI_P075",50
"20373",11003.8353027855,"CAFI_P075",100
"20374",-2470.22595143388,"CAFI_P075",25
"20375",3734.86402730603,"CAFI_P075",50
"20376",13281.3749863652,"CAFI_P075",100
"20377",537.833529408439,"CAFI_P075",25
"20378",-3511.22316151334,"CAFI_P075",50
"20379",12234.2952046133,"CAFI_P075",100
"20380",-1620.16755035968,"CAFI_P075",25
"20381",8300.9430110078,"CAFI_P075",50
"20382",-7419.15964542591,"CAFI_P075",100
"20383",-3583.94591863418,"CAFI_P075",25
"20384",6910.83651558805,"CAFI_P075",50
"20385",7532.18753321684,"CAFI_P075",100
"20386",8162.13710599882,"CAFI_P075",25
"20387",7337.15373489587,"CAFI_P075",50
"20388",21713.57825367,"CAFI_P075",100
"20389",-2466.78896231874,"CAFI_P075",25
"20390",22836.7354977542,"CAFI_P075",50
"20391",-182.507568573812,"CAFI_P075",100
"20392",593.808963084943,"CAFI_P075",25
"20393",5837.67144559301,"CAFI_P075",50
"20394",21315.8000324899,"CAFI_P075",100
"20395",10110.0668676199,"CAFI_P075",25
"20396",28829.5681358214,"CAFI_P075",50
"20397",3728.89913341223,"CAFI_P075",100
"20398",6488.71361773083,"CAFI_P075",25
"20399",11099.7301431884,"CAFI_P075",50
"20400",11893.5197201321,"CAFI_P075",100
"20401",-13414.0523958677,"CAFI_P077",25
"20402",-670.902489115164,"CAFI_P077",50
"20403",-18759.5381888393,"CAFI_P077",100
"20404",-11394.8424947036,"CAFI_P077",25
"20405",-564.413694740302,"CAFI_P077",50
"20406",-18383.5859567812,"CAFI_P077",100
"20407",-13892.1631488085,"CAFI_P077",25
"20408",-16657.9088468635,"CAFI_P077",50
"20409",-13939.6509641153,"CAFI_P077",100
"20410",-1787.69970624498,"CAFI_P077",25
"20411",-10674.4463655458,"CAFI_P077",50
"20412",-16841.7658950863,"CAFI_P077",100
"20413",-18654.8695929901,"CAFI_P077",25
"20414",-10950.1433752623,"CAFI_P077",50
"20415",-20887.1218488757,"CAFI_P077",100
"20416",-20414.1236302019,"CAFI_P077",25
"20417",-4624.25918601133,"CAFI_P077",50
"20418",-16664.6682453269,"CAFI_P077",100
"20419",-82.5565135717916,"CAFI_P077",25
"20420",-6678.81534041878,"CAFI_P077",50
"20421",-18900.9725990153,"CAFI_P077",100
"20422",-11395.4889584804,"CAFI_P077",25
"20423",-20579.2447316811,"CAFI_P077",50
"20424",-15162.8074067555,"CAFI_P077",100
"20425",-1708.24728102461,"CAFI_P077",25
"20426",-17347.6871193656,"CAFI_P077",50
"20427",-21107.5501940459,"CAFI_P077",100
"20428",-3705.6258623446,"CAFI_P077",25
"20429",-16190.9452075764,"CAFI_P077",50
"20430",-22269.9477692274,"CAFI_P077",100
"20431",-11121.7503988572,"CAFI_P077",25
"20432",-557.606789787707,"CAFI_P077",50
"20433",-19494.6338652911,"CAFI_P077",100
"20434",93.105682471738,"CAFI_P077",25
"20435",-16798.3705161881,"CAFI_P077",50
"20436",-11781.3718617697,"CAFI_P077",100
"20437",-3769.6978811413,"CAFI_P077",25
"20438",-18740.8237367703,"CAFI_P077",50
"20439",-17014.5433336751,"CAFI_P077",100
"20440",-4574.39827480234,"CAFI_P077",25
"20441",-18129.8618621298,"CAFI_P077",50
"20442",-12311.3116384884,"CAFI_P077",100
"20443",-15883.4943519737,"CAFI_P077",25
"20444",-1544.97895721314,"CAFI_P077",50
"20445",-15266.9547959815,"CAFI_P077",100
"20446",-1286.61496575465,"CAFI_P077",25
"20447",-19825.0847101616,"CAFI_P077",50
"20448",-18090.8849059098,"CAFI_P077",100
"20449",-14778.7172875391,"CAFI_P077",25
"20450",-3414.13283943859,"CAFI_P077",50
"20451",-19954.122117824,"CAFI_P077",100
"20452",-6193.3918886437,"CAFI_P077",25
"20453",-11923.3345398711,"CAFI_P077",50
"20454",-19103.8100408874,"CAFI_P077",100
"20455",-3580.41311931444,"CAFI_P077",25
"20456",-17814.1167167225,"CAFI_P077",50
"20457",-19501.9926983278,"CAFI_P077",100
"20458",-15123.8577878784,"CAFI_P077",25
"20459",-2833.60440487508,"CAFI_P077",50
"20460",-20009.0455747423,"CAFI_P077",100
"20461",-12630.598375522,"CAFI_P077",25
"20462",-15677.0166728288,"CAFI_P077",50
"20463",-20447.8335514223,"CAFI_P077",100
"20464",-10.9205015866028,"CAFI_P077",25
"20465",-3637.23532863098,"CAFI_P077",50
"20466",-21893.8259063096,"CAFI_P077",100
"20467",-15925.6949400596,"CAFI_P077",25
"20468",-5174.15337391107,"CAFI_P077",50
"20469",-20984.0876493997,"CAFI_P077",100
"20470",1313.78240363277,"CAFI_P077",25
"20471",-2124.69800609222,"CAFI_P077",50
"20472",-20691.5793634213,"CAFI_P077",100
"20473",-1818.80835398217,"CAFI_P077",25
"20474",-16253.1768594637,"CAFI_P077",50
"20475",-19957.9574828745,"CAFI_P077",100
"20476",205.793372047512,"CAFI_P077",25
"20477",-20437.7512715249,"CAFI_P077",50
"20478",-15012.5152101531,"CAFI_P077",100
"20479",-12512.8465178163,"CAFI_P077",25
"20480",-38.127449541731,"CAFI_P077",50
"20481",-17192.3849296325,"CAFI_P077",100
"20482",-1851.38841335906,"CAFI_P077",25
"20483",-1803.35746445667,"CAFI_P077",50
"20484",-18475.7305687448,"CAFI_P077",100
"20485",-2405.1925412743,"CAFI_P077",25
"20486",-11520.6604062929,"CAFI_P077",50
"20487",-19049.70205257,"CAFI_P077",100
"20488",-3888.94278063043,"CAFI_P077",25
"20489",-11443.8072594309,"CAFI_P077",50
"20490",-20687.8851614863,"CAFI_P077",100
"20491",1130.2223871258,"CAFI_P077",25
"20492",-3958.84584607967,"CAFI_P077",50
"20493",-19231.0162887207,"CAFI_P077",100
"20494",-808.027038012078,"CAFI_P077",25
"20495",-7981.99325901645,"CAFI_P077",50
"20496",-22843.4525111743,"CAFI_P077",100
"20497",-2067.4522571468,"CAFI_P077",25
"20498",1897.34256215376,"CAFI_P077",50
"20499",-21729.4918856985,"CAFI_P077",100
"20500",-5179.16336569525,"CAFI_P077",25
"20501",-3999.07589095354,"CAFI_P077",50
"20502",-20508.2056682321,"CAFI_P077",100
"20503",-1391.32075038488,"CAFI_P077",25
"20504",497.702955847373,"CAFI_P077",50
"20505",-16908.0405478663,"CAFI_P077",100
"20506",-14544.1474700851,"CAFI_P077",25
"20507",-18819.4219603933,"CAFI_P077",50
"20508",-13972.2731641662,"CAFI_P077",100
"20509",-13679.8876661931,"CAFI_P077",25
"20510",-14169.6659587311,"CAFI_P077",50
"20511",-16086.2435106599,"CAFI_P077",100
"20512",-645.241142285231,"CAFI_P077",25
"20513",-6544.08611755853,"CAFI_P077",50
"20514",-20820.7778849972,"CAFI_P077",100
"20515",-15075.2467691012,"CAFI_P077",25
"20516",1457.50784729971,"CAFI_P077",50
"20517",-21363.8146573674,"CAFI_P077",100
"20518",-11659.698970469,"CAFI_P077",25
"20519",-17575.341620313,"CAFI_P077",50
"20520",-14200.8252182303,"CAFI_P077",100
"20521",-2609.9463638821,"CAFI_P077",25
"20522",2234.86257019459,"CAFI_P077",50
"20523",-20937.0939986795,"CAFI_P077",100
"20524",-2863.44263153177,"CAFI_P077",25
"20525",-2799.02115915512,"CAFI_P077",50
"20526",-19396.8788876777,"CAFI_P077",100
"20527",-11134.515105919,"CAFI_P077",25
"20528",-18765.7727634551,"CAFI_P077",50
"20529",-13079.5848554074,"CAFI_P077",100
"20530",-4039.78788403849,"CAFI_P077",25
"20531",-32.7681027579529,"CAFI_P077",50
"20532",-19238.7359026846,"CAFI_P077",100
"20533",-16109.6146193317,"CAFI_P077",25
"20534",-14415.9695491082,"CAFI_P077",50
"20535",-17625.1352428506,"CAFI_P077",100
"20536",-1594.55912825832,"CAFI_P077",25
"20537",6427.39525590226,"CAFI_P077",50
"20538",-15138.2137838877,"CAFI_P077",100
"20539",-1687.29487011774,"CAFI_P077",25
"20540",-3638.11978764751,"CAFI_P077",50
"20541",-22220.5576883953,"CAFI_P077",100
"20542",-14582.2441452777,"CAFI_P077",25
"20543",-6533.53029092451,"CAFI_P077",50
"20544",-20580.6766942379,"CAFI_P077",100
"20545",-11631.2772523678,"CAFI_P077",25
"20546",-5057.77932073054,"CAFI_P077",50
"20547",-15306.0057828934,"CAFI_P077",100
"20548",-15570.8117244394,"CAFI_P077",25
"20549",-2488.1134218217,"CAFI_P077",50
"20550",-18120.1132583314,"CAFI_P077",100
"20551",-5306.47103076387,"CAFI_P077",25
"20552",-1378.0120602274,"CAFI_P077",50
"20553",-10413.9464908049,"CAFI_P077",100
"20554",-8346.14207202554,"CAFI_P077",25
"20555",-17761.1412785299,"CAFI_P077",50
"20556",-17860.8190545689,"CAFI_P077",100
"20557",-441.641547632724,"CAFI_P077",25
"20558",-13019.4544260913,"CAFI_P077",50
"20559",-15178.8551432321,"CAFI_P077",100
"20560",-14826.5571953561,"CAFI_P077",25
"20561",-2880.58205271786,"CAFI_P077",50
"20562",-21742.9576585567,"CAFI_P077",100
"20563",-1162.00757729003,"CAFI_P077",25
"20564",-19744.0559056911,"CAFI_P077",50
"20565",-21623.0889644231,"CAFI_P077",100
"20566",-17986.3409756615,"CAFI_P077",25
"20567",-7098.42260419374,"CAFI_P077",50
"20568",-10215.0802534632,"CAFI_P077",100
"20569",-12816.0981210101,"CAFI_P077",25
"20570",-14620.9092215626,"CAFI_P077",50
"20571",-18605.7142811463,"CAFI_P077",100
"20572",-14751.6641860683,"CAFI_P077",25
"20573",1863.27312852687,"CAFI_P077",50
"20574",-16072.7354337414,"CAFI_P077",100
"20575",-4330.04123739916,"CAFI_P077",25
"20576",-17178.0261131963,"CAFI_P077",50
"20577",-22721.0378513427,"CAFI_P077",100
"20578",21.454947999533,"CAFI_P077",25
"20579",-7014.56320536451,"CAFI_P077",50
"20580",-19798.2503959752,"CAFI_P077",100
"20581",-5192.9037505326,"CAFI_P077",25
"20582",-17478.1431665411,"CAFI_P077",50
"20583",-20225.8405623494,"CAFI_P077",100
"20584",-13705.7476447685,"CAFI_P077",25
"20585",-13460.8757557689,"CAFI_P077",50
"20586",-21615.1712327213,"CAFI_P077",100
"20587",-3617.86901675054,"CAFI_P077",25
"20588",-16728.6386130103,"CAFI_P077",50
"20589",-20899.1142150191,"CAFI_P077",100
"20590",-1596.29441527216,"CAFI_P077",25
"20591",-17853.6990076242,"CAFI_P077",50
"20592",-15216.7084759127,"CAFI_P077",100
"20593",-18988.4302911843,"CAFI_P077",25
"20594",-6365.09067849608,"CAFI_P077",50
"20595",-18777.4710048594,"CAFI_P077",100
"20596",1505.28985148319,"CAFI_P077",25
"20597",-9341.80619976102,"CAFI_P077",50
"20598",-23160.5888143257,"CAFI_P077",100
"20599",572.626427198789,"CAFI_P077",25
"20600",-13519.9324441208,"CAFI_P077",50
"20601",-20238.6843270713,"CAFI_P077",100
"20602",-99.4809736212192,"CAFI_P077",25
"20603",2736.79884174946,"CAFI_P077",50
"20604",-17302.1424417145,"CAFI_P077",100
"20605",-15114.9113774896,"CAFI_P077",25
"20606",-1486.13591931772,"CAFI_P077",50
"20607",-19474.7739252688,"CAFI_P077",100
"20608",-4304.38254634969,"CAFI_P077",25
"20609",244.565082838468,"CAFI_P077",50
"20610",-21402.5652826652,"CAFI_P077",100
"20611",-4760.0247435917,"CAFI_P077",25
"20612",-1833.64233726522,"CAFI_P077",50
"20613",-14786.0403371486,"CAFI_P077",100
"20614",513.362427794433,"CAFI_P077",25
"20615",-15552.0802134814,"CAFI_P077",50
"20616",-15927.4444805541,"CAFI_P077",100
"20617",-13945.0096753204,"CAFI_P077",25
"20618",-1981.07587022218,"CAFI_P077",50
"20619",-20290.0727814734,"CAFI_P077",100
"20620",-14731.2077672548,"CAFI_P077",25
"20621",-15717.5961159062,"CAFI_P077",50
"20622",-15945.9045325996,"CAFI_P077",100
"20623",-3212.28605831903,"CAFI_P077",25
"20624",-18472.7708640104,"CAFI_P077",50
"20625",-17860.9235185017,"CAFI_P077",100
"20626",-233.1263690716,"CAFI_P077",25
"20627",-8088.14778054593,"CAFI_P077",50
"20628",-17901.9648890517,"CAFI_P077",100
"20629",-1812.77900518005,"CAFI_P077",25
"20630",-16126.7965454793,"CAFI_P077",50
"20631",-20292.4491724083,"CAFI_P077",100
"20632",-14490.664927133,"CAFI_P077",25
"20633",-16945.6077387989,"CAFI_P077",50
"20634",-17637.8200285466,"CAFI_P077",100
"20635",-13368.6006043245,"CAFI_P077",25
"20636",-17022.175682516,"CAFI_P077",50
"20637",-19526.7615495902,"CAFI_P077",100
"20638",-13269.7450360156,"CAFI_P077",25
"20639",-16034.4083769771,"CAFI_P077",50
"20640",-16801.2294593886,"CAFI_P077",100
"20641",-13820.1312809133,"CAFI_P077",25
"20642",-17471.6359591416,"CAFI_P077",50
"20643",-21038.2318933285,"CAFI_P077",100
"20644",-4073.2576862385,"CAFI_P077",25
"20645",-13841.9320000673,"CAFI_P077",50
"20646",-17330.8910033594,"CAFI_P077",100
"20647",-4399.71588810382,"CAFI_P077",25
"20648",-12803.3998576928,"CAFI_P077",50
"20649",-15597.6372081936,"CAFI_P077",100
"20650",758.920390856336,"CAFI_P077",25
"20651",207.445958275959,"CAFI_P077",50
"20652",-20750.728016195,"CAFI_P077",100
"20653",-17695.2843982117,"CAFI_P077",25
"20654",4321.42192273863,"CAFI_P077",50
"20655",-18781.2052345377,"CAFI_P077",100
"20656",-12791.2964930823,"CAFI_P077",25
"20657",-14301.6088142867,"CAFI_P077",50
"20658",-8509.59410036332,"CAFI_P077",100
"20659",-5732.95799108062,"CAFI_P077",25
"20660",-4818.26677741896,"CAFI_P077",50
"20661",-22280.6330907677,"CAFI_P077",100
"20662",-3254.34167608511,"CAFI_P077",25
"20663",-21746.1001161644,"CAFI_P077",50
"20664",-19089.8579808495,"CAFI_P077",100
"20665",-346.772583745624,"CAFI_P077",25
"20666",-2496.97865488072,"CAFI_P077",50
"20667",-11537.5530677642,"CAFI_P077",100
"20668",-1679.90981415939,"CAFI_P077",25
"20669",-14400.2940177054,"CAFI_P077",50
"20670",-20003.919337823,"CAFI_P077",100
"20671",-8361.46107357598,"CAFI_P077",25
"20672",-21119.9138585436,"CAFI_P077",50
"20673",-19863.0898019235,"CAFI_P077",100
"20674",-4584.48718376327,"CAFI_P077",25
"20675",-12075.8172090846,"CAFI_P077",50
"20676",-19550.0519922862,"CAFI_P077",100
"20677",-2109.70186527233,"CAFI_P077",25
"20678",1139.94196969536,"CAFI_P077",50
"20679",-14705.410433147,"CAFI_P077",100
"20680",-4902.19436705468,"CAFI_P077",25
"20681",-1379.87167150818,"CAFI_P077",50
"20682",-16908.3453564201,"CAFI_P077",100
"20683",-4132.04286919249,"CAFI_P077",25
"20684",4207.63807012135,"CAFI_P077",50
"20685",-19842.3669210363,"CAFI_P077",100
"20686",-2232.03682742009,"CAFI_P077",25
"20687",-1657.38922502461,"CAFI_P077",50
"20688",-19530.4881383512,"CAFI_P077",100
"20689",645.89818288837,"CAFI_P077",25
"20690",-18171.4677548049,"CAFI_P077",50
"20691",-18085.0364014798,"CAFI_P077",100
"20692",-14463.3351620341,"CAFI_P077",25
"20693",-8010.19593152913,"CAFI_P077",50
"20694",-10862.8782625025,"CAFI_P077",100
"20695",-1572.35941313711,"CAFI_P077",25
"20696",-13681.4733136019,"CAFI_P077",50
"20697",-19398.6590289921,"CAFI_P077",100
"20698",-15327.3118063575,"CAFI_P077",25
"20699",-5834.29733997257,"CAFI_P077",50
"20700",-19362.780209538,"CAFI_P077",100
"20701",-465.076168951171,"CAFI_P078",25
"20702",662.061936912418,"CAFI_P078",50
"20703",-13209.2106271526,"CAFI_P078",100
"20704",1897.75751430751,"CAFI_P078",25
"20705",-14244.3437303392,"CAFI_P078",50
"20706",-18183.030604047,"CAFI_P078",100
"20707",3897.37011645065,"CAFI_P078",25
"20708",-5.18095776217524,"CAFI_P078",50
"20709",-18297.892988228,"CAFI_P078",100
"20710",11549.8349914768,"CAFI_P078",25
"20711",575.447494580643,"CAFI_P078",50
"20712",-15586.6597038774,"CAFI_P078",100
"20713",-5.64286492869724,"CAFI_P078",25
"20714",6145.42844283325,"CAFI_P078",50
"20715",-20331.333250223,"CAFI_P078",100
"20716",2086.89563567762,"CAFI_P078",25
"20717",11156.7064242157,"CAFI_P078",50
"20718",-3047.5352507396,"CAFI_P078",100
"20719",-4561.32931808813,"CAFI_P078",25
"20720",-2632.80588705291,"CAFI_P078",50
"20721",-9173.76284692841,"CAFI_P078",100
"20722",-8139.88639489625,"CAFI_P078",25
"20723",-5168.51421297278,"CAFI_P078",50
"20724",-5776.31340672105,"CAFI_P078",100
"20725",-910.671721480205,"CAFI_P078",25
"20726",6662.86627123592,"CAFI_P078",50
"20727",-14486.2114875317,"CAFI_P078",100
"20728",-648.874834567774,"CAFI_P078",25
"20729",-1346.83261937933,"CAFI_P078",50
"20730",-14930.7366665423,"CAFI_P078",100
"20731",-5458.20963135565,"CAFI_P078",25
"20732",2721.62151193019,"CAFI_P078",50
"20733",4600.64510441944,"CAFI_P078",100
"20734",-16054.8004777619,"CAFI_P078",25
"20735",-14267.3192214335,"CAFI_P078",50
"20736",-14584.1057737781,"CAFI_P078",100
"20737",-8594.70822068595,"CAFI_P078",25
"20738",-13100.383808088,"CAFI_P078",50
"20739",-21341.6283423512,"CAFI_P078",100
"20740",-12550.5995347439,"CAFI_P078",25
"20741",-9751.37236084262,"CAFI_P078",50
"20742",-11170.9336597407,"CAFI_P078",100
"20743",-339.601157928468,"CAFI_P078",25
"20744",8929.33433211455,"CAFI_P078",50
"20745",-1026.52727403946,"CAFI_P078",100
"20746",-708.272333250323,"CAFI_P078",25
"20747",1666.63334617577,"CAFI_P078",50
"20748",-14120.8836120089,"CAFI_P078",100
"20749",-7680.46865461994,"CAFI_P078",25
"20750",-3206.74564347998,"CAFI_P078",50
"20751",-17670.731697866,"CAFI_P078",100
"20752",10852.3645104496,"CAFI_P078",25
"20753",-4031.85805679514,"CAFI_P078",50
"20754",-1720.15949658706,"CAFI_P078",100
"20755",-4076.46568618465,"CAFI_P078",25
"20756",593.600334601651,"CAFI_P078",50
"20757",-14769.8889601594,"CAFI_P078",100
"20758",2721.83008660539,"CAFI_P078",25
"20759",7038.03909284406,"CAFI_P078",50
"20760",6114.48414323217,"CAFI_P078",100
"20761",-4577.01206128323,"CAFI_P078",25
"20762",-11166.6368595349,"CAFI_P078",50
"20763",-19437.7110407888,"CAFI_P078",100
"20764",3555.8716496827,"CAFI_P078",25
"20765",-3496.05313776975,"CAFI_P078",50
"20766",-7370.83590232179,"CAFI_P078",100
"20767",5386.85610396374,"CAFI_P078",25
"20768",-14687.5024015975,"CAFI_P078",50
"20769",-13139.9941042012,"CAFI_P078",100
"20770",-7317.38874736469,"CAFI_P078",25
"20771",875.774231058371,"CAFI_P078",50
"20772",-11042.1306860701,"CAFI_P078",100
"20773",-14309.0203701472,"CAFI_P078",25
"20774",-3925.42454931524,"CAFI_P078",50
"20775",-8751.31752991953,"CAFI_P078",100
"20776",-4584.2567279216,"CAFI_P078",25
"20777",7281.77616885211,"CAFI_P078",50
"20778",4504.15446549404,"CAFI_P078",100
"20779",9485.71972840966,"CAFI_P078",25
"20780",-13366.8167344903,"CAFI_P078",50
"20781",-19067.8980383168,"CAFI_P078",100
"20782",-5045.47146508272,"CAFI_P078",25
"20783",-16888.7448613914,"CAFI_P078",50
"20784",-15684.6279072785,"CAFI_P078",100
"20785",-10229.5266564674,"CAFI_P078",25
"20786",-10866.8454386661,"CAFI_P078",50
"20787",-17049.8821055414,"CAFI_P078",100
"20788",-9020.47634630892,"CAFI_P078",25
"20789",-12419.1719562659,"CAFI_P078",50
"20790",-13194.8780211564,"CAFI_P078",100
"20791",-6769.10207459639,"CAFI_P078",25
"20792",17662.8842449016,"CAFI_P078",50
"20793",-16722.0147785428,"CAFI_P078",100
"20794",-4185.90777042846,"CAFI_P078",25
"20795",-13544.8550619727,"CAFI_P078",50
"20796",10321.7862568166,"CAFI_P078",100
"20797",29.4520389464451,"CAFI_P078",25
"20798",-10453.507054657,"CAFI_P078",50
"20799",-16947.4120158961,"CAFI_P078",100
"20800",-1742.35763010051,"CAFI_P078",25
"20801",172.758889568446,"CAFI_P078",50
"20802",-17581.7849883543,"CAFI_P078",100
"20803",9742.49347415008,"CAFI_P078",25
"20804",7903.55836652854,"CAFI_P078",50
"20805",-9212.17921006458,"CAFI_P078",100
"20806",347.926896887715,"CAFI_P078",25
"20807",-10652.870737488,"CAFI_P078",50
"20808",-11912.588210821,"CAFI_P078",100
"20809",775.268303892517,"CAFI_P078",25
"20810",2720.38648247137,"CAFI_P078",50
"20811",-9273.05338146538,"CAFI_P078",100
"20812",-5652.64639339357,"CAFI_P078",25
"20813",-4634.0411094763,"CAFI_P078",50
"20814",-19539.6476554952,"CAFI_P078",100
"20815",-4836.23588899709,"CAFI_P078",25
"20816",4673.18597976776,"CAFI_P078",50
"20817",10162.0897760504,"CAFI_P078",100
"20818",-6898.40731598483,"CAFI_P078",25
"20819",-12232.3263404526,"CAFI_P078",50
"20820",-1607.87393362523,"CAFI_P078",100
"20821",-13291.8416200533,"CAFI_P078",25
"20822",-6765.46402170224,"CAFI_P078",50
"20823",-14034.5239150622,"CAFI_P078",100
"20824",-939.769606396032,"CAFI_P078",25
"20825",-8305.72109211166,"CAFI_P078",50
"20826",5266.86945611495,"CAFI_P078",100
"20827",-1122.54346283613,"CAFI_P078",25
"20828",-13727.3016697677,"CAFI_P078",50
"20829",-4195.84534674784,"CAFI_P078",100
"20830",-2200.65929854993,"CAFI_P078",25
"20831",-6021.17223911796,"CAFI_P078",50
"20832",-8112.48101224413,"CAFI_P078",100
"20833",-333.443545271875,"CAFI_P078",25
"20834",-8669.3611683413,"CAFI_P078",50
"20835",-12833.0033888978,"CAFI_P078",100
"20836",17207.726061404,"CAFI_P078",25
"20837",5058.53361836635,"CAFI_P078",50
"20838",-12937.9657985815,"CAFI_P078",100
"20839",-5094.74328095227,"CAFI_P078",25
"20840",1808.77718507807,"CAFI_P078",50
"20841",-2079.21596063598,"CAFI_P078",100
"20842",-4945.79452713946,"CAFI_P078",25
"20843",-4538.69738321571,"CAFI_P078",50
"20844",-18069.9399165455,"CAFI_P078",100
"20845",-2718.61616297439,"CAFI_P078",25
"20846",-10745.5843760548,"CAFI_P078",50
"20847",-13394.6263738878,"CAFI_P078",100
"20848",-10165.5086756533,"CAFI_P078",25
"20849",-14586.6238383233,"CAFI_P078",50
"20850",-4349.1582826316,"CAFI_P078",100
"20851",326.607384835603,"CAFI_P078",25
"20852",-11407.2082739324,"CAFI_P078",50
"20853",-12166.6992275705,"CAFI_P078",100
"20854",-7725.11022487737,"CAFI_P078",25
"20855",2619.47742785275,"CAFI_P078",50
"20856",-9837.38733884814,"CAFI_P078",100
"20857",-4871.23883939697,"CAFI_P078",25
"20858",-10036.1442267327,"CAFI_P078",50
"20859",-20800.2643432143,"CAFI_P078",100
"20860",4522.68190836301,"CAFI_P078",25
"20861",-13922.4426630906,"CAFI_P078",50
"20862",-4755.94334648439,"CAFI_P078",100
"20863",-3428.50991085533,"CAFI_P078",25
"20864",5352.21868463419,"CAFI_P078",50
"20865",-9314.23541241235,"CAFI_P078",100
"20866",-2512.57664434542,"CAFI_P078",25
"20867",-6927.07312041812,"CAFI_P078",50
"20868",394.229348338966,"CAFI_P078",100
"20869",-1465.0554602546,"CAFI_P078",25
"20870",-3855.62534262863,"CAFI_P078",50
"20871",-15228.4240265955,"CAFI_P078",100
"20872",-2123.71322652535,"CAFI_P078",25
"20873",-8355.60036154592,"CAFI_P078",50
"20874",2648.26673867501,"CAFI_P078",100
"20875",-8696.13619611692,"CAFI_P078",25
"20876",-15521.1022687352,"CAFI_P078",50
"20877",-6266.36292815441,"CAFI_P078",100
"20878",-6102.70147589559,"CAFI_P078",25
"20879",-16627.2071958112,"CAFI_P078",50
"20880",15026.5716157937,"CAFI_P078",100
"20881",-7796.71882095514,"CAFI_P078",25
"20882",-8849.53417265223,"CAFI_P078",50
"20883",-11204.4034268971,"CAFI_P078",100
"20884",-4102.2267603114,"CAFI_P078",25
"20885",-4732.71771093976,"CAFI_P078",50
"20886",-17075.8002526316,"CAFI_P078",100
"20887",5669.46889647777,"CAFI_P078",25
"20888",-895.772202558815,"CAFI_P078",50
"20889",3583.14523366396,"CAFI_P078",100
"20890",-5049.82079935604,"CAFI_P078",25
"20891",2037.50190225791,"CAFI_P078",50
"20892",1289.74664697121,"CAFI_P078",100
"20893",3922.75839903305,"CAFI_P078",25
"20894",-7155.44748426945,"CAFI_P078",50
"20895",-9377.93818487448,"CAFI_P078",100
"20896",-2818.4735362496,"CAFI_P078",25
"20897",-9005.83049081339,"CAFI_P078",50
"20898",-7973.30874587345,"CAFI_P078",100
"20899",7419.87878567091,"CAFI_P078",25
"20900",-8931.94608506575,"CAFI_P078",50
"20901",-16728.9881270443,"CAFI_P078",100
"20902",-1883.89731738518,"CAFI_P078",25
"20903",-7231.07342170377,"CAFI_P078",50
"20904",-8539.79943717812,"CAFI_P078",100
"20905",-9381.27871818843,"CAFI_P078",25
"20906",-11009.0655241637,"CAFI_P078",50
"20907",-4641.400628659,"CAFI_P078",100
"20908",-2381.08801450086,"CAFI_P078",25
"20909",-13312.2514772076,"CAFI_P078",50
"20910",-15689.3317569619,"CAFI_P078",100
"20911",-9254.45310874877,"CAFI_P078",25
"20912",-5430.80331593525,"CAFI_P078",50
"20913",10033.1043131895,"CAFI_P078",100
"20914",-8125.06289918494,"CAFI_P078",25
"20915",-4345.9468161668,"CAFI_P078",50
"20916",-22780.1649471104,"CAFI_P078",100
"20917",-2176.44523875776,"CAFI_P078",25
"20918",-9323.3247646947,"CAFI_P078",50
"20919",-5847.97727702133,"CAFI_P078",100
"20920",-7939.20607501525,"CAFI_P078",25
"20921",-8963.94092750989,"CAFI_P078",50
"20922",-8686.85154823679,"CAFI_P078",100
"20923",-1781.99672481953,"CAFI_P078",25
"20924",-7360.60807126737,"CAFI_P078",50
"20925",-15309.2234924313,"CAFI_P078",100
"20926",-9116.85523664078,"CAFI_P078",25
"20927",6462.92127122346,"CAFI_P078",50
"20928",-15880.4854972774,"CAFI_P078",100
"20929",-3593.57717192732,"CAFI_P078",25
"20930",-8933.4672800361,"CAFI_P078",50
"20931",-3818.13827713084,"CAFI_P078",100
"20932",4351.23095470562,"CAFI_P078",25
"20933",-12641.8114993911,"CAFI_P078",50
"20934",-18274.7741348936,"CAFI_P078",100
"20935",13126.8985924257,"CAFI_P078",25
"20936",-3255.45652227273,"CAFI_P078",50
"20937",-13739.5355353205,"CAFI_P078",100
"20938",12432.8846674557,"CAFI_P078",25
"20939",-11040.8697334247,"CAFI_P078",50
"20940",-6267.23502268048,"CAFI_P078",100
"20941",1830.24740754598,"CAFI_P078",25
"20942",13465.2715485149,"CAFI_P078",50
"20943",-11956.5752517634,"CAFI_P078",100
"20944",-1555.99130349612,"CAFI_P078",25
"20945",-16435.6822790374,"CAFI_P078",50
"20946",-9894.52384094006,"CAFI_P078",100
"20947",-2155.14121423656,"CAFI_P078",25
"20948",-7766.41551826883,"CAFI_P078",50
"20949",-12830.2206918059,"CAFI_P078",100
"20950",-740.636628585227,"CAFI_P078",25
"20951",-7310.25145044917,"CAFI_P078",50
"20952",-10599.1986103515,"CAFI_P078",100
"20953",9997.62962475856,"CAFI_P078",25
"20954",7354.21234110912,"CAFI_P078",50
"20955",-1032.30437593441,"CAFI_P078",100
"20956",-3578.62367976218,"CAFI_P078",25
"20957",-6838.43645404879,"CAFI_P078",50
"20958",-14539.3143653186,"CAFI_P078",100
"20959",-1027.43453776918,"CAFI_P078",25
"20960",-6585.38762510102,"CAFI_P078",50
"20961",-12764.0762782246,"CAFI_P078",100
"20962",4468.00940649508,"CAFI_P078",25
"20963",5486.80234093178,"CAFI_P078",50
"20964",-3433.78329068294,"CAFI_P078",100
"20965",-4061.90757538652,"CAFI_P078",25
"20966",-9142.4258667769,"CAFI_P078",50
"20967",-11179.0576780365,"CAFI_P078",100
"20968",3301.40870221297,"CAFI_P078",25
"20969",-9835.66509812768,"CAFI_P078",50
"20970",-10009.9514406401,"CAFI_P078",100
"20971",-1063.55696168623,"CAFI_P078",25
"20972",-5154.40167365171,"CAFI_P078",50
"20973",-17140.3761745206,"CAFI_P078",100
"20974",-2208.05803501495,"CAFI_P078",25
"20975",10163.8024886105,"CAFI_P078",50
"20976",-8927.44994208819,"CAFI_P078",100
"20977",-5611.25810905127,"CAFI_P078",25
"20978",1857.60762857442,"CAFI_P078",50
"20979",-15356.4507431083,"CAFI_P078",100
"20980",2469.76278962893,"CAFI_P078",25
"20981",-10845.5005783951,"CAFI_P078",50
"20982",-8842.16123188823,"CAFI_P078",100
"20983",-4100.77524276939,"CAFI_P078",25
"20984",2678.51102243777,"CAFI_P078",50
"20985",-5331.5934178665,"CAFI_P078",100
"20986",-5317.87265076541,"CAFI_P078",25
"20987",14083.377161128,"CAFI_P078",50
"20988",-9563.93640991047,"CAFI_P078",100
"20989",-922.279351238802,"CAFI_P078",25
"20990",-14795.1811829314,"CAFI_P078",50
"20991",-16718.1880148664,"CAFI_P078",100
"20992",2388.68258608971,"CAFI_P078",25
"20993",1435.8508422774,"CAFI_P078",50
"20994",-18518.8074225628,"CAFI_P078",100
"20995",-1642.07575934037,"CAFI_P078",25
"20996",6165.37850861566,"CAFI_P078",50
"20997",-19965.1450821414,"CAFI_P078",100
"20998",4081.05262635858,"CAFI_P078",25
"20999",-3396.53146965359,"CAFI_P078",50
"21000",-19992.0464916339,"CAFI_P078",100
"21001",-2466.84249375848,"CAFI_P079",25
"21002",-3045.01457213296,"CAFI_P079",50
"21003",3943.97559191566,"CAFI_P079",100
"21004",-1235.57026295317,"CAFI_P079",25
"21005",4074.84022812906,"CAFI_P079",50
"21006",2096.46128553824,"CAFI_P079",100
"21007",234.615381933108,"CAFI_P079",25
"21008",4447.40988757976,"CAFI_P079",50
"21009",10949.1906166372,"CAFI_P079",100
"21010",-1028.72729932045,"CAFI_P079",25
"21011",9419.81987744317,"CAFI_P079",50
"21012",7776.96252733169,"CAFI_P079",100
"21013",3584.53972189306,"CAFI_P079",25
"21014",4968.55481323143,"CAFI_P079",50
"21015",17746.0030865321,"CAFI_P079",100
"21016",3003.96250181558,"CAFI_P079",25
"21017",483.540507761354,"CAFI_P079",50
"21018",-2679.64266942153,"CAFI_P079",100
"21019",-233.644020773267,"CAFI_P079",25
"21020",-1848.19625850409,"CAFI_P079",50
"21021",-3738.23104899417,"CAFI_P079",100
"21022",-1581.46462117435,"CAFI_P079",25
"21023",3872.87031340229,"CAFI_P079",50
"21024",14978.3535403969,"CAFI_P079",100
"21025",-2000.31401625372,"CAFI_P079",25
"21026",-1012.07155016283,"CAFI_P079",50
"21027",3028.07862109842,"CAFI_P079",100
"21028",-1818.98202747214,"CAFI_P079",25
"21029",897.076582433074,"CAFI_P079",50
"21030",9900.22129436451,"CAFI_P079",100
"21031",-1682.76795445877,"CAFI_P079",25
"21032",5446.92026122124,"CAFI_P079",50
"21033",20127.0504628198,"CAFI_P079",100
"21034",354.680104920262,"CAFI_P079",25
"21035",13230.2562518444,"CAFI_P079",50
"21036",-2148.31265897877,"CAFI_P079",100
"21037",803.978830215259,"CAFI_P079",25
"21038",1565.42161407493,"CAFI_P079",50
"21039",10800.5024842329,"CAFI_P079",100
"21040",206.11476313867,"CAFI_P079",25
"21041",-648.476487409003,"CAFI_P079",50
"21042",71.8636815886712,"CAFI_P079",100
"21043",-173.456536614452,"CAFI_P079",25
"21044",2455.00905447631,"CAFI_P079",50
"21045",-2454.7112393507,"CAFI_P079",100
"21046",6714.05767672797,"CAFI_P079",25
"21047",7273.93747658518,"CAFI_P079",50
"21048",-1294.28881409735,"CAFI_P079",100
"21049",-237.384763072478,"CAFI_P079",25
"21050",-140.967075527151,"CAFI_P079",50
"21051",2052.50958979377,"CAFI_P079",100
"21052",1074.38308118889,"CAFI_P079",25
"21053",1311.47575183978,"CAFI_P079",50
"21054",12630.0556904743,"CAFI_P079",100
"21055",942.706100854033,"CAFI_P079",25
"21056",3904.73452006892,"CAFI_P079",50
"21057",-3778.36220548305,"CAFI_P079",100
"21058",1259.14974024938,"CAFI_P079",25
"21059",3600.98565007752,"CAFI_P079",50
"21060",898.61679558875,"CAFI_P079",100
"21061",-1066.17094511926,"CAFI_P079",25
"21062",-480.191600378515,"CAFI_P079",50
"21063",24082.0956854688,"CAFI_P079",100
"21064",-265.185419108748,"CAFI_P079",25
"21065",1417.08276909648,"CAFI_P079",50
"21066",4352.28220919828,"CAFI_P079",100
"21067",-310.665509649989,"CAFI_P079",25
"21068",-2045.97860163922,"CAFI_P079",50
"21069",-3138.61874651114,"CAFI_P079",100
"21070",12235.6846584747,"CAFI_P079",25
"21071",1135.32719934057,"CAFI_P079",50
"21072",12986.6273303396,"CAFI_P079",100
"21073",-51.1879401485494,"CAFI_P079",25
"21074",-2013.92394076861,"CAFI_P079",50
"21075",27198.6760964704,"CAFI_P079",100
"21076",-445.470576901309,"CAFI_P079",25
"21077",974.297139247123,"CAFI_P079",50
"21078",-1841.86136818389,"CAFI_P079",100
"21079",179.692414276622,"CAFI_P079",25
"21080",6405.03546438937,"CAFI_P079",50
"21081",5643.35516654933,"CAFI_P079",100
"21082",-53.085452816711,"CAFI_P079",25
"21083",1082.22309957814,"CAFI_P079",50
"21084",5038.99095600809,"CAFI_P079",100
"21085",-386.010721495695,"CAFI_P079",25
"21086",-869.74279442901,"CAFI_P079",50
"21087",21816.5767800328,"CAFI_P079",100
"21088",-1725.19067287931,"CAFI_P079",25
"21089",-2337.93186614121,"CAFI_P079",50
"21090",8228.29442359778,"CAFI_P079",100
"21091",1610.32488690989,"CAFI_P079",25
"21092",1472.31221135313,"CAFI_P079",50
"21093",1497.72534260701,"CAFI_P079",100
"21094",-145.559786428319,"CAFI_P079",25
"21095",-1488.28727950968,"CAFI_P079",50
"21096",2126.23983910179,"CAFI_P079",100
"21097",-1998.75732113168,"CAFI_P079",25
"21098",4518.0153542906,"CAFI_P079",50
"21099",-1714.947378009,"CAFI_P079",100
"21100",722.966890318377,"CAFI_P079",25
"21101",-141.800834950845,"CAFI_P079",50
"21102",9583.11434180048,"CAFI_P079",100
"21103",1610.71092461381,"CAFI_P079",25
"21104",2184.15734713103,"CAFI_P079",50
"21105",-524.541880265577,"CAFI_P079",100
"21106",-1578.110326305,"CAFI_P079",25
"21107",-4174.86640227164,"CAFI_P079",50
"21108",9593.5571355093,"CAFI_P079",100
"21109",1143.41841789853,"CAFI_P079",25
"21110",-359.861345638143,"CAFI_P079",50
"21111",-1117.76042765769,"CAFI_P079",100
"21112",-1659.46994284724,"CAFI_P079",25
"21113",1155.68042510707,"CAFI_P079",50
"21114",901.233604094916,"CAFI_P079",100
"21115",145.916387788166,"CAFI_P079",25
"21116",2467.48442658171,"CAFI_P079",50
"21117",2130.32164671787,"CAFI_P079",100
"21118",2925.81276487251,"CAFI_P079",25
"21119",-409.679969796649,"CAFI_P079",50
"21120",9490.49150035341,"CAFI_P079",100
"21121",2265.29303973931,"CAFI_P079",25
"21122",-2021.62819058524,"CAFI_P079",50
"21123",3157.40146680313,"CAFI_P079",100
"21124",-111.028317416232,"CAFI_P079",25
"21125",5232.63737642177,"CAFI_P079",50
"21126",-1818.38854261365,"CAFI_P079",100
"21127",-99.3399688994978,"CAFI_P079",25
"21128",12380.6015918161,"CAFI_P079",50
"21129",3654.78033664019,"CAFI_P079",100
"21130",3324.50306911764,"CAFI_P079",25
"21131",-1866.08001570433,"CAFI_P079",50
"21132",6692.48386711124,"CAFI_P079",100
"21133",3673.98099106734,"CAFI_P079",25
"21134",4090.01321385795,"CAFI_P079",50
"21135",12837.0855406829,"CAFI_P079",100
"21136",-1396.14416350544,"CAFI_P079",25
"21137",1555.28922906655,"CAFI_P079",50
"21138",2989.00592373835,"CAFI_P079",100
"21139",-1651.62219128152,"CAFI_P079",25
"21140",4781.94586642768,"CAFI_P079",50
"21141",9102.01739290197,"CAFI_P079",100
"21142",11896.4914977449,"CAFI_P079",25
"21143",3755.90171253754,"CAFI_P079",50
"21144",8548.37732621862,"CAFI_P079",100
"21145",995.887503703532,"CAFI_P079",25
"21146",5897.6728514971,"CAFI_P079",50
"21147",5201.05128576126,"CAFI_P079",100
"21148",4159.96238755409,"CAFI_P079",25
"21149",2240.42606762555,"CAFI_P079",50
"21150",2676.69522031501,"CAFI_P079",100
"21151",-805.311221985903,"CAFI_P079",25
"21152",4357.34971316933,"CAFI_P079",50
"21153",7067.87463197377,"CAFI_P079",100
"21154",1408.00527967614,"CAFI_P079",25
"21155",-656.703520839714,"CAFI_P079",50
"21156",-591.739482721867,"CAFI_P079",100
"21157",3330.63148149513,"CAFI_P079",25
"21158",6707.58638875443,"CAFI_P079",50
"21159",9531.62804979747,"CAFI_P079",100
"21160",6002.53072855464,"CAFI_P079",25
"21161",1582.62402590117,"CAFI_P079",50
"21162",13271.3574430429,"CAFI_P079",100
"21163",-2428.45839305245,"CAFI_P079",25
"21164",-1706.88591820069,"CAFI_P079",50
"21165",19495.9551304671,"CAFI_P079",100
"21166",-151.087707884115,"CAFI_P079",25
"21167",-1592.28994111207,"CAFI_P079",50
"21168",5132.89950433813,"CAFI_P079",100
"21169",2082.47104677689,"CAFI_P079",25
"21170",20120.4778416113,"CAFI_P079",50
"21171",7396.30960145002,"CAFI_P079",100
"21172",716.200949656195,"CAFI_P079",25
"21173",4903.68437738248,"CAFI_P079",50
"21174",222.890601715713,"CAFI_P079",100
"21175",4345.54886254383,"CAFI_P079",25
"21176",-1340.78292333672,"CAFI_P079",50
"21177",9636.28115656876,"CAFI_P079",100
"21178",885.261798436433,"CAFI_P079",25
"21179",-683.942525089078,"CAFI_P079",50
"21180",4251.29829093171,"CAFI_P079",100
"21181",-369.382628735417,"CAFI_P079",25
"21182",908.195728990366,"CAFI_P079",50
"21183",-782.751901444106,"CAFI_P079",100
"21184",-1583.88650385133,"CAFI_P079",25
"21185",-733.171799151023,"CAFI_P079",50
"21186",2900.97587560711,"CAFI_P079",100
"21187",580.776597465825,"CAFI_P079",25
"21188",1121.70174799228,"CAFI_P079",50
"21189",4203.24938175452,"CAFI_P079",100
"21190",2758.16219998529,"CAFI_P079",25
"21191",-2272.79257410736,"CAFI_P079",50
"21192",7439.58681725754,"CAFI_P079",100
"21193",2823.36264613862,"CAFI_P079",25
"21194",12542.3704158879,"CAFI_P079",50
"21195",11841.0322002415,"CAFI_P079",100
"21196",-1180.54187127246,"CAFI_P079",25
"21197",8042.95648781009,"CAFI_P079",50
"21198",4448.07873519341,"CAFI_P079",100
"21199",-1653.84901312998,"CAFI_P079",25
"21200",4948.96231469448,"CAFI_P079",50
"21201",3146.65775995879,"CAFI_P079",100
"21202",-1719.67726279251,"CAFI_P079",25
"21203",905.609288949869,"CAFI_P079",50
"21204",17724.6905271992,"CAFI_P079",100
"21205",-1028.2075368863,"CAFI_P079",25
"21206",434.109559474484,"CAFI_P079",50
"21207",3067.80977063993,"CAFI_P079",100
"21208",-287.867165357544,"CAFI_P079",25
"21209",6606.61584524738,"CAFI_P079",50
"21210",5039.872752475,"CAFI_P079",100
"21211",342.357985061739,"CAFI_P079",25
"21212",-595.095086685236,"CAFI_P079",50
"21213",3603.79761339573,"CAFI_P079",100
"21214",117.646716403513,"CAFI_P079",25
"21215",3115.56220087918,"CAFI_P079",50
"21216",17939.7302657714,"CAFI_P079",100
"21217",-1125.38501851345,"CAFI_P079",25
"21218",7683.60909498067,"CAFI_P079",50
"21219",-1230.08971330101,"CAFI_P079",100
"21220",349.240306971187,"CAFI_P079",25
"21221",655.231294421857,"CAFI_P079",50
"21222",5550.30689286039,"CAFI_P079",100
"21223",357.491262768104,"CAFI_P079",25
"21224",-3711.55461258371,"CAFI_P079",50
"21225",-2162.38988379433,"CAFI_P079",100
"21226",-83.6893319338269,"CAFI_P079",25
"21227",-1147.50567729762,"CAFI_P079",50
"21228",14803.1178164069,"CAFI_P079",100
"21229",-489.776369425381,"CAFI_P079",25
"21230",5504.36527445618,"CAFI_P079",50
"21231",-1724.021308542,"CAFI_P079",100
"21232",322.96965214028,"CAFI_P079",25
"21233",1588.93687568672,"CAFI_P079",50
"21234",-1214.64846497632,"CAFI_P079",100
"21235",1459.84393060711,"CAFI_P079",25
"21236",-986.46665877715,"CAFI_P079",50
"21237",7908.65173512648,"CAFI_P079",100
"21238",-2052.57997764071,"CAFI_P079",25
"21239",-156.832737007382,"CAFI_P079",50
"21240",5024.19333367029,"CAFI_P079",100
"21241",-588.505077780515,"CAFI_P079",25
"21242",865.183922652621,"CAFI_P079",50
"21243",-490.948989157972,"CAFI_P079",100
"21244",3121.32696930508,"CAFI_P079",25
"21245",7330.33631592992,"CAFI_P079",50
"21246",4244.01534625332,"CAFI_P079",100
"21247",8814.38232176049,"CAFI_P079",25
"21248",3039.98559538086,"CAFI_P079",50
"21249",4081.33146944025,"CAFI_P079",100
"21250",465.039507591311,"CAFI_P079",25
"21251",613.754061696585,"CAFI_P079",50
"21252",2749.54694046744,"CAFI_P079",100
"21253",1451.23145161194,"CAFI_P079",25
"21254",4236.00672359107,"CAFI_P079",50
"21255",2058.69765282757,"CAFI_P079",100
"21256",-2113.99799221414,"CAFI_P079",25
"21257",2487.52942046369,"CAFI_P079",50
"21258",1146.83422107264,"CAFI_P079",100
"21259",1459.134965251,"CAFI_P079",25
"21260",605.75190067332,"CAFI_P079",50
"21261",4211.09198448874,"CAFI_P079",100
"21262",-1670.41235173802,"CAFI_P079",25
"21263",1312.60898554153,"CAFI_P079",50
"21264",-1966.62597065541,"CAFI_P079",100
"21265",1675.33162167403,"CAFI_P079",25
"21266",4132.50457065969,"CAFI_P079",50
"21267",48.9688769514614,"CAFI_P079",100
"21268",-1730.94851018119,"CAFI_P079",25
"21269",669.684231892054,"CAFI_P079",50
"21270",14588.5504133989,"CAFI_P079",100
"21271",14468.429365233,"CAFI_P079",25
"21272",8211.68752502321,"CAFI_P079",50
"21273",-450.695956876007,"CAFI_P079",100
"21274",-310.848527447204,"CAFI_P079",25
"21275",3886.28226662881,"CAFI_P079",50
"21276",-150.292849528807,"CAFI_P079",100
"21277",3297.93344875646,"CAFI_P079",25
"21278",3878.91965634192,"CAFI_P079",50
"21279",-2416.60075141268,"CAFI_P079",100
"21280",1700.53662716088,"CAFI_P079",25
"21281",-50.7262940350047,"CAFI_P079",50
"21282",844.006786619051,"CAFI_P079",100
"21283",-1683.60997442473,"CAFI_P079",25
"21284",14242.2794068008,"CAFI_P079",50
"21285",12180.2494526066,"CAFI_P079",100
"21286",333.02427108062,"CAFI_P079",25
"21287",7982.05127913909,"CAFI_P079",50
"21288",-3401.5121599847,"CAFI_P079",100
"21289",1412.92678897321,"CAFI_P079",25
"21290",-1916.25279979873,"CAFI_P079",50
"21291",9716.17440432412,"CAFI_P079",100
"21292",3178.72174696272,"CAFI_P079",25
"21293",9810.25510318039,"CAFI_P079",50
"21294",4270.44012661764,"CAFI_P079",100
"21295",-1371.53102415966,"CAFI_P079",25
"21296",11894.4379941002,"CAFI_P079",50
"21297",5005.64291180481,"CAFI_P079",100
"21298",-180.433462313376,"CAFI_P079",25
"21299",6844.22951966786,"CAFI_P079",50
"21300",2979.13282440545,"CAFI_P079",100
"21301",-5021.91080379246,"CAFI_P080",25
"21302",-5014.1137004535,"CAFI_P080",50
"21303",-8209.87061572402,"CAFI_P080",100
"21304",-4264.55696002781,"CAFI_P080",25
"21305",-5932.54881322551,"CAFI_P080",50
"21306",-4665.32842532427,"CAFI_P080",100
"21307",-802.014230359011,"CAFI_P080",25
"21308",-769.814283682848,"CAFI_P080",50
"21309",-8876.68849659801,"CAFI_P080",100
"21310",511.15050744226,"CAFI_P080",25
"21311",-9076.94404684551,"CAFI_P080",50
"21312",-3262.79605705614,"CAFI_P080",100
"21313",-5249.52875444098,"CAFI_P080",25
"21314",-3570.14413639274,"CAFI_P080",50
"21315",-7417.70144162839,"CAFI_P080",100
"21316",1590.93055052967,"CAFI_P080",25
"21317",-2929.68188465391,"CAFI_P080",50
"21318",-7061.45036676658,"CAFI_P080",100
"21319",-2582.11469174562,"CAFI_P080",25
"21320",-11544.1840966661,"CAFI_P080",50
"21321",-7561.52371394612,"CAFI_P080",100
"21322",-4989.05871393807,"CAFI_P080",25
"21323",-2090.78239936281,"CAFI_P080",50
"21324",-6042.25639041846,"CAFI_P080",100
"21325",453.693496422537,"CAFI_P080",25
"21326",-5723.03931223582,"CAFI_P080",50
"21327",-9803.58894610751,"CAFI_P080",100
"21328",-540.523279392713,"CAFI_P080",25
"21329",1144.41877648969,"CAFI_P080",50
"21330",-2866.15092568035,"CAFI_P080",100
"21331",924.163997245894,"CAFI_P080",25
"21332",-6171.31946915302,"CAFI_P080",50
"21333",-5119.6718310002,"CAFI_P080",100
"21334",-1001.60035426343,"CAFI_P080",25
"21335",2312.72202471645,"CAFI_P080",50
"21336",322.436917171479,"CAFI_P080",100
"21337",-6447.23241805045,"CAFI_P080",25
"21338",-4514.37539933594,"CAFI_P080",50
"21339",-7183.57702292397,"CAFI_P080",100
"21340",51.2747358420602,"CAFI_P080",25
"21341",592.177292375476,"CAFI_P080",50
"21342",-6283.35070342573,"CAFI_P080",100
"21343",-9655.37668162462,"CAFI_P080",25
"21344",-3654.9658634189,"CAFI_P080",50
"21345",-4701.79627328001,"CAFI_P080",100
"21346",-1451.8535353724,"CAFI_P080",25
"21347",2285.15009855307,"CAFI_P080",50
"21348",-7030.34849033358,"CAFI_P080",100
"21349",-4533.23264942461,"CAFI_P080",25
"21350",-248.239883529488,"CAFI_P080",50
"21351",-8547.9370701899,"CAFI_P080",100
"21352",-1019.45625617562,"CAFI_P080",25
"21353",885.339959617879,"CAFI_P080",50
"21354",-3277.76881434026,"CAFI_P080",100
"21355",-5660.23534677092,"CAFI_P080",25
"21356",-2684.83160043882,"CAFI_P080",50
"21357",-2493.62911942301,"CAFI_P080",100
"21358",3053.35163515953,"CAFI_P080",25
"21359",-10591.0303692155,"CAFI_P080",50
"21360",-661.397327571292,"CAFI_P080",100
"21361",482.178888437775,"CAFI_P080",25
"21362",-2128.94059612544,"CAFI_P080",50
"21363",-7960.53087258738,"CAFI_P080",100
"21364",-1252.31079217164,"CAFI_P080",25
"21365",-3134.89109459934,"CAFI_P080",50
"21366",5026.06473432218,"CAFI_P080",100
"21367",1123.00210849475,"CAFI_P080",25
"21368",-3116.15989101397,"CAFI_P080",50
"21369",-4726.57862729166,"CAFI_P080",100
"21370",921.626344957331,"CAFI_P080",25
"21371",-6290.92600480908,"CAFI_P080",50
"21372",-7535.50067542444,"CAFI_P080",100
"21373",2279.77310686007,"CAFI_P080",25
"21374",-1529.60007576879,"CAFI_P080",50
"21375",715.592167326802,"CAFI_P080",100
"21376",-4511.03754647014,"CAFI_P080",25
"21377",-4428.07783772003,"CAFI_P080",50
"21378",-4367.03231333483,"CAFI_P080",100
"21379",-6141.93754994705,"CAFI_P080",25
"21380",-2827.13021614723,"CAFI_P080",50
"21381",-8654.67658586266,"CAFI_P080",100
"21382",-4531.28900780022,"CAFI_P080",25
"21383",2767.924394638,"CAFI_P080",50
"21384",-3542.48215260604,"CAFI_P080",100
"21385",3015.55584653435,"CAFI_P080",25
"21386",154.736555645271,"CAFI_P080",50
"21387",-1609.2407337273,"CAFI_P080",100
"21388",-1223.67009368901,"CAFI_P080",25
"21389",-3139.74130963661,"CAFI_P080",50
"21390",900.981550732118,"CAFI_P080",100
"21391",3784.6326638516,"CAFI_P080",25
"21392",-1905.49209974588,"CAFI_P080",50
"21393",2299.00904219433,"CAFI_P080",100
"21394",-2079.85583579539,"CAFI_P080",25
"21395",665.889487898268,"CAFI_P080",50
"21396",-3494.9382298055,"CAFI_P080",100
"21397",-2240.64051073612,"CAFI_P080",25
"21398",-1004.67347346189,"CAFI_P080",50
"21399",-3980.38226811963,"CAFI_P080",100
"21400",-1258.13481782355,"CAFI_P080",25
"21401",-6585.77820522348,"CAFI_P080",50
"21402",-6525.60541829985,"CAFI_P080",100
"21403",590.196657397508,"CAFI_P080",25
"21404",-3595.51499463565,"CAFI_P080",50
"21405",-3034.87854103785,"CAFI_P080",100
"21406",-1365.95459512786,"CAFI_P080",25
"21407",5111.06989908779,"CAFI_P080",50
"21408",-6718.8654966192,"CAFI_P080",100
"21409",-1303.36509425371,"CAFI_P080",25
"21410",-11750.3796371197,"CAFI_P080",50
"21411",-2893.38961656988,"CAFI_P080",100
"21412",-3708.84525234364,"CAFI_P080",25
"21413",-8239.91381170302,"CAFI_P080",50
"21414",-7913.11665096352,"CAFI_P080",100
"21415",-305.073872888548,"CAFI_P080",25
"21416",-7445.49356235874,"CAFI_P080",50
"21417",4773.06660763625,"CAFI_P080",100
"21418",-3471.26045733897,"CAFI_P080",25
"21419",-5358.09769596459,"CAFI_P080",50
"21420",-6382.60800869616,"CAFI_P080",100
"21421",-2718.0681541643,"CAFI_P080",25
"21422",-1301.64483603701,"CAFI_P080",50
"21423",-4417.72648093851,"CAFI_P080",100
"21424",-2136.30894462236,"CAFI_P080",25
"21425",-8336.06688691262,"CAFI_P080",50
"21426",-7517.20288692173,"CAFI_P080",100
"21427",-2475.350354015,"CAFI_P080",25
"21428",-3033.68834613271,"CAFI_P080",50
"21429",-7140.61266407016,"CAFI_P080",100
"21430",-4554.19984467296,"CAFI_P080",25
"21431",-4772.04690828967,"CAFI_P080",50
"21432",-7232.55841480588,"CAFI_P080",100
"21433",-6064.88240518344,"CAFI_P080",25
"21434",225.700859922406,"CAFI_P080",50
"21435",-377.012379159481,"CAFI_P080",100
"21436",1008.51458521583,"CAFI_P080",25
"21437",-3830.88685508069,"CAFI_P080",50
"21438",-7589.51379616433,"CAFI_P080",100
"21439",694.623299258092,"CAFI_P080",25
"21440",-969.738054787987,"CAFI_P080",50
"21441",-4940.64272601219,"CAFI_P080",100
"21442",-351.086338900393,"CAFI_P080",25
"21443",-9151.34310945889,"CAFI_P080",50
"21444",-5855.45345178639,"CAFI_P080",100
"21445",-5262.14647389765,"CAFI_P080",25
"21446",-4989.77770540418,"CAFI_P080",50
"21447",-10731.3990365571,"CAFI_P080",100
"21448",-588.697038526632,"CAFI_P080",25
"21449",-3568.53287136188,"CAFI_P080",50
"21450",-5547.67178405853,"CAFI_P080",100
"21451",874.487836073895,"CAFI_P080",25
"21452",-5999.60591317751,"CAFI_P080",50
"21453",-3309.63464791237,"CAFI_P080",100
"21454",-2821.77779396015,"CAFI_P080",25
"21455",-9337.22968711768,"CAFI_P080",50
"21456",-5873.38654936802,"CAFI_P080",100
"21457",-313.241651151548,"CAFI_P080",25
"21458",-1030.31474581271,"CAFI_P080",50
"21459",-7347.44745666455,"CAFI_P080",100
"21460",1486.32355219231,"CAFI_P080",25
"21461",-8288.59260593423,"CAFI_P080",50
"21462",-2659.03910469705,"CAFI_P080",100
"21463",-4902.53411515652,"CAFI_P080",25
"21464",-4669.22998646188,"CAFI_P080",50
"21465",118.927513849543,"CAFI_P080",100
"21466",3252.22149373475,"CAFI_P080",25
"21467",-2543.25195540416,"CAFI_P080",50
"21468",-4525.50600373812,"CAFI_P080",100
"21469",-404.476023063282,"CAFI_P080",25
"21470",-936.820029347597,"CAFI_P080",50
"21471",-8634.33896766823,"CAFI_P080",100
"21472",-805.524520975639,"CAFI_P080",25
"21473",-3750.31480757715,"CAFI_P080",50
"21474",-7359.91259671022,"CAFI_P080",100
"21475",2255.1517039383,"CAFI_P080",25
"21476",-1344.79199112147,"CAFI_P080",50
"21477",-7283.95033303308,"CAFI_P080",100
"21478",-3814.47225335638,"CAFI_P080",25
"21479",-1223.61080335696,"CAFI_P080",50
"21480",105.212777807043,"CAFI_P080",100
"21481",-108.421580280934,"CAFI_P080",25
"21482",-489.615503177687,"CAFI_P080",50
"21483",-4068.76153526807,"CAFI_P080",100
"21484",1136.62227491035,"CAFI_P080",25
"21485",-7452.85270677927,"CAFI_P080",50
"21486",-5973.50020420967,"CAFI_P080",100
"21487",1384.41568250986,"CAFI_P080",25
"21488",-973.307896232363,"CAFI_P080",50
"21489",-3861.90562482073,"CAFI_P080",100
"21490",-1875.04030753534,"CAFI_P080",25
"21491",980.525423445128,"CAFI_P080",50
"21492",-8113.08727970591,"CAFI_P080",100
"21493",-2344.91481720966,"CAFI_P080",25
"21494",-562.168850032132,"CAFI_P080",50
"21495",-3101.28206190465,"CAFI_P080",100
"21496",-1008.37735143733,"CAFI_P080",25
"21497",-4675.65010285536,"CAFI_P080",50
"21498",-5299.76633886385,"CAFI_P080",100
"21499",2475.14062582862,"CAFI_P080",25
"21500",-3377.81901290116,"CAFI_P080",50
"21501",-7439.52195038825,"CAFI_P080",100
"21502",-1460.85466404683,"CAFI_P080",25
"21503",-4725.09616232968,"CAFI_P080",50
"21504",-3054.15329561442,"CAFI_P080",100
"21505",-2579.54248604091,"CAFI_P080",25
"21506",-515.044369571769,"CAFI_P080",50
"21507",-7281.23316146692,"CAFI_P080",100
"21508",-1787.73283265269,"CAFI_P080",25
"21509",-944.437598220524,"CAFI_P080",50
"21510",-6896.50960424276,"CAFI_P080",100
"21511",-3709.67891267675,"CAFI_P080",25
"21512",-1886.24882891061,"CAFI_P080",50
"21513",-8919.39962342367,"CAFI_P080",100
"21514",-73.8257989965787,"CAFI_P080",25
"21515",-5002.40362062881,"CAFI_P080",50
"21516",-3900.60605653291,"CAFI_P080",100
"21517",-4938.21915090093,"CAFI_P080",25
"21518",-8402.63735876048,"CAFI_P080",50
"21519",-3725.05268357472,"CAFI_P080",100
"21520",-3076.66272428882,"CAFI_P080",25
"21521",-5389.02134463447,"CAFI_P080",50
"21522",-1691.94317008054,"CAFI_P080",100
"21523",761.073355964618,"CAFI_P080",25
"21524",-4473.59683475927,"CAFI_P080",50
"21525",-9415.09518527258,"CAFI_P080",100
"21526",269.056839002791,"CAFI_P080",25
"21527",1588.17884927584,"CAFI_P080",50
"21528",-5950.69234097158,"CAFI_P080",100
"21529",855.172247996059,"CAFI_P080",25
"21530",-5972.96990955432,"CAFI_P080",50
"21531",-6516.91617103681,"CAFI_P080",100
"21532",3469.25947027639,"CAFI_P080",25
"21533",-9009.84627737297,"CAFI_P080",50
"21534",-3263.39747570967,"CAFI_P080",100
"21535",930.108687520784,"CAFI_P080",25
"21536",-7016.98586443874,"CAFI_P080",50
"21537",-6750.50394921572,"CAFI_P080",100
"21538",905.236750580269,"CAFI_P080",25
"21539",666.372450357609,"CAFI_P080",50
"21540",-7365.59439230684,"CAFI_P080",100
"21541",-1062.55029268964,"CAFI_P080",25
"21542",-214.284332749288,"CAFI_P080",50
"21543",-6137.24954957476,"CAFI_P080",100
"21544",-2652.63326696375,"CAFI_P080",25
"21545",272.278430835271,"CAFI_P080",50
"21546",-8583.59889153785,"CAFI_P080",100
"21547",39.3758639891312,"CAFI_P080",25
"21548",210.100514030884,"CAFI_P080",50
"21549",-7480.55404781768,"CAFI_P080",100
"21550",-2919.77220357257,"CAFI_P080",25
"21551",-342.926233652004,"CAFI_P080",50
"21552",-8938.73407715742,"CAFI_P080",100
"21553",-163.225051748945,"CAFI_P080",25
"21554",-437.559237511276,"CAFI_P080",50
"21555",-3645.73573821763,"CAFI_P080",100
"21556",410.59230417147,"CAFI_P080",25
"21557",607.245611456878,"CAFI_P080",50
"21558",-6175.85110673119,"CAFI_P080",100
"21559",1425.8476665589,"CAFI_P080",25
"21560",-3863.39181530946,"CAFI_P080",50
"21561",-2255.00243977271,"CAFI_P080",100
"21562",514.464589925774,"CAFI_P080",25
"21563",-4995.21949036581,"CAFI_P080",50
"21564",-3803.47500138127,"CAFI_P080",100
"21565",2539.93836152619,"CAFI_P080",25
"21566",-3594.25363344351,"CAFI_P080",50
"21567",-2339.48094090553,"CAFI_P080",100
"21568",-1870.6146836776,"CAFI_P080",25
"21569",-346.769762850192,"CAFI_P080",50
"21570",-5992.22218173357,"CAFI_P080",100
"21571",-5920.37638674966,"CAFI_P080",25
"21572",535.646397881646,"CAFI_P080",50
"21573",-4280.87227273086,"CAFI_P080",100
"21574",1207.19126102165,"CAFI_P080",25
"21575",844.392397104326,"CAFI_P080",50
"21576",-1325.32847841737,"CAFI_P080",100
"21577",-4405.64595731081,"CAFI_P080",25
"21578",-2705.80905688769,"CAFI_P080",50
"21579",-11785.1573592377,"CAFI_P080",100
"21580",-8625.85931277092,"CAFI_P080",25
"21581",-7340.66068994858,"CAFI_P080",50
"21582",-7982.35102486287,"CAFI_P080",100
"21583",-1285.28379821568,"CAFI_P080",25
"21584",-2561.9779158897,"CAFI_P080",50
"21585",-1435.79948454186,"CAFI_P080",100
"21586",-1587.5764321629,"CAFI_P080",25
"21587",491.048237053648,"CAFI_P080",50
"21588",-5563.76050496192,"CAFI_P080",100
"21589",216.514779053323,"CAFI_P080",25
"21590",3119.43736147859,"CAFI_P080",50
"21591",-148.964782698895,"CAFI_P080",100
"21592",545.788595971084,"CAFI_P080",25
"21593",-2735.94321945263,"CAFI_P080",50
"21594",-7121.27518234763,"CAFI_P080",100
"21595",1673.57938343415,"CAFI_P080",25
"21596",-3225.00398195301,"CAFI_P080",50
"21597",-7779.09779866843,"CAFI_P080",100
"21598",-325.781899650232,"CAFI_P080",25
"21599",-1582.63457807591,"CAFI_P080",50
"21600",-7816.33362267169,"CAFI_P080",100
"21601",1735.03984528786,"CAFI_P081",25
"21602",16356.8718082152,"CAFI_P081",50
"21603",-9528.2456694069,"CAFI_P081",100
"21604",-2537.41640534444,"CAFI_P081",25
"21605",-4502.7448425667,"CAFI_P081",50
"21606",-6992.14346756766,"CAFI_P081",100
"21607",-3621.62116516323,"CAFI_P081",25
"21608",1280.13671217085,"CAFI_P081",50
"21609",-10200.2059293783,"CAFI_P081",100
"21610",-2830.69493538502,"CAFI_P081",25
"21611",3160.96282879415,"CAFI_P081",50
"21612",-6743.56937184918,"CAFI_P081",100
"21613",5878.82789707009,"CAFI_P081",25
"21614",-5371.91887928831,"CAFI_P081",50
"21615",-364.154439716425,"CAFI_P081",100
"21616",-9067.00862221129,"CAFI_P081",25
"21617",-116.377728096733,"CAFI_P081",50
"21618",3795.57244549325,"CAFI_P081",100
"21619",-3864.55007976422,"CAFI_P081",25
"21620",5637.88542107173,"CAFI_P081",50
"21621",-9135.62128708287,"CAFI_P081",100
"21622",2122.70157585095,"CAFI_P081",25
"21623",620.847846892488,"CAFI_P081",50
"21624",-6246.52406113577,"CAFI_P081",100
"21625",-103.40091622161,"CAFI_P081",25
"21626",4678.02095191699,"CAFI_P081",50
"21627",3616.49389502272,"CAFI_P081",100
"21628",-5732.27324425985,"CAFI_P081",25
"21629",1942.78200561687,"CAFI_P081",50
"21630",-3726.55215929396,"CAFI_P081",100
"21631",1372.12673761963,"CAFI_P081",25
"21632",3430.4184514407,"CAFI_P081",50
"21633",130.040994118259,"CAFI_P081",100
"21634",-11501.6222447491,"CAFI_P081",25
"21635",239.049225448747,"CAFI_P081",50
"21636",-8543.34514634332,"CAFI_P081",100
"21637",-200.422776521184,"CAFI_P081",25
"21638",-3949.80861205602,"CAFI_P081",50
"21639",-13722.8307112771,"CAFI_P081",100
"21640",-269.080519303505,"CAFI_P081",25
"21641",-4654.37544046919,"CAFI_P081",50
"21642",778.35785907635,"CAFI_P081",100
"21643",-549.373978903866,"CAFI_P081",25
"21644",-12135.5942957168,"CAFI_P081",50
"21645",1090.04700798792,"CAFI_P081",100
"21646",1349.68743219523,"CAFI_P081",25
"21647",3347.68208000046,"CAFI_P081",50
"21648",-2066.32622776891,"CAFI_P081",100
"21649",-585.332705433422,"CAFI_P081",25
"21650",-3210.88293099887,"CAFI_P081",50
"21651",9184.73660108657,"CAFI_P081",100
"21652",7267.30431217101,"CAFI_P081",25
"21653",-12864.6490637061,"CAFI_P081",50
"21654",841.206632643589,"CAFI_P081",100
"21655",-2213.04333697219,"CAFI_P081",25
"21656",-9886.45642284903,"CAFI_P081",50
"21657",-6168.43177263017,"CAFI_P081",100
"21658",-5459.27713304514,"CAFI_P081",25
"21659",-5185.87053554738,"CAFI_P081",50
"21660",-4644.46619816948,"CAFI_P081",100
"21661",-3383.58894035561,"CAFI_P081",25
"21662",-13136.6673398212,"CAFI_P081",50
"21663",-4955.84416513756,"CAFI_P081",100
"21664",-957.114566501405,"CAFI_P081",25
"21665",-5765.06952934971,"CAFI_P081",50
"21666",3620.67484025314,"CAFI_P081",100
"21667",-2855.35974395467,"CAFI_P081",25
"21668",-8602.15112256195,"CAFI_P081",50
"21669",-5199.53890376919,"CAFI_P081",100
"21670",5367.39056576724,"CAFI_P081",25
"21671",4879.20929108065,"CAFI_P081",50
"21672",-19204.7391357163,"CAFI_P081",100
"21673",-1946.2867817037,"CAFI_P081",25
"21674",-22735.99275175,"CAFI_P081",50
"21675",6339.33342637168,"CAFI_P081",100
"21676",107.424797943619,"CAFI_P081",25
"21677",-1600.9767617716,"CAFI_P081",50
"21678",-8781.52461327013,"CAFI_P081",100
"21679",7180.27929943928,"CAFI_P081",25
"21680",6423.20667474577,"CAFI_P081",50
"21681",-7534.08659813911,"CAFI_P081",100
"21682",-3201.99636690639,"CAFI_P081",25
"21683",-6081.77655056119,"CAFI_P081",50
"21684",5394.43312410236,"CAFI_P081",100
"21685",1983.2968769155,"CAFI_P081",25
"21686",6040.5807645974,"CAFI_P081",50
"21687",-14585.129512534,"CAFI_P081",100
"21688",138.433641313808,"CAFI_P081",25
"21689",-5598.41194053515,"CAFI_P081",50
"21690",13877.1655948946,"CAFI_P081",100
"21691",-4013.93390091133,"CAFI_P081",25
"21692",-5072.78574130664,"CAFI_P081",50
"21693",-13059.690368867,"CAFI_P081",100
"21694",-4751.71398263448,"CAFI_P081",25
"21695",-10827.0427724915,"CAFI_P081",50
"21696",358.923190330388,"CAFI_P081",100
"21697",-1337.5874818259,"CAFI_P081",25
"21698",2453.70987760421,"CAFI_P081",50
"21699",-1579.23325901793,"CAFI_P081",100
"21700",-11568.5838031686,"CAFI_P081",25
"21701",-9786.26942709959,"CAFI_P081",50
"21702",3947.38400494034,"CAFI_P081",100
"21703",-3821.0342483595,"CAFI_P081",25
"21704",-4713.0275220802,"CAFI_P081",50
"21705",5349.16238637036,"CAFI_P081",100
"21706",9705.72327519668,"CAFI_P081",25
"21707",-2601.9953727831,"CAFI_P081",50
"21708",-8257.77583165534,"CAFI_P081",100
"21709",-5270.59390549932,"CAFI_P081",25
"21710",1337.76238759101,"CAFI_P081",50
"21711",-9047.9997090807,"CAFI_P081",100
"21712",3069.54687569453,"CAFI_P081",25
"21713",53.8573056601454,"CAFI_P081",50
"21714",-2016.19025594322,"CAFI_P081",100
"21715",4379.14030450373,"CAFI_P081",25
"21716",-244.82402574626,"CAFI_P081",50
"21717",-1890.15760727681,"CAFI_P081",100
"21718",-4671.65457750147,"CAFI_P081",25
"21719",-5610.70131067492,"CAFI_P081",50
"21720",-5687.49910224654,"CAFI_P081",100
"21721",4866.6003636996,"CAFI_P081",25
"21722",-16483.3212828488,"CAFI_P081",50
"21723",-7250.94686151942,"CAFI_P081",100
"21724",4632.68836320663,"CAFI_P081",25
"21725",-4733.42105728196,"CAFI_P081",50
"21726",-5647.79926472166,"CAFI_P081",100
"21727",-3395.01926298608,"CAFI_P081",25
"21728",-11946.0984062017,"CAFI_P081",50
"21729",-8195.09370091045,"CAFI_P081",100
"21730",-3459.19020006043,"CAFI_P081",25
"21731",8194.09435734554,"CAFI_P081",50
"21732",-7576.66462478734,"CAFI_P081",100
"21733",-1366.2048467868,"CAFI_P081",25
"21734",8676.75553757872,"CAFI_P081",50
"21735",6461.31902967539,"CAFI_P081",100
"21736",-9451.59158487982,"CAFI_P081",25
"21737",5163.88510854437,"CAFI_P081",50
"21738",-4811.38912738103,"CAFI_P081",100
"21739",-1266.14433547709,"CAFI_P081",25
"21740",-5088.25737374992,"CAFI_P081",50
"21741",938.060390145576,"CAFI_P081",100
"21742",-11024.0187265044,"CAFI_P081",25
"21743",-5826.3119899591,"CAFI_P081",50
"21744",-12422.6276741542,"CAFI_P081",100
"21745",7952.80176193203,"CAFI_P081",25
"21746",1532.08721078653,"CAFI_P081",50
"21747",-8127.52363978466,"CAFI_P081",100
"21748",2909.19494391169,"CAFI_P081",25
"21749",1034.67984455219,"CAFI_P081",50
"21750",2017.01981728163,"CAFI_P081",100
"21751",-3043.23274708504,"CAFI_P081",25
"21752",9185.37191529985,"CAFI_P081",50
"21753",1350.50328220689,"CAFI_P081",100
"21754",-7575.69631227426,"CAFI_P081",25
"21755",-1013.9821499089,"CAFI_P081",50
"21756",-5425.68571360828,"CAFI_P081",100
"21757",0.948011921718717,"CAFI_P081",25
"21758",-11063.9186722903,"CAFI_P081",50
"21759",1514.82356827933,"CAFI_P081",100
"21760",1317.11056609073,"CAFI_P081",25
"21761",3393.85274616681,"CAFI_P081",50
"21762",-2181.77407771046,"CAFI_P081",100
"21763",1328.28131622553,"CAFI_P081",25
"21764",-3332.61635186212,"CAFI_P081",50
"21765",9630.23514897388,"CAFI_P081",100
"21766",-331.466282530979,"CAFI_P081",25
"21767",8592.42504469422,"CAFI_P081",50
"21768",3783.16106984048,"CAFI_P081",100
"21769",953.639164695807,"CAFI_P081",25
"21770",290.223063229467,"CAFI_P081",50
"21771",-1960.8005219684,"CAFI_P081",100
"21772",13374.6081317116,"CAFI_P081",25
"21773",7219.02512896527,"CAFI_P081",50
"21774",-13590.5681028017,"CAFI_P081",100
"21775",5478.62739816745,"CAFI_P081",25
"21776",5882.17226821143,"CAFI_P081",50
"21777",-12514.3293074422,"CAFI_P081",100
"21778",-5511.17018237757,"CAFI_P081",25
"21779",-692.964261244284,"CAFI_P081",50
"21780",3620.95895611297,"CAFI_P081",100
"21781",420.900520366093,"CAFI_P081",25
"21782",-1459.88722349453,"CAFI_P081",50
"21783",-3392.71916185031,"CAFI_P081",100
"21784",2747.36410362617,"CAFI_P081",25
"21785",-3840.71289474363,"CAFI_P081",50
"21786",-7074.21619667514,"CAFI_P081",100
"21787",-3532.39917874328,"CAFI_P081",25
"21788",-7877.05367511482,"CAFI_P081",50
"21789",11273.3371447262,"CAFI_P081",100
"21790",5260.09192124446,"CAFI_P081",25
"21791",-3972.17966470862,"CAFI_P081",50
"21792",-4329.0310401179,"CAFI_P081",100
"21793",-6366.16444557614,"CAFI_P081",25
"21794",-14097.4884308371,"CAFI_P081",50
"21795",-16976.2333952869,"CAFI_P081",100
"21796",-3111.9119427707,"CAFI_P081",25
"21797",-6733.46670725339,"CAFI_P081",50
"21798",-8969.95440461129,"CAFI_P081",100
"21799",-3915.89376935022,"CAFI_P081",25
"21800",-2112.99773232627,"CAFI_P081",50
"21801",-8482.32209839681,"CAFI_P081",100
"21802",-2188.74213439738,"CAFI_P081",25
"21803",-12743.6900290718,"CAFI_P081",50
"21804",-15547.0239903244,"CAFI_P081",100
"21805",-426.678451745829,"CAFI_P081",25
"21806",-13069.7008166382,"CAFI_P081",50
"21807",-12026.6311993268,"CAFI_P081",100
"21808",12259.1228252304,"CAFI_P081",25
"21809",4333.01982710289,"CAFI_P081",50
"21810",-10096.7372602698,"CAFI_P081",100
"21811",-8860.28010106977,"CAFI_P081",25
"21812",-2394.46179801133,"CAFI_P081",50
"21813",1954.14979054441,"CAFI_P081",100
"21814",2716.41285592993,"CAFI_P081",25
"21815",-4248.79431182187,"CAFI_P081",50
"21816",-3775.27036623086,"CAFI_P081",100
"21817",-7079.39304709577,"CAFI_P081",25
"21818",2365.8042760992,"CAFI_P081",50
"21819",1136.75314758701,"CAFI_P081",100
"21820",-9321.40878477256,"CAFI_P081",25
"21821",-2174.21822335856,"CAFI_P081",50
"21822",5874.78038209851,"CAFI_P081",100
"21823",13133.6114522214,"CAFI_P081",25
"21824",-5282.53255665404,"CAFI_P081",50
"21825",-13365.8587218492,"CAFI_P081",100
"21826",3234.20732352952,"CAFI_P081",25
"21827",-5160.37061454091,"CAFI_P081",50
"21828",-6104.28786847839,"CAFI_P081",100
"21829",-3289.69580034155,"CAFI_P081",25
"21830",6239.53774010978,"CAFI_P081",50
"21831",8576.91943070514,"CAFI_P081",100
"21832",-482.719060495263,"CAFI_P081",25
"21833",-5915.32635768125,"CAFI_P081",50
"21834",5102.71254891274,"CAFI_P081",100
"21835",-6534.04598864113,"CAFI_P081",25
"21836",-4946.54339404864,"CAFI_P081",50
"21837",-7282.731598126,"CAFI_P081",100
"21838",-10774.6793121888,"CAFI_P081",25
"21839",-6477.42876932322,"CAFI_P081",50
"21840",6918.23320139421,"CAFI_P081",100
"21841",-4162.57539759521,"CAFI_P081",25
"21842",3560.89328930801,"CAFI_P081",50
"21843",-12516.1243956737,"CAFI_P081",100
"21844",4263.9200282495,"CAFI_P081",25
"21845",353.010585442418,"CAFI_P081",50
"21846",-6973.58920654457,"CAFI_P081",100
"21847",924.036678345292,"CAFI_P081",25
"21848",1374.81939520349,"CAFI_P081",50
"21849",-104.780300186889,"CAFI_P081",100
"21850",3895.8550949613,"CAFI_P081",25
"21851",-8558.14554145525,"CAFI_P081",50
"21852",-13174.6558124178,"CAFI_P081",100
"21853",-249.32991290983,"CAFI_P081",25
"21854",-2019.29692359251,"CAFI_P081",50
"21855",-5264.35616763198,"CAFI_P081",100
"21856",4247.87436937896,"CAFI_P081",25
"21857",-7585.77562940028,"CAFI_P081",50
"21858",-12686.4621181593,"CAFI_P081",100
"21859",-5658.49104393064,"CAFI_P081",25
"21860",-1010.45065891393,"CAFI_P081",50
"21861",-15220.4756696515,"CAFI_P081",100
"21862",-114.286842257308,"CAFI_P081",25
"21863",-5041.68201354818,"CAFI_P081",50
"21864",-14026.5657740163,"CAFI_P081",100
"21865",-170.056507713336,"CAFI_P081",25
"21866",1440.41512932838,"CAFI_P081",50
"21867",-6032.89741660812,"CAFI_P081",100
"21868",-2066.13513306505,"CAFI_P081",25
"21869",-6058.12864639272,"CAFI_P081",50
"21870",-982.035425604205,"CAFI_P081",100
"21871",2570.85517425003,"CAFI_P081",25
"21872",-3201.00853298791,"CAFI_P081",50
"21873",-5277.4368285246,"CAFI_P081",100
"21874",10310.4053986421,"CAFI_P081",25
"21875",-2087.5299333451,"CAFI_P081",50
"21876",-13831.287769581,"CAFI_P081",100
"21877",-7041.85070573515,"CAFI_P081",25
"21878",1003.61205719132,"CAFI_P081",50
"21879",6262.47374462569,"CAFI_P081",100
"21880",-4034.87934945538,"CAFI_P081",25
"21881",-2395.62664852286,"CAFI_P081",50
"21882",7903.94432211824,"CAFI_P081",100
"21883",-6244.31766719662,"CAFI_P081",25
"21884",-12146.5157778391,"CAFI_P081",50
"21885",-2308.9116017241,"CAFI_P081",100
"21886",4973.81909606943,"CAFI_P081",25
"21887",3506.57850783662,"CAFI_P081",50
"21888",-12088.0034412653,"CAFI_P081",100
"21889",-3092.69018902432,"CAFI_P081",25
"21890",-133.551110876899,"CAFI_P081",50
"21891",-10098.3758190685,"CAFI_P081",100
"21892",-9482.29548104556,"CAFI_P081",25
"21893",6944.13982671214,"CAFI_P081",50
"21894",-587.998493355932,"CAFI_P081",100
"21895",-5784.3452713727,"CAFI_P081",25
"21896",2869.8772225813,"CAFI_P081",50
"21897",-6438.16566312301,"CAFI_P081",100
"21898",-3757.83203303703,"CAFI_P081",25
"21899",-1973.75763548166,"CAFI_P081",50
"21900",-11115.2763661309,"CAFI_P081",100
"21901",7152.42477083264,"CAFI_P082",25
"21902",-1595.72849037594,"CAFI_P082",50
"21903",-4316.01861528301,"CAFI_P082",100
"21904",27.7519181065436,"CAFI_P082",25
"21905",-1314.24344412176,"CAFI_P082",50
"21906",-5947.38831845587,"CAFI_P082",100
"21907",-615.314510053169,"CAFI_P082",25
"21908",-4192.51271101611,"CAFI_P082",50
"21909",-1987.42729956255,"CAFI_P082",100
"21910",-4851.54808521979,"CAFI_P082",25
"21911",1731.60557793852,"CAFI_P082",50
"21912",3155.97820149275,"CAFI_P082",100
"21913",146.205942339147,"CAFI_P082",25
"21914",534.705815782159,"CAFI_P082",50
"21915",-6113.84289741061,"CAFI_P082",100
"21916",-1391.24872851471,"CAFI_P082",25
"21917",-2221.18640681158,"CAFI_P082",50
"21918",-4816.51504520763,"CAFI_P082",100
"21919",1223.73880574165,"CAFI_P082",25
"21920",-1131.77617349738,"CAFI_P082",50
"21921",-6432.08085647886,"CAFI_P082",100
"21922",-1242.91446866561,"CAFI_P082",25
"21923",870.897646558209,"CAFI_P082",50
"21924",-1836.18486709683,"CAFI_P082",100
"21925",74.5460279371182,"CAFI_P082",25
"21926",-4788.68224393073,"CAFI_P082",50
"21927",-6515.81385393135,"CAFI_P082",100
"21928",-315.988214674988,"CAFI_P082",25
"21929",1633.35806400914,"CAFI_P082",50
"21930",-5593.30168869001,"CAFI_P082",100
"21931",-1030.30559240977,"CAFI_P082",25
"21932",-5292.2970851631,"CAFI_P082",50
"21933",-4716.47596099897,"CAFI_P082",100
"21934",-2638.05399207782,"CAFI_P082",25
"21935",-2440.86486685355,"CAFI_P082",50
"21936",-6889.9204488059,"CAFI_P082",100
"21937",350.562062372017,"CAFI_P082",25
"21938",432.296157301142,"CAFI_P082",50
"21939",-5906.4257034945,"CAFI_P082",100
"21940",-3756.6913523511,"CAFI_P082",25
"21941",-5265.70060712095,"CAFI_P082",50
"21942",-5225.86701711989,"CAFI_P082",100
"21943",-2332.88179721154,"CAFI_P082",25
"21944",-5414.33857400465,"CAFI_P082",50
"21945",-1929.31719117914,"CAFI_P082",100
"21946",-1864.92249357502,"CAFI_P082",25
"21947",-1236.75091854372,"CAFI_P082",50
"21948",2920.94590237032,"CAFI_P082",100
"21949",4885.28268829949,"CAFI_P082",25
"21950",-3458.1095585677,"CAFI_P082",50
"21951",-6853.1828812473,"CAFI_P082",100
"21952",-1888.42821561772,"CAFI_P082",25
"21953",-4797.797415939,"CAFI_P082",50
"21954",-6098.32327657577,"CAFI_P082",100
"21955",-1538.4914326189,"CAFI_P082",25
"21956",-5670.09636248868,"CAFI_P082",50
"21957",1434.26662537019,"CAFI_P082",100
"21958",-3242.82218446862,"CAFI_P082",25
"21959",6718.74698855469,"CAFI_P082",50
"21960",-867.220898249798,"CAFI_P082",100
"21961",-3265.29231725182,"CAFI_P082",25
"21962",-2244.20325116345,"CAFI_P082",50
"21963",-5663.86573290995,"CAFI_P082",100
"21964",-3244.90938085699,"CAFI_P082",25
"21965",4864.45211965506,"CAFI_P082",50
"21966",-5094.82705728221,"CAFI_P082",100
"21967",-1256.55737539605,"CAFI_P082",25
"21968",-3844.8660554688,"CAFI_P082",50
"21969",-3452.43453182676,"CAFI_P082",100
"21970",2812.44796171738,"CAFI_P082",25
"21971",-1052.78929474374,"CAFI_P082",50
"21972",-6372.36147164091,"CAFI_P082",100
"21973",-887.195016921352,"CAFI_P082",25
"21974",-758.488781562919,"CAFI_P082",50
"21975",-6820.67807136411,"CAFI_P082",100
"21976",-677.140019616636,"CAFI_P082",25
"21977",-3872.08034415441,"CAFI_P082",50
"21978",-6103.07024852461,"CAFI_P082",100
"21979",-63.9324638514663,"CAFI_P082",25
"21980",-3564.18779262362,"CAFI_P082",50
"21981",9653.4567489594,"CAFI_P082",100
"21982",2664.37970349315,"CAFI_P082",25
"21983",-5632.46043585382,"CAFI_P082",50
"21984",1473.10674734606,"CAFI_P082",100
"21985",221.453613319987,"CAFI_P082",25
"21986",-2774.34605651183,"CAFI_P082",50
"21987",-6289.17165065563,"CAFI_P082",100
"21988",-2588.07623349209,"CAFI_P082",25
"21989",90.8706671016698,"CAFI_P082",50
"21990",-6557.96056596376,"CAFI_P082",100
"21991",-797.319578797265,"CAFI_P082",25
"21992",-2641.70141220264,"CAFI_P082",50
"21993",-3998.55930545094,"CAFI_P082",100
"21994",1373.5399965446,"CAFI_P082",25
"21995",-3667.02671215002,"CAFI_P082",50
"21996",-5531.52062780785,"CAFI_P082",100
"21997",-814.283727689006,"CAFI_P082",25
"21998",-3226.1100048197,"CAFI_P082",50
"21999",-5426.53101434805,"CAFI_P082",100
"22000",-882.603699832747,"CAFI_P082",25
"22001",-2752.82375026663,"CAFI_P082",50
"22002",-6702.12383689452,"CAFI_P082",100
"22003",1166.32575600498,"CAFI_P082",25
"22004",-3585.71883688119,"CAFI_P082",50
"22005",-2463.76968643378,"CAFI_P082",100
"22006",-870.297115776339,"CAFI_P082",25
"22007",-1823.5593641967,"CAFI_P082",50
"22008",-5485.65578036146,"CAFI_P082",100
"22009",-1186.1270460324,"CAFI_P082",25
"22010",-1490.07053666151,"CAFI_P082",50
"22011",-4644.21542136258,"CAFI_P082",100
"22012",-2013.60946070787,"CAFI_P082",25
"22013",-4394.77001614714,"CAFI_P082",50
"22014",-5896.19387924943,"CAFI_P082",100
"22015",-577.60193216076,"CAFI_P082",25
"22016",-5600.91722958616,"CAFI_P082",50
"22017",-6954.87307271794,"CAFI_P082",100
"22018",-1690.1082312293,"CAFI_P082",25
"22019",-4273.63623344511,"CAFI_P082",50
"22020",-495.011149386177,"CAFI_P082",100
"22021",2714.08548566981,"CAFI_P082",25
"22022",-3986.20477518917,"CAFI_P082",50
"22023",-3276.8140475915,"CAFI_P082",100
"22024",-1929.83375579221,"CAFI_P082",25
"22025",-4228.66658478868,"CAFI_P082",50
"22026",-6754.72306961686,"CAFI_P082",100
"22027",-4208.99242887518,"CAFI_P082",25
"22028",-2922.38576509355,"CAFI_P082",50
"22029",-5145.4574454362,"CAFI_P082",100
"22030",6768.19828997008,"CAFI_P082",25
"22031",-1728.64988228798,"CAFI_P082",50
"22032",-5158.88778822581,"CAFI_P082",100
"22033",-1379.95319653119,"CAFI_P082",25
"22034",-1109.53118872872,"CAFI_P082",50
"22035",-6215.90610270629,"CAFI_P082",100
"22036",-767.581163488037,"CAFI_P082",25
"22037",-781.536279935332,"CAFI_P082",50
"22038",-3938.87145178247,"CAFI_P082",100
"22039",-883.880747668445,"CAFI_P082",25
"22040",635.167852475803,"CAFI_P082",50
"22041",2716.51551899331,"CAFI_P082",100
"22042",-3101.76195384486,"CAFI_P082",25
"22043",-4836.63003788258,"CAFI_P082",50
"22044",-5195.78815028004,"CAFI_P082",100
"22045",-881.755135496234,"CAFI_P082",25
"22046",-4528.79534762056,"CAFI_P082",50
"22047",-6453.92248856161,"CAFI_P082",100
"22048",-1722.78070377547,"CAFI_P082",25
"22049",-4559.70766396046,"CAFI_P082",50
"22050",2288.99283046793,"CAFI_P082",100
"22051",-3840.30056002803,"CAFI_P082",25
"22052",-5958.4369374146,"CAFI_P082",50
"22053",-5532.05593614867,"CAFI_P082",100
"22054",-4511.5448836234,"CAFI_P082",25
"22055",-1357.05680631637,"CAFI_P082",50
"22056",-5056.33279611835,"CAFI_P082",100
"22057",-1769.28977369517,"CAFI_P082",25
"22058",6906.07473604003,"CAFI_P082",50
"22059",-6912.51453452196,"CAFI_P082",100
"22060",-2269.04141335524,"CAFI_P082",25
"22061",-2175.34014685452,"CAFI_P082",50
"22062",-6700.98792532265,"CAFI_P082",100
"22063",3006.94775510588,"CAFI_P082",25
"22064",-1818.78787907897,"CAFI_P082",50
"22065",-6813.37165671946,"CAFI_P082",100
"22066",-125.350417156325,"CAFI_P082",25
"22067",-5664.03425900906,"CAFI_P082",50
"22068",-6794.18000378169,"CAFI_P082",100
"22069",-2150.7032749842,"CAFI_P082",25
"22070",1811.43377257872,"CAFI_P082",50
"22071",-2958.11700230901,"CAFI_P082",100
"22072",-4821.39244800828,"CAFI_P082",25
"22073",-2663.91524178386,"CAFI_P082",50
"22074",-6066.53385741459,"CAFI_P082",100
"22075",224.248592702585,"CAFI_P082",25
"22076",-5703.07138459654,"CAFI_P082",50
"22077",2027.08554324441,"CAFI_P082",100
"22078",-3615.5159851331,"CAFI_P082",25
"22079",-5481.97318413068,"CAFI_P082",50
"22080",-6791.66319918606,"CAFI_P082",100
"22081",-3759.80019165608,"CAFI_P082",25
"22082",-4579.6808255252,"CAFI_P082",50
"22083",2416.3231631399,"CAFI_P082",100
"22084",-4003.27481584309,"CAFI_P082",25
"22085",-3304.43356347689,"CAFI_P082",50
"22086",-1563.43128714114,"CAFI_P082",100
"22087",-2219.38848247891,"CAFI_P082",25
"22088",-830.947230107849,"CAFI_P082",50
"22089",-6266.63662727956,"CAFI_P082",100
"22090",-4867.99351217139,"CAFI_P082",25
"22091",-2985.65810724994,"CAFI_P082",50
"22092",-6872.45708526393,"CAFI_P082",100
"22093",-553.507933921646,"CAFI_P082",25
"22094",8042.61885938203,"CAFI_P082",50
"22095",-153.561756931624,"CAFI_P082",100
"22096",-2020.47498053822,"CAFI_P082",25
"22097",-3675.87636681122,"CAFI_P082",50
"22098",-4641.5802635111,"CAFI_P082",100
"22099",-172.024930855492,"CAFI_P082",25
"22100",-2180.09018770774,"CAFI_P082",50
"22101",295.912041390344,"CAFI_P082",100
"22102",-2.48259944867459,"CAFI_P082",25
"22103",-3012.70285890883,"CAFI_P082",50
"22104",6546.35676298829,"CAFI_P082",100
"22105",-1148.00808802398,"CAFI_P082",25
"22106",-6025.90564165633,"CAFI_P082",50
"22107",2940.30613227628,"CAFI_P082",100
"22108",-1084.74517876265,"CAFI_P082",25
"22109",-998.383357980347,"CAFI_P082",50
"22110",2948.43769661689,"CAFI_P082",100
"22111",744.484461809043,"CAFI_P082",25
"22112",-2496.0506561308,"CAFI_P082",50
"22113",-5135.28016975682,"CAFI_P082",100
"22114",-1474.30995620677,"CAFI_P082",25
"22115",1786.38805478407,"CAFI_P082",50
"22116",-6124.39949356325,"CAFI_P082",100
"22117",-1820.00487760353,"CAFI_P082",25
"22118",-4480.50775012816,"CAFI_P082",50
"22119",111.970699147991,"CAFI_P082",100
"22120",703.703809781146,"CAFI_P082",25
"22121",-2784.18084216569,"CAFI_P082",50
"22122",-3479.93837027875,"CAFI_P082",100
"22123",2418.36987460032,"CAFI_P082",25
"22124",-3842.65239687439,"CAFI_P082",50
"22125",-4495.18607769418,"CAFI_P082",100
"22126",-4923.51838055326,"CAFI_P082",25
"22127",-2015.64699267983,"CAFI_P082",50
"22128",-2906.52051297846,"CAFI_P082",100
"22129",-1208.30722495072,"CAFI_P082",25
"22130",-1311.00541189077,"CAFI_P082",50
"22131",-2697.15606947345,"CAFI_P082",100
"22132",1360.82883830532,"CAFI_P082",25
"22133",-1664.14544959765,"CAFI_P082",50
"22134",-5627.04661879198,"CAFI_P082",100
"22135",-825.932928689814,"CAFI_P082",25
"22136",-195.758803191886,"CAFI_P082",50
"22137",-2702.6506120651,"CAFI_P082",100
"22138",3653.42967272631,"CAFI_P082",25
"22139",-4570.06672106398,"CAFI_P082",50
"22140",-838.412813563977,"CAFI_P082",100
"22141",-2053.79581879429,"CAFI_P082",25
"22142",-1353.33481130499,"CAFI_P082",50
"22143",-4639.44823647014,"CAFI_P082",100
"22144",58.4385034581646,"CAFI_P082",25
"22145",-1807.08802993951,"CAFI_P082",50
"22146",-6628.68965198453,"CAFI_P082",100
"22147",-925.512661228451,"CAFI_P082",25
"22148",-2124.95471106807,"CAFI_P082",50
"22149",-4075.8207736559,"CAFI_P082",100
"22150",-835.993799048563,"CAFI_P082",25
"22151",-3152.93781073036,"CAFI_P082",50
"22152",5145.21471508587,"CAFI_P082",100
"22153",1227.31319910131,"CAFI_P082",25
"22154",-3335.0391848936,"CAFI_P082",50
"22155",-5856.84492007349,"CAFI_P082",100
"22156",-3105.96282929092,"CAFI_P082",25
"22157",-2290.41289424806,"CAFI_P082",50
"22158",-4383.57959917659,"CAFI_P082",100
"22159",-1360.41484120759,"CAFI_P082",25
"22160",-1262.77565073885,"CAFI_P082",50
"22161",10190.0933859281,"CAFI_P082",100
"22162",-3263.28507884761,"CAFI_P082",25
"22163",8256.14373639674,"CAFI_P082",50
"22164",-5605.82470519513,"CAFI_P082",100
"22165",-1741.14976721193,"CAFI_P082",25
"22166",1215.30378750333,"CAFI_P082",50
"22167",-5464.29873742978,"CAFI_P082",100
"22168",-698.832532119239,"CAFI_P082",25
"22169",-3671.73846034546,"CAFI_P082",50
"22170",-1057.97128810891,"CAFI_P082",100
"22171",-4246.87728493163,"CAFI_P082",25
"22172",-2221.21571193213,"CAFI_P082",50
"22173",-4259.29618098438,"CAFI_P082",100
"22174",-4062.86757972804,"CAFI_P082",25
"22175",847.345697767538,"CAFI_P082",50
"22176",-6358.09697483937,"CAFI_P082",100
"22177",-423.474329748278,"CAFI_P082",25
"22178",-796.474799718446,"CAFI_P082",50
"22179",-4116.72278566079,"CAFI_P082",100
"22180",-4167.02862018594,"CAFI_P082",25
"22181",-1116.93001957409,"CAFI_P082",50
"22182",-5916.46199739739,"CAFI_P082",100
"22183",476.1905498571,"CAFI_P082",25
"22184",-1553.15095938672,"CAFI_P082",50
"22185",3615.45285981338,"CAFI_P082",100
"22186",1810.52641901176,"CAFI_P082",25
"22187",-4314.19672028633,"CAFI_P082",50
"22188",-3806.47209219236,"CAFI_P082",100
"22189",87.0572984557075,"CAFI_P082",25
"22190",-1614.36233282267,"CAFI_P082",50
"22191",-6202.14214048984,"CAFI_P082",100
"22192",-1592.45082983308,"CAFI_P082",25
"22193",511.283930999169,"CAFI_P082",50
"22194",4847.09205673961,"CAFI_P082",100
"22195",-2326.22762227996,"CAFI_P082",25
"22196",5922.41050685485,"CAFI_P082",50
"22197",-799.788905492198,"CAFI_P082",100
"22198",789.667535412504,"CAFI_P082",25
"22199",-4306.32100624073,"CAFI_P082",50
"22200",-2698.58335466526,"CAFI_P082",100
"22201",-2110.2472347499,"NRI_P001",25
"22202",-7889.14354129269,"NRI_P001",50
"22203",-1878.58111301862,"NRI_P001",100
"22204",-2157.49172333465,"NRI_P001",25
"22205",9046.66325150931,"NRI_P001",50
"22206",-9300.22790522868,"NRI_P001",100
"22207",537.569791084155,"NRI_P001",25
"22208",2143.75585052901,"NRI_P001",50
"22209",-6213.11032411802,"NRI_P001",100
"22210",693.29805666738,"NRI_P001",25
"22211",-6655.85975936629,"NRI_P001",50
"22212",8913.66654222243,"NRI_P001",100
"22213",13037.0921296672,"NRI_P001",25
"22214",-6391.78549013098,"NRI_P001",50
"22215",-10772.6762417642,"NRI_P001",100
"22216",-6100.78204589427,"NRI_P001",25
"22217",6828.28345462598,"NRI_P001",50
"22218",9136.26082706574,"NRI_P001",100
"22219",328.36174737016,"NRI_P001",25
"22220",2561.09554445738,"NRI_P001",50
"22221",-8771.3448662372,"NRI_P001",100
"22222",-6113.83842502197,"NRI_P001",25
"22223",-17549.6390269115,"NRI_P001",50
"22224",-14695.8677814374,"NRI_P001",100
"22225",646.864087635826,"NRI_P001",25
"22226",-11541.2212323706,"NRI_P001",50
"22227",-15491.053916072,"NRI_P001",100
"22228",-1829.08436249726,"NRI_P001",25
"22229",3011.59463810164,"NRI_P001",50
"22230",4069.31052584253,"NRI_P001",100
"22231",1218.73130883771,"NRI_P001",25
"22232",217.064021284168,"NRI_P001",50
"22233",-2570.52735045325,"NRI_P001",100
"22234",-817.259381945303,"NRI_P001",25
"22235",-14097.9193541331,"NRI_P001",50
"22236",-21018.5588590227,"NRI_P001",100
"22237",-1037.06899052853,"NRI_P001",25
"22238",-8453.13849702411,"NRI_P001",50
"22239",-7343.25920647231,"NRI_P001",100
"22240",13221.7883008816,"NRI_P001",25
"22241",-7924.04020552567,"NRI_P001",50
"22242",-3619.35750293516,"NRI_P001",100
"22243",-4353.29052598629,"NRI_P001",25
"22244",-5185.35517069645,"NRI_P001",50
"22245",-13886.1588800664,"NRI_P001",100
"22246",-603.540522896918,"NRI_P001",25
"22247",4302.09443588107,"NRI_P001",50
"22248",-5705.68423679375,"NRI_P001",100
"22249",5789.80729648098,"NRI_P001",25
"22250",-5179.0788858512,"NRI_P001",50
"22251",-1791.52760648995,"NRI_P001",100
"22252",4680.5236074985,"NRI_P001",25
"22253",-7965.82882040794,"NRI_P001",50
"22254",-11230.374046659,"NRI_P001",100
"22255",-2344.23077846185,"NRI_P001",25
"22256",-9308.60127829117,"NRI_P001",50
"22257",8811.29885866371,"NRI_P001",100
"22258",-4365.20639400743,"NRI_P001",25
"22259",-16007.3846355957,"NRI_P001",50
"22260",7251.96824018878,"NRI_P001",100
"22261",12290.9286086904,"NRI_P001",25
"22262",1723.42948757601,"NRI_P001",50
"22263",-15052.6285973007,"NRI_P001",100
"22264",540.646901717933,"NRI_P001",25
"22265",-6472.91751602528,"NRI_P001",50
"22266",-3494.18579503888,"NRI_P001",100
"22267",3364.94633609644,"NRI_P001",25
"22268",-13586.7127887916,"NRI_P001",50
"22269",12124.5327545924,"NRI_P001",100
"22270",-1351.00831152929,"NRI_P001",25
"22271",24252.0938158914,"NRI_P001",50
"22272",-10282.2358638229,"NRI_P001",100
"22273",2963.6461996102,"NRI_P001",25
"22274",-10548.1070577342,"NRI_P001",50
"22275",-15074.290007973,"NRI_P001",100
"22276",4294.72530296061,"NRI_P001",25
"22277",1172.35970646766,"NRI_P001",50
"22278",-7834.67357376398,"NRI_P001",100
"22279",-6922.09667717473,"NRI_P001",25
"22280",-16186.7604964421,"NRI_P001",50
"22281",6337.41653241025,"NRI_P001",100
"22282",-1087.15726020106,"NRI_P001",25
"22283",-2601.3505405839,"NRI_P001",50
"22284",-15998.8787349122,"NRI_P001",100
"22285",-3698.81358918332,"NRI_P001",25
"22286",-3730.74238891649,"NRI_P001",50
"22287",-1940.50546682178,"NRI_P001",100
"22288",664.063993535121,"NRI_P001",25
"22289",-7562.46701613368,"NRI_P001",50
"22290",-14473.3544247708,"NRI_P001",100
"22291",-4252.74399574683,"NRI_P001",25
"22292",-5566.79406034303,"NRI_P001",50
"22293",-12809.1462659266,"NRI_P001",100
"22294",1408.41403843404,"NRI_P001",25
"22295",-13215.8874685901,"NRI_P001",50
"22296",22776.0536038356,"NRI_P001",100
"22297",12.4192767465138,"NRI_P001",25
"22298",-2578.71771079209,"NRI_P001",50
"22299",-9252.40415118865,"NRI_P001",100
"22300",-3673.15902776265,"NRI_P001",25
"22301",3862.02116824168,"NRI_P001",50
"22302",2101.68146198994,"NRI_P001",100
"22303",760.828749110631,"NRI_P001",25
"22304",3609.62209901877,"NRI_P001",50
"22305",-6638.01140499377,"NRI_P001",100
"22306",9154.53101274394,"NRI_P001",25
"22307",-4097.80701388716,"NRI_P001",50
"22308",-3218.05555476306,"NRI_P001",100
"22309",12756.3720665961,"NRI_P001",25
"22310",4401.27766084217,"NRI_P001",50
"22311",-10309.918030223,"NRI_P001",100
"22312",1427.61851110199,"NRI_P001",25
"22313",1120.02216866775,"NRI_P001",50
"22314",-14695.1026155944,"NRI_P001",100
"22315",1674.43888781162,"NRI_P001",25
"22316",4147.28939747118,"NRI_P001",50
"22317",-12159.6661048881,"NRI_P001",100
"22318",-18306.7120306281,"NRI_P001",25
"22319",-4016.4994031695,"NRI_P001",50
"22320",-13244.0667965431,"NRI_P001",100
"22321",-2108.6942789703,"NRI_P001",25
"22322",-5482.57749489666,"NRI_P001",50
"22323",4965.0984637232,"NRI_P001",100
"22324",-5672.42225576509,"NRI_P001",25
"22325",4435.45762073965,"NRI_P001",50
"22326",18693.6102021244,"NRI_P001",100
"22327",27503.9375022338,"NRI_P001",25
"22328",25264.1627782394,"NRI_P001",50
"22329",-16009.0588867918,"NRI_P001",100
"22330",-8804.40905668217,"NRI_P001",25
"22331",-9164.95858677255,"NRI_P001",50
"22332",-8114.57751622188,"NRI_P001",100
"22333",-4101.29277033999,"NRI_P001",25
"22334",-6675.87513958677,"NRI_P001",50
"22335",-1463.0782257496,"NRI_P001",100
"22336",-3073.25429097156,"NRI_P001",25
"22337",14801.5982212821,"NRI_P001",50
"22338",-10774.8825723493,"NRI_P001",100
"22339",2049.84554333665,"NRI_P001",25
"22340",-9444.29047022265,"NRI_P001",50
"22341",-13635.6768114833,"NRI_P001",100
"22342",3184.49559407611,"NRI_P001",25
"22343",-2551.80750654964,"NRI_P001",50
"22344",-14298.0072742009,"NRI_P001",100
"22345",-4642.18157009117,"NRI_P001",25
"22346",-6465.3633520169,"NRI_P001",50
"22347",17621.8842120629,"NRI_P001",100
"22348",-3012.93365037668,"NRI_P001",25
"22349",23581.5941343682,"NRI_P001",50
"22350",44374.7871031083,"NRI_P001",100
"22351",-10331.7823152595,"NRI_P001",25
"22352",3636.30156601645,"NRI_P001",50
"22353",-427.108618142141,"NRI_P001",100
"22354",-8271.53130521308,"NRI_P001",25
"22355",13650.4542106758,"NRI_P001",50
"22356",-9244.07491996014,"NRI_P001",100
"22357",-2858.91470112756,"NRI_P001",25
"22358",-5359.91757321073,"NRI_P001",50
"22359",-20544.6802738049,"NRI_P001",100
"22360",76.1558907708386,"NRI_P001",25
"22361",-15790.1141754658,"NRI_P001",50
"22362",-12330.3014284031,"NRI_P001",100
"22363",-5718.50087600431,"NRI_P001",25
"22364",-2447.79657841282,"NRI_P001",50
"22365",-13073.4362253934,"NRI_P001",100
"22366",-564.267781557981,"NRI_P001",25
"22367",-9692.92935168731,"NRI_P001",50
"22368",-11323.0534206142,"NRI_P001",100
"22369",13935.7462581705,"NRI_P001",25
"22370",17717.2959382226,"NRI_P001",50
"22371",-11876.8097424926,"NRI_P001",100
"22372",-3557.84560354834,"NRI_P001",25
"22373",-5494.73849285074,"NRI_P001",50
"22374",1550.73384424456,"NRI_P001",100
"22375",-3991.8868306792,"NRI_P001",25
"22376",17143.5451287194,"NRI_P001",50
"22377",-4372.08455209783,"NRI_P001",100
"22378",924.637421781896,"NRI_P001",25
"22379",10870.6300008152,"NRI_P001",50
"22380",-17472.1113407849,"NRI_P001",100
"22381",-3297.21836517076,"NRI_P001",25
"22382",-10694.3271079898,"NRI_P001",50
"22383",-18019.1253797672,"NRI_P001",100
"22384",4592.81198530592,"NRI_P001",25
"22385",2782.56001908414,"NRI_P001",50
"22386",-3884.40577963204,"NRI_P001",100
"22387",-4810.93945713219,"NRI_P001",25
"22388",-7918.45924846517,"NRI_P001",50
"22389",-13722.7613226682,"NRI_P001",100
"22390",2047.30013818701,"NRI_P001",25
"22391",-13174.117214679,"NRI_P001",50
"22392",-12346.255415737,"NRI_P001",100
"22393",-9647.77032931315,"NRI_P001",25
"22394",4770.07270183769,"NRI_P001",50
"22395",-19591.7788410831,"NRI_P001",100
"22396",-623.059515716159,"NRI_P001",25
"22397",1151.82194427721,"NRI_P001",50
"22398",-4854.93154513359,"NRI_P001",100
"22399",-39.8257055276772,"NRI_P001",25
"22400",-9415.79190969424,"NRI_P001",50
"22401",-15776.4110832962,"NRI_P001",100
"22402",3093.35096136539,"NRI_P001",25
"22403",5232.72497031227,"NRI_P001",50
"22404",3221.21383224282,"NRI_P001",100
"22405",1982.4830788399,"NRI_P001",25
"22406",2548.87573436741,"NRI_P001",50
"22407",-19141.5506867899,"NRI_P001",100
"22408",-6864.22934242414,"NRI_P001",25
"22409",-7595.42732970041,"NRI_P001",50
"22410",-8612.57507245475,"NRI_P001",100
"22411",5186.11052956036,"NRI_P001",25
"22412",-9304.37071153917,"NRI_P001",50
"22413",8204.40245114791,"NRI_P001",100
"22414",-6039.19655741093,"NRI_P001",25
"22415",-10032.2796601912,"NRI_P001",50
"22416",-16955.4315100641,"NRI_P001",100
"22417",2966.92442953255,"NRI_P001",25
"22418",-1589.19745385647,"NRI_P001",50
"22419",-11587.6928926104,"NRI_P001",100
"22420",-2468.47334853187,"NRI_P001",25
"22421",10590.5716757686,"NRI_P001",50
"22422",4499.65061864693,"NRI_P001",100
"22423",2711.37846206198,"NRI_P001",25
"22424",-711.735126060375,"NRI_P001",50
"22425",-3555.77218351339,"NRI_P001",100
"22426",2376.4036269841,"NRI_P001",25
"22427",11483.7862185813,"NRI_P001",50
"22428",18083.9741146998,"NRI_P001",100
"22429",-685.51409411832,"NRI_P001",25
"22430",-1462.09912166267,"NRI_P001",50
"22431",751.472426802211,"NRI_P001",100
"22432",-2031.80568493117,"NRI_P001",25
"22433",3685.61642215948,"NRI_P001",50
"22434",1137.64102852036,"NRI_P001",100
"22435",1358.66456024646,"NRI_P001",25
"22436",4577.70801089855,"NRI_P001",50
"22437",-11606.2547801606,"NRI_P001",100
"22438",-2360.42289918219,"NRI_P001",25
"22439",-9709.04422861998,"NRI_P001",50
"22440",-17378.7550308928,"NRI_P001",100
"22441",1464.01809483039,"NRI_P001",25
"22442",10393.4296871013,"NRI_P001",50
"22443",20477.0769894455,"NRI_P001",100
"22444",118.069707291957,"NRI_P001",25
"22445",-9922.06630079309,"NRI_P001",50
"22446",26185.7843496156,"NRI_P001",100
"22447",-4953.22482742806,"NRI_P001",25
"22448",-2873.35491609114,"NRI_P001",50
"22449",-8990.76738403697,"NRI_P001",100
"22450",16421.9861402848,"NRI_P001",25
"22451",2655.28380000382,"NRI_P001",50
"22452",3583.38270224363,"NRI_P001",100
"22453",-5922.77879258385,"NRI_P001",25
"22454",-6873.11848720175,"NRI_P001",50
"22455",-11659.8967044462,"NRI_P001",100
"22456",2342.59980000788,"NRI_P001",25
"22457",-4318.39667527337,"NRI_P001",50
"22458",-11608.6474945292,"NRI_P001",100
"22459",12201.8669535995,"NRI_P001",25
"22460",-8026.95500006387,"NRI_P001",50
"22461",-12298.5326627011,"NRI_P001",100
"22462",250.746305959299,"NRI_P001",25
"22463",-5512.63115450015,"NRI_P001",50
"22464",-22217.016638348,"NRI_P001",100
"22465",106.334474063071,"NRI_P001",25
"22466",6635.77638163447,"NRI_P001",50
"22467",-11407.5951495374,"NRI_P001",100
"22468",-536.391873938614,"NRI_P001",25
"22469",1223.50318878872,"NRI_P001",50
"22470",-17611.6393975416,"NRI_P001",100
"22471",-1110.12132822204,"NRI_P001",25
"22472",3179.69430968753,"NRI_P001",50
"22473",-1986.61826007284,"NRI_P001",100
"22474",14231.175372691,"NRI_P001",25
"22475",-3494.82022070093,"NRI_P001",50
"22476",-3154.60523991042,"NRI_P001",100
"22477",9929.8739881611,"NRI_P001",25
"22478",-7284.52705090665,"NRI_P001",50
"22479",-19263.9196020273,"NRI_P001",100
"22480",-5711.72645951217,"NRI_P001",25
"22481",-11717.6452254,"NRI_P001",50
"22482",-5261.18960615923,"NRI_P001",100
"22483",-2398.91157270281,"NRI_P001",25
"22484",-8555.23890852334,"NRI_P001",50
"22485",-19006.0849287788,"NRI_P001",100
"22486",948.783153947094,"NRI_P001",25
"22487",-7347.25553712156,"NRI_P001",50
"22488",25483.7325329717,"NRI_P001",100
"22489",-485.188230569067,"NRI_P001",25
"22490",-5558.4514973546,"NRI_P001",50
"22491",-11901.1757421853,"NRI_P001",100
"22492",-4672.28893546143,"NRI_P001",25
"22493",-4845.95765571319,"NRI_P001",50
"22494",-11080.0762037326,"NRI_P001",100
"22495",-3381.96699415694,"NRI_P001",25
"22496",-1361.18632673484,"NRI_P001",50
"22497",17208.892449402,"NRI_P001",100
"22498",-698.934294336184,"NRI_P001",25
"22499",9351.1270191322,"NRI_P001",50
"22500",-22958.7898860189,"NRI_P001",100
"22501",-892.170035827527,"NRI_P002",25
"22502",460.305226940982,"NRI_P002",50
"22503",6137.30540304468,"NRI_P002",100
"22504",28.1548795374983,"NRI_P002",25
"22505",8589.28254246814,"NRI_P002",50
"22506",5139.37906536041,"NRI_P002",100
"22507",2453.86910713647,"NRI_P002",25
"22508",1905.87420074551,"NRI_P002",50
"22509",3036.20345299772,"NRI_P002",100
"22510",2403.64651748689,"NRI_P002",25
"22511",-1505.76667096454,"NRI_P002",50
"22512",222.456041381054,"NRI_P002",100
"22513",1913.47453790085,"NRI_P002",25
"22514",-3455.51283543304,"NRI_P002",50
"22515",-1149.53292201323,"NRI_P002",100
"22516",3686.26190706799,"NRI_P002",25
"22517",2073.90011297187,"NRI_P002",50
"22518",35261.2104819201,"NRI_P002",100
"22519",3759.34078179643,"NRI_P002",25
"22520",6324.75808073737,"NRI_P002",50
"22521",30182.6076242717,"NRI_P002",100
"22522",2101.85146335934,"NRI_P002",25
"22523",2093.80387243745,"NRI_P002",50
"22524",4400.42786680625,"NRI_P002",100
"22525",965.766982058005,"NRI_P002",25
"22526",1559.19259982268,"NRI_P002",50
"22527",6329.45290796133,"NRI_P002",100
"22528",1207.99914878616,"NRI_P002",25
"22529",2842.964787315,"NRI_P002",50
"22530",3171.52747737613,"NRI_P002",100
"22531",-845.954882169957,"NRI_P002",25
"22532",2138.83754577467,"NRI_P002",50
"22533",7289.33316065205,"NRI_P002",100
"22534",3182.21479265057,"NRI_P002",25
"22535",8156.37864135386,"NRI_P002",50
"22536",4150.11359688733,"NRI_P002",100
"22537",-240.768243936851,"NRI_P002",25
"22538",4576.59996074904,"NRI_P002",50
"22539",33774.1512853665,"NRI_P002",100
"22540",-1186.28018041066,"NRI_P002",25
"22541",311.10837618119,"NRI_P002",50
"22542",28371.4375670321,"NRI_P002",100
"22543",-155.754728149361,"NRI_P002",25
"22544",10083.3852966181,"NRI_P002",50
"22545",4962.17048127379,"NRI_P002",100
"22546",1584.59558591503,"NRI_P002",25
"22547",3645.98103056563,"NRI_P002",50
"22548",71623.4659459432,"NRI_P002",100
"22549",3971.02031951098,"NRI_P002",25
"22550",3437.30992278215,"NRI_P002",50
"22551",6698.35070178416,"NRI_P002",100
"22552",1042.41154387247,"NRI_P002",25
"22553",851.756839341426,"NRI_P002",50
"22554",2635.22370389244,"NRI_P002",100
"22555",5186.36337544472,"NRI_P002",25
"22556",4823.92768856272,"NRI_P002",50
"22557",12768.2041724845,"NRI_P002",100
"22558",-6399.95905687762,"NRI_P002",25
"22559",-2065.01453897124,"NRI_P002",50
"22560",5457.88678075623,"NRI_P002",100
"22561",34376.2883899826,"NRI_P002",25
"22562",4940.13867683563,"NRI_P002",50
"22563",1417.67576528431,"NRI_P002",100
"22564",-120.341516685876,"NRI_P002",25
"22565",2457.70313705868,"NRI_P002",50
"22566",41059.2638672183,"NRI_P002",100
"22567",893.681833561364,"NRI_P002",25
"22568",543.581954601628,"NRI_P002",50
"22569",7938.25235386155,"NRI_P002",100
"22570",3039.19537764337,"NRI_P002",25
"22571",6037.09878438685,"NRI_P002",50
"22572",-4397.75607883814,"NRI_P002",100
"22573",7012.90483476082,"NRI_P002",25
"22574",36499.9826235241,"NRI_P002",50
"22575",-93.7352729335544,"NRI_P002",100
"22576",1458.8801841661,"NRI_P002",25
"22577",-2880.70519785257,"NRI_P002",50
"22578",8747.1688858823,"NRI_P002",100
"22579",34618.725808121,"NRI_P002",25
"22580",797.562051357672,"NRI_P002",50
"22581",2548.64345321606,"NRI_P002",100
"22582",-644.315297863766,"NRI_P002",25
"22583",34629.2790188553,"NRI_P002",50
"22584",-6754.71984169565,"NRI_P002",100
"22585",3288.40247178011,"NRI_P002",25
"22586",3284.35496249126,"NRI_P002",50
"22587",10383.1708882612,"NRI_P002",100
"22588",30170.8323369328,"NRI_P002",25
"22589",868.281216789328,"NRI_P002",50
"22590",1387.34761149177,"NRI_P002",100
"22591",1222.95889201818,"NRI_P002",25
"22592",2176.23146415947,"NRI_P002",50
"22593",6838.24384894452,"NRI_P002",100
"22594",4793.01332019109,"NRI_P002",25
"22595",-5469.26038568886,"NRI_P002",50
"22596",8221.9280774456,"NRI_P002",100
"22597",5998.61680393323,"NRI_P002",25
"22598",7546.32169566699,"NRI_P002",50
"22599",2072.99177874337,"NRI_P002",100
"22600",-465.939938974479,"NRI_P002",25
"22601",-940.258392330055,"NRI_P002",50
"22602",4587.25628676105,"NRI_P002",100
"22603",1681.25408945867,"NRI_P002",25
"22604",4852.90792835527,"NRI_P002",50
"22605",10121.780326301,"NRI_P002",100
"22606",-474.475182450929,"NRI_P002",25
"22607",1820.07996078543,"NRI_P002",50
"22608",6330.22730606719,"NRI_P002",100
"22609",1671.10844641674,"NRI_P002",25
"22610",6002.57153161927,"NRI_P002",50
"22611",33636.9441655703,"NRI_P002",100
"22612",1232.59303866807,"NRI_P002",25
"22613",1218.49370634972,"NRI_P002",50
"22614",-338.511421134957,"NRI_P002",100
"22615",-2228.13437623484,"NRI_P002",25
"22616",-192.503337067377,"NRI_P002",50
"22617",-1661.80281016557,"NRI_P002",100
"22618",-706.579453502258,"NRI_P002",25
"22619",-2779.17802477322,"NRI_P002",50
"22620",4377.11028352671,"NRI_P002",100
"22621",-1217.22443511937,"NRI_P002",25
"22622",-1377.84277106533,"NRI_P002",50
"22623",9283.42727231493,"NRI_P002",100
"22624",285.462653342111,"NRI_P002",25
"22625",680.96685514928,"NRI_P002",50
"22626",10419.6819735878,"NRI_P002",100
"22627",178.448095193831,"NRI_P002",25
"22628",1388.59452733208,"NRI_P002",50
"22629",2788.13978127509,"NRI_P002",100
"22630",2041.1302393605,"NRI_P002",25
"22631",666.375413750269,"NRI_P002",50
"22632",7125.21589790375,"NRI_P002",100
"22633",-318.567927323456,"NRI_P002",25
"22634",3274.45577268244,"NRI_P002",50
"22635",3510.83145039188,"NRI_P002",100
"22636",-1227.12971573626,"NRI_P002",25
"22637",6922.66047569696,"NRI_P002",50
"22638",-1875.25603450008,"NRI_P002",100
"22639",1313.31230921144,"NRI_P002",25
"22640",2139.1248455017,"NRI_P002",50
"22641",30127.2315355082,"NRI_P002",100
"22642",1083.31921889086,"NRI_P002",25
"22643",166.545241281216,"NRI_P002",50
"22644",39114.0882561664,"NRI_P002",100
"22645",1933.25817660644,"NRI_P002",25
"22646",1552.07738313632,"NRI_P002",50
"22647",35796.5009226564,"NRI_P002",100
"22648",-3978.69117400044,"NRI_P002",25
"22649",504.676205763157,"NRI_P002",50
"22650",32755.6340344444,"NRI_P002",100
"22651",-1877.95193890252,"NRI_P002",25
"22652",-1638.42664506048,"NRI_P002",50
"22653",1958.01040810824,"NRI_P002",100
"22654",-1689.69624257297,"NRI_P002",25
"22655",-713.670664316305,"NRI_P002",50
"22656",-2817.63974229177,"NRI_P002",100
"22657",-1753.14481928124,"NRI_P002",25
"22658",67822.8957683419,"NRI_P002",50
"22659",5919.30142341051,"NRI_P002",100
"22660",4181.59074586455,"NRI_P002",25
"22661",-1188.79046642577,"NRI_P002",50
"22662",-4249.53862147077,"NRI_P002",100
"22663",236.048545852129,"NRI_P002",25
"22664",-40.6055306177295,"NRI_P002",50
"22665",4533.91318467399,"NRI_P002",100
"22666",3177.83620761166,"NRI_P002",25
"22667",-237.832824101119,"NRI_P002",50
"22668",40328.9129580086,"NRI_P002",100
"22669",-1056.28624412976,"NRI_P002",25
"22670",7597.4326285524,"NRI_P002",50
"22671",2395.33476439933,"NRI_P002",100
"22672",-949.174391296809,"NRI_P002",25
"22673",-1921.90989515561,"NRI_P002",50
"22674",35240.3315691808,"NRI_P002",100
"22675",1097.31999022272,"NRI_P002",25
"22676",-2640.72490415524,"NRI_P002",50
"22677",8460.53425420626,"NRI_P002",100
"22678",-2880.30140679594,"NRI_P002",25
"22679",1223.13949280276,"NRI_P002",50
"22680",3967.63143051375,"NRI_P002",100
"22681",-3050.48557416664,"NRI_P002",25
"22682",7644.09411241478,"NRI_P002",50
"22683",7875.27563705278,"NRI_P002",100
"22684",-107.29613888287,"NRI_P002",25
"22685",6565.81745221399,"NRI_P002",50
"22686",-1546.92714680426,"NRI_P002",100
"22687",79.2616639812186,"NRI_P002",25
"22688",5508.04437337219,"NRI_P002",50
"22689",2455.28054427452,"NRI_P002",100
"22690",4764.25523335949,"NRI_P002",25
"22691",-1285.85912754346,"NRI_P002",50
"22692",-951.244002642139,"NRI_P002",100
"22693",-490.206223591289,"NRI_P002",25
"22694",2643.45643936496,"NRI_P002",50
"22695",-67.0857124118193,"NRI_P002",100
"22696",5603.21623648307,"NRI_P002",25
"22697",2983.41322387583,"NRI_P002",50
"22698",-3530.13512568755,"NRI_P002",100
"22699",-2567.10218551077,"NRI_P002",25
"22700",-563.214117503201,"NRI_P002",50
"22701",3209.85469696744,"NRI_P002",100
"22702",-1012.52107655248,"NRI_P002",25
"22703",4970.90918516487,"NRI_P002",50
"22704",-684.517201865936,"NRI_P002",100
"22705",3021.14177188798,"NRI_P002",25
"22706",4234.69902696603,"NRI_P002",50
"22707",6805.37660972908,"NRI_P002",100
"22708",1728.9058544641,"NRI_P002",25
"22709",846.509701574163,"NRI_P002",50
"22710",2445.69185323623,"NRI_P002",100
"22711",-1661.17638507148,"NRI_P002",25
"22712",34102.0704447365,"NRI_P002",50
"22713",-3534.19090086329,"NRI_P002",100
"22714",1131.37137729966,"NRI_P002",25
"22715",6311.31599267593,"NRI_P002",50
"22716",1628.20027587656,"NRI_P002",100
"22717",839.513823453686,"NRI_P002",25
"22718",901.58621178774,"NRI_P002",50
"22719",8884.92434376452,"NRI_P002",100
"22720",-301.692435490433,"NRI_P002",25
"22721",2766.62212721244,"NRI_P002",50
"22722",2026.81318627138,"NRI_P002",100
"22723",1898.58848802274,"NRI_P002",25
"22724",5010.78009662419,"NRI_P002",50
"22725",-1719.36113422335,"NRI_P002",100
"22726",-391.491265109915,"NRI_P002",25
"22727",5487.36094363555,"NRI_P002",50
"22728",-3106.06155890276,"NRI_P002",100
"22729",343.875573300174,"NRI_P002",25
"22730",-1874.45451865293,"NRI_P002",50
"22731",-6335.96672425099,"NRI_P002",100
"22732",510.3194015279,"NRI_P002",25
"22733",1636.16656179621,"NRI_P002",50
"22734",-79.1787408929376,"NRI_P002",100
"22735",4303.80294881784,"NRI_P002",25
"22736",-3631.51466721363,"NRI_P002",50
"22737",-46.6138802760106,"NRI_P002",100
"22738",5240.21075777934,"NRI_P002",25
"22739",-1317.9641285612,"NRI_P002",50
"22740",33031.3874637868,"NRI_P002",100
"22741",-1631.13393807822,"NRI_P002",25
"22742",1869.03592426958,"NRI_P002",50
"22743",-1092.60230370841,"NRI_P002",100
"22744",-2217.08709874956,"NRI_P002",25
"22745",1268.27319069931,"NRI_P002",50
"22746",7423.78366678106,"NRI_P002",100
"22747",2039.87980687048,"NRI_P002",25
"22748",1308.43362985182,"NRI_P002",50
"22749",2264.8862167848,"NRI_P002",100
"22750",-607.018899683258,"NRI_P002",25
"22751",4896.46295319565,"NRI_P002",50
"22752",-1041.44261627324,"NRI_P002",100
"22753",-28.8435401843744,"NRI_P002",25
"22754",1131.54379374458,"NRI_P002",50
"22755",8604.47757436932,"NRI_P002",100
"22756",-451.920230731455,"NRI_P002",25
"22757",5377.03016553356,"NRI_P002",50
"22758",-463.063214699738,"NRI_P002",100
"22759",5103.70728568154,"NRI_P002",25
"22760",566.309614619327,"NRI_P002",50
"22761",8148.19967526823,"NRI_P002",100
"22762",266.765768179583,"NRI_P002",25
"22763",-551.475849077397,"NRI_P002",50
"22764",4929.38587301594,"NRI_P002",100
"22765",219.204217921011,"NRI_P002",25
"22766",5532.84438403565,"NRI_P002",50
"22767",4902.16417254889,"NRI_P002",100
"22768",-897.919164770283,"NRI_P002",25
"22769",-1713.99526747401,"NRI_P002",50
"22770",-4083.14102787632,"NRI_P002",100
"22771",-967.550623323448,"NRI_P002",25
"22772",5255.551267537,"NRI_P002",50
"22773",996.530459559464,"NRI_P002",100
"22774",3142.77013400794,"NRI_P002",25
"22775",6231.52502359301,"NRI_P002",50
"22776",-1323.80146078093,"NRI_P002",100
"22777",-34.5355884197343,"NRI_P002",25
"22778",-3453.24783608111,"NRI_P002",50
"22779",2683.47174666572,"NRI_P002",100
"22780",1502.21574814525,"NRI_P002",25
"22781",9426.84612040137,"NRI_P002",50
"22782",9654.46029410887,"NRI_P002",100
"22783",-2520.62324307166,"NRI_P002",25
"22784",7214.69062204234,"NRI_P002",50
"22785",2787.9177124626,"NRI_P002",100
"22786",-3083.34277789219,"NRI_P002",25
"22787",1782.16174217264,"NRI_P002",50
"22788",10471.9217627762,"NRI_P002",100
"22789",1411.77235669579,"NRI_P002",25
"22790",70.9248686564388,"NRI_P002",50
"22791",-2198.10924429219,"NRI_P002",100
"22792",1098.3960307207,"NRI_P002",25
"22793",3345.43184435798,"NRI_P002",50
"22794",958.702627626684,"NRI_P002",100
"22795",2620.80191972936,"NRI_P002",25
"22796",2958.85221486408,"NRI_P002",50
"22797",2498.26446883095,"NRI_P002",100
"22798",-1560.02672366303,"NRI_P002",25
"22799",8273.19398806218,"NRI_P002",50
"22800",4451.66189487703,"NRI_P002",100
"22801",-480.803556013503,"NRI_P003",25
"22802",-3153.01183971256,"NRI_P003",50
"22803",-7622.87304249223,"NRI_P003",100
"22804",-158.770252316317,"NRI_P003",25
"22805",-6089.89220870845,"NRI_P003",50
"22806",-5988.54179875768,"NRI_P003",100
"22807",-4397.04689093994,"NRI_P003",25
"22808",-2262.02233771692,"NRI_P003",50
"22809",921.980748671893,"NRI_P003",100
"22810",-3437.86646546348,"NRI_P003",25
"22811",-911.011117546062,"NRI_P003",50
"22812",-3630.14334189848,"NRI_P003",100
"22813",-727.579764142982,"NRI_P003",25
"22814",1209.49172714449,"NRI_P003",50
"22815",-1815.56429063718,"NRI_P003",100
"22816",546.917981734878,"NRI_P003",25
"22817",-2283.81829893292,"NRI_P003",50
"22818",-6418.23975907778,"NRI_P003",100
"22819",-3634.72020008721,"NRI_P003",25
"22820",-2440.72038862642,"NRI_P003",50
"22821",-4341.63197241313,"NRI_P003",100
"22822",-2106.79786880777,"NRI_P003",25
"22823",2454.64911086368,"NRI_P003",50
"22824",1839.40831939364,"NRI_P003",100
"22825",-361.089511552214,"NRI_P003",25
"22826",7774.97304728464,"NRI_P003",50
"22827",-250.34139357289,"NRI_P003",100
"22828",370.211524763319,"NRI_P003",25
"22829",-2734.72268199135,"NRI_P003",50
"22830",-5016.11850057766,"NRI_P003",100
"22831",-3850.07471537375,"NRI_P003",25
"22832",-4898.25069511009,"NRI_P003",50
"22833",-7829.20177439062,"NRI_P003",100
"22834",-4066.80869128695,"NRI_P003",25
"22835",-3164.02641768617,"NRI_P003",50
"22836",-919.762734187272,"NRI_P003",100
"22837",-3876.9219310639,"NRI_P003",25
"22838",-7035.14175072106,"NRI_P003",50
"22839",-5596.85773732411,"NRI_P003",100
"22840",3647.77815742171,"NRI_P003",25
"22841",-1189.63493574644,"NRI_P003",50
"22842",-898.345890812197,"NRI_P003",100
"22843",-2141.04783434464,"NRI_P003",25
"22844",-5596.89585643489,"NRI_P003",50
"22845",-8024.41005590404,"NRI_P003",100
"22846",-2739.67668505575,"NRI_P003",25
"22847",-2140.0044515522,"NRI_P003",50
"22848",1288.20342202444,"NRI_P003",100
"22849",188.55456413221,"NRI_P003",25
"22850",3070.73616719779,"NRI_P003",50
"22851",-3708.09782426208,"NRI_P003",100
"22852",-2362.79716918987,"NRI_P003",25
"22853",-2264.41009389531,"NRI_P003",50
"22854",-4351.23901181639,"NRI_P003",100
"22855",1224.17940014997,"NRI_P003",25
"22856",-3203.60916687056,"NRI_P003",50
"22857",-7437.96669324031,"NRI_P003",100
"22858",-367.082838155155,"NRI_P003",25
"22859",-1888.8478314344,"NRI_P003",50
"22860",-7391.09364991417,"NRI_P003",100
"22861",-4885.53684477339,"NRI_P003",25
"22862",6208.8651460367,"NRI_P003",50
"22863",2307.13010806192,"NRI_P003",100
"22864",4424.31709345701,"NRI_P003",25
"22865",-3315.79908217629,"NRI_P003",50
"22866",-6706.29349264529,"NRI_P003",100
"22867",-1093.74101147224,"NRI_P003",25
"22868",-4481.64570329513,"NRI_P003",50
"22869",-3532.11037909996,"NRI_P003",100
"22870",125.935748322954,"NRI_P003",25
"22871",1662.46569239497,"NRI_P003",50
"22872",3487.75636391522,"NRI_P003",100
"22873",4299.32983311248,"NRI_P003",25
"22874",-5677.51650029054,"NRI_P003",50
"22875",1495.04647718204,"NRI_P003",100
"22876",1259.96092299983,"NRI_P003",25
"22877",-2634.0414896025,"NRI_P003",50
"22878",-6940.46750032113,"NRI_P003",100
"22879",4464.82916291346,"NRI_P003",25
"22880",-1084.05980590387,"NRI_P003",50
"22881",-2766.58288027701,"NRI_P003",100
"22882",1290.50928184757,"NRI_P003",25
"22883",-99.8279504386592,"NRI_P003",50
"22884",-7909.94974973475,"NRI_P003",100
"22885",-152.558543562889,"NRI_P003",25
"22886",3285.81166966457,"NRI_P003",50
"22887",-6325.68629135384,"NRI_P003",100
"22888",-4528.87676568009,"NRI_P003",25
"22889",-2316.30935772648,"NRI_P003",50
"22890",-4930.64431298987,"NRI_P003",100
"22891",-2188.26400293305,"NRI_P003",25
"22892",-1000.61232324372,"NRI_P003",50
"22893",-5450.08990630679,"NRI_P003",100
"22894",-1336.94083647867,"NRI_P003",25
"22895",-913.374585909391,"NRI_P003",50
"22896",3171.20890735209,"NRI_P003",100
"22897",333.239241603267,"NRI_P003",25
"22898",-7103.05781872116,"NRI_P003",50
"22899",-4294.84750284991,"NRI_P003",100
"22900",4882.86159218653,"NRI_P003",25
"22901",3917.29159336517,"NRI_P003",50
"22902",-1561.21293566728,"NRI_P003",100
"22903",-6440.88892538604,"NRI_P003",25
"22904",3044.3294047977,"NRI_P003",50
"22905",-5887.13923489754,"NRI_P003",100
"22906",-720.385035830637,"NRI_P003",25
"22907",-140.075133737322,"NRI_P003",50
"22908",-4494.99806040977,"NRI_P003",100
"22909",-599.660520241043,"NRI_P003",25
"22910",1060.89034972986,"NRI_P003",50
"22911",-3538.53214912524,"NRI_P003",100
"22912",3518.02483340338,"NRI_P003",25
"22913",-3413.16132854702,"NRI_P003",50
"22914",-8145.69145446093,"NRI_P003",100
"22915",-409.932688761211,"NRI_P003",25
"22916",-7088.96904033513,"NRI_P003",50
"22917",5433.41526595943,"NRI_P003",100
"22918",1052.48213460977,"NRI_P003",25
"22919",2649.54353453335,"NRI_P003",50
"22920",-755.256126261374,"NRI_P003",100
"22921",725.813321799389,"NRI_P003",25
"22922",-2103.37965037348,"NRI_P003",50
"22923",-1366.93226887233,"NRI_P003",100
"22924",-3679.59166906041,"NRI_P003",25
"22925",-794.237873195554,"NRI_P003",50
"22926",-5801.77202691184,"NRI_P003",100
"22927",-1900.95025226695,"NRI_P003",25
"22928",-2812.30466832852,"NRI_P003",50
"22929",1148.59379604412,"NRI_P003",100
"22930",1283.97393814666,"NRI_P003",25
"22931",13.678899700637,"NRI_P003",50
"22932",-5927.46164084072,"NRI_P003",100
"22933",1989.37897608866,"NRI_P003",25
"22934",-2933.4234342355,"NRI_P003",50
"22935",-1984.07976061149,"NRI_P003",100
"22936",-359.471265508066,"NRI_P003",25
"22937",-6984.91399135339,"NRI_P003",50
"22938",-6258.28513296516,"NRI_P003",100
"22939",720.100728914142,"NRI_P003",25
"22940",-2608.91088875075,"NRI_P003",50
"22941",-2664.85291031579,"NRI_P003",100
"22942",-4910.63387962861,"NRI_P003",25
"22943",12.9098992105864,"NRI_P003",50
"22944",-6324.3773894184,"NRI_P003",100
"22945",2018.38564079118,"NRI_P003",25
"22946",-3116.49345762291,"NRI_P003",50
"22947",-6029.25368445506,"NRI_P003",100
"22948",-5414.22980216413,"NRI_P003",25
"22949",-376.348628334905,"NRI_P003",50
"22950",-4048.18499217823,"NRI_P003",100
"22951",2917.28169567688,"NRI_P003",25
"22952",3354.24705830647,"NRI_P003",50
"22953",-2305.48942260398,"NRI_P003",100
"22954",692.900712051283,"NRI_P003",25
"22955",504.216931884468,"NRI_P003",50
"22956",1463.29473792834,"NRI_P003",100
"22957",1046.84299252587,"NRI_P003",25
"22958",788.979532776924,"NRI_P003",50
"22959",-3043.75561929931,"NRI_P003",100
"22960",-2843.72809602579,"NRI_P003",25
"22961",4222.92487948202,"NRI_P003",50
"22962",-2700.59429890176,"NRI_P003",100
"22963",-5930.23633239773,"NRI_P003",25
"22964",-376.5574915162,"NRI_P003",50
"22965",-2374.49113778517,"NRI_P003",100
"22966",-673.059753719979,"NRI_P003",25
"22967",-3677.248558708,"NRI_P003",50
"22968",-3623.40358514283,"NRI_P003",100
"22969",-1047.64961601171,"NRI_P003",25
"22970",-3147.44754653901,"NRI_P003",50
"22971",-620.449005033268,"NRI_P003",100
"22972",-737.216434871225,"NRI_P003",25
"22973",-1441.93085312835,"NRI_P003",50
"22974",-7198.52148740794,"NRI_P003",100
"22975",-595.57733406013,"NRI_P003",25
"22976",-5110.7844181055,"NRI_P003",50
"22977",-4316.10765322772,"NRI_P003",100
"22978",28.4663622071384,"NRI_P003",25
"22979",-1090.5426585174,"NRI_P003",50
"22980",-5071.14853374273,"NRI_P003",100
"22981",2010.87373262897,"NRI_P003",25
"22982",-4022.81139450299,"NRI_P003",50
"22983",8208.58551820993,"NRI_P003",100
"22984",-4050.68702131655,"NRI_P003",25
"22985",-1575.57722620846,"NRI_P003",50
"22986",-4619.60765478056,"NRI_P003",100
"22987",-56.6590619873023,"NRI_P003",25
"22988",517.759420060465,"NRI_P003",50
"22989",-6166.70530118002,"NRI_P003",100
"22990",-774.669580763642,"NRI_P003",25
"22991",-730.457722956606,"NRI_P003",50
"22992",-1179.54599546411,"NRI_P003",100
"22993",-2512.10354277078,"NRI_P003",25
"22994",7876.68456291556,"NRI_P003",50
"22995",-2699.00279185729,"NRI_P003",100
"22996",455.520830466645,"NRI_P003",25
"22997",7958.49613803491,"NRI_P003",50
"22998",-1269.70845295247,"NRI_P003",100
"22999",1868.55013932183,"NRI_P003",25
"23000",-3288.78743115862,"NRI_P003",50
"23001",-4933.00230175539,"NRI_P003",100
"23002",-6065.79188657785,"NRI_P003",25
"23003",8403.08093724897,"NRI_P003",50
"23004",-3760.29911291026,"NRI_P003",100
"23005",2738.9781706534,"NRI_P003",25
"23006",326.769849144941,"NRI_P003",50
"23007",-7544.80003506993,"NRI_P003",100
"23008",3356.47051852677,"NRI_P003",25
"23009",-858.303382132173,"NRI_P003",50
"23010",3216.68145427719,"NRI_P003",100
"23011",-80.4188098456943,"NRI_P003",25
"23012",5317.8162525768,"NRI_P003",50
"23013",-3242.65306452088,"NRI_P003",100
"23014",-1785.7599962604,"NRI_P003",25
"23015",-1626.05713297127,"NRI_P003",50
"23016",-4227.78975897923,"NRI_P003",100
"23017",466.040254794178,"NRI_P003",25
"23018",861.66547504405,"NRI_P003",50
"23019",-1923.18738200061,"NRI_P003",100
"23020",-5885.37276379869,"NRI_P003",25
"23021",-1057.26778528161,"NRI_P003",50
"23022",-2782.91479947174,"NRI_P003",100
"23023",1389.16081354447,"NRI_P003",25
"23024",-3458.78152323526,"NRI_P003",50
"23025",-7404.77037221749,"NRI_P003",100
"23026",1753.11324384576,"NRI_P003",25
"23027",7116.80643585324,"NRI_P003",50
"23028",-5356.15291095819,"NRI_P003",100
"23029",-644.456733303174,"NRI_P003",25
"23030",-3974.79265665275,"NRI_P003",50
"23031",-6508.86337085918,"NRI_P003",100
"23032",-6494.83427196898,"NRI_P003",25
"23033",1479.50799410458,"NRI_P003",50
"23034",296.52097134103,"NRI_P003",100
"23035",-110.001684685558,"NRI_P003",25
"23036",-5645.90799220794,"NRI_P003",50
"23037",-5261.15142987084,"NRI_P003",100
"23038",495.785204595828,"NRI_P003",25
"23039",10120.8230936823,"NRI_P003",50
"23040",-7676.48713957708,"NRI_P003",100
"23041",-253.889388883399,"NRI_P003",25
"23042",-4700.20089565616,"NRI_P003",50
"23043",-7479.45351947189,"NRI_P003",100
"23044",-3974.89487887349,"NRI_P003",25
"23045",-3659.40434783543,"NRI_P003",50
"23046",-4137.42884717064,"NRI_P003",100
"23047",-12.0677908157231,"NRI_P003",25
"23048",2996.91249373576,"NRI_P003",50
"23049",-477.830979893566,"NRI_P003",100
"23050",1564.8860399971,"NRI_P003",25
"23051",2010.75551412656,"NRI_P003",50
"23052",3687.12307951538,"NRI_P003",100
"23053",278.225591601367,"NRI_P003",25
"23054",8134.49094910879,"NRI_P003",50
"23055",-8924.79834462152,"NRI_P003",100
"23056",-4310.84254639925,"NRI_P003",25
"23057",-839.243580006616,"NRI_P003",50
"23058",403.410903599375,"NRI_P003",100
"23059",282.657924274856,"NRI_P003",25
"23060",3319.59333792966,"NRI_P003",50
"23061",-3756.57376210089,"NRI_P003",100
"23062",-4683.05098652586,"NRI_P003",25
"23063",-3952.33715917973,"NRI_P003",50
"23064",2651.01668302593,"NRI_P003",100
"23065",-994.365147789009,"NRI_P003",25
"23066",-43.0097559918941,"NRI_P003",50
"23067",-1746.82069276518,"NRI_P003",100
"23068",-4287.83643042512,"NRI_P003",25
"23069",5784.31856524359,"NRI_P003",50
"23070",-686.264173995703,"NRI_P003",100
"23071",6326.14986279322,"NRI_P003",25
"23072",3865.21833616574,"NRI_P003",50
"23073",-2616.74523099684,"NRI_P003",100
"23074",-3746.56342655668,"NRI_P003",25
"23075",200.843984291161,"NRI_P003",50
"23076",-5225.43279968214,"NRI_P003",100
"23077",352.338480072824,"NRI_P003",25
"23078",-3549.40514821443,"NRI_P003",50
"23079",-3641.76847577689,"NRI_P003",100
"23080",2471.10136486808,"NRI_P003",25
"23081",-4946.60928811546,"NRI_P003",50
"23082",6182.51222524676,"NRI_P003",100
"23083",401.382233381068,"NRI_P003",25
"23084",3080.89033980673,"NRI_P003",50
"23085",-495.768164460955,"NRI_P003",100
"23086",-7172.58976833647,"NRI_P003",25
"23087",2354.97684340292,"NRI_P003",50
"23088",-1284.23678240698,"NRI_P003",100
"23089",941.821168718452,"NRI_P003",25
"23090",2456.31088523663,"NRI_P003",50
"23091",165.671985436464,"NRI_P003",100
"23092",-374.562941675569,"NRI_P003",25
"23093",3861.58637827111,"NRI_P003",50
"23094",-853.705369182338,"NRI_P003",100
"23095",-6856.00774101223,"NRI_P003",25
"23096",2569.42082496258,"NRI_P003",50
"23097",-2678.04375528137,"NRI_P003",100
"23098",-1367.1501133428,"NRI_P003",25
"23099",1382.60777794998,"NRI_P003",50
"23100",-4343.59220261642,"NRI_P003",100
"23101",1480.22202137785,"NRI_P006",25
"23102",3383.37971185028,"NRI_P006",50
"23103",-5634.21642675032,"NRI_P006",100
"23104",1223.83399004742,"NRI_P006",25
"23105",7077.35723610042,"NRI_P006",50
"23106",5198.88695881938,"NRI_P006",100
"23107",-3028.66112917321,"NRI_P006",25
"23108",-2065.16105050896,"NRI_P006",50
"23109",-3231.38233870428,"NRI_P006",100
"23110",-3849.61996094623,"NRI_P006",25
"23111",-5277.55093301967,"NRI_P006",50
"23112",29075.2246608381,"NRI_P006",100
"23113",9144.16010920063,"NRI_P006",25
"23114",3408.44265193111,"NRI_P006",50
"23115",4494.89706562922,"NRI_P006",100
"23116",-1950.25268936701,"NRI_P006",25
"23117",4792.17693176039,"NRI_P006",50
"23118",23588.7734414811,"NRI_P006",100
"23119",622.563985333865,"NRI_P006",25
"23120",1183.62947281773,"NRI_P006",50
"23121",-3229.53489481352,"NRI_P006",100
"23122",426.132186066359,"NRI_P006",25
"23123",-1571.11921561544,"NRI_P006",50
"23124",46443.3355615231,"NRI_P006",100
"23125",-1483.27487702249,"NRI_P006",25
"23126",-1067.47082029932,"NRI_P006",50
"23127",120.889389925549,"NRI_P006",100
"23128",-1753.29314032395,"NRI_P006",25
"23129",-455.929521314043,"NRI_P006",50
"23130",13006.0869579101,"NRI_P006",100
"23131",372.171865005977,"NRI_P006",25
"23132",1515.72071742211,"NRI_P006",50
"23133",6461.09061619872,"NRI_P006",100
"23134",15204.8054938813,"NRI_P006",25
"23135",-150.967278172728,"NRI_P006",50
"23136",8918.0579723487,"NRI_P006",100
"23137",3421.06034529253,"NRI_P006",25
"23138",3514.81062230968,"NRI_P006",50
"23139",6242.08612662196,"NRI_P006",100
"23140",13.9666414690728,"NRI_P006",25
"23141",-659.323832312482,"NRI_P006",50
"23142",-4860.89804640334,"NRI_P006",100
"23143",670.564324271312,"NRI_P006",25
"23144",6255.07206123485,"NRI_P006",50
"23145",6396.69010222735,"NRI_P006",100
"23146",3818.46025763376,"NRI_P006",25
"23147",-4061.00988905426,"NRI_P006",50
"23148",6837.33447626405,"NRI_P006",100
"23149",1955.03486617334,"NRI_P006",25
"23150",1852.67238593203,"NRI_P006",50
"23151",15642.2623204676,"NRI_P006",100
"23152",-1438.69578298109,"NRI_P006",25
"23153",-352.786802516668,"NRI_P006",50
"23154",-3530.67162228862,"NRI_P006",100
"23155",-1422.6105235994,"NRI_P006",25
"23156",1743.95525927134,"NRI_P006",50
"23157",-8791.55535508535,"NRI_P006",100
"23158",2340.25384960888,"NRI_P006",25
"23159",-2920.04508022731,"NRI_P006",50
"23160",-3528.24779946319,"NRI_P006",100
"23161",3390.17669342947,"NRI_P006",25
"23162",5042.40270484058,"NRI_P006",50
"23163",19626.8101522392,"NRI_P006",100
"23164",-3267.91637250106,"NRI_P006",25
"23165",-1903.66750862266,"NRI_P006",50
"23166",2982.93001750618,"NRI_P006",100
"23167",-920.041979306319,"NRI_P006",25
"23168",12544.1632274595,"NRI_P006",50
"23169",9877.77316246965,"NRI_P006",100
"23170",-3419.50155021655,"NRI_P006",25
"23171",10962.1025740626,"NRI_P006",50
"23172",16430.5197221775,"NRI_P006",100
"23173",2424.63690417851,"NRI_P006",25
"23174",-4187.80178120328,"NRI_P006",50
"23175",1784.6007225608,"NRI_P006",100
"23176",-681.915405344655,"NRI_P006",25
"23177",291.797901356913,"NRI_P006",50
"23178",-3968.49671272724,"NRI_P006",100
"23179",-2535.52539244862,"NRI_P006",25
"23180",-3038.59038574409,"NRI_P006",50
"23181",23207.5294943134,"NRI_P006",100
"23182",-1858.31924455348,"NRI_P006",25
"23183",-723.957233468478,"NRI_P006",50
"23184",-654.741273170657,"NRI_P006",100
"23185",370.986701871938,"NRI_P006",25
"23186",3674.63685143003,"NRI_P006",50
"23187",-2006.73085876895,"NRI_P006",100
"23188",-958.784786898847,"NRI_P006",25
"23189",2842.98856259158,"NRI_P006",50
"23190",4635.06784235747,"NRI_P006",100
"23191",2187.32346562512,"NRI_P006",25
"23192",-13.2214532280341,"NRI_P006",50
"23193",1820.67894260769,"NRI_P006",100
"23194",-2801.86546848377,"NRI_P006",25
"23195",1182.57374896284,"NRI_P006",50
"23196",2554.64012884328,"NRI_P006",100
"23197",-912.371234732505,"NRI_P006",25
"23198",-2564.50415016871,"NRI_P006",50
"23199",5547.2554588122,"NRI_P006",100
"23200",-386.28748539745,"NRI_P006",25
"23201",-97.9408447943279,"NRI_P006",50
"23202",10218.7921226537,"NRI_P006",100
"23203",-1057.68139144106,"NRI_P006",25
"23204",-1837.66973850355,"NRI_P006",50
"23205",5572.07130769087,"NRI_P006",100
"23206",-775.525055198232,"NRI_P006",25
"23207",3294.84207950087,"NRI_P006",50
"23208",6753.93956402986,"NRI_P006",100
"23209",-336.875241175701,"NRI_P006",25
"23210",16878.2663324856,"NRI_P006",50
"23211",25352.3137474097,"NRI_P006",100
"23212",5402.30919632735,"NRI_P006",25
"23213",25749.2790713602,"NRI_P006",50
"23214",2357.56866858568,"NRI_P006",100
"23215",-744.64590611984,"NRI_P006",25
"23216",-393.744002922293,"NRI_P006",50
"23217",-3406.12816194899,"NRI_P006",100
"23218",-2249.56925642234,"NRI_P006",25
"23219",4164.76103938682,"NRI_P006",50
"23220",8622.26515323701,"NRI_P006",100
"23221",-3080.88617137301,"NRI_P006",25
"23222",-621.476605375414,"NRI_P006",50
"23223",-5814.72838992797,"NRI_P006",100
"23224",-1447.32522704735,"NRI_P006",25
"23225",10970.5972735843,"NRI_P006",50
"23226",36161.3666534445,"NRI_P006",100
"23227",432.859528901958,"NRI_P006",25
"23228",-3688.95196452056,"NRI_P006",50
"23229",-1847.22366066667,"NRI_P006",100
"23230",-578.860565364623,"NRI_P006",25
"23231",7097.3618261099,"NRI_P006",50
"23232",-4432.07907290338,"NRI_P006",100
"23233",-2576.13781067258,"NRI_P006",25
"23234",528.440107990231,"NRI_P006",50
"23235",-5358.62000494418,"NRI_P006",100
"23236",600.348291406,"NRI_P006",25
"23237",3956.73776996919,"NRI_P006",50
"23238",5719.48577257377,"NRI_P006",100
"23239",-2177.22180020032,"NRI_P006",25
"23240",5879.75525075005,"NRI_P006",50
"23241",13568.0109103999,"NRI_P006",100
"23242",633.501913078682,"NRI_P006",25
"23243",-2238.50653381043,"NRI_P006",50
"23244",27724.0760587755,"NRI_P006",100
"23245",-353.941312503594,"NRI_P006",25
"23246",-3251.96682495216,"NRI_P006",50
"23247",-7313.93711946555,"NRI_P006",100
"23248",5517.59406616029,"NRI_P006",25
"23249",1017.04201610101,"NRI_P006",50
"23250",22567.4273623097,"NRI_P006",100
"23251",-284.485785118275,"NRI_P006",25
"23252",-403.257819241175,"NRI_P006",50
"23253",6187.88628226041,"NRI_P006",100
"23254",4658.4396363516,"NRI_P006",25
"23255",-6574.0984752287,"NRI_P006",50
"23256",-4773.78333428525,"NRI_P006",100
"23257",-3965.60294882758,"NRI_P006",25
"23258",-2189.28780926834,"NRI_P006",50
"23259",-4207.20290089957,"NRI_P006",100
"23260",-1615.52069185374,"NRI_P006",25
"23261",-7270.1609839556,"NRI_P006",50
"23262",-7188.9215438074,"NRI_P006",100
"23263",-74.8906368467724,"NRI_P006",25
"23264",-2400.81455913724,"NRI_P006",50
"23265",-2679.18852024738,"NRI_P006",100
"23266",-50.6956727576035,"NRI_P006",25
"23267",-389.568067857675,"NRI_P006",50
"23268",5921.1982120137,"NRI_P006",100
"23269",598.182393455674,"NRI_P006",25
"23270",7686.11444879766,"NRI_P006",50
"23271",6917.66118950755,"NRI_P006",100
"23272",-874.337565331138,"NRI_P006",25
"23273",990.331182286405,"NRI_P006",50
"23274",-857.189434436936,"NRI_P006",100
"23275",13752.3448270683,"NRI_P006",25
"23276",9497.43967174558,"NRI_P006",50
"23277",1804.2552026615,"NRI_P006",100
"23278",2209.43273190144,"NRI_P006",25
"23279",185.436083703273,"NRI_P006",50
"23280",-1001.8082692069,"NRI_P006",100
"23281",-2228.80119015838,"NRI_P006",25
"23282",2388.27794143342,"NRI_P006",50
"23283",-38.9367074506881,"NRI_P006",100
"23284",1289.6461996453,"NRI_P006",25
"23285",-1825.91866333279,"NRI_P006",50
"23286",2751.09405175145,"NRI_P006",100
"23287",515.287763736764,"NRI_P006",25
"23288",-3845.51547297902,"NRI_P006",50
"23289",-3519.72406572546,"NRI_P006",100
"23290",7024.23979245013,"NRI_P006",25
"23291",-5193.64076008007,"NRI_P006",50
"23292",-3921.99475333892,"NRI_P006",100
"23293",-855.493253738416,"NRI_P006",25
"23294",17555.6877973051,"NRI_P006",50
"23295",-8492.68571983292,"NRI_P006",100
"23296",-83.7545890098263,"NRI_P006",25
"23297",3543.72922622983,"NRI_P006",50
"23298",-1159.54686654717,"NRI_P006",100
"23299",-2798.4406607369,"NRI_P006",25
"23300",-84.0404637712636,"NRI_P006",50
"23301",-1125.42763493292,"NRI_P006",100
"23302",1675.94767439665,"NRI_P006",25
"23303",-3865.65540549569,"NRI_P006",50
"23304",2184.6120676233,"NRI_P006",100
"23305",-2481.42855145491,"NRI_P006",25
"23306",16192.8495185473,"NRI_P006",50
"23307",-3447.24113467216,"NRI_P006",100
"23308",1184.71138543062,"NRI_P006",25
"23309",-3043.86914128988,"NRI_P006",50
"23310",7505.710720214,"NRI_P006",100
"23311",2352.25264134887,"NRI_P006",25
"23312",-4815.84549821934,"NRI_P006",50
"23313",8053.56270271918,"NRI_P006",100
"23314",-2897.45966489366,"NRI_P006",25
"23315",-5043.67957903203,"NRI_P006",50
"23316",12810.349860649,"NRI_P006",100
"23317",2537.98504240389,"NRI_P006",25
"23318",759.775348846451,"NRI_P006",50
"23319",15419.5809330335,"NRI_P006",100
"23320",-3356.54649026011,"NRI_P006",25
"23321",-3629.64535086544,"NRI_P006",50
"23322",-1827.72957530461,"NRI_P006",100
"23323",4183.74433486396,"NRI_P006",25
"23324",-2800.68465652043,"NRI_P006",50
"23325",20385.8982116556,"NRI_P006",100
"23326",1966.06285327725,"NRI_P006",25
"23327",-2078.93263073207,"NRI_P006",50
"23328",3762.95876600401,"NRI_P006",100
"23329",-1496.21960702186,"NRI_P006",25
"23330",27016.431873894,"NRI_P006",50
"23331",12852.3841474237,"NRI_P006",100
"23332",-2087.70300798712,"NRI_P006",25
"23333",479.89902696872,"NRI_P006",50
"23334",3740.29297696298,"NRI_P006",100
"23335",-1363.55368226577,"NRI_P006",25
"23336",-241.04835150289,"NRI_P006",50
"23337",-2733.55385705465,"NRI_P006",100
"23338",10872.4133036854,"NRI_P006",25
"23339",-5897.73865492834,"NRI_P006",50
"23340",20976.0840384618,"NRI_P006",100
"23341",2150.44020087385,"NRI_P006",25
"23342",-450.663376039389,"NRI_P006",50
"23343",-4224.93185641995,"NRI_P006",100
"23344",-3859.50397204631,"NRI_P006",25
"23345",-421.938921043533,"NRI_P006",50
"23346",-8892.077030716,"NRI_P006",100
"23347",1392.02151336003,"NRI_P006",25
"23348",-5535.87371271764,"NRI_P006",50
"23349",-5111.21590101809,"NRI_P006",100
"23350",-2849.38666426938,"NRI_P006",25
"23351",4468.28404578607,"NRI_P006",50
"23352",-3150.79645431924,"NRI_P006",100
"23353",1593.39570319117,"NRI_P006",25
"23354",-1710.25196662464,"NRI_P006",50
"23355",332.712347223976,"NRI_P006",100
"23356",-3449.55136117339,"NRI_P006",25
"23357",-6467.65347912273,"NRI_P006",50
"23358",-3380.0046435465,"NRI_P006",100
"23359",852.286079553101,"NRI_P006",25
"23360",4292.19945967084,"NRI_P006",50
"23361",-965.75779902123,"NRI_P006",100
"23362",327.547180286201,"NRI_P006",25
"23363",9833.53343667387,"NRI_P006",50
"23364",3986.22751849986,"NRI_P006",100
"23365",-1109.72391237857,"NRI_P006",25
"23366",-6924.2506030855,"NRI_P006",50
"23367",-5025.64657863404,"NRI_P006",100
"23368",-879.387497250631,"NRI_P006",25
"23369",-896.995680271008,"NRI_P006",50
"23370",12210.7609825713,"NRI_P006",100
"23371",7437.44267968269,"NRI_P006",25
"23372",-1663.50291026614,"NRI_P006",50
"23373",-1786.91085314634,"NRI_P006",100
"23374",-1487.87664402215,"NRI_P006",25
"23375",-1818.51637746822,"NRI_P006",50
"23376",3456.64962498887,"NRI_P006",100
"23377",-390.834772454633,"NRI_P006",25
"23378",-749.831940680888,"NRI_P006",50
"23379",17552.7336789284,"NRI_P006",100
"23380",343.608277074643,"NRI_P006",25
"23381",-2685.3822974698,"NRI_P006",50
"23382",-6469.51903953432,"NRI_P006",100
"23383",8170.81720626529,"NRI_P006",25
"23384",862.59539982563,"NRI_P006",50
"23385",1643.48408751204,"NRI_P006",100
"23386",-3588.25383939329,"NRI_P006",25
"23387",6693.85731139351,"NRI_P006",50
"23388",6132.14456063267,"NRI_P006",100
"23389",-982.926117522933,"NRI_P006",25
"23390",-4612.94731564782,"NRI_P006",50
"23391",-2116.21286033437,"NRI_P006",100
"23392",2021.23785557592,"NRI_P006",25
"23393",-2703.75125824841,"NRI_P006",50
"23394",12987.3875104412,"NRI_P006",100
"23395",641.922936617251,"NRI_P006",25
"23396",-331.699737626681,"NRI_P006",50
"23397",11089.0897202525,"NRI_P006",100
"23398",2928.77680401027,"NRI_P006",25
"23399",-1069.36776259512,"NRI_P006",50
"23400",-3477.9318517393,"NRI_P006",100
"23401",-3819.62996275589,"NRI_P008",25
"23402",4272.04057854816,"NRI_P008",50
"23403",-7620.39466279524,"NRI_P008",100
"23404",-687.553705771221,"NRI_P008",25
"23405",1990.15121823223,"NRI_P008",50
"23406",-4452.4952065468,"NRI_P008",100
"23407",3661.60252673744,"NRI_P008",25
"23408",-4215.7132924975,"NRI_P008",50
"23409",7545.42916256061,"NRI_P008",100
"23410",-1458.15201619203,"NRI_P008",25
"23411",48178.2008507597,"NRI_P008",50
"23412",1127.22618686716,"NRI_P008",100
"23413",56.6487684382009,"NRI_P008",25
"23414",1046.86656960618,"NRI_P008",50
"23415",38635.8863747114,"NRI_P008",100
"23416",27.0745367317577,"NRI_P008",25
"23417",-5626.61218864477,"NRI_P008",50
"23418",-2097.05066137307,"NRI_P008",100
"23419",647.56245203584,"NRI_P008",25
"23420",-1020.52212476457,"NRI_P008",50
"23421",-5198.5601658292,"NRI_P008",100
"23422",3171.59761125664,"NRI_P008",25
"23423",6310.32163345208,"NRI_P008",50
"23424",1358.39640063792,"NRI_P008",100
"23425",-243.892372689501,"NRI_P008",25
"23426",-2102.05176924611,"NRI_P008",50
"23427",-3391.63153623499,"NRI_P008",100
"23428",3370.21326860966,"NRI_P008",25
"23429",-3313.26479511237,"NRI_P008",50
"23430",-5004.4090112769,"NRI_P008",100
"23431",45318.5562747762,"NRI_P008",25
"23432",-2961.33888121945,"NRI_P008",50
"23433",-5163.63478640956,"NRI_P008",100
"23434",-1644.89489053423,"NRI_P008",25
"23435",-5151.01601022697,"NRI_P008",50
"23436",-5173.1957620391,"NRI_P008",100
"23437",493.965638544236,"NRI_P008",25
"23438",43362.158267604,"NRI_P008",50
"23439",1340.96759305563,"NRI_P008",100
"23440",1112.69031553698,"NRI_P008",25
"23441",-1637.6555632588,"NRI_P008",50
"23442",2342.57912519248,"NRI_P008",100
"23443",-1009.74533539452,"NRI_P008",25
"23444",-6692.92322835745,"NRI_P008",50
"23445",-2797.05555082922,"NRI_P008",100
"23446",-3690.67410900461,"NRI_P008",25
"23447",-1778.33447379037,"NRI_P008",50
"23448",1599.43854157091,"NRI_P008",100
"23449",-1465.54980214202,"NRI_P008",25
"23450",-2242.40046738752,"NRI_P008",50
"23451",3296.1340155158,"NRI_P008",100
"23452",-2095.50256236625,"NRI_P008",25
"23453",5559.8708293442,"NRI_P008",50
"23454",-5420.15752746304,"NRI_P008",100
"23455",-1889.64479874639,"NRI_P008",25
"23456",-3320.81989370083,"NRI_P008",50
"23457",-3858.89377119712,"NRI_P008",100
"23458",-1844.15412096283,"NRI_P008",25
"23459",5786.42712773645,"NRI_P008",50
"23460",2894.79724446224,"NRI_P008",100
"23461",-6296.45248286211,"NRI_P008",25
"23462",3186.75167854631,"NRI_P008",50
"23463",-1805.12910480681,"NRI_P008",100
"23464",-389.519076507597,"NRI_P008",25
"23465",-4268.92585212999,"NRI_P008",50
"23466",-3146.49895426014,"NRI_P008",100
"23467",1758.64174897771,"NRI_P008",25
"23468",-207.498473644839,"NRI_P008",50
"23469",82.0661857213709,"NRI_P008",100
"23470",4721.08959820482,"NRI_P008",25
"23471",-3996.68752799503,"NRI_P008",50
"23472",12117.2144396963,"NRI_P008",100
"23473",5191.74553484243,"NRI_P008",25
"23474",-5729.54317038466,"NRI_P008",50
"23475",10014.5248977757,"NRI_P008",100
"23476",1764.3421788463,"NRI_P008",25
"23477",-3337.83125389752,"NRI_P008",50
"23478",-2880.88215812197,"NRI_P008",100
"23479",-3282.17863875139,"NRI_P008",25
"23480",1855.62216496764,"NRI_P008",50
"23481",168.39502132975,"NRI_P008",100
"23482",-3388.32086815272,"NRI_P008",25
"23483",3713.28459124814,"NRI_P008",50
"23484",-7329.04209778301,"NRI_P008",100
"23485",2273.35851494363,"NRI_P008",25
"23486",-6505.53406091948,"NRI_P008",50
"23487",9474.23660476814,"NRI_P008",100
"23488",-1060.79710840271,"NRI_P008",25
"23489",3686.77635089104,"NRI_P008",50
"23490",42545.8603022426,"NRI_P008",100
"23491",98.7207383563509,"NRI_P008",25
"23492",263.967749009666,"NRI_P008",50
"23493",402.471615294751,"NRI_P008",100
"23494",5249.9110854257,"NRI_P008",25
"23495",2947.75026818161,"NRI_P008",50
"23496",39184.6950916661,"NRI_P008",100
"23497",-635.818859593244,"NRI_P008",25
"23498",-3867.24617523793,"NRI_P008",50
"23499",-6338.67697423644,"NRI_P008",100
"23500",-1886.61308594275,"NRI_P008",25
"23501",-1076.39255753421,"NRI_P008",50
"23502",2809.76421612967,"NRI_P008",100
"23503",-3936.07286505093,"NRI_P008",25
"23504",-2417.74606622342,"NRI_P008",50
"23505",1307.89719333861,"NRI_P008",100
"23506",-497.501383268973,"NRI_P008",25
"23507",-5332.51364673965,"NRI_P008",50
"23508",312.847314183135,"NRI_P008",100
"23509",38475.1109978623,"NRI_P008",25
"23510",3632.50993700878,"NRI_P008",50
"23511",1778.74583423702,"NRI_P008",100
"23512",5418.09790586488,"NRI_P008",25
"23513",765.617807825794,"NRI_P008",50
"23514",-5591.08024114475,"NRI_P008",100
"23515",-1970.41266471415,"NRI_P008",25
"23516",1000.81435606675,"NRI_P008",50
"23517",-6848.93850118731,"NRI_P008",100
"23518",3568.72117442096,"NRI_P008",25
"23519",-4008.16823292052,"NRI_P008",50
"23520",-4283.41062894254,"NRI_P008",100
"23521",-163.276152279752,"NRI_P008",25
"23522",767.885747078923,"NRI_P008",50
"23523",4965.22798075021,"NRI_P008",100
"23524",-285.452648877341,"NRI_P008",25
"23525",-3356.56429727969,"NRI_P008",50
"23526",-846.905076699739,"NRI_P008",100
"23527",-4286.67295732314,"NRI_P008",25
"23528",-166.225373618305,"NRI_P008",50
"23529",39629.0180682525,"NRI_P008",100
"23530",-4141.5554558115,"NRI_P008",25
"23531",-4392.49261835025,"NRI_P008",50
"23532",-1233.09540322411,"NRI_P008",100
"23533",5679.9532855397,"NRI_P008",25
"23534",1778.46893289342,"NRI_P008",50
"23535",3038.02102707484,"NRI_P008",100
"23536",-1386.79230351071,"NRI_P008",25
"23537",-795.962261450826,"NRI_P008",50
"23538",-2671.87309599412,"NRI_P008",100
"23539",-3252.3924924779,"NRI_P008",25
"23540",-2646.67354858114,"NRI_P008",50
"23541",444.858606849157,"NRI_P008",100
"23542",4354.00728512084,"NRI_P008",25
"23543",8528.80715845531,"NRI_P008",50
"23544",-1800.64379045833,"NRI_P008",100
"23545",3290.59255572967,"NRI_P008",25
"23546",-8234.82868318673,"NRI_P008",50
"23547",-1626.16499374533,"NRI_P008",100
"23548",-2220.71847043268,"NRI_P008",25
"23549",-3786.77211599413,"NRI_P008",50
"23550",11868.3560883941,"NRI_P008",100
"23551",-120.61224009085,"NRI_P008",25
"23552",-3907.4013162764,"NRI_P008",50
"23553",2911.20363971731,"NRI_P008",100
"23554",-2105.88566723745,"NRI_P008",25
"23555",-236.552781696082,"NRI_P008",50
"23556",36537.1476239828,"NRI_P008",100
"23557",737.722265590972,"NRI_P008",25
"23558",-6626.33458707959,"NRI_P008",50
"23559",-6673.27655812976,"NRI_P008",100
"23560",235.507381978678,"NRI_P008",25
"23561",-1067.04833333893,"NRI_P008",50
"23562",-1991.14759466943,"NRI_P008",100
"23563",-2206.31869294343,"NRI_P008",25
"23564",-1368.30688364076,"NRI_P008",50
"23565",-914.41317261412,"NRI_P008",100
"23566",-2245.07354311331,"NRI_P008",25
"23567",-2312.89999304316,"NRI_P008",50
"23568",-1953.28138885094,"NRI_P008",100
"23569",2122.52591150237,"NRI_P008",25
"23570",-5482.08591809293,"NRI_P008",50
"23571",-5478.76714506559,"NRI_P008",100
"23572",-356.567626201082,"NRI_P008",25
"23573",-5323.679358044,"NRI_P008",50
"23574",41135.8468806861,"NRI_P008",100
"23575",-594.70823134901,"NRI_P008",25
"23576",-3499.2904680174,"NRI_P008",50
"23577",43927.6920944174,"NRI_P008",100
"23578",1573.4215849149,"NRI_P008",25
"23579",-2511.8507263512,"NRI_P008",50
"23580",-136.72938733449,"NRI_P008",100
"23581",-6008.84919809795,"NRI_P008",25
"23582",-1188.37173065328,"NRI_P008",50
"23583",-5686.1936672036,"NRI_P008",100
"23584",5231.49875387445,"NRI_P008",25
"23585",40679.0072021374,"NRI_P008",50
"23586",-3901.58056237845,"NRI_P008",100
"23587",-1818.06110233575,"NRI_P008",25
"23588",-2184.17422029906,"NRI_P008",50
"23589",637.945048690948,"NRI_P008",100
"23590",-819.567294625624,"NRI_P008",25
"23591",8039.45086595794,"NRI_P008",50
"23592",-1853.54504954506,"NRI_P008",100
"23593",-2094.63838822691,"NRI_P008",25
"23594",-6094.28356523206,"NRI_P008",50
"23595",45932.599853092,"NRI_P008",100
"23596",354.352083474689,"NRI_P008",25
"23597",-5817.76755642274,"NRI_P008",50
"23598",-4857.37207839818,"NRI_P008",100
"23599",1916.63249708374,"NRI_P008",25
"23600",-4445.12708389881,"NRI_P008",50
"23601",550.195772868406,"NRI_P008",100
"23602",-3113.78172809136,"NRI_P008",25
"23603",329.961128616764,"NRI_P008",50
"23604",-5905.84712198691,"NRI_P008",100
"23605",661.511389267456,"NRI_P008",25
"23606",-1101.38976847311,"NRI_P008",50
"23607",-5576.431369233,"NRI_P008",100
"23608",642.296308860066,"NRI_P008",25
"23609",-2342.15853440861,"NRI_P008",50
"23610",2959.85606908693,"NRI_P008",100
"23611",-2506.46567658515,"NRI_P008",25
"23612",8768.49395333236,"NRI_P008",50
"23613",-7503.51577385858,"NRI_P008",100
"23614",2796.92324840865,"NRI_P008",25
"23615",4000.34589233162,"NRI_P008",50
"23616",-3026.34244455304,"NRI_P008",100
"23617",-5657.05073642835,"NRI_P008",25
"23618",2603.43127490632,"NRI_P008",50
"23619",-1198.04177849903,"NRI_P008",100
"23620",-1833.00424026011,"NRI_P008",25
"23621",6579.00210550817,"NRI_P008",50
"23622",507.697110791982,"NRI_P008",100
"23623",-3829.58409480948,"NRI_P008",25
"23624",2030.68853269459,"NRI_P008",50
"23625",-3390.13661159336,"NRI_P008",100
"23626",-2745.97055928444,"NRI_P008",25
"23627",411.697016194055,"NRI_P008",50
"23628",-5933.77814851538,"NRI_P008",100
"23629",-6096.91294060234,"NRI_P008",25
"23630",-972.459374986938,"NRI_P008",50
"23631",-268.162384195253,"NRI_P008",100
"23632",-2186.5458141882,"NRI_P008",25
"23633",198.213372072496,"NRI_P008",50
"23634",-729.774983930343,"NRI_P008",100
"23635",-1445.40810590278,"NRI_P008",25
"23636",41172.0061819686,"NRI_P008",50
"23637",5288.32335002435,"NRI_P008",100
"23638",1267.71791468456,"NRI_P008",25
"23639",791.826905652997,"NRI_P008",50
"23640",-5843.36476194416,"NRI_P008",100
"23641",-838.220494032314,"NRI_P008",25
"23642",44276.3040386032,"NRI_P008",50
"23643",1238.86838616797,"NRI_P008",100
"23644",8190.44052765233,"NRI_P008",25
"23645",3815.40567144321,"NRI_P008",50
"23646",-6172.81234225258,"NRI_P008",100
"23647",7660.52620326041,"NRI_P008",25
"23648",-131.325952250685,"NRI_P008",50
"23649",-6102.32200918358,"NRI_P008",100
"23650",-2900.46393988928,"NRI_P008",25
"23651",-4998.7986404227,"NRI_P008",50
"23652",-2146.7915424839,"NRI_P008",100
"23653",170.27644064842,"NRI_P008",25
"23654",-3399.31999835715,"NRI_P008",50
"23655",2392.09802032722,"NRI_P008",100
"23656",1813.69678765087,"NRI_P008",25
"23657",844.230586197169,"NRI_P008",50
"23658",-10894.6120221778,"NRI_P008",100
"23659",122.012400749663,"NRI_P008",25
"23660",-2894.57829640369,"NRI_P008",50
"23661",-1007.90191553091,"NRI_P008",100
"23662",-2521.14722426079,"NRI_P008",25
"23663",5987.64140543173,"NRI_P008",50
"23664",7277.75497695268,"NRI_P008",100
"23665",-535.254117549397,"NRI_P008",25
"23666",5484.78332551866,"NRI_P008",50
"23667",40331.176395375,"NRI_P008",100
"23668",1370.34218238457,"NRI_P008",25
"23669",-807.934794739005,"NRI_P008",50
"23670",-1094.79774003039,"NRI_P008",100
"23671",-443.928955224808,"NRI_P008",25
"23672",-4265.74577382888,"NRI_P008",50
"23673",3253.07642375119,"NRI_P008",100
"23674",-7311.70139850362,"NRI_P008",25
"23675",-5292.27848527592,"NRI_P008",50
"23676",1437.71431675111,"NRI_P008",100
"23677",-1051.38462242548,"NRI_P008",25
"23678",6491.63732284011,"NRI_P008",50
"23679",-6371.20333015989,"NRI_P008",100
"23680",1754.99184014939,"NRI_P008",25
"23681",-3283.27754678216,"NRI_P008",50
"23682",6080.26166252379,"NRI_P008",100
"23683",-3729.50554129784,"NRI_P008",25
"23684",-5623.00556919957,"NRI_P008",50
"23685",13273.5907823843,"NRI_P008",100
"23686",-5791.72273127793,"NRI_P008",25
"23687",4893.11340880499,"NRI_P008",50
"23688",1396.31236764399,"NRI_P008",100
"23689",2561.06505412137,"NRI_P008",25
"23690",-4429.80467367917,"NRI_P008",50
"23691",-2619.52165421657,"NRI_P008",100
"23692",1549.13404181803,"NRI_P008",25
"23693",-4318.05197335588,"NRI_P008",50
"23694",-3225.27607005351,"NRI_P008",100
"23695",-171.523174471105,"NRI_P008",25
"23696",-644.319078489323,"NRI_P008",50
"23697",1000.06343912682,"NRI_P008",100
"23698",41878.8082304124,"NRI_P008",25
"23699",-2808.54011837504,"NRI_P008",50
"23700",4015.300060187,"NRI_P008",100
"23701",3346.31358295778,"NRI_P010",25
"23702",6924.28880392789,"NRI_P010",50
"23703",-663.866575990804,"NRI_P010",100
"23704",3589.00691389502,"NRI_P010",25
"23705",8887.41410764959,"NRI_P010",50
"23706",5510.01768290019,"NRI_P010",100
"23707",1485.34063994978,"NRI_P010",25
"23708",8281.77845676464,"NRI_P010",50
"23709",43411.654623589,"NRI_P010",100
"23710",1860.36427696556,"NRI_P010",25
"23711",3975.07876975916,"NRI_P010",50
"23712",1844.10418019869,"NRI_P010",100
"23713",7986.49672017427,"NRI_P010",25
"23714",-4675.8742145751,"NRI_P010",50
"23715",241.342956971086,"NRI_P010",100
"23716",1659.06880104274,"NRI_P010",25
"23717",3540.27068936662,"NRI_P010",50
"23718",26224.6482812141,"NRI_P010",100
"23719",21926.9573943243,"NRI_P010",25
"23720",4160.07561235124,"NRI_P010",50
"23721",7475.06479832437,"NRI_P010",100
"23722",13522.6994182869,"NRI_P010",25
"23723",-674.715883475496,"NRI_P010",50
"23724",18196.5674012887,"NRI_P010",100
"23725",-785.853347310564,"NRI_P010",25
"23726",-364.08401623572,"NRI_P010",50
"23727",11441.2278607521,"NRI_P010",100
"23728",10064.1983108845,"NRI_P010",25
"23729",20342.264873489,"NRI_P010",50
"23730",9997.15609003045,"NRI_P010",100
"23731",9373.38550440327,"NRI_P010",25
"23732",1021.0172924943,"NRI_P010",50
"23733",12614.9709106731,"NRI_P010",100
"23734",7230.79127219954,"NRI_P010",25
"23735",715.374712899385,"NRI_P010",50
"23736",13011.0070319613,"NRI_P010",100
"23737",13442.0442522821,"NRI_P010",25
"23738",7998.08483950415,"NRI_P010",50
"23739",21964.5001417332,"NRI_P010",100
"23740",8150.80827146868,"NRI_P010",25
"23741",4007.32201236789,"NRI_P010",50
"23742",30779.9992429531,"NRI_P010",100
"23743",-9357.56659162953,"NRI_P010",25
"23744",-4162.39592046698,"NRI_P010",50
"23745",25084.4499986169,"NRI_P010",100
"23746",10909.435616868,"NRI_P010",25
"23747",-2581.52841974876,"NRI_P010",50
"23748",61215.0619983005,"NRI_P010",100
"23749",-2376.38944451755,"NRI_P010",25
"23750",1309.75750776444,"NRI_P010",50
"23751",24183.4076584183,"NRI_P010",100
"23752",1496.26184271433,"NRI_P010",25
"23753",4902.80710526556,"NRI_P010",50
"23754",5343.58158786461,"NRI_P010",100
"23755",-3014.85813451238,"NRI_P010",25
"23756",30260.1686143904,"NRI_P010",50
"23757",25890.1422200527,"NRI_P010",100
"23758",16516.2671018636,"NRI_P010",25
"23759",11386.5662812169,"NRI_P010",50
"23760",6478.07913435216,"NRI_P010",100
"23761",11854.6898198604,"NRI_P010",25
"23762",17605.7133213741,"NRI_P010",50
"23763",13368.3633480296,"NRI_P010",100
"23764",-1622.78458044183,"NRI_P010",25
"23765",185.699963202002,"NRI_P010",50
"23766",5518.10670168669,"NRI_P010",100
"23767",-5839.7808465602,"NRI_P010",25
"23768",14599.5374237867,"NRI_P010",50
"23769",17422.6064284143,"NRI_P010",100
"23770",1436.7582017004,"NRI_P010",25
"23771",-5911.27050242596,"NRI_P010",50
"23772",26489.1353422618,"NRI_P010",100
"23773",20680.4199367242,"NRI_P010",25
"23774",1873.09258465644,"NRI_P010",50
"23775",1407.79043616354,"NRI_P010",100
"23776",6634.32829694444,"NRI_P010",25
"23777",1513.03435871872,"NRI_P010",50
"23778",-4238.8408472804,"NRI_P010",100
"23779",2079.63250039995,"NRI_P010",25
"23780",6845.4702617554,"NRI_P010",50
"23781",40007.9617749776,"NRI_P010",100
"23782",23834.6816907775,"NRI_P010",25
"23783",11428.5275021125,"NRI_P010",50
"23784",17920.5533101416,"NRI_P010",100
"23785",791.335219429689,"NRI_P010",25
"23786",8071.82698730117,"NRI_P010",50
"23787",10796.0076623771,"NRI_P010",100
"23788",2287.77376645029,"NRI_P010",25
"23789",9776.29025892512,"NRI_P010",50
"23790",-5658.42457553156,"NRI_P010",100
"23791",2760.95765099913,"NRI_P010",25
"23792",14954.5911485379,"NRI_P010",50
"23793",9920.50499396573,"NRI_P010",100
"23794",-2777.15730433108,"NRI_P010",25
"23795",-358.368686945701,"NRI_P010",50
"23796",3506.24647063593,"NRI_P010",100
"23797",11529.0684243525,"NRI_P010",25
"23798",3991.59233500116,"NRI_P010",50
"23799",-3790.1502974641,"NRI_P010",100
"23800",946.264100830595,"NRI_P010",25
"23801",5945.00677832786,"NRI_P010",50
"23802",4052.92606097623,"NRI_P010",100
"23803",1033.34928296681,"NRI_P010",25
"23804",15896.5722270927,"NRI_P010",50
"23805",47118.0167422377,"NRI_P010",100
"23806",752.184245487209,"NRI_P010",25
"23807",5220.09421183739,"NRI_P010",50
"23808",34525.1337243714,"NRI_P010",100
"23809",11351.5762063672,"NRI_P010",25
"23810",698.393203110725,"NRI_P010",50
"23811",-4589.74727803085,"NRI_P010",100
"23812",22070.8294466009,"NRI_P010",25
"23813",23784.9085363448,"NRI_P010",50
"23814",45484.6510177605,"NRI_P010",100
"23815",-472.799598113284,"NRI_P010",25
"23816",27078.8223013591,"NRI_P010",50
"23817",11697.9550010402,"NRI_P010",100
"23818",-6827.49123169255,"NRI_P010",25
"23819",4758.93682653439,"NRI_P010",50
"23820",13357.9271374028,"NRI_P010",100
"23821",1827.63482046785,"NRI_P010",25
"23822",13902.3469758204,"NRI_P010",50
"23823",12351.7151602714,"NRI_P010",100
"23824",15412.7381502898,"NRI_P010",25
"23825",7636.34396246885,"NRI_P010",50
"23826",36024.0779116336,"NRI_P010",100
"23827",15657.2489359867,"NRI_P010",25
"23828",18524.2577296335,"NRI_P010",50
"23829",6685.48885150137,"NRI_P010",100
"23830",-7532.62254756287,"NRI_P010",25
"23831",8231.76824904856,"NRI_P010",50
"23832",32473.9160813263,"NRI_P010",100
"23833",7648.24378015666,"NRI_P010",25
"23834",2076.66216570901,"NRI_P010",50
"23835",21691.5377875554,"NRI_P010",100
"23836",1905.61978104973,"NRI_P010",25
"23837",12437.4184690389,"NRI_P010",50
"23838",24548.9054426086,"NRI_P010",100
"23839",-881.632661996991,"NRI_P010",25
"23840",4611.16067528992,"NRI_P010",50
"23841",3350.94784810906,"NRI_P010",100
"23842",-4876.45654065284,"NRI_P010",25
"23843",24790.3173389108,"NRI_P010",50
"23844",-3744.5889563894,"NRI_P010",100
"23845",9545.52568842971,"NRI_P010",25
"23846",-1764.66953912016,"NRI_P010",50
"23847",22913.5876504207,"NRI_P010",100
"23848",-1336.067269027,"NRI_P010",25
"23849",-6007.96935212484,"NRI_P010",50
"23850",17563.9589495218,"NRI_P010",100
"23851",496.477734511485,"NRI_P010",25
"23852",21583.1420517238,"NRI_P010",50
"23853",6590.54861746711,"NRI_P010",100
"23854",-4687.8956218558,"NRI_P010",25
"23855",25183.6083549096,"NRI_P010",50
"23856",26513.6579371192,"NRI_P010",100
"23857",9014.56829705409,"NRI_P010",25
"23858",7502.98863949318,"NRI_P010",50
"23859",18042.2534984517,"NRI_P010",100
"23860",-771.40862438886,"NRI_P010",25
"23861",12730.7454818475,"NRI_P010",50
"23862",24299.5020544321,"NRI_P010",100
"23863",-533.374396670668,"NRI_P010",25
"23864",14195.146755982,"NRI_P010",50
"23865",22085.4472945656,"NRI_P010",100
"23866",-2375.25939804013,"NRI_P010",25
"23867",12507.3306818146,"NRI_P010",50
"23868",-904.919805902056,"NRI_P010",100
"23869",5899.91382171819,"NRI_P010",25
"23870",-2464.55635377538,"NRI_P010",50
"23871",15585.1022907809,"NRI_P010",100
"23872",-5809.40747759864,"NRI_P010",25
"23873",7927.35581579397,"NRI_P010",50
"23874",14043.0621414417,"NRI_P010",100
"23875",2581.90243521641,"NRI_P010",25
"23876",3988.45137183362,"NRI_P010",50
"23877",44306.7672369948,"NRI_P010",100
"23878",6008.18874599587,"NRI_P010",25
"23879",12394.7101362834,"NRI_P010",50
"23880",19750.2005714204,"NRI_P010",100
"23881",8707.69582773035,"NRI_P010",25
"23882",15449.2365669339,"NRI_P010",50
"23883",5706.95417045284,"NRI_P010",100
"23884",-1906.37431814033,"NRI_P010",25
"23885",-6727.22477313172,"NRI_P010",50
"23886",31604.2896354626,"NRI_P010",100
"23887",-1050.26951826998,"NRI_P010",25
"23888",10924.6237974776,"NRI_P010",50
"23889",4643.48969701532,"NRI_P010",100
"23890",6311.05746739503,"NRI_P010",25
"23891",10892.4967128838,"NRI_P010",50
"23892",12419.003333897,"NRI_P010",100
"23893",180.232184141991,"NRI_P010",25
"23894",8772.02892009169,"NRI_P010",50
"23895",45372.773454817,"NRI_P010",100
"23896",-2077.14453018602,"NRI_P010",25
"23897",6266.46099037444,"NRI_P010",50
"23898",35514.5348049031,"NRI_P010",100
"23899",23113.9374083507,"NRI_P010",25
"23900",-1614.90409866598,"NRI_P010",50
"23901",7220.9997612767,"NRI_P010",100
"23902",6900.65779023001,"NRI_P010",25
"23903",7709.18142909638,"NRI_P010",50
"23904",43398.7912952422,"NRI_P010",100
"23905",8699.93466613773,"NRI_P010",25
"23906",2121.74648184754,"NRI_P010",50
"23907",12085.0441684314,"NRI_P010",100
"23908",1337.60125297605,"NRI_P010",25
"23909",9510.41609482659,"NRI_P010",50
"23910",9854.40719217883,"NRI_P010",100
"23911",-6899.73659472028,"NRI_P010",25
"23912",18800.030308687,"NRI_P010",50
"23913",26249.2495338244,"NRI_P010",100
"23914",1581.05218727881,"NRI_P010",25
"23915",4875.8928829669,"NRI_P010",50
"23916",5343.03037618881,"NRI_P010",100
"23917",1117.11593360524,"NRI_P010",25
"23918",4536.80920030212,"NRI_P010",50
"23919",-1416.62055661436,"NRI_P010",100
"23920",3198.40308875084,"NRI_P010",25
"23921",31586.0238326006,"NRI_P010",50
"23922",47847.9885691616,"NRI_P010",100
"23923",1973.19469221123,"NRI_P010",25
"23924",5978.22576027294,"NRI_P010",50
"23925",40817.5571080982,"NRI_P010",100
"23926",1898.38679870666,"NRI_P010",25
"23927",-1872.1901343877,"NRI_P010",50
"23928",11042.5210307341,"NRI_P010",100
"23929",6200.49935077253,"NRI_P010",25
"23930",-8707.39561424451,"NRI_P010",50
"23931",8848.36042609002,"NRI_P010",100
"23932",11771.2174069413,"NRI_P010",25
"23933",28485.0445498637,"NRI_P010",50
"23934",3834.09949368786,"NRI_P010",100
"23935",-1536.92870893114,"NRI_P010",25
"23936",16686.1175571099,"NRI_P010",50
"23937",4392.43409202265,"NRI_P010",100
"23938",-6005.16071349476,"NRI_P010",25
"23939",1383.5648261403,"NRI_P010",50
"23940",-1053.50305510295,"NRI_P010",100
"23941",6779.14036423032,"NRI_P010",25
"23942",2774.60130372114,"NRI_P010",50
"23943",37070.0813341144,"NRI_P010",100
"23944",4362.50772951258,"NRI_P010",25
"23945",-1344.58454914321,"NRI_P010",50
"23946",16425.1467297533,"NRI_P010",100
"23947",451.058131280297,"NRI_P010",25
"23948",16184.4603332807,"NRI_P010",50
"23949",31451.8632988172,"NRI_P010",100
"23950",23144.2244741015,"NRI_P010",25
"23951",-1025.43370901572,"NRI_P010",50
"23952",13823.7405723231,"NRI_P010",100
"23953",3959.47847259644,"NRI_P010",25
"23954",6905.48989177338,"NRI_P010",50
"23955",12189.7164681545,"NRI_P010",100
"23956",9044.99971534015,"NRI_P010",25
"23957",9046.50218704424,"NRI_P010",50
"23958",8714.60530693457,"NRI_P010",100
"23959",5990.08533491706,"NRI_P010",25
"23960",384.815814851143,"NRI_P010",50
"23961",39371.3256986496,"NRI_P010",100
"23962",-3282.40358834155,"NRI_P010",25
"23963",126.670966829348,"NRI_P010",50
"23964",9390.95071786677,"NRI_P010",100
"23965",11740.3896534392,"NRI_P010",25
"23966",-6734.60694395436,"NRI_P010",50
"23967",1822.77445947385,"NRI_P010",100
"23968",8180.52537811152,"NRI_P010",25
"23969",721.547377214942,"NRI_P010",50
"23970",23710.1188969078,"NRI_P010",100
"23971",-309.703407203313,"NRI_P010",25
"23972",4641.38658524648,"NRI_P010",50
"23973",15071.1857478778,"NRI_P010",100
"23974",678.058655448083,"NRI_P010",25
"23975",-5688.42271906603,"NRI_P010",50
"23976",27385.0022369642,"NRI_P010",100
"23977",-2588.63700684503,"NRI_P010",25
"23978",-1279.77201922401,"NRI_P010",50
"23979",8495.82425290183,"NRI_P010",100
"23980",5998.23540723347,"NRI_P010",25
"23981",-2120.90871876362,"NRI_P010",50
"23982",13460.1521021758,"NRI_P010",100
"23983",1293.93142099737,"NRI_P010",25
"23984",12331.262618806,"NRI_P010",50
"23985",23750.2060086678,"NRI_P010",100
"23986",1824.56975291861,"NRI_P010",25
"23987",614.878817145072,"NRI_P010",50
"23988",13115.1539528797,"NRI_P010",100
"23989",9669.29687845981,"NRI_P010",25
"23990",52.5444991948898,"NRI_P010",50
"23991",12190.0874315319,"NRI_P010",100
"23992",3133.66697175213,"NRI_P010",25
"23993",3846.14010013849,"NRI_P010",50
"23994",39411.9403774941,"NRI_P010",100
"23995",17026.8357776467,"NRI_P010",25
"23996",7308.46768066823,"NRI_P010",50
"23997",18621.0532321279,"NRI_P010",100
"23998",741.07116147934,"NRI_P010",25
"23999",-721.794280839269,"NRI_P010",50
"24000",-611.036209626414,"NRI_P010",100
"24001",445.598217630002,"NRI_P012",25
"24002",-4733.51536237,"NRI_P012",50
"24003",-6080.94640237,"NRI_P012",100
"24004",-586.472252369975,"NRI_P012",25
"24005",1113.53184763005,"NRI_P012",50
"24006",-6126.70903237001,"NRI_P012",100
"24007",1292.67469762999,"NRI_P012",25
"24008",1653.17400763003,"NRI_P012",50
"24009",2558.01982763002,"NRI_P012",100
"24010",437.96878763003,"NRI_P012",25
"24011",1021.77609763003,"NRI_P012",50
"24012",-6110.93077236996,"NRI_P012",100
"24013",1780.97259763,"NRI_P012",25
"24014",-5192.95470236999,"NRI_P012",50
"24015",-2461.59886237001,"NRI_P012",100
"24016",-815.728482369974,"NRI_P012",25
"24017",2914.62530762999,"NRI_P012",50
"24018",713.112887630006,"NRI_P012",100
"24019",-5218.78922236996,"NRI_P012",25
"24020",1524.90218763001,"NRI_P012",50
"24021",-2923.40953236999,"NRI_P012",100
"24022",4485.50104763004,"NRI_P012",25
"24023",543.473437629989,"NRI_P012",50
"24024",-2542.36189236998,"NRI_P012",100
"24025",173.317997630045,"NRI_P012",25
"24026",-5735.19495236996,"NRI_P012",50
"24027",-3840.34487236995,"NRI_P012",100
"24028",1926.90374763001,"NRI_P012",25
"24029",511.860847630014,"NRI_P012",50
"24030",-4538.94188236998,"NRI_P012",100
"24031",-4657.73050236999,"NRI_P012",25
"24032",-1121.09117236995,"NRI_P012",50
"24033",-6970.69143236999,"NRI_P012",100
"24034",87.5188276300323,"NRI_P012",25
"24035",-1196.43519236997,"NRI_P012",50
"24036",-2394.71112236998,"NRI_P012",100
"24037",-503.090282369987,"NRI_P012",25
"24038",-528.093032369972,"NRI_P012",50
"24039",-4134.80773236998,"NRI_P012",100
"24040",4200.41609762999,"NRI_P012",25
"24041",7125.84449763002,"NRI_P012",50
"24042",-1569.56335236999,"NRI_P012",100
"24043",-47.3059223699966,"NRI_P012",25
"24044",-1131.81391237001,"NRI_P012",50
"24045",-5793.93424236996,"NRI_P012",100
"24046",-5469.03049236996,"NRI_P012",25
"24047",-218.129892369965,"NRI_P012",50
"24048",-3293.07352236996,"NRI_P012",100
"24049",6816.73331763002,"NRI_P012",25
"24050",1905.89609763003,"NRI_P012",50
"24051",1154.75151763001,"NRI_P012",100
"24052",-665.266592369997,"NRI_P012",25
"24053",-5879.86958236998,"NRI_P012",50
"24054",-1287.29140236997,"NRI_P012",100
"24055",550.473017629993,"NRI_P012",25
"24056",-6089.81460236997,"NRI_P012",50
"24057",17342.56477763,"NRI_P012",100
"24058",4153.22921763,"NRI_P012",25
"24059",-6086.91407236998,"NRI_P012",50
"24060",-4930.64923236996,"NRI_P012",100
"24061",-4968.48863236996,"NRI_P012",25
"24062",11063.92558763,"NRI_P012",50
"24063",-238.444992369972,"NRI_P012",100
"24064",867.938127630041,"NRI_P012",25
"24065",5364.09985763003,"NRI_P012",50
"24066",-5434.29919236997,"NRI_P012",100
"24067",259.227697630005,"NRI_P012",25
"24068",-1781.45634236996,"NRI_P012",50
"24069",-4384.48582236998,"NRI_P012",100
"24070",-470.251902369957,"NRI_P012",25
"24071",-3228.40963236999,"NRI_P012",50
"24072",-6990.70837236999,"NRI_P012",100
"24073",-10.0245023699827,"NRI_P012",25
"24074",1837.15256762999,"NRI_P012",50
"24075",-5754.39884236996,"NRI_P012",100
"24076",-1134.22469236999,"NRI_P012",25
"24077",-2958.17887236999,"NRI_P012",50
"24078",-4340.79958236997,"NRI_P012",100
"24079",-675.179782369989,"NRI_P012",25
"24080",10576.17361763,"NRI_P012",50
"24081",-3687.77253237,"NRI_P012",100
"24082",-908.801582370012,"NRI_P012",25
"24083",-1208.18048236996,"NRI_P012",50
"24084",-5870.21234237001,"NRI_P012",100
"24085",-238.772462369991,"NRI_P012",25
"24086",-3523.56929237,"NRI_P012",50
"24087",-6905.19309237,"NRI_P012",100
"24088",2097.65510763001,"NRI_P012",25
"24089",-4442.75606236997,"NRI_P012",50
"24090",-5681.62591236999,"NRI_P012",100
"24091",2626.30560763,"NRI_P012",25
"24092",-1010.62249236996,"NRI_P012",50
"24093",-6011.40470237,"NRI_P012",100
"24094",-475.74896236998,"NRI_P012",25
"24095",-208.054942369985,"NRI_P012",50
"24096",165.014097630046,"NRI_P012",100
"24097",79.1683676300454,"NRI_P012",25
"24098",-4903.33270237001,"NRI_P012",50
"24099",-354.917362370004,"NRI_P012",100
"24100",-985.777402370004,"NRI_P012",25
"24101",156.885757629992,"NRI_P012",50
"24102",4380.47347763,"NRI_P012",100
"24103",1380.75424763002,"NRI_P012",25
"24104",9416.20270763,"NRI_P012",50
"24105",-3750.48359237,"NRI_P012",100
"24106",-263.202802370011,"NRI_P012",25
"24107",-6504.29740236996,"NRI_P012",50
"24108",-4244.54891237,"NRI_P012",100
"24109",-3204.68658236996,"NRI_P012",25
"24110",-1469.92842236999,"NRI_P012",50
"24111",-6544.02687236998,"NRI_P012",100
"24112",-4221.87881237001,"NRI_P012",25
"24113",-852.327832370007,"NRI_P012",50
"24114",-6775.74653236999,"NRI_P012",100
"24115",-691.808422369999,"NRI_P012",25
"24116",-1351.68249236996,"NRI_P012",50
"24117",3256.32504763,"NRI_P012",100
"24118",-4534.00618237001,"NRI_P012",25
"24119",-299.218992370006,"NRI_P012",50
"24120",1847.70299763,"NRI_P012",100
"24121",543.684177629999,"NRI_P012",25
"24122",-5133.02922237001,"NRI_P012",50
"24123",-5194.23067237,"NRI_P012",100
"24124",-397.71222236997,"NRI_P012",25
"24125",-5641.27482236997,"NRI_P012",50
"24126",549.788947630033,"NRI_P012",100
"24127",-2455.84782237001,"NRI_P012",25
"24128",1691.74731763004,"NRI_P012",50
"24129",3646.18655763002,"NRI_P012",100
"24130",1070.53918763,"NRI_P012",25
"24131",-3865.53178237,"NRI_P012",50
"24132",-6412.11169236997,"NRI_P012",100
"24133",20466.18028763,"NRI_P012",25
"24134",1790.30737763003,"NRI_P012",50
"24135",-974.12244236999,"NRI_P012",100
"24136",-4449.67093237001,"NRI_P012",25
"24137",244.869787630043,"NRI_P012",50
"24138",-1353.71862236998,"NRI_P012",100
"24139",-4465.67312236998,"NRI_P012",25
"24140",-6484.97290236998,"NRI_P012",50
"24141",12006.50463763,"NRI_P012",100
"24142",230.524067630002,"NRI_P012",25
"24143",-5119.92065236997,"NRI_P012",50
"24144",7334.42817763,"NRI_P012",100
"24145",-618.243042369955,"NRI_P012",25
"24146",-5853.93800237001,"NRI_P012",50
"24147",-6551.45434236998,"NRI_P012",100
"24148",-569.163892370008,"NRI_P012",25
"24149",-6011.13714236999,"NRI_P012",50
"24150",-2991.42480236996,"NRI_P012",100
"24151",-1829.96492236998,"NRI_P012",25
"24152",-6170.23205236997,"NRI_P012",50
"24153",-2504.81804236997,"NRI_P012",100
"24154",-5982.36560237,"NRI_P012",25
"24155",600.622757630015,"NRI_P012",50
"24156",-35.5534523699898,"NRI_P012",100
"24157",-5817.09799236996,"NRI_P012",25
"24158",-656.206092369976,"NRI_P012",50
"24159",4677.52182763,"NRI_P012",100
"24160",-1380.07204236998,"NRI_P012",25
"24161",2992.09908762999,"NRI_P012",50
"24162",-3414.89305237,"NRI_P012",100
"24163",-5836.96922237001,"NRI_P012",25
"24164",1903.08974763,"NRI_P012",50
"24165",-5558.46239236998,"NRI_P012",100
"24166",-6141.75598237,"NRI_P012",25
"24167",1816.25964763004,"NRI_P012",50
"24168",-62.7657523700036,"NRI_P012",100
"24169",20302.21617763,"NRI_P012",25
"24170",-6310.69164236996,"NRI_P012",50
"24171",3044.01957763004,"NRI_P012",100
"24172",170.647597630043,"NRI_P012",25
"24173",2256.27728763002,"NRI_P012",50
"24174",-2965.73653236998,"NRI_P012",100
"24175",-799.330082369968,"NRI_P012",25
"24176",-2584.61707236996,"NRI_P012",50
"24177",-3950.10246237001,"NRI_P012",100
"24178",1714.03756763,"NRI_P012",25
"24179",2498.71532762999,"NRI_P012",50
"24180",-6058.50277237,"NRI_P012",100
"24181",43.0675976300263,"NRI_P012",25
"24182",-5274.76954236999,"NRI_P012",50
"24183",-5977.22230237001,"NRI_P012",100
"24184",-5443.22513236996,"NRI_P012",25
"24185",-1010.25343236997,"NRI_P012",50
"24186",19399.21022763,"NRI_P012",100
"24187",-28.2700823699706,"NRI_P012",25
"24188",-3731.86817236996,"NRI_P012",50
"24189",-3995.12313237,"NRI_P012",100
"24190",-751.586682369991,"NRI_P012",25
"24191",-1775.06220236997,"NRI_P012",50
"24192",-5069.57963236998,"NRI_P012",100
"24193",383.461947630043,"NRI_P012",25
"24194",-5388.03191237,"NRI_P012",50
"24195",-2169.23157236999,"NRI_P012",100
"24196",1059.87257763004,"NRI_P012",25
"24197",-4824.71919236996,"NRI_P012",50
"24198",10953.04769763,"NRI_P012",100
"24199",-696.122132369957,"NRI_P012",25
"24200",-5643.51973236998,"NRI_P012",50
"24201",-4034.14942236996,"NRI_P012",100
"24202",1140.99981763004,"NRI_P012",25
"24203",613.581557630037,"NRI_P012",50
"24204",-3607.85116237,"NRI_P012",100
"24205",680.822547629999,"NRI_P012",25
"24206",545.154337630025,"NRI_P012",50
"24207",8309.28974763001,"NRI_P012",100
"24208",-4598.51668236998,"NRI_P012",25
"24209",1417.78140763001,"NRI_P012",50
"24210",-1004.79706236999,"NRI_P012",100
"24211",-5640.94532236998,"NRI_P012",25
"24212",1563.53397763002,"NRI_P012",50
"24213",678.195467629994,"NRI_P012",100
"24214",1382.51642763003,"NRI_P012",25
"24215",-2040.79222236999,"NRI_P012",50
"24216",-4719.69309237,"NRI_P012",100
"24217",-829.312082369986,"NRI_P012",25
"24218",-1691.12545236998,"NRI_P012",50
"24219",-3235.90029237,"NRI_P012",100
"24220",204.701617630024,"NRI_P012",25
"24221",-4529.77066236996,"NRI_P012",50
"24222",627.633307630022,"NRI_P012",100
"24223",-346.892542369955,"NRI_P012",25
"24224",-1712.74971236999,"NRI_P012",50
"24225",3604.42413763003,"NRI_P012",100
"24226",-635.00306237,"NRI_P012",25
"24227",-213.634032369999,"NRI_P012",50
"24228",-7379.67294237,"NRI_P012",100
"24229",184.383787630009,"NRI_P012",25
"24230",2101.98079763004,"NRI_P012",50
"24231",-6101.02876237,"NRI_P012",100
"24232",2412.96378763003,"NRI_P012",25
"24233",-3413.89482236997,"NRI_P012",50
"24234",-3949.36222236999,"NRI_P012",100
"24235",1925.84547763004,"NRI_P012",25
"24236",-3310.69663237,"NRI_P012",50
"24237",-5501.56776236999,"NRI_P012",100
"24238",-4186.24731236999,"NRI_P012",25
"24239",6456.58208763,"NRI_P012",50
"24240",-6185.07438236999,"NRI_P012",100
"24241",-585.075612369983,"NRI_P012",25
"24242",1226.32673763001,"NRI_P012",50
"24243",-6379.53993237001,"NRI_P012",100
"24244",116.263517629995,"NRI_P012",25
"24245",10503.73014763,"NRI_P012",50
"24246",-420.058892369969,"NRI_P012",100
"24247",871.006647630013,"NRI_P012",25
"24248",-201.537052369968,"NRI_P012",50
"24249",-1626.21372236998,"NRI_P012",100
"24250",-397.75122236996,"NRI_P012",25
"24251",-6542.35526236997,"NRI_P012",50
"24252",4571.69083763001,"NRI_P012",100
"24253",26.4130676300265,"NRI_P012",25
"24254",-2968.06393236999,"NRI_P012",50
"24255",-4332.53834236995,"NRI_P012",100
"24256",1889.12058763002,"NRI_P012",25
"24257",2248.72774763004,"NRI_P012",50
"24258",-3396.70556236996,"NRI_P012",100
"24259",-5195.34404236998,"NRI_P012",25
"24260",-2004.47268236999,"NRI_P012",50
"24261",-2104.06829237001,"NRI_P012",100
"24262",583.415877630003,"NRI_P012",25
"24263",1144.67793763004,"NRI_P012",50
"24264",-5881.94487236999,"NRI_P012",100
"24265",-806.010402370011,"NRI_P012",25
"24266",579.920637630043,"NRI_P012",50
"24267",-2887.28343236999,"NRI_P012",100
"24268",-760.551342369989,"NRI_P012",25
"24269",-2421.33627236995,"NRI_P012",50
"24270",-1848.84911236999,"NRI_P012",100
"24271",-843.435212370008,"NRI_P012",25
"24272",-1921.69580236997,"NRI_P012",50
"24273",-6144.02613237,"NRI_P012",100
"24274",-175.775482369994,"NRI_P012",25
"24275",-1213.61389236996,"NRI_P012",50
"24276",-176.159082369995,"NRI_P012",100
"24277",10.8294876299915,"NRI_P012",25
"24278",-3548.43433237,"NRI_P012",50
"24279",-6605.29030236998,"NRI_P012",100
"24280",-4162.57422236999,"NRI_P012",25
"24281",740.848727630044,"NRI_P012",50
"24282",905.460857630009,"NRI_P012",100
"24283",1411.50081763003,"NRI_P012",25
"24284",2759.79490763001,"NRI_P012",50
"24285",780.73381763004,"NRI_P012",100
"24286",-4910.01092236995,"NRI_P012",25
"24287",950.779397630016,"NRI_P012",50
"24288",-6401.03242236999,"NRI_P012",100
"24289",-980.630302370002,"NRI_P012",25
"24290",-5511.28171236999,"NRI_P012",50
"24291",-3320.34977236995,"NRI_P012",100
"24292",-851.043442369963,"NRI_P012",25
"24293",2924.23407763004,"NRI_P012",50
"24294",-6375.65674236999,"NRI_P012",100
"24295",341.945217630011,"NRI_P012",25
"24296",214.71124763001,"NRI_P012",50
"24297",-139.902442369959,"NRI_P012",100
"24298",2014.99655763002,"NRI_P012",25
"24299",11436.75782763,"NRI_P012",50
"24300",-3973.51504237001,"NRI_P012",100
"24301",1235.78828189702,"NRI_P014",25
"24302",-487.745368102973,"NRI_P014",50
"24303",5470.72232189699,"NRI_P014",100
"24304",4493.61940189701,"NRI_P014",25
"24305",2710.07670189702,"NRI_P014",50
"24306",22011.237381897,"NRI_P014",100
"24307",-6566.89739810297,"NRI_P014",25
"24308",-5099.47589810297,"NRI_P014",50
"24309",-15784.443448103,"NRI_P014",100
"24310",-5660.79566810298,"NRI_P014",25
"24311",-3464.49066810298,"NRI_P014",50
"24312",-14491.472468103,"NRI_P014",100
"24313",-2564.469618103,"NRI_P014",25
"24314",-7769.09585810301,"NRI_P014",50
"24315",-2827.346988103,"NRI_P014",100
"24316",-10.0927581029828,"NRI_P014",25
"24317",-7573.709718103,"NRI_P014",50
"24318",-21326.184938103,"NRI_P014",100
"24319",3948.98303189699,"NRI_P014",25
"24320",-4191.86440810299,"NRI_P014",50
"24321",-15588.329268103,"NRI_P014",100
"24322",-1144.32387810299,"NRI_P014",25
"24323",362.315501897014,"NRI_P014",50
"24324",-15219.970878103,"NRI_P014",100
"24325",-557.161048103007,"NRI_P014",25
"24326",-5203.44559810299,"NRI_P014",50
"24327",-26635.353848103,"NRI_P014",100
"24328",1059.68101189699,"NRI_P014",25
"24329",-948.096728103003,"NRI_P014",50
"24330",-17320.473928103,"NRI_P014",100
"24331",-5473.64938810299,"NRI_P014",25
"24332",-4635.78881810297,"NRI_P014",50
"24333",-12823.983818103,"NRI_P014",100
"24334",-1421.20203810302,"NRI_P014",25
"24335",-4896.65368810302,"NRI_P014",50
"24336",-11562.576868103,"NRI_P014",100
"24337",-240.652948102972,"NRI_P014",25
"24338",-11074.698858103,"NRI_P014",50
"24339",-16359.352618103,"NRI_P014",100
"24340",-12307.312998103,"NRI_P014",25
"24341",-5013.33706810302,"NRI_P014",50
"24342",-20750.504798103,"NRI_P014",100
"24343",6320.64842189703,"NRI_P014",25
"24344",-14816.269358103,"NRI_P014",50
"24345",-19185.346238103,"NRI_P014",100
"24346",-2887.888748103,"NRI_P014",25
"24347",-7545.89483810298,"NRI_P014",50
"24348",-10141.343108103,"NRI_P014",100
"24349",-3513.25356810301,"NRI_P014",25
"24350",-6263.48608810297,"NRI_P014",50
"24351",-19001.119488103,"NRI_P014",100
"24352",-8089.00330810301,"NRI_P014",25
"24353",-7799.95793810301,"NRI_P014",50
"24354",-14346.528688103,"NRI_P014",100
"24355",-7405.16537810297,"NRI_P014",25
"24356",-174.149718102999,"NRI_P014",50
"24357",-21964.495708103,"NRI_P014",100
"24358",-9191.09545810299,"NRI_P014",25
"24359",-2376.58503810299,"NRI_P014",50
"24360",-23839.664108103,"NRI_P014",100
"24361",-4370.59587810299,"NRI_P014",25
"24362",11106.557301897,"NRI_P014",50
"24363",-7533.465658103,"NRI_P014",100
"24364",3081.55742189701,"NRI_P014",25
"24365",-931.909598102968,"NRI_P014",50
"24366",-15313.683018103,"NRI_P014",100
"24367",2204.69944189698,"NRI_P014",25
"24368",-20288.990668103,"NRI_P014",50
"24369",-20665.611848103,"NRI_P014",100
"24370",-7473.319498103,"NRI_P014",25
"24371",2701.51656189701,"NRI_P014",50
"24372",-12331.995698103,"NRI_P014",100
"24373",-8970.58318810299,"NRI_P014",25
"24374",-9917.71614810301,"NRI_P014",50
"24375",-25679.910848103,"NRI_P014",100
"24376",-8676.42680810299,"NRI_P014",25
"24377",-314.120938103006,"NRI_P014",50
"24378",-10603.790248103,"NRI_P014",100
"24379",-8206.61296810297,"NRI_P014",25
"24380",-13961.292208103,"NRI_P014",50
"24381",-23626.311468103,"NRI_P014",100
"24382",-10960.664258103,"NRI_P014",25
"24383",-4177.84202810301,"NRI_P014",50
"24384",-19230.600518103,"NRI_P014",100
"24385",-4754.338808103,"NRI_P014",25
"24386",1260.13091189699,"NRI_P014",50
"24387",-22026.254068103,"NRI_P014",100
"24388",41.649441896996,"NRI_P014",25
"24389",-6332.343188103,"NRI_P014",50
"24390",-4626.74697810301,"NRI_P014",100
"24391",-2340.18118810299,"NRI_P014",25
"24392",-6231.17041810299,"NRI_P014",50
"24393",-21221.753458103,"NRI_P014",100
"24394",-3478.86490810302,"NRI_P014",25
"24395",-6809.87119810301,"NRI_P014",50
"24396",-1344.639628103,"NRI_P014",100
"24397",1103.76669189701,"NRI_P014",25
"24398",-15829.363708103,"NRI_P014",50
"24399",-23299.612238103,"NRI_P014",100
"24400",-5666.474098103,"NRI_P014",25
"24401",-8223.14316810301,"NRI_P014",50
"24402",-25584.093408103,"NRI_P014",100
"24403",-7640.87928810297,"NRI_P014",25
"24404",30.3158918970148,"NRI_P014",50
"24405",-17810.053438103,"NRI_P014",100
"24406",-2568.56954810297,"NRI_P014",25
"24407",-8947.21041810297,"NRI_P014",50
"24408",-22628.448348103,"NRI_P014",100
"24409",-4984.40168810298,"NRI_P014",25
"24410",-9227.80987810297,"NRI_P014",50
"24411",-23622.372728103,"NRI_P014",100
"24412",-545.991908102995,"NRI_P014",25
"24413",-8959.39292810299,"NRI_P014",50
"24414",-14125.265648103,"NRI_P014",100
"24415",-2421.14750810299,"NRI_P014",25
"24416",-7357.576768103,"NRI_P014",50
"24417",-30023.315588103,"NRI_P014",100
"24418",-1655.29185810301,"NRI_P014",25
"24419",-8892.28776810301,"NRI_P014",50
"24420",-19599.509668103,"NRI_P014",100
"24421",-10880.874228103,"NRI_P014",25
"24422",-14508.671328103,"NRI_P014",50
"24423",-21101.611358103,"NRI_P014",100
"24424",-5205.58712810301,"NRI_P014",25
"24425",-7748.60423810297,"NRI_P014",50
"24426",-15970.230648103,"NRI_P014",100
"24427",-2230.79154810298,"NRI_P014",25
"24428",-13048.327728103,"NRI_P014",50
"24429",-12521.642878103,"NRI_P014",100
"24430",-1574.66086810298,"NRI_P014",25
"24431",-7579.40508810297,"NRI_P014",50
"24432",-9735.82373810298,"NRI_P014",100
"24433",207.455651897006,"NRI_P014",25
"24434",-10602.317598103,"NRI_P014",50
"24435",-16465.690968103,"NRI_P014",100
"24436",-9721.51633810299,"NRI_P014",25
"24437",-9340.30107810302,"NRI_P014",50
"24438",-19255.488878103,"NRI_P014",100
"24439",20172.891321897,"NRI_P014",25
"24440",-18223.726618103,"NRI_P014",50
"24441",-27646.966198103,"NRI_P014",100
"24442",-8903.51443810301,"NRI_P014",25
"24443",-3996.81137810298,"NRI_P014",50
"24444",-17384.955588103,"NRI_P014",100
"24445",-3587.09541810298,"NRI_P014",25
"24446",-15181.032158103,"NRI_P014",50
"24447",-21509.245718103,"NRI_P014",100
"24448",6012.71260189702,"NRI_P014",25
"24449",-7454.09267810301,"NRI_P014",50
"24450",-26564.961528103,"NRI_P014",100
"24451",2040.62270189699,"NRI_P014",25
"24452",34853.396721897,"NRI_P014",50
"24453",-14396.985258103,"NRI_P014",100
"24454",3721.016491897,"NRI_P014",25
"24455",-10681.973408103,"NRI_P014",50
"24456",-11275.982238103,"NRI_P014",100
"24457",-3480.268908103,"NRI_P014",25
"24458",-1733.24108810298,"NRI_P014",50
"24459",-26148.705658103,"NRI_P014",100
"24460",-767.672928103013,"NRI_P014",25
"24461",-9938.69982810301,"NRI_P014",50
"24462",-2939.14595810301,"NRI_P014",100
"24463",-3311.75267810299,"NRI_P014",25
"24464",2303.96095189702,"NRI_P014",50
"24465",-4330.56714810297,"NRI_P014",100
"24466",2481.70919189701,"NRI_P014",25
"24467",-12416.198368103,"NRI_P014",50
"24468",-24336.745398103,"NRI_P014",100
"24469",-8637.07548810297,"NRI_P014",25
"24470",-13504.948088103,"NRI_P014",50
"24471",-16178.368248103,"NRI_P014",100
"24472",-3940.18049810297,"NRI_P014",25
"24473",-12537.750108103,"NRI_P014",50
"24474",-14518.258498103,"NRI_P014",100
"24475",1049.09575189702,"NRI_P014",25
"24476",7902.37735189701,"NRI_P014",50
"24477",-13716.919938103,"NRI_P014",100
"24478",-624.411798103014,"NRI_P014",25
"24479",-13906.609348103,"NRI_P014",50
"24480",-23415.208678103,"NRI_P014",100
"24481",12484.810401897,"NRI_P014",25
"24482",-10327.290688103,"NRI_P014",50
"24483",-21908.074898103,"NRI_P014",100
"24484",9859.866051897,"NRI_P014",25
"24485",-12638.409078103,"NRI_P014",50
"24486",-18176.841618103,"NRI_P014",100
"24487",-5536.179798103,"NRI_P014",25
"24488",-9295.70153810299,"NRI_P014",50
"24489",-11672.485528103,"NRI_P014",100
"24490",-10107.533948103,"NRI_P014",25
"24491",36996.028441897,"NRI_P014",50
"24492",26612.122111897,"NRI_P014",100
"24493",-761.190088103001,"NRI_P014",25
"24494",-882.908438102982,"NRI_P014",50
"24495",14003.742331897,"NRI_P014",100
"24496",-9409.47919810301,"NRI_P014",25
"24497",-7476.94383810298,"NRI_P014",50
"24498",-13959.106388103,"NRI_P014",100
"24499",1735.58247189701,"NRI_P014",25
"24500",5164.363031897,"NRI_P014",50
"24501",-18126.031568103,"NRI_P014",100
"24502",4125.90490189701,"NRI_P014",25
"24503",-3668.16744810302,"NRI_P014",50
"24504",-19467.492298103,"NRI_P014",100
"24505",-8534.64396810299,"NRI_P014",25
"24506",-6770.96965810301,"NRI_P014",50
"24507",-26722.514018103,"NRI_P014",100
"24508",2953.11820189701,"NRI_P014",25
"24509",7628.93188189704,"NRI_P014",50
"24510",-13586.133708103,"NRI_P014",100
"24511",-1920.00435810297,"NRI_P014",25
"24512",-2313.65696810297,"NRI_P014",50
"24513",-23573.862878103,"NRI_P014",100
"24514",-3127.23293810297,"NRI_P014",25
"24515",-6507.02874810301,"NRI_P014",50
"24516",-13409.749158103,"NRI_P014",100
"24517",-9861.48699810298,"NRI_P014",25
"24518",-8687.35394810297,"NRI_P014",50
"24519",-17342.326318103,"NRI_P014",100
"24520",3333.37824189698,"NRI_P014",25
"24521",785.284971897025,"NRI_P014",50
"24522",-16195.402078103,"NRI_P014",100
"24523",-15376.272018103,"NRI_P014",25
"24524",-4602.00161810301,"NRI_P014",50
"24525",-19526.179348103,"NRI_P014",100
"24526",-2174.77951810299,"NRI_P014",25
"24527",-1592.00555810297,"NRI_P014",50
"24528",-20749.254308103,"NRI_P014",100
"24529",-7610.106428103,"NRI_P014",25
"24530",4083.26663189702,"NRI_P014",50
"24531",-11641.175568103,"NRI_P014",100
"24532",-5531.67055810301,"NRI_P014",25
"24533",-9450.43834810297,"NRI_P014",50
"24534",35990.300071897,"NRI_P014",100
"24535",-2585.38809810299,"NRI_P014",25
"24536",-7334.28439810302,"NRI_P014",50
"24537",-25784.994378103,"NRI_P014",100
"24538",-1459.95065810299,"NRI_P014",25
"24539",-2119.91105810297,"NRI_P014",50
"24540",6510.80770189699,"NRI_P014",100
"24541",-9573.048018103,"NRI_P014",25
"24542",-8921.28200810298,"NRI_P014",50
"24543",-23316.811798103,"NRI_P014",100
"24544",-9346.78679810301,"NRI_P014",25
"24545",-11204.951388103,"NRI_P014",50
"24546",-3226.05470810301,"NRI_P014",100
"24547",-13175.410898103,"NRI_P014",25
"24548",-8442.53333810298,"NRI_P014",50
"24549",-24842.873788103,"NRI_P014",100
"24550",-2044.71068810299,"NRI_P014",25
"24551",-5959.67232810298,"NRI_P014",50
"24552",-13631.324158103,"NRI_P014",100
"24553",-1429.04799810302,"NRI_P014",25
"24554",-11531.128668103,"NRI_P014",50
"24555",-7966.62445810298,"NRI_P014",100
"24556",-3673.361168103,"NRI_P014",25
"24557",-10827.753998103,"NRI_P014",50
"24558",-8123.715528103,"NRI_P014",100
"24559",-7075.085988103,"NRI_P014",25
"24560",-2113.96614810301,"NRI_P014",50
"24561",32462.249081897,"NRI_P014",100
"24562",836.864741897036,"NRI_P014",25
"24563",-5919.99499810301,"NRI_P014",50
"24564",-17394.724438103,"NRI_P014",100
"24565",-5701.91514810297,"NRI_P014",25
"24566",-23021.499718103,"NRI_P014",50
"24567",-5115.80919810297,"NRI_P014",100
"24568",-2301.98210810299,"NRI_P014",25
"24569",-8101.04088810302,"NRI_P014",50
"24570",-22563.307748103,"NRI_P014",100
"24571",-5439.84528810298,"NRI_P014",25
"24572",-4259.89495810302,"NRI_P014",50
"24573",-17317.727688103,"NRI_P014",100
"24574",-2090.41886810301,"NRI_P014",25
"24575",-15372.875938103,"NRI_P014",50
"24576",-3110.80215810298,"NRI_P014",100
"24577",2185.78879189701,"NRI_P014",25
"24578",-17654.035738103,"NRI_P014",50
"24579",-19916.590518103,"NRI_P014",100
"24580",147.208381897013,"NRI_P014",25
"24581",-2256.11346810299,"NRI_P014",50
"24582",-8025.75585810299,"NRI_P014",100
"24583",-7939.186548103,"NRI_P014",25
"24584",-10104.068998103,"NRI_P014",50
"24585",-18092.069138103,"NRI_P014",100
"24586",3709.51178189699,"NRI_P014",25
"24587",-19917.102978103,"NRI_P014",50
"24588",-17140.391168103,"NRI_P014",100
"24589",-6340.45937810297,"NRI_P014",25
"24590",-13496.186148103,"NRI_P014",50
"24591",-14300.083958103,"NRI_P014",100
"24592",6386.71190189698,"NRI_P014",25
"24593",12146.639691897,"NRI_P014",50
"24594",6670.54090189701,"NRI_P014",100
"24595",-9753.34293810301,"NRI_P014",25
"24596",4554.21021189698,"NRI_P014",50
"24597",-27534.952778103,"NRI_P014",100
"24598",-3345.41818810301,"NRI_P014",25
"24599",-5672.94590810302,"NRI_P014",50
"24600",-15128.409888103,"NRI_P014",100
"24601",642.592502004991,"NRI_P015",25
"24602",3592.34672200499,"NRI_P015",50
"24603",4776.32088200499,"NRI_P015",100
"24604",564.438282004994,"NRI_P015",25
"24605",2324.284762005,"NRI_P015",50
"24606",4359.57501200499,"NRI_P015",100
"24607",114.060922004996,"NRI_P015",25
"24608",1086.192332005,"NRI_P015",50
"24609",2133.174672005,"NRI_P015",100
"24610",980.720532004998,"NRI_P015",25
"24611",557.12637200499,"NRI_P015",50
"24612",4983.75052200499,"NRI_P015",100
"24613",1271.756392005,"NRI_P015",25
"24614",1239.53073200499,"NRI_P015",50
"24615",3442.90938200499,"NRI_P015",100
"24616",3245.23280200499,"NRI_P015",25
"24617",2469.154212005,"NRI_P015",50
"24618",2822.364922005,"NRI_P015",100
"24619",715.326092004994,"NRI_P015",25
"24620",1871.788312005,"NRI_P015",50
"24621",4650.521182005,"NRI_P015",100
"24622",262.619912005001,"NRI_P015",25
"24623",1488.27313200499,"NRI_P015",50
"24624",3595.39098200499,"NRI_P015",100
"24625",1368.153822005,"NRI_P015",25
"24626",930.574822005001,"NRI_P015",50
"24627",1083.767592005,"NRI_P015",100
"24628",2289.30717200499,"NRI_P015",25
"24629",1225.885372005,"NRI_P015",50
"24630",1926.420752005,"NRI_P015",100
"24631",115.252092005001,"NRI_P015",25
"24632",3067.839852005,"NRI_P015",50
"24633",2773.57805200499,"NRI_P015",100
"24634",319.30351200499,"NRI_P015",25
"24635",934.952482004999,"NRI_P015",50
"24636",3820.27936200499,"NRI_P015",100
"24637",347.41239200499,"NRI_P015",25
"24638",2814.28185200499,"NRI_P015",50
"24639",5665.43329200499,"NRI_P015",100
"24640",711.021942004998,"NRI_P015",25
"24641",675.658592004998,"NRI_P015",50
"24642",4009.88076200499,"NRI_P015",100
"24643",4692.261502005,"NRI_P015",25
"24644",634.563092005003,"NRI_P015",50
"24645",2197.301092005,"NRI_P015",100
"24646",1076.369052005,"NRI_P015",25
"24647",3262.85196200499,"NRI_P015",50
"24648",2507.46586200499,"NRI_P015",100
"24649",732.744872005002,"NRI_P015",25
"24650",1066.559722005,"NRI_P015",50
"24651",2911.53994200499,"NRI_P015",100
"24652",2193.99080200499,"NRI_P015",25
"24653",559.199212004998,"NRI_P015",50
"24654",6695.32960200499,"NRI_P015",100
"24655",917.348512005003,"NRI_P015",25
"24656",1641.824732005,"NRI_P015",50
"24657",1993.601112005,"NRI_P015",100
"24658",385.644232004997,"NRI_P015",25
"24659",1869.572112005,"NRI_P015",50
"24660",3783.077782005,"NRI_P015",100
"24661",1054.866722005,"NRI_P015",25
"24662",2341.23251200499,"NRI_P015",50
"24663",2678.73976200499,"NRI_P015",100
"24664",1676.856712005,"NRI_P015",25
"24665",3006.50571200499,"NRI_P015",50
"24666",4141.521692005,"NRI_P015",100
"24667",290.840742004992,"NRI_P015",25
"24668",649.937792004988,"NRI_P015",50
"24669",5485.96152200499,"NRI_P015",100
"24670",495.118392004995,"NRI_P015",25
"24671",2419.725772005,"NRI_P015",50
"24672",4380.632422005,"NRI_P015",100
"24673",1748.507452005,"NRI_P015",25
"24674",1495.310712005,"NRI_P015",50
"24675",4054.53315200499,"NRI_P015",100
"24676",1207.511762005,"NRI_P015",25
"24677",1383.69318200499,"NRI_P015",50
"24678",4113.97816200499,"NRI_P015",100
"24679",1027.948952005,"NRI_P015",25
"24680",1063.566992005,"NRI_P015",50
"24681",4129.84092200499,"NRI_P015",100
"24682",1089.09728200499,"NRI_P015",25
"24683",607.465882004995,"NRI_P015",50
"24684",5592.957302005,"NRI_P015",100
"24685",477.261782004993,"NRI_P015",25
"24686",120.652732004994,"NRI_P015",50
"24687",1065.12203200499,"NRI_P015",100
"24688",836.144572004996,"NRI_P015",25
"24689",883.87521200499,"NRI_P015",50
"24690",4095.506262005,"NRI_P015",100
"24691",53.4429220049933,"NRI_P015",25
"24692",1616.48293200499,"NRI_P015",50
"24693",4715.228442005,"NRI_P015",100
"24694",-68.6658879949973,"NRI_P015",25
"24695",944.712822004993,"NRI_P015",50
"24696",1545.292712005,"NRI_P015",100
"24697",3514.23414200499,"NRI_P015",25
"24698",2502.45122200499,"NRI_P015",50
"24699",2404.259942005,"NRI_P015",100
"24700",2066.983222005,"NRI_P015",25
"24701",333.592382004994,"NRI_P015",50
"24702",2875.33244200499,"NRI_P015",100
"24703",1920.156402005,"NRI_P015",25
"24704",902.366272004991,"NRI_P015",50
"24705",2222.444922005,"NRI_P015",100
"24706",735.011362004996,"NRI_P015",25
"24707",1589.406142005,"NRI_P015",50
"24708",3024.956942005,"NRI_P015",100
"24709",129.150052004989,"NRI_P015",25
"24710",343.874992004989,"NRI_P015",50
"24711",5208.56120200499,"NRI_P015",100
"24712",378.974602004993,"NRI_P015",25
"24713",1696.630962005,"NRI_P015",50
"24714",3279.70748200499,"NRI_P015",100
"24715",396.084952004996,"NRI_P015",25
"24716",2329.93246200499,"NRI_P015",50
"24717",5550.92099200499,"NRI_P015",100
"24718",481.436062004999,"NRI_P015",25
"24719",2510.50417200499,"NRI_P015",50
"24720",5156.53731200499,"NRI_P015",100
"24721",112.870272004991,"NRI_P015",25
"24722",592.307372005002,"NRI_P015",50
"24723",4278.43105200499,"NRI_P015",100
"24724",259.777062005,"NRI_P015",25
"24725",884.079092004991,"NRI_P015",50
"24726",4322.132512005,"NRI_P015",100
"24727",2123.523502005,"NRI_P015",25
"24728",2894.68448200499,"NRI_P015",50
"24729",3349.38131200499,"NRI_P015",100
"24730",38.4885120050021,"NRI_P015",25
"24731",931.343292004996,"NRI_P015",50
"24732",2570.04131200499,"NRI_P015",100
"24733",920.589762004995,"NRI_P015",25
"24734",572.873052005001,"NRI_P015",50
"24735",3692.27656200499,"NRI_P015",100
"24736",1848.95757200499,"NRI_P015",25
"24737",2926.196172005,"NRI_P015",50
"24738",4044.83412200499,"NRI_P015",100
"24739",719.145522004997,"NRI_P015",25
"24740",871.792462004989,"NRI_P015",50
"24741",3789.37148200499,"NRI_P015",100
"24742",520.108912005002,"NRI_P015",25
"24743",435.803472004991,"NRI_P015",50
"24744",2480.537242005,"NRI_P015",100
"24745",274.604482005001,"NRI_P015",25
"24746",1672.135822005,"NRI_P015",50
"24747",2853.85656200499,"NRI_P015",100
"24748",485.452602004996,"NRI_P015",25
"24749",2627.36151200499,"NRI_P015",50
"24750",2972.870202005,"NRI_P015",100
"24751",45.2767720049887,"NRI_P015",25
"24752",2057.33725200499,"NRI_P015",50
"24753",1315.77923200499,"NRI_P015",100
"24754",1798.67370200499,"NRI_P015",25
"24755",549.368412005002,"NRI_P015",50
"24756",4138.061282005,"NRI_P015",100
"24757",542.450032004999,"NRI_P015",25
"24758",4708.451062005,"NRI_P015",50
"24759",4171.987042005,"NRI_P015",100
"24760",239.002152004992,"NRI_P015",25
"24761",545.518272004992,"NRI_P015",50
"24762",4163.66975200499,"NRI_P015",100
"24763",1635.39460200499,"NRI_P015",25
"24764",1565.285532005,"NRI_P015",50
"24765",3256.998862005,"NRI_P015",100
"24766",1552.46686200499,"NRI_P015",25
"24767",2858.095872005,"NRI_P015",50
"24768",1390.071162005,"NRI_P015",100
"24769",773.837272004996,"NRI_P015",25
"24770",323.973252005002,"NRI_P015",50
"24771",4087.11915200499,"NRI_P015",100
"24772",1191.90960200499,"NRI_P015",25
"24773",2582.486952005,"NRI_P015",50
"24774",5669.914792005,"NRI_P015",100
"24775",750.022032004999,"NRI_P015",25
"24776",990.650382004998,"NRI_P015",50
"24777",3258.37870200499,"NRI_P015",100
"24778",161.58244200499,"NRI_P015",25
"24779",1693.50245200499,"NRI_P015",50
"24780",1311.397672005,"NRI_P015",100
"24781",264.454072004999,"NRI_P015",25
"24782",1316.133362005,"NRI_P015",50
"24783",2618.91038200499,"NRI_P015",100
"24784",-11.1414879950025,"NRI_P015",25
"24785",1830.605732005,"NRI_P015",50
"24786",2083.663802005,"NRI_P015",100
"24787",-16.8914779949991,"NRI_P015",25
"24788",1563.345312005,"NRI_P015",50
"24789",5040.73517200499,"NRI_P015",100
"24790",285.175542004989,"NRI_P015",25
"24791",859.302532004993,"NRI_P015",50
"24792",4011.30097200499,"NRI_P015",100
"24793",350.229752004991,"NRI_P015",25
"24794",2092.79015200499,"NRI_P015",50
"24795",3819.856802005,"NRI_P015",100
"24796",745.43281200499,"NRI_P015",25
"24797",544.315632004989,"NRI_P015",50
"24798",2213.743872005,"NRI_P015",100
"24799",1778.759872005,"NRI_P015",25
"24800",1744.55545200499,"NRI_P015",50
"24801",2613.300312005,"NRI_P015",100
"24802",2064.90109200499,"NRI_P015",25
"24803",1854.20675200499,"NRI_P015",50
"24804",3671.654202005,"NRI_P015",100
"24805",532.601792004993,"NRI_P015",25
"24806",1686.895042005,"NRI_P015",50
"24807",4532.715722005,"NRI_P015",100
"24808",3124.426652005,"NRI_P015",25
"24809",717.089872005003,"NRI_P015",50
"24810",4703.53498200499,"NRI_P015",100
"24811",504.597202004996,"NRI_P015",25
"24812",1781.34522200499,"NRI_P015",50
"24813",1704.67495200499,"NRI_P015",100
"24814",1287.30945200499,"NRI_P015",25
"24815",1102.90836200499,"NRI_P015",50
"24816",3601.932052005,"NRI_P015",100
"24817",346.760332004997,"NRI_P015",25
"24818",967.860002004993,"NRI_P015",50
"24819",2956.81666200499,"NRI_P015",100
"24820",143.037232004994,"NRI_P015",25
"24821",725.753662004994,"NRI_P015",50
"24822",3466.07341200499,"NRI_P015",100
"24823",587.148142004997,"NRI_P015",25
"24824",391.093112004994,"NRI_P015",50
"24825",5505.47602200499,"NRI_P015",100
"24826",822.394492004998,"NRI_P015",25
"24827",861.90775200499,"NRI_P015",50
"24828",3379.133112005,"NRI_P015",100
"24829",775.409482004994,"NRI_P015",25
"24830",346.77054200499,"NRI_P015",50
"24831",3404.868822005,"NRI_P015",100
"24832",2145.726242005,"NRI_P015",25
"24833",752.053962004997,"NRI_P015",50
"24834",758.241722004997,"NRI_P015",100
"24835",258.856272004996,"NRI_P015",25
"24836",2511.626482005,"NRI_P015",50
"24837",2337.13905200499,"NRI_P015",100
"24838",238.236532005001,"NRI_P015",25
"24839",2166.524352005,"NRI_P015",50
"24840",3290.48995200499,"NRI_P015",100
"24841",1348.54483200499,"NRI_P015",25
"24842",1473.402842005,"NRI_P015",50
"24843",5128.153732005,"NRI_P015",100
"24844",1457.189542005,"NRI_P015",25
"24845",2765.12010200499,"NRI_P015",50
"24846",2640.622922005,"NRI_P015",100
"24847",1534.703342005,"NRI_P015",25
"24848",1869.84117200499,"NRI_P015",50
"24849",3621.870562005,"NRI_P015",100
"24850",1152.32298200499,"NRI_P015",25
"24851",1817.795452005,"NRI_P015",50
"24852",4471.279822005,"NRI_P015",100
"24853",533.06473200499,"NRI_P015",25
"24854",2461.44773200499,"NRI_P015",50
"24855",3311.015152005,"NRI_P015",100
"24856",580.831922004989,"NRI_P015",25
"24857",760.859032004999,"NRI_P015",50
"24858",2293.477712005,"NRI_P015",100
"24859",1871.170632005,"NRI_P015",25
"24860",466.493542005002,"NRI_P015",50
"24861",2874.555992005,"NRI_P015",100
"24862",224.975772004997,"NRI_P015",25
"24863",801.239822004994,"NRI_P015",50
"24864",2547.710602005,"NRI_P015",100
"24865",1679.160312005,"NRI_P015",25
"24866",1374.270432005,"NRI_P015",50
"24867",2104.654852005,"NRI_P015",100
"24868",1271.612552005,"NRI_P015",25
"24869",3515.76281200499,"NRI_P015",50
"24870",4102.341412005,"NRI_P015",100
"24871",718.579752004996,"NRI_P015",25
"24872",1766.63342200499,"NRI_P015",50
"24873",3328.252462005,"NRI_P015",100
"24874",1036.433912005,"NRI_P015",25
"24875",2584.07771200499,"NRI_P015",50
"24876",2549.04852200499,"NRI_P015",100
"24877",348.024482004999,"NRI_P015",25
"24878",2718.91709200499,"NRI_P015",50
"24879",8145.14598200499,"NRI_P015",100
"24880",191.760572004991,"NRI_P015",25
"24881",1758.79982200499,"NRI_P015",50
"24882",3463.952562005,"NRI_P015",100
"24883",3146.478842005,"NRI_P015",25
"24884",325.478972004988,"NRI_P015",50
"24885",5209.84362200499,"NRI_P015",100
"24886",1078.11519200499,"NRI_P015",25
"24887",2895.045892005,"NRI_P015",50
"24888",2235.712142005,"NRI_P015",100
"24889",590.321462004998,"NRI_P015",25
"24890",688.518712004996,"NRI_P015",50
"24891",1283.900602005,"NRI_P015",100
"24892",1077.298422005,"NRI_P015",25
"24893",1271.51568200499,"NRI_P015",50
"24894",4682.53435200499,"NRI_P015",100
"24895",1608.791282005,"NRI_P015",25
"24896",908.122032004991,"NRI_P015",50
"24897",1498.707862005,"NRI_P015",100
"24898",2562.88002200499,"NRI_P015",25
"24899",1261.27867200499,"NRI_P015",50
"24900",2069.742812005,"NRI_P015",100
"24901",0.331001791986637,"NRI_P016",25
"24902",2931.52765179198,"NRI_P016",50
"24903",-10485.929948208,"NRI_P016",100
"24904",1199.21757179202,"NRI_P016",25
"24905",18832.393861792,"NRI_P016",50
"24906",-12589.514628208,"NRI_P016",100
"24907",5530.86668179202,"NRI_P016",25
"24908",-4975.53319820797,"NRI_P016",50
"24909",-12823.311548208,"NRI_P016",100
"24910",8286.50197179202,"NRI_P016",25
"24911",-3448.78663820797,"NRI_P016",50
"24912",-10384.477638208,"NRI_P016",100
"24913",-432.393988207972,"NRI_P016",25
"24914",-8045.017738208,"NRI_P016",50
"24915",-2719.04472820798,"NRI_P016",100
"24916",-434.572338207974,"NRI_P016",25
"24917",-52.9771482080105,"NRI_P016",50
"24918",-11717.690508208,"NRI_P016",100
"24919",-5418.65152820799,"NRI_P016",25
"24920",-9383.60297820799,"NRI_P016",50
"24921",-7842.20381820801,"NRI_P016",100
"24922",-848.141158208018,"NRI_P016",25
"24923",-6796.13229820802,"NRI_P016",50
"24924",-10002.442248208,"NRI_P016",100
"24925",-53.6804282079684,"NRI_P016",25
"24926",-8129.16491820797,"NRI_P016",50
"24927",-13065.635388208,"NRI_P016",100
"24928",-5531.54384820798,"NRI_P016",25
"24929",-10477.134438208,"NRI_P016",50
"24930",-5385.12408820802,"NRI_P016",100
"24931",378.814091791981,"NRI_P016",25
"24932",2426.04374179203,"NRI_P016",50
"24933",4024.00195179199,"NRI_P016",100
"24934",-6719.416688208,"NRI_P016",25
"24935",2002.80953179201,"NRI_P016",50
"24936",-1855.945208208,"NRI_P016",100
"24937",1863.66767179203,"NRI_P016",25
"24938",7199.30714179203,"NRI_P016",50
"24939",-12628.479228208,"NRI_P016",100
"24940",13235.997671792,"NRI_P016",25
"24941",-9577.098898208,"NRI_P016",50
"24942",-5595.88191820798,"NRI_P016",100
"24943",126.487861792033,"NRI_P016",25
"24944",-2951.717958208,"NRI_P016",50
"24945",-14731.035068208,"NRI_P016",100
"24946",-4237.21116820798,"NRI_P016",25
"24947",-518.261748207966,"NRI_P016",50
"24948",4679.38855179201,"NRI_P016",100
"24949",-10037.559568208,"NRI_P016",25
"24950",-4159.43142820802,"NRI_P016",50
"24951",-15378.386478208,"NRI_P016",100
"24952",-3748.35401820799,"NRI_P016",25
"24953",-12598.137958208,"NRI_P016",50
"24954",-7533.32464820798,"NRI_P016",100
"24955",2811.09941179201,"NRI_P016",25
"24956",-7783.99555820797,"NRI_P016",50
"24957",-8431.769358208,"NRI_P016",100
"24958",-7225.96725820797,"NRI_P016",25
"24959",5531.17377179203,"NRI_P016",50
"24960",-7056.890728208,"NRI_P016",100
"24961",-7021.82567820797,"NRI_P016",25
"24962",-199.795668207982,"NRI_P016",50
"24963",3219.960031792,"NRI_P016",100
"24964",1368.34819179203,"NRI_P016",25
"24965",-120.212668207998,"NRI_P016",50
"24966",-5243.32599820802,"NRI_P016",100
"24967",719.357141792018,"NRI_P016",25
"24968",-2273.40579820797,"NRI_P016",50
"24969",-11645.523588208,"NRI_P016",100
"24970",-4401.42652820802,"NRI_P016",25
"24971",3737.69114179199,"NRI_P016",50
"24972",-9869.10361820797,"NRI_P016",100
"24973",2497.33771179203,"NRI_P016",25
"24974",-10056.957838208,"NRI_P016",50
"24975",5588.68453179201,"NRI_P016",100
"24976",6737.89547179203,"NRI_P016",25
"24977",2781.60217179201,"NRI_P016",50
"24978",-3406.171488208,"NRI_P016",100
"24979",356.098021792015,"NRI_P016",25
"24980",5331.20407179202,"NRI_P016",50
"24981",-15562.611168208,"NRI_P016",100
"24982",-609.581698208,"NRI_P016",25
"24983",-2381.34959820798,"NRI_P016",50
"24984",-13415.968328208,"NRI_P016",100
"24985",1249.56716179202,"NRI_P016",25
"24986",-7026.247358208,"NRI_P016",50
"24987",-7411.227338208,"NRI_P016",100
"24988",-16145.970788208,"NRI_P016",25
"24989",12096.308691792,"NRI_P016",50
"24990",3183.32827179204,"NRI_P016",100
"24991",-16198.223168208,"NRI_P016",25
"24992",11516.305681792,"NRI_P016",50
"24993",-3786.07775820798,"NRI_P016",100
"24994",7259.04908179201,"NRI_P016",25
"24995",-17120.986848208,"NRI_P016",50
"24996",-7916.443978208,"NRI_P016",100
"24997",192.860911792028,"NRI_P016",25
"24998",-4653.47884820797,"NRI_P016",50
"24999",-6643.412368208,"NRI_P016",100
"25000",1997.35919179203,"NRI_P016",25
"25001",5309.65523179201,"NRI_P016",50
"25002",-4485.48413820798,"NRI_P016",100
"25003",2635.07839179202,"NRI_P016",25
"25004",-5665.98987820797,"NRI_P016",50
"25005",-7515.62032820797,"NRI_P016",100
"25006",-1404.74968820799,"NRI_P016",25
"25007",-9232.28209820797,"NRI_P016",50
"25008",-915.189508208015,"NRI_P016",100
"25009",-9937.65350820799,"NRI_P016",25
"25010",986.140251792036,"NRI_P016",50
"25011",-10713.250828208,"NRI_P016",100
"25012",-7531.087668208,"NRI_P016",25
"25013",-7492.85360820801,"NRI_P016",50
"25014",-11205.929128208,"NRI_P016",100
"25015",-6167.45723820798,"NRI_P016",25
"25016",-11532.912798208,"NRI_P016",50
"25017",-1249.78109820798,"NRI_P016",100
"25018",241.120091792021,"NRI_P016",25
"25019",-300.754358207982,"NRI_P016",50
"25020",3611.84296179202,"NRI_P016",100
"25021",975.72497179202,"NRI_P016",25
"25022",-3191.16721820796,"NRI_P016",50
"25023",-5346.28586820798,"NRI_P016",100
"25024",-7957.31392820796,"NRI_P016",25
"25025",-3691.42800820799,"NRI_P016",50
"25026",-7800.06208820798,"NRI_P016",100
"25027",3757.89557179203,"NRI_P016",25
"25028",8258.96144179202,"NRI_P016",50
"25029",-11940.088558208,"NRI_P016",100
"25030",-16814.860668208,"NRI_P016",25
"25031",3454.070071792,"NRI_P016",50
"25032",10785.412151792,"NRI_P016",100
"25033",-3114.50842820801,"NRI_P016",25
"25034",-1431.24653820798,"NRI_P016",50
"25035",-9522.60347820801,"NRI_P016",100
"25036",211.282181792019,"NRI_P016",25
"25037",564.151891792018,"NRI_P016",50
"25038",-10543.975948208,"NRI_P016",100
"25039",-7736.75661820802,"NRI_P016",25
"25040",-394.508578207984,"NRI_P016",50
"25041",-3988.910748208,"NRI_P016",100
"25042",2118.11246179201,"NRI_P016",25
"25043",-15450.557728208,"NRI_P016",50
"25044",31929.028941792,"NRI_P016",100
"25045",2139.02728179202,"NRI_P016",25
"25046",259.960391792003,"NRI_P016",50
"25047",-6369.05775820802,"NRI_P016",100
"25048",-6125.28595820797,"NRI_P016",25
"25049",-1443.23725820798,"NRI_P016",50
"25050",7701.88437179202,"NRI_P016",100
"25051",903.723271791998,"NRI_P016",25
"25052",2321.74030179199,"NRI_P016",50
"25053",-7265.13330820797,"NRI_P016",100
"25054",4815.31915179203,"NRI_P016",25
"25055",16532.230121792,"NRI_P016",50
"25056",-9202.501088208,"NRI_P016",100
"25057",-14776.864748208,"NRI_P016",25
"25058",-12867.800868208,"NRI_P016",50
"25059",-6351.303628208,"NRI_P016",100
"25060",-6813.119278208,"NRI_P016",25
"25061",9833.67640179204,"NRI_P016",50
"25062",-7794.46787820797,"NRI_P016",100
"25063",-10270.097178208,"NRI_P016",25
"25064",-5170.20928820799,"NRI_P016",50
"25065",-17144.716548208,"NRI_P016",100
"25066",-3156.701898208,"NRI_P016",25
"25067",13543.377741792,"NRI_P016",50
"25068",3038.976811792,"NRI_P016",100
"25069",-1011.26032820798,"NRI_P016",25
"25070",-14371.718768208,"NRI_P016",50
"25071",-8387.828938208,"NRI_P016",100
"25072",-12936.184988208,"NRI_P016",25
"25073",-2535.26172820799,"NRI_P016",50
"25074",-7618.85360820801,"NRI_P016",100
"25075",1178.35462179204,"NRI_P016",25
"25076",-6593.35066820798,"NRI_P016",50
"25077",-10888.096148208,"NRI_P016",100
"25078",152.649721792026,"NRI_P016",25
"25079",7906.79569179204,"NRI_P016",50
"25080",-17927.258978208,"NRI_P016",100
"25081",-16801.275778208,"NRI_P016",25
"25082",-9261.23351820797,"NRI_P016",50
"25083",-8774.16016820801,"NRI_P016",100
"25084",-1078.81149820797,"NRI_P016",25
"25085",456.982831792033,"NRI_P016",50
"25086",9980.32256179198,"NRI_P016",100
"25087",569.580961792031,"NRI_P016",25
"25088",4956.00972179201,"NRI_P016",50
"25089",-4056.10224820802,"NRI_P016",100
"25090",689.713541792007,"NRI_P016",25
"25091",382.408131792035,"NRI_P016",50
"25092",-3885.888518208,"NRI_P016",100
"25093",-9358.884268208,"NRI_P016",25
"25094",385.001291792025,"NRI_P016",50
"25095",-4487.41767820797,"NRI_P016",100
"25096",-6011.34411820798,"NRI_P016",25
"25097",-1338.828908208,"NRI_P016",50
"25098",12933.509631792,"NRI_P016",100
"25099",-5828.61989820801,"NRI_P016",25
"25100",-9895.36165820801,"NRI_P016",50
"25101",-14814.612798208,"NRI_P016",100
"25102",-7403.46859820798,"NRI_P016",25
"25103",2819.282461792,"NRI_P016",50
"25104",-7885.69843820797,"NRI_P016",100
"25105",-218.413288208016,"NRI_P016",25
"25106",-62.7714882079745,"NRI_P016",50
"25107",1343.16699179204,"NRI_P016",100
"25108",-15096.144158208,"NRI_P016",25
"25109",-9567.371418208,"NRI_P016",50
"25110",-8280.87757820799,"NRI_P016",100
"25111",2898.91030179203,"NRI_P016",25
"25112",-180.070888207993,"NRI_P016",50
"25113",-5072.38634820801,"NRI_P016",100
"25114",-13855.486248208,"NRI_P016",25
"25115",-5208.33819820802,"NRI_P016",50
"25116",-13692.342968208,"NRI_P016",100
"25117",8941.64970179199,"NRI_P016",25
"25118",-10224.006618208,"NRI_P016",50
"25119",-3009.11334820802,"NRI_P016",100
"25120",-5514.54847820802,"NRI_P016",25
"25121",1005.82395179203,"NRI_P016",50
"25122",-7331.087378208,"NRI_P016",100
"25123",-157.372568207968,"NRI_P016",25
"25124",-12749.159088208,"NRI_P016",50
"25125",-11349.234438208,"NRI_P016",100
"25126",1828.27466179203,"NRI_P016",25
"25127",-2412.98601820797,"NRI_P016",50
"25128",-10061.758648208,"NRI_P016",100
"25129",-985.681038208015,"NRI_P016",25
"25130",-5051.63285820797,"NRI_P016",50
"25131",11546.271541792,"NRI_P016",100
"25132",1681.14257179201,"NRI_P016",25
"25133",1506.90736179199,"NRI_P016",50
"25134",10091.374181792,"NRI_P016",100
"25135",-110.081528207986,"NRI_P016",25
"25136",3141.91927179199,"NRI_P016",50
"25137",-8803.15246820799,"NRI_P016",100
"25138",-8977.09978820797,"NRI_P016",25
"25139",-1813.04492820799,"NRI_P016",50
"25140",-10579.839358208,"NRI_P016",100
"25141",-133.455088207964,"NRI_P016",25
"25142",-2007.43103820801,"NRI_P016",50
"25143",-8514.51902820799,"NRI_P016",100
"25144",-10116.788718208,"NRI_P016",25
"25145",5045.785511792,"NRI_P016",50
"25146",-5765.20658820798,"NRI_P016",100
"25147",23049.738971792,"NRI_P016",25
"25148",-11891.510858208,"NRI_P016",50
"25149",-11920.698678208,"NRI_P016",100
"25150",-3771.62711820798,"NRI_P016",25
"25151",-8644.157858208,"NRI_P016",50
"25152",-7723.45439820801,"NRI_P016",100
"25153",4591.707731792,"NRI_P016",25
"25154",-14939.705788208,"NRI_P016",50
"25155",12606.537101792,"NRI_P016",100
"25156",-6635.42627820797,"NRI_P016",25
"25157",4469.54809179204,"NRI_P016",50
"25158",-14584.788358208,"NRI_P016",100
"25159",10289.513931792,"NRI_P016",25
"25160",-9001.64193820796,"NRI_P016",50
"25161",-4702.10534820799,"NRI_P016",100
"25162",-1400.024878208,"NRI_P016",25
"25163",-2952.86747820798,"NRI_P016",50
"25164",-12067.668508208,"NRI_P016",100
"25165",2205.72356179199,"NRI_P016",25
"25166",-6485.51475820801,"NRI_P016",50
"25167",-14149.352328208,"NRI_P016",100
"25168",-5105.35513820802,"NRI_P016",25
"25169",-6023.70071820798,"NRI_P016",50
"25170",-12990.678188208,"NRI_P016",100
"25171",-16097.410638208,"NRI_P016",25
"25172",-8648.34021820797,"NRI_P016",50
"25173",-2667.21118820796,"NRI_P016",100
"25174",-288.048948207987,"NRI_P016",25
"25175",3082.27748179203,"NRI_P016",50
"25176",-11735.833858208,"NRI_P016",100
"25177",-3747.28951820801,"NRI_P016",25
"25178",-4659.07171820797,"NRI_P016",50
"25179",-13575.004138208,"NRI_P016",100
"25180",-5609.61996820802,"NRI_P016",25
"25181",-17115.863448208,"NRI_P016",50
"25182",-5102.93625820801,"NRI_P016",100
"25183",-9173.32512820797,"NRI_P016",25
"25184",-1280.38677820802,"NRI_P016",50
"25185",-13354.634718208,"NRI_P016",100
"25186",-1304.64148820797,"NRI_P016",25
"25187",13761.777611792,"NRI_P016",50
"25188",-16523.345538208,"NRI_P016",100
"25189",-16458.247178208,"NRI_P016",25
"25190",999.753921792028,"NRI_P016",50
"25191",-16900.968808208,"NRI_P016",100
"25192",2135.135071792,"NRI_P016",25
"25193",-10439.190008208,"NRI_P016",50
"25194",-5508.819368208,"NRI_P016",100
"25195",-966.889708207978,"NRI_P016",25
"25196",-80.7513382079778,"NRI_P016",50
"25197",-16177.772848208,"NRI_P016",100
"25198",-11874.698068208,"NRI_P016",25
"25199",-9312.61311820801,"NRI_P016",50
"25200",10250.968661792,"NRI_P016",100
"25201",-64421.503061364,"NRI_P017",25
"25202",-34898.268491364,"NRI_P017",50
"25203",-25342.959101364,"NRI_P017",100
"25204",10928.289528636,"NRI_P017",25
"25205",-4575.14056136401,"NRI_P017",50
"25206",-51165.733661364,"NRI_P017",100
"25207",-73255.641331364,"NRI_P017",25
"25208",-37153.110241364,"NRI_P017",50
"25209",-70334.979071364,"NRI_P017",100
"25210",-35338.771041364,"NRI_P017",25
"25211",-39323.701021364,"NRI_P017",50
"25212",-66146.875951364,"NRI_P017",100
"25213",698.078818636015,"NRI_P017",25
"25214",-7418.02927136398,"NRI_P017",50
"25215",-50606.151081364,"NRI_P017",100
"25216",-10836.269281364,"NRI_P017",25
"25217",-15335.766121364,"NRI_P017",50
"25218",-50456.252161364,"NRI_P017",100
"25219",27448.094558636,"NRI_P017",25
"25220",5777.68333863601,"NRI_P017",50
"25221",-37574.333681364,"NRI_P017",100
"25222",2238.96416863601,"NRI_P017",25
"25223",30119.909078636,"NRI_P017",50
"25224",-33687.555811364,"NRI_P017",100
"25225",13971.158428636,"NRI_P017",25
"25226",1412.71900863602,"NRI_P017",50
"25227",-56118.883771364,"NRI_P017",100
"25228",3256.32752863603,"NRI_P017",25
"25229",-18637.050541364,"NRI_P017",50
"25230",-23185.819141364,"NRI_P017",100
"25231",4134.88339863601,"NRI_P017",25
"25232",34105.174988636,"NRI_P017",50
"25233",-26999.784361364,"NRI_P017",100
"25234",-59288.665041364,"NRI_P017",25
"25235",-48131.240181364,"NRI_P017",50
"25236",-68073.375441364,"NRI_P017",100
"25237",-52152.418201364,"NRI_P017",25
"25238",-67309.970091364,"NRI_P017",50
"25239",-57056.533171364,"NRI_P017",100
"25240",-68316.672741364,"NRI_P017",25
"25241",10668.039938636,"NRI_P017",50
"25242",-72780.684611364,"NRI_P017",100
"25243",2765.34843863599,"NRI_P017",25
"25244",-13427.014371364,"NRI_P017",50
"25245",-48013.269041364,"NRI_P017",100
"25246",-5045.92162136402,"NRI_P017",25
"25247",-74867.320541364,"NRI_P017",50
"25248",-62870.130131364,"NRI_P017",100
"25249",12232.080918636,"NRI_P017",25
"25250",-411.648781364027,"NRI_P017",50
"25251",-55822.557011364,"NRI_P017",100
"25252",18438.224078636,"NRI_P017",25
"25253",3965.11286863597,"NRI_P017",50
"25254",-46571.383711364,"NRI_P017",100
"25255",28527.610428636,"NRI_P017",25
"25256",-43271.837491364,"NRI_P017",50
"25257",-47121.446181364,"NRI_P017",100
"25258",3728.82779863599,"NRI_P017",25
"25259",-25213.195071364,"NRI_P017",50
"25260",-41573.318371364,"NRI_P017",100
"25261",-37506.628781364,"NRI_P017",25
"25262",-8917.530321364,"NRI_P017",50
"25263",-46697.498311364,"NRI_P017",100
"25264",-23711.141471364,"NRI_P017",25
"25265",46473.731108636,"NRI_P017",50
"25266",-53107.951421364,"NRI_P017",100
"25267",11134.350048636,"NRI_P017",25
"25268",-43247.126061364,"NRI_P017",50
"25269",-55019.733011364,"NRI_P017",100
"25270",-2221.16683136398,"NRI_P017",25
"25271",-45487.198551364,"NRI_P017",50
"25272",-48677.259371364,"NRI_P017",100
"25273",-29566.515261364,"NRI_P017",25
"25274",-6913.64943136397,"NRI_P017",50
"25275",-30081.004681364,"NRI_P017",100
"25276",-17863.127191364,"NRI_P017",25
"25277",-476.421441363986,"NRI_P017",50
"25278",-62158.470281364,"NRI_P017",100
"25279",-2842.62742136401,"NRI_P017",25
"25280",-36467.193111364,"NRI_P017",50
"25281",-63482.266691364,"NRI_P017",100
"25282",-106.621521364024,"NRI_P017",25
"25283",-3008.44081136398,"NRI_P017",50
"25284",-35310.397551364,"NRI_P017",100
"25285",3643.55064863601,"NRI_P017",25
"25286",-72534.265871364,"NRI_P017",50
"25287",-22519.098251364,"NRI_P017",100
"25288",-1232.03146136401,"NRI_P017",25
"25289",-55492.049711364,"NRI_P017",50
"25290",-10462.782881364,"NRI_P017",100
"25291",11376.226688636,"NRI_P017",25
"25292",-25005.825471364,"NRI_P017",50
"25293",-51580.510321364,"NRI_P017",100
"25294",-22973.715791364,"NRI_P017",25
"25295",-11549.997641364,"NRI_P017",50
"25296",-19699.076491364,"NRI_P017",100
"25297",20043.364938636,"NRI_P017",25
"25298",4112.35858863598,"NRI_P017",50
"25299",-49082.004521364,"NRI_P017",100
"25300",-44874.424391364,"NRI_P017",25
"25301",-65552.070441364,"NRI_P017",50
"25302",-38290.445241364,"NRI_P017",100
"25303",4607.576248636,"NRI_P017",25
"25304",-19575.538011364,"NRI_P017",50
"25305",-61045.768491364,"NRI_P017",100
"25306",14825.092008636,"NRI_P017",25
"25307",-31123.053701364,"NRI_P017",50
"25308",-61820.349731364,"NRI_P017",100
"25309",1427.14735863602,"NRI_P017",25
"25310",14418.498858636,"NRI_P017",50
"25311",-59551.432651364,"NRI_P017",100
"25312",-150.741431363975,"NRI_P017",25
"25313",-18612.811501364,"NRI_P017",50
"25314",-47921.744851364,"NRI_P017",100
"25315",-47568.293671364,"NRI_P017",25
"25316",-41721.445061364,"NRI_P017",50
"25317",-59877.119851364,"NRI_P017",100
"25318",-73283.910181364,"NRI_P017",25
"25319",-24831.120841364,"NRI_P017",50
"25320",-44044.163331364,"NRI_P017",100
"25321",-69512.931351364,"NRI_P017",25
"25322",-40546.306691364,"NRI_P017",50
"25323",-62245.253221364,"NRI_P017",100
"25324",-41956.992161364,"NRI_P017",25
"25325",28087.733378636,"NRI_P017",50
"25326",-59977.858781364,"NRI_P017",100
"25327",1538.30898863601,"NRI_P017",25
"25328",-9558.583181364,"NRI_P017",50
"25329",-72085.630561364,"NRI_P017",100
"25330",4832.88422863599,"NRI_P017",25
"25331",-60077.039201364,"NRI_P017",50
"25332",-22927.007021364,"NRI_P017",100
"25333",-19246.939921364,"NRI_P017",25
"25334",-18256.220311364,"NRI_P017",50
"25335",-64075.266531364,"NRI_P017",100
"25336",-24286.228791364,"NRI_P017",25
"25337",15247.268608636,"NRI_P017",50
"25338",-33768.990871364,"NRI_P017",100
"25339",5367.60214863601,"NRI_P017",25
"25340",-75337.375201364,"NRI_P017",50
"25341",-52146.336261364,"NRI_P017",100
"25342",8901.98292863602,"NRI_P017",25
"25343",-72105.081511364,"NRI_P017",50
"25344",-45161.004501364,"NRI_P017",100
"25345",19486.635758636,"NRI_P017",25
"25346",-71496.895091364,"NRI_P017",50
"25347",-31008.576891364,"NRI_P017",100
"25348",-33467.697911364,"NRI_P017",25
"25349",-25801.118271364,"NRI_P017",50
"25350",-61442.653931364,"NRI_P017",100
"25351",-75008.702181364,"NRI_P017",25
"25352",-50521.487401364,"NRI_P017",50
"25353",-22492.165041364,"NRI_P017",100
"25354",-50096.940961364,"NRI_P017",25
"25355",-75919.374891364,"NRI_P017",50
"25356",-35416.528161364,"NRI_P017",100
"25357",7902.80369863601,"NRI_P017",25
"25358",-36911.119331364,"NRI_P017",50
"25359",-34950.411991364,"NRI_P017",100
"25360",14645.918548636,"NRI_P017",25
"25361",-23174.780531364,"NRI_P017",50
"25362",-53904.462111364,"NRI_P017",100
"25363",3386.66248863598,"NRI_P017",25
"25364",-77058.969301364,"NRI_P017",50
"25365",-20424.250841364,"NRI_P017",100
"25366",-68463.967561364,"NRI_P017",25
"25367",-46417.741921364,"NRI_P017",50
"25368",-64619.863101364,"NRI_P017",100
"25369",7624.59484863601,"NRI_P017",25
"25370",-29108.508351364,"NRI_P017",50
"25371",-78998.811911364,"NRI_P017",100
"25372",10950.900408636,"NRI_P017",25
"25373",-15049.244181364,"NRI_P017",50
"25374",-31775.355001364,"NRI_P017",100
"25375",-46550.900321364,"NRI_P017",25
"25376",25946.312528636,"NRI_P017",50
"25377",-60707.743291364,"NRI_P017",100
"25378",6835.47958863602,"NRI_P017",25
"25379",-63275.080331364,"NRI_P017",50
"25380",-55787.809051364,"NRI_P017",100
"25381",7062.70865863602,"NRI_P017",25
"25382",-23970.176461364,"NRI_P017",50
"25383",-60607.906841364,"NRI_P017",100
"25384",1223.78503863601,"NRI_P017",25
"25385",-73404.672401364,"NRI_P017",50
"25386",-59456.192021364,"NRI_P017",100
"25387",4227.18153863598,"NRI_P017",25
"25388",-57243.160781364,"NRI_P017",50
"25389",-60180.672231364,"NRI_P017",100
"25390",-46923.758721364,"NRI_P017",25
"25391",-73127.791971364,"NRI_P017",50
"25392",-67060.935661364,"NRI_P017",100
"25393",16637.966598636,"NRI_P017",25
"25394",8646.468348636,"NRI_P017",50
"25395",-48848.703411364,"NRI_P017",100
"25396",-46291.858751364,"NRI_P017",25
"25397",3370.25659863598,"NRI_P017",50
"25398",-50459.783971364,"NRI_P017",100
"25399",4579.91235863598,"NRI_P017",25
"25400",-65566.726321364,"NRI_P017",50
"25401",-56491.991741364,"NRI_P017",100
"25402",7278.17567863601,"NRI_P017",25
"25403",-66994.622741364,"NRI_P017",50
"25404",-44402.100601364,"NRI_P017",100
"25405",-44602.186251364,"NRI_P017",25
"25406",6962.90592863603,"NRI_P017",50
"25407",-47884.583851364,"NRI_P017",100
"25408",6904.53228863602,"NRI_P017",25
"25409",-67738.797501364,"NRI_P017",50
"25410",-63658.002631364,"NRI_P017",100
"25411",-9231.463571364,"NRI_P017",25
"25412",13793.239698636,"NRI_P017",50
"25413",-36075.451341364,"NRI_P017",100
"25414",28022.361108636,"NRI_P017",25
"25415",-22814.169851364,"NRI_P017",50
"25416",-52954.935091364,"NRI_P017",100
"25417",-23830.381901364,"NRI_P017",25
"25418",-46016.560041364,"NRI_P017",50
"25419",-13655.663311364,"NRI_P017",100
"25420",13350.553438636,"NRI_P017",25
"25421",-50835.012801364,"NRI_P017",50
"25422",-50245.353511364,"NRI_P017",100
"25423",-46634.414121364,"NRI_P017",25
"25424",-47876.971391364,"NRI_P017",50
"25425",-35837.569481364,"NRI_P017",100
"25426",-2221.120861364,"NRI_P017",25
"25427",-63340.983121364,"NRI_P017",50
"25428",-21903.830921364,"NRI_P017",100
"25429",-20737.754611364,"NRI_P017",25
"25430",-20600.314821364,"NRI_P017",50
"25431",-17372.341401364,"NRI_P017",100
"25432",-24585.798861364,"NRI_P017",25
"25433",-27166.368151364,"NRI_P017",50
"25434",-41487.738701364,"NRI_P017",100
"25435",10846.079458636,"NRI_P017",25
"25436",-66179.854631364,"NRI_P017",50
"25437",-43845.022841364,"NRI_P017",100
"25438",385.477678636031,"NRI_P017",25
"25439",-27827.912001364,"NRI_P017",50
"25440",-310.634851364011,"NRI_P017",100
"25441",1732.99650863599,"NRI_P017",25
"25442",-11143.308441364,"NRI_P017",50
"25443",-11488.161381364,"NRI_P017",100
"25444",-17178.979411364,"NRI_P017",25
"25445",-2626.91097136401,"NRI_P017",50
"25446",-47752.266741364,"NRI_P017",100
"25447",-27842.809601364,"NRI_P017",25
"25448",-45869.549871364,"NRI_P017",50
"25449",-35101.541361364,"NRI_P017",100
"25450",11180.274448636,"NRI_P017",25
"25451",-77289.088811364,"NRI_P017",50
"25452",-45899.610951364,"NRI_P017",100
"25453",5974.78194863599,"NRI_P017",25
"25454",11250.197318636,"NRI_P017",50
"25455",-74527.919671364,"NRI_P017",100
"25456",-31775.811501364,"NRI_P017",25
"25457",-13226.620601364,"NRI_P017",50
"25458",1968.26555863599,"NRI_P017",100
"25459",-43753.863541364,"NRI_P017",25
"25460",-32785.848651364,"NRI_P017",50
"25461",-34565.289361364,"NRI_P017",100
"25462",-24761.661501364,"NRI_P017",25
"25463",-16201.886081364,"NRI_P017",50
"25464",-46996.352081364,"NRI_P017",100
"25465",4959.39994863601,"NRI_P017",25
"25466",-75229.929571364,"NRI_P017",50
"25467",-47208.895701364,"NRI_P017",100
"25468",-63042.019491364,"NRI_P017",25
"25469",-14972.944091364,"NRI_P017",50
"25470",-41280.324711364,"NRI_P017",100
"25471",42909.372408636,"NRI_P017",25
"25472",43837.873238636,"NRI_P017",50
"25473",-60961.378221364,"NRI_P017",100
"25474",5251.376608636,"NRI_P017",25
"25475",9922.67640863598,"NRI_P017",50
"25476",-63063.452311364,"NRI_P017",100
"25477",-68483.611141364,"NRI_P017",25
"25478",-32778.406791364,"NRI_P017",50
"25479",-39079.301881364,"NRI_P017",100
"25480",-22663.745271364,"NRI_P017",25
"25481",-39327.429571364,"NRI_P017",50
"25482",-40589.579441364,"NRI_P017",100
"25483",277.631878636021,"NRI_P017",25
"25484",-30324.097851364,"NRI_P017",50
"25485",-19870.852041364,"NRI_P017",100
"25486",-21024.859161364,"NRI_P017",25
"25487",-55283.180681364,"NRI_P017",50
"25488",-59869.401141364,"NRI_P017",100
"25489",-76227.479211364,"NRI_P017",25
"25490",-1242.984371364,"NRI_P017",50
"25491",-49425.494131364,"NRI_P017",100
"25492",-28111.467221364,"NRI_P017",25
"25493",-62850.260801364,"NRI_P017",50
"25494",-54549.943541364,"NRI_P017",100
"25495",18919.360608636,"NRI_P017",25
"25496",-29624.494461364,"NRI_P017",50
"25497",-56025.905391364,"NRI_P017",100
"25498",-36786.215411364,"NRI_P017",25
"25499",-16419.214281364,"NRI_P017",50
"25500",-46779.138191364,"NRI_P017",100
"25501",-7420.45618372096,"NRI_P018",25
"25502",-2558.432743721,"NRI_P018",50
"25503",-1086.77358372096,"NRI_P018",100
"25504",-251.890423720994,"NRI_P018",25
"25505",-3405.16020372097,"NRI_P018",50
"25506",-9060.25394372101,"NRI_P018",100
"25507",-5516.70606372098,"NRI_P018",25
"25508",5893.518286279,"NRI_P018",50
"25509",286.644896279031,"NRI_P018",100
"25510",-2276.33817372099,"NRI_P018",25
"25511",-4227.29598372098,"NRI_P018",50
"25512",-13673.438933721,"NRI_P018",100
"25513",-1873.23717372096,"NRI_P018",25
"25514",-11234.999343721,"NRI_P018",50
"25515",-754.706893721013,"NRI_P018",100
"25516",1492.31038627902,"NRI_P018",25
"25517",-8244.71732372098,"NRI_P018",50
"25518",-13671.820313721,"NRI_P018",100
"25519",-4803.78345372097,"NRI_P018",25
"25520",-9064.31948372099,"NRI_P018",50
"25521",-360.093383721018,"NRI_P018",100
"25522",-2437.30791372102,"NRI_P018",25
"25523",25351.781506279,"NRI_P018",50
"25524",-16803.530633721,"NRI_P018",100
"25525",-8511.75697372097,"NRI_P018",25
"25526",9525.79488627904,"NRI_P018",50
"25527",-16025.707053721,"NRI_P018",100
"25528",12109.902686279,"NRI_P018",25
"25529",4481.35569627903,"NRI_P018",50
"25530",22257.774966279,"NRI_P018",100
"25531",-6768.16235372098,"NRI_P018",25
"25532",-6379.33856372099,"NRI_P018",50
"25533",3469.66332627903,"NRI_P018",100
"25534",8513.14839627902,"NRI_P018",25
"25535",903.126206279034,"NRI_P018",50
"25536",4558.97632627899,"NRI_P018",100
"25537",4044.21106627904,"NRI_P018",25
"25538",-119.861263721017,"NRI_P018",50
"25539",-10162.764673721,"NRI_P018",100
"25540",-3939.60743372102,"NRI_P018",25
"25541",5768.592506279,"NRI_P018",50
"25542",27912.431326279,"NRI_P018",100
"25543",3875.84080627898,"NRI_P018",25
"25544",18307.783446279,"NRI_P018",50
"25545",22083.823076279,"NRI_P018",100
"25546",1495.41488627903,"NRI_P018",25
"25547",-3661.889843721,"NRI_P018",50
"25548",-181.553133720998,"NRI_P018",100
"25549",1897.94382627902,"NRI_P018",25
"25550",12313.950276279,"NRI_P018",50
"25551",-10026.095493721,"NRI_P018",100
"25552",1278.24052627903,"NRI_P018",25
"25553",-981.041003721009,"NRI_P018",50
"25554",23421.876776279,"NRI_P018",100
"25555",-1285.04207372101,"NRI_P018",25
"25556",-200.244483720977,"NRI_P018",50
"25557",-4236.28878372099,"NRI_P018",100
"25558",4405.03815627901,"NRI_P018",25
"25559",-1591.53131372097,"NRI_P018",50
"25560",-211.86449372099,"NRI_P018",100
"25561",-2709.78868372098,"NRI_P018",25
"25562",1263.87082627899,"NRI_P018",50
"25563",17590.730426279,"NRI_P018",100
"25564",7133.61907627899,"NRI_P018",25
"25565",-2352.14900372102,"NRI_P018",50
"25566",21781.162656279,"NRI_P018",100
"25567",-1185.10303372098,"NRI_P018",25
"25568",-67.0553337209858,"NRI_P018",50
"25569",-361.668173721002,"NRI_P018",100
"25570",709.694756279001,"NRI_P018",25
"25571",30752.120946279,"NRI_P018",50
"25572",-3406.85877372097,"NRI_P018",100
"25573",-298.836123720976,"NRI_P018",25
"25574",-8049.12788372097,"NRI_P018",50
"25575",-772.217013721005,"NRI_P018",100
"25576",2143.06543627899,"NRI_P018",25
"25577",-9369.44159372099,"NRI_P018",50
"25578",19486.380506279,"NRI_P018",100
"25579",-4061.72384372097,"NRI_P018",25
"25580",-3528.35750372097,"NRI_P018",50
"25581",-6120.75231372099,"NRI_P018",100
"25582",-4332.46974372101,"NRI_P018",25
"25583",-5787.23392372101,"NRI_P018",50
"25584",6139.249336279,"NRI_P018",100
"25585",-1799.28219372098,"NRI_P018",25
"25586",-3087.37792372098,"NRI_P018",50
"25587",2405.37483627902,"NRI_P018",100
"25588",-2837.617063721,"NRI_P018",25
"25589",10564.452406279,"NRI_P018",50
"25590",-7075.13109372096,"NRI_P018",100
"25591",-7707.428003721,"NRI_P018",25
"25592",1850.37697627902,"NRI_P018",50
"25593",25517.528326279,"NRI_P018",100
"25594",1743.16906627902,"NRI_P018",25
"25595",-1102.29785372101,"NRI_P018",50
"25596",-2987.62557372102,"NRI_P018",100
"25597",2858.199526279,"NRI_P018",25
"25598",-7279.25402372098,"NRI_P018",50
"25599",-15068.193433721,"NRI_P018",100
"25600",14085.423396279,"NRI_P018",25
"25601",13628.628016279,"NRI_P018",50
"25602",9553.39903627901,"NRI_P018",100
"25603",3310.76482627902,"NRI_P018",25
"25604",4605.81997627899,"NRI_P018",50
"25605",1656.40864627901,"NRI_P018",100
"25606",-7602.53338372096,"NRI_P018",25
"25607",2799.75305627903,"NRI_P018",50
"25608",9530.14999627898,"NRI_P018",100
"25609",6204.025656279,"NRI_P018",25
"25610",5611.50093627902,"NRI_P018",50
"25611",-7867.881793721,"NRI_P018",100
"25612",-4546.31846372096,"NRI_P018",25
"25613",41.5627062789863,"NRI_P018",50
"25614",-4154.49072372098,"NRI_P018",100
"25615",1534.29951627902,"NRI_P018",25
"25616",-8619.38265372097,"NRI_P018",50
"25617",8489.291136279,"NRI_P018",100
"25618",-7001.50467372098,"NRI_P018",25
"25619",3611.38168627903,"NRI_P018",50
"25620",7176.32924627903,"NRI_P018",100
"25621",-606.924033720978,"NRI_P018",25
"25622",3317.90132627904,"NRI_P018",50
"25623",-9834.55728372099,"NRI_P018",100
"25624",1695.14115627902,"NRI_P018",25
"25625",-969.230843721016,"NRI_P018",50
"25626",2489.354446279,"NRI_P018",100
"25627",-9243.90255372098,"NRI_P018",25
"25628",-6213.23817372101,"NRI_P018",50
"25629",-4202.52573372098,"NRI_P018",100
"25630",-2221.55079372099,"NRI_P018",25
"25631",-1223.81356372096,"NRI_P018",50
"25632",-10012.993753721,"NRI_P018",100
"25633",-5397.67782372097,"NRI_P018",25
"25634",10438.093216279,"NRI_P018",50
"25635",-6800.280093721,"NRI_P018",100
"25636",-3357.86374372098,"NRI_P018",25
"25637",-2596.91053372098,"NRI_P018",50
"25638",-5354.127903721,"NRI_P018",100
"25639",2735.009396279,"NRI_P018",25
"25640",-2591.31675372098,"NRI_P018",50
"25641",-9102.27693372098,"NRI_P018",100
"25642",-3313.16367372096,"NRI_P018",25
"25643",-6669.14377372101,"NRI_P018",50
"25644",-8220.92078372097,"NRI_P018",100
"25645",1439.549346279,"NRI_P018",25
"25646",-660.453443720995,"NRI_P018",50
"25647",-72.969853720977,"NRI_P018",100
"25648",-6823.81836372102,"NRI_P018",25
"25649",4073.73347627901,"NRI_P018",50
"25650",-17630.935933721,"NRI_P018",100
"25651",-831.916393721011,"NRI_P018",25
"25652",5240.25438627903,"NRI_P018",50
"25653",25700.889246279,"NRI_P018",100
"25654",-6957.49432372098,"NRI_P018",25
"25655",-1005.55131372099,"NRI_P018",50
"25656",87.359206278983,"NRI_P018",100
"25657",-1547.75284372101,"NRI_P018",25
"25658",906.279236279021,"NRI_P018",50
"25659",6247.53320627898,"NRI_P018",100
"25660",-9070.75153372099,"NRI_P018",25
"25661",1798.70558627899,"NRI_P018",50
"25662",-9859.32723372098,"NRI_P018",100
"25663",-2770.52218372101,"NRI_P018",25
"25664",-6970.43597372097,"NRI_P018",50
"25665",5795.94829627901,"NRI_P018",100
"25666",4342.10529627901,"NRI_P018",25
"25667",-1244.093213721,"NRI_P018",50
"25668",-2930.74821372097,"NRI_P018",100
"25669",-3401.39162372099,"NRI_P018",25
"25670",-4580.76723372098,"NRI_P018",50
"25671",6430.36034627899,"NRI_P018",100
"25672",2665.540646279,"NRI_P018",25
"25673",-10702.145453721,"NRI_P018",50
"25674",-18425.193363721,"NRI_P018",100
"25675",-1626.759973721,"NRI_P018",25
"25676",1325.267606279,"NRI_P018",50
"25677",-2228.18052372098,"NRI_P018",100
"25678",-5416.60724372097,"NRI_P018",25
"25679",-3060.09631372098,"NRI_P018",50
"25680",12887.436126279,"NRI_P018",100
"25681",-1804.020033721,"NRI_P018",25
"25682",-1931.461363721,"NRI_P018",50
"25683",-1733.64564372099,"NRI_P018",100
"25684",2010.16128627904,"NRI_P018",25
"25685",-9111.70107372099,"NRI_P018",50
"25686",-2486.311703721,"NRI_P018",100
"25687",17764.859226279,"NRI_P018",25
"25688",-801.442223721009,"NRI_P018",50
"25689",9439.47511627903,"NRI_P018",100
"25690",-2351.37555372098,"NRI_P018",25
"25691",-565.489963721018,"NRI_P018",50
"25692",-19199.655953721,"NRI_P018",100
"25693",-4694.02926372096,"NRI_P018",25
"25694",4422.45496627904,"NRI_P018",50
"25695",1137.71390627901,"NRI_P018",100
"25696",1426.856296279,"NRI_P018",25
"25697",2476.891666279,"NRI_P018",50
"25698",29353.739026279,"NRI_P018",100
"25699",2842.21657627902,"NRI_P018",25
"25700",16594.540376279,"NRI_P018",50
"25701",-20248.988243721,"NRI_P018",100
"25702",3208.88350627903,"NRI_P018",25
"25703",-2559.590583721,"NRI_P018",50
"25704",-4708.415413721,"NRI_P018",100
"25705",10939.691366279,"NRI_P018",25
"25706",-6782.43664372101,"NRI_P018",50
"25707",-2869.42442372098,"NRI_P018",100
"25708",-4217.10268372099,"NRI_P018",25
"25709",-6777.43267372099,"NRI_P018",50
"25710",28914.941416279,"NRI_P018",100
"25711",1366.80950627901,"NRI_P018",25
"25712",-7732.10401372099,"NRI_P018",50
"25713",-12147.572203721,"NRI_P018",100
"25714",5536.49296627904,"NRI_P018",25
"25715",15843.120886279,"NRI_P018",50
"25716",1552.269426279,"NRI_P018",100
"25717",4409.431156279,"NRI_P018",25
"25718",-1235.12361372099,"NRI_P018",50
"25719",-6208.827603721,"NRI_P018",100
"25720",-1816.73231372098,"NRI_P018",25
"25721",-7366.955263721,"NRI_P018",50
"25722",-11547.472273721,"NRI_P018",100
"25723",15141.993016279,"NRI_P018",25
"25724",1909.14464627899,"NRI_P018",50
"25725",-9309.175703721,"NRI_P018",100
"25726",-3088.576853721,"NRI_P018",25
"25727",26419.763366279,"NRI_P018",50
"25728",-8540.864403721,"NRI_P018",100
"25729",3279.460946279,"NRI_P018",25
"25730",-5075.04055372102,"NRI_P018",50
"25731",-3204.34102372098,"NRI_P018",100
"25732",7737.85768627899,"NRI_P018",25
"25733",-460.922083720972,"NRI_P018",50
"25734",-4227.95429372101,"NRI_P018",100
"25735",424.77466627903,"NRI_P018",25
"25736",1855.70141627901,"NRI_P018",50
"25737",8977.32905627904,"NRI_P018",100
"25738",-7735.33644372097,"NRI_P018",25
"25739",-2040.41506372101,"NRI_P018",50
"25740",-1446.93282372097,"NRI_P018",100
"25741",-5077.113103721,"NRI_P018",25
"25742",2174.46123627899,"NRI_P018",50
"25743",-3386.87117372098,"NRI_P018",100
"25744",-9011.26118372101,"NRI_P018",25
"25745",21613.245176279,"NRI_P018",50
"25746",-9793.70059372101,"NRI_P018",100
"25747",4004.80409627903,"NRI_P018",25
"25748",11685.964656279,"NRI_P018",50
"25749",-3188.95699372102,"NRI_P018",100
"25750",-1787.79428372101,"NRI_P018",25
"25751",-5497.16787372099,"NRI_P018",50
"25752",6922.84987627901,"NRI_P018",100
"25753",1228.61545627902,"NRI_P018",25
"25754",2176.77350627899,"NRI_P018",50
"25755",-10202.017553721,"NRI_P018",100
"25756",-2013.52903372102,"NRI_P018",25
"25757",10816.964076279,"NRI_P018",50
"25758",1976.31111627899,"NRI_P018",100
"25759",2144.880246279,"NRI_P018",25
"25760",-3232.63409372099,"NRI_P018",50
"25761",-6447.95762372098,"NRI_P018",100
"25762",-5441.80925372097,"NRI_P018",25
"25763",-2116.61396372097,"NRI_P018",50
"25764",-3649.88659372099,"NRI_P018",100
"25765",5810.05016627902,"NRI_P018",25
"25766",-8812.53222372098,"NRI_P018",50
"25767",-20390.187213721,"NRI_P018",100
"25768",5911.01094627898,"NRI_P018",25
"25769",6055.58369627903,"NRI_P018",50
"25770",-2700.79139372101,"NRI_P018",100
"25771",3657.338286279,"NRI_P018",25
"25772",20206.990526279,"NRI_P018",50
"25773",20246.324796279,"NRI_P018",100
"25774",-4716.642373721,"NRI_P018",25
"25775",3552.68880627904,"NRI_P018",50
"25776",2265.81629627902,"NRI_P018",100
"25777",-1425.85182372096,"NRI_P018",25
"25778",-10278.632033721,"NRI_P018",50
"25779",8711.52118627902,"NRI_P018",100
"25780",-5670.78835372097,"NRI_P018",25
"25781",-3012.516173721,"NRI_P018",50
"25782",2716.406206279,"NRI_P018",100
"25783",4096.505536279,"NRI_P018",25
"25784",-3130.22923372098,"NRI_P018",50
"25785",8890.767706279,"NRI_P018",100
"25786",99.7228262790013,"NRI_P018",25
"25787",-1142.54585372098,"NRI_P018",50
"25788",-7696.90751372097,"NRI_P018",100
"25789",-3019.15702372097,"NRI_P018",25
"25790",2850.17339627899,"NRI_P018",50
"25791",-15262.210803721,"NRI_P018",100
"25792",-7113.13990372099,"NRI_P018",25
"25793",-14389.334643721,"NRI_P018",50
"25794",2248.27790627902,"NRI_P018",100
"25795",9122.22034627903,"NRI_P018",25
"25796",6579.52544627903,"NRI_P018",50
"25797",14167.404836279,"NRI_P018",100
"25798",-5342.36918372096,"NRI_P018",25
"25799",-10229.391793721,"NRI_P018",50
"25800",1479.779616279,"NRI_P018",100
"25801",-5917.39029599301,"NRI_P020",25
"25802",-15308.334325993,"NRI_P020",50
"25803",-10907.133265993,"NRI_P020",100
"25804",4056.25433400698,"NRI_P020",25
"25805",10620.084254007,"NRI_P020",50
"25806",3454.91664400703,"NRI_P020",100
"25807",-2399.77207599301,"NRI_P020",25
"25808",-16207.346895993,"NRI_P020",50
"25809",-22976.425705993,"NRI_P020",100
"25810",-1825.05548599298,"NRI_P020",25
"25811",-16227.531155993,"NRI_P020",50
"25812",-18851.346895993,"NRI_P020",100
"25813",8291.237114007,"NRI_P020",25
"25814",14310.870074007,"NRI_P020",50
"25815",-18104.345825993,"NRI_P020",100
"25816",-999.515495992964,"NRI_P020",25
"25817",6184.26389400702,"NRI_P020",50
"25818",-10113.955575993,"NRI_P020",100
"25819",-14864.793935993,"NRI_P020",25
"25820",10085.531494007,"NRI_P020",50
"25821",-16311.125585993,"NRI_P020",100
"25822",354.507894007023,"NRI_P020",25
"25823",-5385.42023599299,"NRI_P020",50
"25824",-5342.04100599297,"NRI_P020",100
"25825",-17483.722255993,"NRI_P020",25
"25826",-13681.514805993,"NRI_P020",50
"25827",2649.08360400703,"NRI_P020",100
"25828",-14909.720575993,"NRI_P020",25
"25829",-19904.671905993,"NRI_P020",50
"25830",-7194.263505993,"NRI_P020",100
"25831",-378.903775992978,"NRI_P020",25
"25832",-16152.338725993,"NRI_P020",50
"25833",-12023.907115993,"NRI_P020",100
"25834",-15801.267345993,"NRI_P020",25
"25835",-10449.405405993,"NRI_P020",50
"25836",-23904.669115993,"NRI_P020",100
"25837",-19939.633105993,"NRI_P020",25
"25838",6000.34116400703,"NRI_P020",50
"25839",-8552.78376599296,"NRI_P020",100
"25840",4045.74556400703,"NRI_P020",25
"25841",-19141.316075993,"NRI_P020",50
"25842",-20012.079525993,"NRI_P020",100
"25843",526.498424007033,"NRI_P020",25
"25844",-16075.989465993,"NRI_P020",50
"25845",-23104.036575993,"NRI_P020",100
"25846",-8238.56800599297,"NRI_P020",25
"25847",4094.98228400701,"NRI_P020",50
"25848",-5458.15102599299,"NRI_P020",100
"25849",-5425.35984599299,"NRI_P020",25
"25850",-13522.796485993,"NRI_P020",50
"25851",-10046.184065993,"NRI_P020",100
"25852",-5366.66341599298,"NRI_P020",25
"25853",-17574.578925993,"NRI_P020",50
"25854",-16785.091905993,"NRI_P020",100
"25855",-32.5414259929676,"NRI_P020",25
"25856",2457.63750400703,"NRI_P020",50
"25857",11156.022314007,"NRI_P020",100
"25858",3144.33808400703,"NRI_P020",25
"25859",-3757.394635993,"NRI_P020",50
"25860",-19343.521295993,"NRI_P020",100
"25861",560.067534007016,"NRI_P020",25
"25862",-10019.543025993,"NRI_P020",50
"25863",-15356.962995993,"NRI_P020",100
"25864",-125.18203599297,"NRI_P020",25
"25865",-21411.618355993,"NRI_P020",50
"25866",-27955.369215993,"NRI_P020",100
"25867",6438.44059400703,"NRI_P020",25
"25868",-22772.999655993,"NRI_P020",50
"25869",-12984.612695993,"NRI_P020",100
"25870",156.686174007016,"NRI_P020",25
"25871",-19522.429705993,"NRI_P020",50
"25872",-9693.00966599298,"NRI_P020",100
"25873",-16788.733905993,"NRI_P020",25
"25874",902.747244007012,"NRI_P020",50
"25875",-11230.300015993,"NRI_P020",100
"25876",18809.864024007,"NRI_P020",25
"25877",-21721.546315993,"NRI_P020",50
"25878",-12890.748415993,"NRI_P020",100
"25879",-12842.887995993,"NRI_P020",25
"25880",-4280.83303599298,"NRI_P020",50
"25881",17593.412444007,"NRI_P020",100
"25882",-11380.263555993,"NRI_P020",25
"25883",1253.73463400704,"NRI_P020",50
"25884",-10155.477915993,"NRI_P020",100
"25885",2826.94601400703,"NRI_P020",25
"25886",-17658.511975993,"NRI_P020",50
"25887",-11047.953955993,"NRI_P020",100
"25888",787.369694007037,"NRI_P020",25
"25889",-14992.655335993,"NRI_P020",50
"25890",10584.158694007,"NRI_P020",100
"25891",2467.05547400704,"NRI_P020",25
"25892",-13725.007595993,"NRI_P020",50
"25893",-10450.329675993,"NRI_P020",100
"25894",-16617.065885993,"NRI_P020",25
"25895",-8433.19570599298,"NRI_P020",50
"25896",503.41900400701,"NRI_P020",100
"25897",350.219374007022,"NRI_P020",25
"25898",11729.124724007,"NRI_P020",50
"25899",-15321.206595993,"NRI_P020",100
"25900",-2236.62301599298,"NRI_P020",25
"25901",-23669.303225993,"NRI_P020",50
"25902",-14741.348585993,"NRI_P020",100
"25903",-2527.18082599301,"NRI_P020",25
"25904",17933.737834007,"NRI_P020",50
"25905",-23816.650125993,"NRI_P020",100
"25906",2129.17728400702,"NRI_P020",25
"25907",-19130.422475993,"NRI_P020",50
"25908",-23429.039245993,"NRI_P020",100
"25909",-17734.836655993,"NRI_P020",25
"25910",-2234.784595993,"NRI_P020",50
"25911",2000.46824400703,"NRI_P020",100
"25912",1355.69763400703,"NRI_P020",25
"25913",2701.31268400699,"NRI_P020",50
"25914",-24832.914495993,"NRI_P020",100
"25915",1514.05442400702,"NRI_P020",25
"25916",2733.05152400699,"NRI_P020",50
"25917",-11818.330465993,"NRI_P020",100
"25918",-1420.29146599298,"NRI_P020",25
"25919",431.584554006986,"NRI_P020",50
"25920",-14967.156675993,"NRI_P020",100
"25921",-232.443765992997,"NRI_P020",25
"25922",-17295.564405993,"NRI_P020",50
"25923",-11091.680155993,"NRI_P020",100
"25924",-3077.07835599297,"NRI_P020",25
"25925",4486.196874007,"NRI_P020",50
"25926",-1139.78282599297,"NRI_P020",100
"25927",-17189.938305993,"NRI_P020",25
"25928",-16864.504175993,"NRI_P020",50
"25929",-15470.598335993,"NRI_P020",100
"25930",-4154.59549599298,"NRI_P020",25
"25931",-15552.900705993,"NRI_P020",50
"25932",-11097.936655993,"NRI_P020",100
"25933",-17190.008495993,"NRI_P020",25
"25934",-14116.940665993,"NRI_P020",50
"25935",-1977.69779599301,"NRI_P020",100
"25936",-4342.896485993,"NRI_P020",25
"25937",2783.833004007,"NRI_P020",50
"25938",-9025.888145993,"NRI_P020",100
"25939",392.630614007008,"NRI_P020",25
"25940",-4501.95448599302,"NRI_P020",50
"25941",-16043.207685993,"NRI_P020",100
"25942",4540.73804400698,"NRI_P020",25
"25943",2305.78083400702,"NRI_P020",50
"25944",-12232.633245993,"NRI_P020",100
"25945",-9750.76245599298,"NRI_P020",25
"25946",-25059.931105993,"NRI_P020",50
"25947",-20263.512325993,"NRI_P020",100
"25948",-2840.75212599296,"NRI_P020",25
"25949",8530.25049400702,"NRI_P020",50
"25950",-18525.935435993,"NRI_P020",100
"25951",1592.83315400704,"NRI_P020",25
"25952",-4060.66172599298,"NRI_P020",50
"25953",-15715.138365993,"NRI_P020",100
"25954",-14927.065485993,"NRI_P020",25
"25955",-21355.898355993,"NRI_P020",50
"25956",4561.306914007,"NRI_P020",100
"25957",-1093.11933599296,"NRI_P020",25
"25958",-5916.068475993,"NRI_P020",50
"25959",-10801.713225993,"NRI_P020",100
"25960",11101.413954007,"NRI_P020",25
"25961",-16303.689325993,"NRI_P020",50
"25962",-15076.600865993,"NRI_P020",100
"25963",-7047.65548599302,"NRI_P020",25
"25964",-7576.89214599301,"NRI_P020",50
"25965",-22697.406565993,"NRI_P020",100
"25966",-3285.99540599302,"NRI_P020",25
"25967",-8883.56801599299,"NRI_P020",50
"25968",7956.49041400698,"NRI_P020",100
"25969",-1220.52499599301,"NRI_P020",25
"25970",16994.087864007,"NRI_P020",50
"25971",13276.173014007,"NRI_P020",100
"25972",665.912824006984,"NRI_P020",25
"25973",-17100.920355993,"NRI_P020",50
"25974",-6332.22250599298,"NRI_P020",100
"25975",514.356094007031,"NRI_P020",25
"25976",-4093.21465599298,"NRI_P020",50
"25977",-11436.979655993,"NRI_P020",100
"25978",-21303.508735993,"NRI_P020",25
"25979",-6313.97574599297,"NRI_P020",50
"25980",-723.951495993009,"NRI_P020",100
"25981",-15415.832885993,"NRI_P020",25
"25982",-17465.519395993,"NRI_P020",50
"25983",-11735.394635993,"NRI_P020",100
"25984",1520.426074007,"NRI_P020",25
"25985",3566.73124400701,"NRI_P020",50
"25986",-17371.093855993,"NRI_P020",100
"25987",6874.33396400703,"NRI_P020",25
"25988",-4394.49142599298,"NRI_P020",50
"25989",-14088.112635993,"NRI_P020",100
"25990",13593.065874007,"NRI_P020",25
"25991",-18173.185585993,"NRI_P020",50
"25992",-22880.308855993,"NRI_P020",100
"25993",-6104.28903599299,"NRI_P020",25
"25994",1035.95128400699,"NRI_P020",50
"25995",-7625.349565993,"NRI_P020",100
"25996",-350.226485993015,"NRI_P020",25
"25997",-17633.277185993,"NRI_P020",50
"25998",-15011.584345993,"NRI_P020",100
"25999",3222.66518400703,"NRI_P020",25
"26000",2399.60436400701,"NRI_P020",50
"26001",-2500.95678599301,"NRI_P020",100
"26002",-1600.05965599301,"NRI_P020",25
"26003",-7812.32822599297,"NRI_P020",50
"26004",-17783.795215993,"NRI_P020",100
"26005",2340.589334007,"NRI_P020",25
"26006",-15484.164815993,"NRI_P020",50
"26007",-15420.951485993,"NRI_P020",100
"26008",-1110.096185993,"NRI_P020",25
"26009",-20159.810585993,"NRI_P020",50
"26010",-12631.381495993,"NRI_P020",100
"26011",4242.47716400702,"NRI_P020",25
"26012",15656.745804007,"NRI_P020",50
"26013",-16719.923395993,"NRI_P020",100
"26014",-18861.722345993,"NRI_P020",25
"26015",-17102.458855993,"NRI_P020",50
"26016",7983.73309400701,"NRI_P020",100
"26017",-17934.464525993,"NRI_P020",25
"26018",636.509344007005,"NRI_P020",50
"26019",920.13192400703,"NRI_P020",100
"26020",398.260264007025,"NRI_P020",25
"26021",-11484.190565993,"NRI_P020",50
"26022",-20238.406455993,"NRI_P020",100
"26023",2849.23689400702,"NRI_P020",25
"26024",-2184.845115993,"NRI_P020",50
"26025",-8452.01464599301,"NRI_P020",100
"26026",-1402.164625993,"NRI_P020",25
"26027",8911.71268400701,"NRI_P020",50
"26028",-4184.19083599298,"NRI_P020",100
"26029",-1470.744225993,"NRI_P020",25
"26030",-1724.22564599296,"NRI_P020",50
"26031",-7033.17861599301,"NRI_P020",100
"26032",904.090624006989,"NRI_P020",25
"26033",-17796.407695993,"NRI_P020",50
"26034",-5593.68480599299,"NRI_P020",100
"26035",-12510.315265993,"NRI_P020",25
"26036",11489.690384007,"NRI_P020",50
"26037",-21468.751325993,"NRI_P020",100
"26038",2333.82173400698,"NRI_P020",25
"26039",1980.331834007,"NRI_P020",50
"26040",-15940.327595993,"NRI_P020",100
"26041",-12832.814445993,"NRI_P020",25
"26042",-22506.744035993,"NRI_P020",50
"26043",-10088.824575993,"NRI_P020",100
"26044",-4140.35739599296,"NRI_P020",25
"26045",-474.602645993,"NRI_P020",50
"26046",-29021.991915993,"NRI_P020",100
"26047",-1732.53246599296,"NRI_P020",25
"26048",1673.29609400703,"NRI_P020",50
"26049",-22096.644735993,"NRI_P020",100
"26050",134.456314006995,"NRI_P020",25
"26051",-8250.27189599298,"NRI_P020",50
"26052",-18707.440315993,"NRI_P020",100
"26053",39.2554140069988,"NRI_P020",25
"26054",3294.18472400703,"NRI_P020",50
"26055",-9562.91414599301,"NRI_P020",100
"26056",-2195.98752599297,"NRI_P020",25
"26057",6386.58577400702,"NRI_P020",50
"26058",-7340.87423599296,"NRI_P020",100
"26059",4207.73550400703,"NRI_P020",25
"26060",-21218.663885993,"NRI_P020",50
"26061",-18760.155225993,"NRI_P020",100
"26062",-2017.29138599301,"NRI_P020",25
"26063",-21496.474135993,"NRI_P020",50
"26064",-17187.109595993,"NRI_P020",100
"26065",-287.732855992974,"NRI_P020",25
"26066",-10652.388965993,"NRI_P020",50
"26067",-6058.503475993,"NRI_P020",100
"26068",-2310.42183599301,"NRI_P020",25
"26069",1223.75793400704,"NRI_P020",50
"26070",-23910.141955993,"NRI_P020",100
"26071",2288.63310400699,"NRI_P020",25
"26072",-24962.939265993,"NRI_P020",50
"26073",-12288.475805993,"NRI_P020",100
"26074",1564.71455400699,"NRI_P020",25
"26075",-13070.663465993,"NRI_P020",50
"26076",-6885.63664599298,"NRI_P020",100
"26077",4873.73660400702,"NRI_P020",25
"26078",-19630.198875993,"NRI_P020",50
"26079",-19448.154785993,"NRI_P020",100
"26080",-18741.362535993,"NRI_P020",25
"26081",-14549.564565993,"NRI_P020",50
"26082",-16677.322265993,"NRI_P020",100
"26083",-4062.504805993,"NRI_P020",25
"26084",-18105.257435993,"NRI_P020",50
"26085",-18202.356325993,"NRI_P020",100
"26086",1938.52084400703,"NRI_P020",25
"26087",11996.127884007,"NRI_P020",50
"26088",-20748.638245993,"NRI_P020",100
"26089",2790.85930400703,"NRI_P020",25
"26090",3610.872724007,"NRI_P020",50
"26091",-13433.135345993,"NRI_P020",100
"26092",2241.23843400698,"NRI_P020",25
"26093",5861.32579400699,"NRI_P020",50
"26094",-19117.749135993,"NRI_P020",100
"26095",-2818.931535993,"NRI_P020",25
"26096",-20314.628985993,"NRI_P020",50
"26097",-17792.198355993,"NRI_P020",100
"26098",-14.675395992992,"NRI_P020",25
"26099",5979.83058400702,"NRI_P020",50
"26100",-12426.266325993,"NRI_P020",100
"26101",2091.065194219,"NRI_P021",25
"26102",-6609.40396578104,"NRI_P021",50
"26103",-1434.64447578101,"NRI_P021",100
"26104",11467.389154219,"NRI_P021",25
"26105",-1158.079535781,"NRI_P021",50
"26106",-7983.67716578103,"NRI_P021",100
"26107",-2373.90262578102,"NRI_P021",25
"26108",9871.53292421898,"NRI_P021",50
"26109",767.238694218977,"NRI_P021",100
"26110",-336.294465781015,"NRI_P021",25
"26111",-1865.82798578101,"NRI_P021",50
"26112",-3349.43851578102,"NRI_P021",100
"26113",-4532.04172578099,"NRI_P021",25
"26114",6048.86928421899,"NRI_P021",50
"26115",3581.01790421898,"NRI_P021",100
"26116",3241.28507421899,"NRI_P021",25
"26117",5880.32137421897,"NRI_P021",50
"26118",5890.846994219,"NRI_P021",100
"26119",-3594.79476578103,"NRI_P021",25
"26120",7163.27643421898,"NRI_P021",50
"26121",-3330.08342578099,"NRI_P021",100
"26122",-3795.81562578102,"NRI_P021",25
"26123",-2350.47714578104,"NRI_P021",50
"26124",2836.691364219,"NRI_P021",100
"26125",5181.33123421896,"NRI_P021",25
"26126",-4086.53185578104,"NRI_P021",50
"26127",5533.81353421899,"NRI_P021",100
"26128",3489.71931421896,"NRI_P021",25
"26129",1598.30524421897,"NRI_P021",50
"26130",8658.34849421895,"NRI_P021",100
"26131",-3918.622015781,"NRI_P021",25
"26132",4782.42392421898,"NRI_P021",50
"26133",6326.93528421898,"NRI_P021",100
"26134",1644.445354219,"NRI_P021",25
"26135",8803.25412421901,"NRI_P021",50
"26136",6699.87333421898,"NRI_P021",100
"26137",2682.23962421896,"NRI_P021",25
"26138",737.989704218984,"NRI_P021",50
"26139",2732.49995421898,"NRI_P021",100
"26140",6966.95967421896,"NRI_P021",25
"26141",-652.873375780997,"NRI_P021",50
"26142",-1261.92108578101,"NRI_P021",100
"26143",-471.200695781037,"NRI_P021",25
"26144",-3878.411505781,"NRI_P021",50
"26145",-6136.30381578102,"NRI_P021",100
"26146",-229.82660578104,"NRI_P021",25
"26147",7431.67056421901,"NRI_P021",50
"26148",2594.255454219,"NRI_P021",100
"26149",4771.182954219,"NRI_P021",25
"26150",-2082.01608578104,"NRI_P021",50
"26151",1466.16005421896,"NRI_P021",100
"26152",-962.029375781014,"NRI_P021",25
"26153",-2056.15173578099,"NRI_P021",50
"26154",7731.809224219,"NRI_P021",100
"26155",-626.518065781042,"NRI_P021",25
"26156",8397.67703421897,"NRI_P021",50
"26157",-4103.87048578099,"NRI_P021",100
"26158",-3550.19520578103,"NRI_P021",25
"26159",6465.67206421896,"NRI_P021",50
"26160",12573.230994219,"NRI_P021",100
"26161",10242.972084219,"NRI_P021",25
"26162",-2474.34330578102,"NRI_P021",50
"26163",-3619.547315781,"NRI_P021",100
"26164",19.3429642189876,"NRI_P021",25
"26165",-1256.77549578104,"NRI_P021",50
"26166",-583.857285781007,"NRI_P021",100
"26167",-814.26231578103,"NRI_P021",25
"26168",-1949.87388578104,"NRI_P021",50
"26169",-5443.23885578103,"NRI_P021",100
"26170",6675.270734219,"NRI_P021",25
"26171",-5647.83152578102,"NRI_P021",50
"26172",14434.679204219,"NRI_P021",100
"26173",-2540.114095781,"NRI_P021",25
"26174",7250.35318421898,"NRI_P021",50
"26175",10266.518584219,"NRI_P021",100
"26176",2316.59573421901,"NRI_P021",25
"26177",-2293.65236578102,"NRI_P021",50
"26178",-3986.47538578103,"NRI_P021",100
"26179",26114.234304219,"NRI_P021",25
"26180",15075.536544219,"NRI_P021",50
"26181",-1139.41930578102,"NRI_P021",100
"26182",4749.39812421898,"NRI_P021",25
"26183",-5406.24258578103,"NRI_P021",50
"26184",13693.494834219,"NRI_P021",100
"26185",34.8773442189558,"NRI_P021",25
"26186",1407.82341421896,"NRI_P021",50
"26187",-6663.78537578101,"NRI_P021",100
"26188",-1795.20973578101,"NRI_P021",25
"26189",8730.711124219,"NRI_P021",50
"26190",-2856.828045781,"NRI_P021",100
"26191",3223.64153421897,"NRI_P021",25
"26192",-1306.66918578104,"NRI_P021",50
"26193",-457.775245780998,"NRI_P021",100
"26194",3402.65070421901,"NRI_P021",25
"26195",2573.64945421898,"NRI_P021",50
"26196",-3154.936655781,"NRI_P021",100
"26197",-6362.440515781,"NRI_P021",25
"26198",2353.30962421896,"NRI_P021",50
"26199",2504.72398421896,"NRI_P021",100
"26200",1292.574504219,"NRI_P021",25
"26201",22347.412724219,"NRI_P021",50
"26202",5952.608094219,"NRI_P021",100
"26203",833.419544218981,"NRI_P021",25
"26204",697.949854218983,"NRI_P021",50
"26205",-905.861145781004,"NRI_P021",100
"26206",30.5110742189572,"NRI_P021",25
"26207",-4051.60334578104,"NRI_P021",50
"26208",8661.580444219,"NRI_P021",100
"26209",6893.39818421897,"NRI_P021",25
"26210",-2702.68127578101,"NRI_P021",50
"26211",-2460.48811578105,"NRI_P021",100
"26212",-844.75841578102,"NRI_P021",25
"26213",-4584.90655578102,"NRI_P021",50
"26214",4142.222384219,"NRI_P021",100
"26215",-541.426595780998,"NRI_P021",25
"26216",9096.66213421896,"NRI_P021",50
"26217",2274.653554219,"NRI_P021",100
"26218",9097.53193421901,"NRI_P021",25
"26219",11217.639284219,"NRI_P021",50
"26220",24672.661294219,"NRI_P021",100
"26221",-3424.71992578101,"NRI_P021",25
"26222",4802.07571421895,"NRI_P021",50
"26223",3637.85521421896,"NRI_P021",100
"26224",5730.14366421901,"NRI_P021",25
"26225",1603.31817421899,"NRI_P021",50
"26226",-338.360955781012,"NRI_P021",100
"26227",-1961.63494578103,"NRI_P021",25
"26228",10228.473934219,"NRI_P021",50
"26229",936.797274218989,"NRI_P021",100
"26230",3873.22161421896,"NRI_P021",25
"26231",545.261904218991,"NRI_P021",50
"26232",3699.76280421898,"NRI_P021",100
"26233",1285.99245421897,"NRI_P021",25
"26234",1797.64246421901,"NRI_P021",50
"26235",-414.626175781013,"NRI_P021",100
"26236",-915.732965781004,"NRI_P021",25
"26237",1092.39176421898,"NRI_P021",50
"26238",8370.66023421899,"NRI_P021",100
"26239",-2547.32451578102,"NRI_P021",25
"26240",105.548204218969,"NRI_P021",50
"26241",-49.8220157810138,"NRI_P021",100
"26242",1842.09778421896,"NRI_P021",25
"26243",8472.36968421901,"NRI_P021",50
"26244",-2315.990035781,"NRI_P021",100
"26245",-507.84216578101,"NRI_P021",25
"26246",2140.40444421896,"NRI_P021",50
"26247",-1384.94693578104,"NRI_P021",100
"26248",-1147.30882578105,"NRI_P021",25
"26249",1033.69870421896,"NRI_P021",50
"26250",-6149.40283578105,"NRI_P021",100
"26251",-1011.304125781,"NRI_P021",25
"26252",6179.895054219,"NRI_P021",50
"26253",-1346.548775781,"NRI_P021",100
"26254",5908.365264219,"NRI_P021",25
"26255",-1418.99077578104,"NRI_P021",50
"26256",-2779.43489578104,"NRI_P021",100
"26257",-2223.96302578103,"NRI_P021",25
"26258",2100.25422421901,"NRI_P021",50
"26259",-11851.358685781,"NRI_P021",100
"26260",-1998.986015781,"NRI_P021",25
"26261",4022.35936421901,"NRI_P021",50
"26262",3499.125324219,"NRI_P021",100
"26263",6808.54109421896,"NRI_P021",25
"26264",3486.665174219,"NRI_P021",50
"26265",-5806.47943578102,"NRI_P021",100
"26266",5084.02435421897,"NRI_P021",25
"26267",3472.865264219,"NRI_P021",50
"26268",362.441174218955,"NRI_P021",100
"26269",416.654574218963,"NRI_P021",25
"26270",-4059.03422578104,"NRI_P021",50
"26271",8244.04297421896,"NRI_P021",100
"26272",3739.19442421896,"NRI_P021",25
"26273",8917.39412421896,"NRI_P021",50
"26274",1939.978874219,"NRI_P021",100
"26275",718.047344218998,"NRI_P021",25
"26276",-4946.28101578105,"NRI_P021",50
"26277",9931.76383421896,"NRI_P021",100
"26278",3273.01167421899,"NRI_P021",25
"26279",2186.27040421899,"NRI_P021",50
"26280",9724.72337421897,"NRI_P021",100
"26281",-2595.81240578101,"NRI_P021",25
"26282",10998.633794219,"NRI_P021",50
"26283",4829.920104219,"NRI_P021",100
"26284",-5381.08512578101,"NRI_P021",25
"26285",-5409.85739578103,"NRI_P021",50
"26286",5461.77743421897,"NRI_P021",100
"26287",7909.266064219,"NRI_P021",25
"26288",-499.172615781019,"NRI_P021",50
"26289",2063.53175421897,"NRI_P021",100
"26290",-6136.94497578102,"NRI_P021",25
"26291",10558.413874219,"NRI_P021",50
"26292",-5651.04525578103,"NRI_P021",100
"26293",423.610814218991,"NRI_P021",25
"26294",8241.729264219,"NRI_P021",50
"26295",6189.14219421899,"NRI_P021",100
"26296",-3434.61258578103,"NRI_P021",25
"26297",-5901.10277578101,"NRI_P021",50
"26298",30531.580404219,"NRI_P021",100
"26299",7823.57643421897,"NRI_P021",25
"26300",7268.18514421897,"NRI_P021",50
"26301",-10115.652035781,"NRI_P021",100
"26302",-1220.299585781,"NRI_P021",25
"26303",6403.76591421897,"NRI_P021",50
"26304",2285.55706421897,"NRI_P021",100
"26305",-3172.18213578104,"NRI_P021",25
"26306",-3489.86601578101,"NRI_P021",50
"26307",15927.571654219,"NRI_P021",100
"26308",156.167524218967,"NRI_P021",25
"26309",550.848584218998,"NRI_P021",50
"26310",818.20656421897,"NRI_P021",100
"26311",-1053.59787578101,"NRI_P021",25
"26312",3733.82467421901,"NRI_P021",50
"26313",34041.078904219,"NRI_P021",100
"26314",-4055.028005781,"NRI_P021",25
"26315",564.866474218958,"NRI_P021",50
"26316",7443.49900421896,"NRI_P021",100
"26317",2255.61834421899,"NRI_P021",25
"26318",10524.221634219,"NRI_P021",50
"26319",-5265.68119578104,"NRI_P021",100
"26320",-3215.91325578099,"NRI_P021",25
"26321",-4834.616625781,"NRI_P021",50
"26322",3706.37831421901,"NRI_P021",100
"26323",5884.70681421901,"NRI_P021",25
"26324",3129.49504421896,"NRI_P021",50
"26325",1234.076164219,"NRI_P021",100
"26326",14575.650744219,"NRI_P021",25
"26327",699.057994219009,"NRI_P021",50
"26328",-6452.18047578103,"NRI_P021",100
"26329",10838.790494219,"NRI_P021",25
"26330",-4553.76697578101,"NRI_P021",50
"26331",-1422.09929578099,"NRI_P021",100
"26332",2234.570774219,"NRI_P021",25
"26333",-6875.56401578104,"NRI_P021",50
"26334",2651.59324421897,"NRI_P021",100
"26335",-1697.46208578104,"NRI_P021",25
"26336",10736.459604219,"NRI_P021",50
"26337",4509.80309421901,"NRI_P021",100
"26338",-2564.24657578103,"NRI_P021",25
"26339",3951.40172421897,"NRI_P021",50
"26340",6954.66739421897,"NRI_P021",100
"26341",554.432204218989,"NRI_P021",25
"26342",-2186.79675578099,"NRI_P021",50
"26343",322.238614219008,"NRI_P021",100
"26344",1987.730044219,"NRI_P021",25
"26345",10999.400304219,"NRI_P021",50
"26346",-8016.246915781,"NRI_P021",100
"26347",606.860964218969,"NRI_P021",25
"26348",-6159.98437578103,"NRI_P021",50
"26349",-4807.98960578104,"NRI_P021",100
"26350",4249.25602421898,"NRI_P021",25
"26351",-1189.73000578099,"NRI_P021",50
"26352",193.103954218968,"NRI_P021",100
"26353",-6197.514215781,"NRI_P021",25
"26354",3506.54853421898,"NRI_P021",50
"26355",9725.535924219,"NRI_P021",100
"26356",-513.232395781029,"NRI_P021",25
"26357",-1247.75173578103,"NRI_P021",50
"26358",20132.338764219,"NRI_P021",100
"26359",-4098.58290578099,"NRI_P021",25
"26360",-8677.44755578099,"NRI_P021",50
"26361",-233.920635781018,"NRI_P021",100
"26362",1973.22756421898,"NRI_P021",25
"26363",1520.56011421897,"NRI_P021",50
"26364",12967.630504219,"NRI_P021",100
"26365",-1365.97843578103,"NRI_P021",25
"26366",-3918.42109578103,"NRI_P021",50
"26367",-7624.907775781,"NRI_P021",100
"26368",-686.92472578102,"NRI_P021",25
"26369",-719.367185781011,"NRI_P021",50
"26370",994.237104218977,"NRI_P021",100
"26371",-2258.28034578101,"NRI_P021",25
"26372",2770.501104219,"NRI_P021",50
"26373",-4817.55775578099,"NRI_P021",100
"26374",2594.94890421897,"NRI_P021",25
"26375",15451.529184219,"NRI_P021",50
"26376",-13475.380305781,"NRI_P021",100
"26377",1319.52319421899,"NRI_P021",25
"26378",7758.708854219,"NRI_P021",50
"26379",4533.56261421897,"NRI_P021",100
"26380",-3907.79034578102,"NRI_P021",25
"26381",720.906164218963,"NRI_P021",50
"26382",8327.442694219,"NRI_P021",100
"26383",404.36142421898,"NRI_P021",25
"26384",3099.61853421899,"NRI_P021",50
"26385",3360.945384219,"NRI_P021",100
"26386",-2382.52914578101,"NRI_P021",25
"26387",-4112.92927578103,"NRI_P021",50
"26388",4948.41628421895,"NRI_P021",100
"26389",2469.48514421895,"NRI_P021",25
"26390",-3645.17598578101,"NRI_P021",50
"26391",-3726.45118578104,"NRI_P021",100
"26392",2863.57326421898,"NRI_P021",25
"26393",8960.93577421899,"NRI_P021",50
"26394",-6682.71195578104,"NRI_P021",100
"26395",889.395334218978,"NRI_P021",25
"26396",11455.775804219,"NRI_P021",50
"26397",728.69822421897,"NRI_P021",100
"26398",-1979.38186578103,"NRI_P021",25
"26399",7623.39103421901,"NRI_P021",50
"26400",3363.678934219,"NRI_P021",100
"26401",1138.1058857009,"NRI_P022",25
"26402",-17243.5650442991,"NRI_P022",50
"26403",1175.0510757009,"NRI_P022",100
"26404",-3457.53275429911,"NRI_P022",25
"26405",-11822.7983442991,"NRI_P022",50
"26406",-23868.0431342991,"NRI_P022",100
"26407",-16473.555414299,"NRI_P022",25
"26408",6598.91648570099,"NRI_P022",50
"26409",-31510.955014299,"NRI_P022",100
"26410",-4897.53034429904,"NRI_P022",25
"26411",-8257.01701429905,"NRI_P022",50
"26412",-11493.7127142991,"NRI_P022",100
"26413",23576.248185701,"NRI_P022",25
"26414",17029.384285701,"NRI_P022",50
"26415",-1886.62493429903,"NRI_P022",100
"26416",-2716.45721429901,"NRI_P022",25
"26417",-7137.13095429901,"NRI_P022",50
"26418",-12124.2068742991,"NRI_P022",100
"26419",-8528.43868429901,"NRI_P022",25
"26420",-17355.944314299,"NRI_P022",50
"26421",67.7332857009023,"NRI_P022",100
"26422",-7759.42070429912,"NRI_P022",25
"26423",16769.003185701,"NRI_P022",50
"26424",-25391.926824299,"NRI_P022",100
"26425",-17597.609214299,"NRI_P022",25
"26426",9114.49573570094,"NRI_P022",50
"26427",-17715.4784642991,"NRI_P022",100
"26428",-13218.097214299,"NRI_P022",25
"26429",-1729.84330429905,"NRI_P022",50
"26430",-31233.204524299,"NRI_P022",100
"26431",-21140.8855342991,"NRI_P022",25
"26432",-9419.9666142991,"NRI_P022",50
"26433",7567.19368570088,"NRI_P022",100
"26434",-4193.84191429906,"NRI_P022",25
"26435",-19069.5437142991,"NRI_P022",50
"26436",-35340.1021742991,"NRI_P022",100
"26437",-18315.7488142991,"NRI_P022",25
"26438",-2402.1835142991,"NRI_P022",50
"26439",-23899.3897142991,"NRI_P022",100
"26440",33103.4940857009,"NRI_P022",25
"26441",-6340.00154429907,"NRI_P022",50
"26442",-35119.536654299,"NRI_P022",100
"26443",-2326.30730429909,"NRI_P022",25
"26444",-7641.06817429909,"NRI_P022",50
"26445",-24996.769014299,"NRI_P022",100
"26446",-15900.1111542991,"NRI_P022",25
"26447",3001.40851570095,"NRI_P022",50
"26448",-20758.2284342991,"NRI_P022",100
"26449",2706.26388570096,"NRI_P022",25
"26450",-15536.191314299,"NRI_P022",50
"26451",-6968.60503429908,"NRI_P022",100
"26452",30856.218985701,"NRI_P022",25
"26453",-14423.9745342991,"NRI_P022",50
"26454",-30752.1979442991,"NRI_P022",100
"26455",-5047.85541429906,"NRI_P022",25
"26456",-24519.382714299,"NRI_P022",50
"26457",-30546.668794299,"NRI_P022",100
"26458",41981.717685701,"NRI_P022",25
"26459",-10349.7627242991,"NRI_P022",50
"26460",-30561.213714299,"NRI_P022",100
"26461",-6553.72721429903,"NRI_P022",25
"26462",-13681.726634299,"NRI_P022",50
"26463",-30606.649914299,"NRI_P022",100
"26464",52551.151455701,"NRI_P022",25
"26465",25544.9279857009,"NRI_P022",50
"26466",-19096.080884299,"NRI_P022",100
"26467",-13230.8993442991,"NRI_P022",25
"26468",-3842.76171429909,"NRI_P022",50
"26469",-28802.172864299,"NRI_P022",100
"26470",1371.24138570088,"NRI_P022",25
"26471",-23153.4155142991,"NRI_P022",50
"26472",-14485.1570442991,"NRI_P022",100
"26473",-3060.32011429907,"NRI_P022",25
"26474",-12296.0082142991,"NRI_P022",50
"26475",-1996.16211429902,"NRI_P022",100
"26476",-7613.11016429903,"NRI_P022",25
"26477",-23914.3765942991,"NRI_P022",50
"26478",-32241.881814299,"NRI_P022",100
"26479",-5444.9701142991,"NRI_P022",25
"26480",-18058.866264299,"NRI_P022",50
"26481",-25017.3486442991,"NRI_P022",100
"26482",-20646.3284042991,"NRI_P022",25
"26483",-12202.6567142991,"NRI_P022",50
"26484",-33541.0622442991,"NRI_P022",100
"26485",-14008.379934299,"NRI_P022",25
"26486",-5308.07401429908,"NRI_P022",50
"26487",-6314.36243429908,"NRI_P022",100
"26488",-2758.91457429901,"NRI_P022",25
"26489",-13459.673614299,"NRI_P022",50
"26490",-34777.0587142991,"NRI_P022",100
"26491",-11678.5892442991,"NRI_P022",25
"26492",-7870.37091429904,"NRI_P022",50
"26493",-29664.162404299,"NRI_P022",100
"26494",-15321.486114299,"NRI_P022",25
"26495",-12286.1300142991,"NRI_P022",50
"26496",-32747.3894342991,"NRI_P022",100
"26497",9333.96625570091,"NRI_P022",25
"26498",40014.562445701,"NRI_P022",50
"26499",-27743.8357842991,"NRI_P022",100
"26500",7987.99388570094,"NRI_P022",25
"26501",-11312.961114299,"NRI_P022",50
"26502",-9493.25565429905,"NRI_P022",100
"26503",-9078.36561429908,"NRI_P022",25
"26504",-18764.770514299,"NRI_P022",50
"26505",52730.6197557009,"NRI_P022",100
"26506",-774.168814299046,"NRI_P022",25
"26507",20135.491945701,"NRI_P022",50
"26508",6549.45307570091,"NRI_P022",100
"26509",-6024.47461429902,"NRI_P022",25
"26510",-19219.956714299,"NRI_P022",50
"26511",-20834.6841342991,"NRI_P022",100
"26512",8961.04718570097,"NRI_P022",25
"26513",-8889.48571429902,"NRI_P022",50
"26514",-264.210344299092,"NRI_P022",100
"26515",611.521195700974,"NRI_P022",25
"26516",-229.213814299088,"NRI_P022",50
"26517",-34260.1569442991,"NRI_P022",100
"26518",-49.0151142990217,"NRI_P022",25
"26519",1842.35054570099,"NRI_P022",50
"26520",-747.297344299033,"NRI_P022",100
"26521",-23524.430214299,"NRI_P022",25
"26522",-8943.18691429903,"NRI_P022",50
"26523",21821.248125701,"NRI_P022",100
"26524",-11021.985744299,"NRI_P022",25
"26525",-9153.45942429907,"NRI_P022",50
"26526",-1541.08677429904,"NRI_P022",100
"26527",-5853.39384429902,"NRI_P022",25
"26528",-24266.452034299,"NRI_P022",50
"26529",-25445.3443442991,"NRI_P022",100
"26530",3551.85658570088,"NRI_P022",25
"26531",-307.199444299098,"NRI_P022",50
"26532",-4053.19171429903,"NRI_P022",100
"26533",-1829.75541429908,"NRI_P022",25
"26534",-18171.422144299,"NRI_P022",50
"26535",-24929.5021742991,"NRI_P022",100
"26536",-14244.7062142991,"NRI_P022",25
"26537",-10386.971434299,"NRI_P022",50
"26538",-16948.7423542991,"NRI_P022",100
"26539",6289.80168570089,"NRI_P022",25
"26540",-31400.8319142991,"NRI_P022",50
"26541",-30990.7886842991,"NRI_P022",100
"26542",-6201.33001429902,"NRI_P022",25
"26543",-17353.0150442991,"NRI_P022",50
"26544",1870.0995857009,"NRI_P022",100
"26545",-8461.21101429907,"NRI_P022",25
"26546",-11405.0407442991,"NRI_P022",50
"26547",-21984.6296642991,"NRI_P022",100
"26548",-22162.0542142991,"NRI_P022",25
"26549",-19215.3628442991,"NRI_P022",50
"26550",20277.6188857009,"NRI_P022",100
"26551",-2560.78451429901,"NRI_P022",25
"26552",-20147.753004299,"NRI_P022",50
"26553",-18681.4553142991,"NRI_P022",100
"26554",8575.92979570094,"NRI_P022",25
"26555",4428.27058570099,"NRI_P022",50
"26556",15189.132635701,"NRI_P022",100
"26557",31669.4538857009,"NRI_P022",25
"26558",-14310.9527142991,"NRI_P022",50
"26559",-20901.9754142991,"NRI_P022",100
"26560",-8400.33981429902,"NRI_P022",25
"26561",-18691.5043742991,"NRI_P022",50
"26562",-15350.6065142991,"NRI_P022",100
"26563",15059.1602857009,"NRI_P022",25
"26564",-10120.761614299,"NRI_P022",50
"26565",-25703.3586142991,"NRI_P022",100
"26566",-15778.8545142991,"NRI_P022",25
"26567",9100.92103570094,"NRI_P022",50
"26568",-1135.77172429906,"NRI_P022",100
"26569",-19371.5553142991,"NRI_P022",25
"26570",14886.4727557009,"NRI_P022",50
"26571",-32122.5285042991,"NRI_P022",100
"26572",-1869.09384429909,"NRI_P022",25
"26573",-1843.1443142991,"NRI_P022",50
"26574",-10940.6912442991,"NRI_P022",100
"26575",5481.57008570095,"NRI_P022",25
"26576",-1283.70531429909,"NRI_P022",50
"26577",-2479.46153429907,"NRI_P022",100
"26578",2827.43384570093,"NRI_P022",25
"26579",-16645.495254299,"NRI_P022",50
"26580",-24754.3469642991,"NRI_P022",100
"26581",11950.945085701,"NRI_P022",25
"26582",-11552.6212142991,"NRI_P022",50
"26583",31296.827795701,"NRI_P022",100
"26584",-15887.8360442991,"NRI_P022",25
"26585",4509.52816570096,"NRI_P022",50
"26586",-35639.898874299,"NRI_P022",100
"26587",-3363.06994429906,"NRI_P022",25
"26588",-20099.918414299,"NRI_P022",50
"26589",-25801.2874442991,"NRI_P022",100
"26590",157.287785700988,"NRI_P022",25
"26591",-22435.726114299,"NRI_P022",50
"26592",-916.27001429908,"NRI_P022",100
"26593",-265.809714299045,"NRI_P022",25
"26594",-17799.9004142991,"NRI_P022",50
"26595",-20463.4485142991,"NRI_P022",100
"26596",-5402.0522142991,"NRI_P022",25
"26597",-24206.7453542991,"NRI_P022",50
"26598",-5993.85241429904,"NRI_P022",100
"26599",-4501.66681429907,"NRI_P022",25
"26600",6022.91411570099,"NRI_P022",50
"26601",22927.847195701,"NRI_P022",100
"26602",26937.603185701,"NRI_P022",25
"26603",7509.34638570098,"NRI_P022",50
"26604",29059.7140857009,"NRI_P022",100
"26605",-9557.86421429901,"NRI_P022",25
"26606",-4565.51271429902,"NRI_P022",50
"26607",-33641.8313242991,"NRI_P022",100
"26608",1604.41138570092,"NRI_P022",25
"26609",-12134.4605142991,"NRI_P022",50
"26610",55796.961185701,"NRI_P022",100
"26611",2755.98918570089,"NRI_P022",25
"26612",-13352.2250342991,"NRI_P022",50
"26613",-20021.9603442991,"NRI_P022",100
"26614",-11673.722214299,"NRI_P022",25
"26615",-8062.53944429907,"NRI_P022",50
"26616",-3505.20283429907,"NRI_P022",100
"26617",-13102.8998142991,"NRI_P022",25
"26618",-16455.5887242991,"NRI_P022",50
"26619",-36831.774714299,"NRI_P022",100
"26620",4432.99465570098,"NRI_P022",25
"26621",582.035985700903,"NRI_P022",50
"26622",-11691.0832142991,"NRI_P022",100
"26623",-16904.5111142991,"NRI_P022",25
"26624",-7078.20427429909,"NRI_P022",50
"26625",-29642.056454299,"NRI_P022",100
"26626",-688.922214299091,"NRI_P022",25
"26627",-10608.318214299,"NRI_P022",50
"26628",-26338.850914299,"NRI_P022",100
"26629",6637.79328570096,"NRI_P022",25
"26630",-955.198614299065,"NRI_P022",50
"26631",-6053.8755542991,"NRI_P022",100
"26632",14592.9242857009,"NRI_P022",25
"26633",22055.1308857009,"NRI_P022",50
"26634",-18151.5231142991,"NRI_P022",100
"26635",-5944.9163142991,"NRI_P022",25
"26636",-449.794614299084,"NRI_P022",50
"26637",-16803.5434342991,"NRI_P022",100
"26638",-16467.2757142991,"NRI_P022",25
"26639",4820.90958570095,"NRI_P022",50
"26640",-16614.6297142991,"NRI_P022",100
"26641",2561.55688570091,"NRI_P022",25
"26642",4527.0646357009,"NRI_P022",50
"26643",8764.43690570095,"NRI_P022",100
"26644",-19009.4124142991,"NRI_P022",25
"26645",1990.41248570092,"NRI_P022",50
"26646",-31102.5841842991,"NRI_P022",100
"26647",-10741.509914299,"NRI_P022",25
"26648",-6936.4211142991,"NRI_P022",50
"26649",11715.7236557009,"NRI_P022",100
"26650",-13747.6636242991,"NRI_P022",25
"26651",-2002.62760429911,"NRI_P022",50
"26652",-11726.355014299,"NRI_P022",100
"26653",5148.8887857009,"NRI_P022",25
"26654",51460.7354857009,"NRI_P022",50
"26655",28628.2369257009,"NRI_P022",100
"26656",-7612.82486429904,"NRI_P022",25
"26657",-5258.11921429902,"NRI_P022",50
"26658",-10847.482354299,"NRI_P022",100
"26659",-3150.45461429912,"NRI_P022",25
"26660",-17906.609214299,"NRI_P022",50
"26661",-11557.8124742991,"NRI_P022",100
"26662",-2446.06891429902,"NRI_P022",25
"26663",-14107.317324299,"NRI_P022",50
"26664",-30515.3099142991,"NRI_P022",100
"26665",-10647.7126642991,"NRI_P022",25
"26666",-8027.32524429902,"NRI_P022",50
"26667",-29545.336744299,"NRI_P022",100
"26668",-13744.976814299,"NRI_P022",25
"26669",1655.47256570088,"NRI_P022",50
"26670",-23518.156334299,"NRI_P022",100
"26671",198.893685700954,"NRI_P022",25
"26672",5445.46698570088,"NRI_P022",50
"26673",23367.134145701,"NRI_P022",100
"26674",-4907.81561429903,"NRI_P022",25
"26675",-8977.38634429907,"NRI_P022",50
"26676",-8969.3768542991,"NRI_P022",100
"26677",22777.900385701,"NRI_P022",25
"26678",4771.72878570098,"NRI_P022",50
"26679",-24585.3976442991,"NRI_P022",100
"26680",-947.136714299093,"NRI_P022",25
"26681",-17327.1102142991,"NRI_P022",50
"26682",-6123.01055429911,"NRI_P022",100
"26683",7262.92678570095,"NRI_P022",25
"26684",-29311.6300442991,"NRI_P022",50
"26685",2254.70696570096,"NRI_P022",100
"26686",-6312.57773429912,"NRI_P022",25
"26687",-20662.7523142991,"NRI_P022",50
"26688",-28617.9275842991,"NRI_P022",100
"26689",-20724.5872042991,"NRI_P022",25
"26690",-18592.455214299,"NRI_P022",50
"26691",-22988.980224299,"NRI_P022",100
"26692",3755.32588570099,"NRI_P022",25
"26693",-7595.0651342991,"NRI_P022",50
"26694",1636.56627570093,"NRI_P022",100
"26695",-11522.2478142991,"NRI_P022",25
"26696",-8122.78121429903,"NRI_P022",50
"26697",-14101.959524299,"NRI_P022",100
"26698",-5894.63761429908,"NRI_P022",25
"26699",10153.588085701,"NRI_P022",50
"26700",-8069.83021429903,"NRI_P022",100
"26701",210.901439419948,"NRI_P023",25
"26702",-5385.68412058003,"NRI_P023",50
"26703",-14826.32599058,"NRI_P023",100
"26704",-2067.13502058003,"NRI_P023",25
"26705",-4092.93373058003,"NRI_P023",50
"26706",-13345.72908058,"NRI_P023",100
"26707",433.554739419953,"NRI_P023",25
"26708",-4094.61025058001,"NRI_P023",50
"26709",2475.51165941998,"NRI_P023",100
"26710",-394.709560580028,"NRI_P023",25
"26711",-4327.14964058,"NRI_P023",50
"26712",-9787.36344058003,"NRI_P023",100
"26713",5203.97285942,"NRI_P023",25
"26714",2245.43919941998,"NRI_P023",50
"26715",141.345589420001,"NRI_P023",100
"26716",-1145.03420058003,"NRI_P023",25
"26717",-6367.35580058,"NRI_P023",50
"26718",-8631.08047058003,"NRI_P023",100
"26719",-6448.31667058001,"NRI_P023",25
"26720",-9550.94937058003,"NRI_P023",50
"26721",-13608.08023058,"NRI_P023",100
"26722",3102.99553941999,"NRI_P023",25
"26723",-8260.24184058001,"NRI_P023",50
"26724",-516.301590580028,"NRI_P023",100
"26725",-532.006020580011,"NRI_P023",25
"26726",-6568.66420058004,"NRI_P023",50
"26727",-11580.68275058,"NRI_P023",100
"26728",-1033.87567058002,"NRI_P023",25
"26729",-3675.55711058003,"NRI_P023",50
"26730",-573.948550580011,"NRI_P023",100
"26731",28884.69302942,"NRI_P023",25
"26732",2831.08061941998,"NRI_P023",50
"26733",-9695.36166058003,"NRI_P023",100
"26734",-4086.91700058,"NRI_P023",25
"26735",-6415.91672058002,"NRI_P023",50
"26736",-10194.72453058,"NRI_P023",100
"26737",-2575.96100058005,"NRI_P023",25
"26738",-5015.15507058002,"NRI_P023",50
"26739",-1100.13789058005,"NRI_P023",100
"26740",-8896.77912058,"NRI_P023",25
"26741",-6259.81532058003,"NRI_P023",50
"26742",-2284.18951058004,"NRI_P023",100
"26743",-87.3326305800001,"NRI_P023",25
"26744",5760.10376942001,"NRI_P023",50
"26745",-7982.44906058005,"NRI_P023",100
"26746",-605.560910580039,"NRI_P023",25
"26747",-5221.73560058,"NRI_P023",50
"26748",-6443.38182058005,"NRI_P023",100
"26749",-3726.22776058002,"NRI_P023",25
"26750",-3252.01783058001,"NRI_P023",50
"26751",-11106.63036058,"NRI_P023",100
"26752",-5296.63269058004,"NRI_P023",25
"26753",-6550.10969058005,"NRI_P023",50
"26754",-11228.30332058,"NRI_P023",100
"26755",814.093059420004,"NRI_P023",25
"26756",-379.864910580043,"NRI_P023",50
"26757",16118.8754794199,"NRI_P023",100
"26758",-338.48120058002,"NRI_P023",25
"26759",-3862.87743058003,"NRI_P023",50
"26760",-8355.37589058001,"NRI_P023",100
"26761",2264.29039941996,"NRI_P023",25
"26762",5483.49720941996,"NRI_P023",50
"26763",-9220.72256058,"NRI_P023",100
"26764",1531.77529942,"NRI_P023",25
"26765",1839.17887941998,"NRI_P023",50
"26766",8508.59604941995,"NRI_P023",100
"26767",-4429.31338058005,"NRI_P023",25
"26768",-3578.33544058003,"NRI_P023",50
"26769",-12253.04234058,"NRI_P023",100
"26770",2021.47661941999,"NRI_P023",25
"26771",-4445.21806058002,"NRI_P023",50
"26772",-5299.58768058004,"NRI_P023",100
"26773",6480.75688941998,"NRI_P023",25
"26774",-7382.77198058,"NRI_P023",50
"26775",-1859.63923058001,"NRI_P023",100
"26776",-1548.85722058004,"NRI_P023",25
"26777",-4220.78088058002,"NRI_P023",50
"26778",-10205.65156058,"NRI_P023",100
"26779",-206.900310580037,"NRI_P023",25
"26780",498.793399419985,"NRI_P023",50
"26781",-4448.37558058003,"NRI_P023",100
"26782",-5004.27203058003,"NRI_P023",25
"26783",3362.29324941995,"NRI_P023",50
"26784",-6654.66863058001,"NRI_P023",100
"26785",9240.39794941997,"NRI_P023",25
"26786",-8226.67687058001,"NRI_P023",50
"26787",9522.76237941999,"NRI_P023",100
"26788",895.237529420003,"NRI_P023",25
"26789",-10958.92976058,"NRI_P023",50
"26790",-9676.61314058001,"NRI_P023",100
"26791",-3486.01745058002,"NRI_P023",25
"26792",-11189.47599058,"NRI_P023",50
"26793",6224.91695941996,"NRI_P023",100
"26794",-7105.45124058001,"NRI_P023",25
"26795",-8486.80943058,"NRI_P023",50
"26796",-14267.13462058,"NRI_P023",100
"26797",-2817.69732058002,"NRI_P023",25
"26798",1917.45702941995,"NRI_P023",50
"26799",4504.26297941996,"NRI_P023",100
"26800",-8606.71324058005,"NRI_P023",25
"26801",-2369.83701058,"NRI_P023",50
"26802",-1625.84831058001,"NRI_P023",100
"26803",0.108479419955984,"NRI_P023",25
"26804",31150.22856942,"NRI_P023",50
"26805",-6974.62010058004,"NRI_P023",100
"26806",75.0618594199768,"NRI_P023",25
"26807",-3689.21317058004,"NRI_P023",50
"26808",-9332.36483058002,"NRI_P023",100
"26809",-5047.10610058001,"NRI_P023",25
"26810",-2617.26331058005,"NRI_P023",50
"26811",-4469.14935058,"NRI_P023",100
"26812",-6665.82801058004,"NRI_P023",25
"26813",-5196.83413058001,"NRI_P023",50
"26814",-4328.24379058002,"NRI_P023",100
"26815",-5124.06837058003,"NRI_P023",25
"26816",-7859.87615058001,"NRI_P023",50
"26817",-985.94584058004,"NRI_P023",100
"26818",-4371.25062058005,"NRI_P023",25
"26819",2125.10368941998,"NRI_P023",50
"26820",-4544.72469058004,"NRI_P023",100
"26821",3649.08905941999,"NRI_P023",25
"26822",-4632.19749058003,"NRI_P023",50
"26823",2077.37639941997,"NRI_P023",100
"26824",2079.09001941996,"NRI_P023",25
"26825",3750.54073941999,"NRI_P023",50
"26826",-13182.21436058,"NRI_P023",100
"26827",1187.13448941999,"NRI_P023",25
"26828",-1494.00312058005,"NRI_P023",50
"26829",17649.30445942,"NRI_P023",100
"26830",-7892.53138058004,"NRI_P023",25
"26831",-3056.35982058005,"NRI_P023",50
"26832",-9390.40632058005,"NRI_P023",100
"26833",5631.85776941996,"NRI_P023",25
"26834",-10023.64932058,"NRI_P023",50
"26835",-11403.05967058,"NRI_P023",100
"26836",246.522949419974,"NRI_P023",25
"26837",-9732.53415058,"NRI_P023",50
"26838",-13391.26820058,"NRI_P023",100
"26839",641.830439419951,"NRI_P023",25
"26840",-507.135630580015,"NRI_P023",50
"26841",1026.23866941995,"NRI_P023",100
"26842",1739.56267941999,"NRI_P023",25
"26843",-86.565040579997,"NRI_P023",50
"26844",-3113.28159058001,"NRI_P023",100
"26845",2345.30825941998,"NRI_P023",25
"26846",-2376.65253058,"NRI_P023",50
"26847",1401.52903941995,"NRI_P023",100
"26848",1173.07140941999,"NRI_P023",25
"26849",-1174.08674058004,"NRI_P023",50
"26850",-9116.38058058004,"NRI_P023",100
"26851",-7560.19565058005,"NRI_P023",25
"26852",995.670089419989,"NRI_P023",50
"26853",-2455.19661058002,"NRI_P023",100
"26854",-7129.42137058004,"NRI_P023",25
"26855",-7550.72798058001,"NRI_P023",50
"26856",4335.05154941999,"NRI_P023",100
"26857",7025.60554942,"NRI_P023",25
"26858",-4268.78851058002,"NRI_P023",50
"26859",-1954.03414058004,"NRI_P023",100
"26860",-4548.75851058,"NRI_P023",25
"26861",-7813.70134058001,"NRI_P023",50
"26862",-8378.79699058004,"NRI_P023",100
"26863",-8936.38825058,"NRI_P023",25
"26864",-2309.88796058,"NRI_P023",50
"26865",4142.82145941997,"NRI_P023",100
"26866",1795.95989941998,"NRI_P023",25
"26867",3486.65347942,"NRI_P023",50
"26868",-2346.94506058004,"NRI_P023",100
"26869",-4602.64208058,"NRI_P023",25
"26870",-2327.46260058001,"NRI_P023",50
"26871",-7754.19702058,"NRI_P023",100
"26872",-1455.79492058,"NRI_P023",25
"26873",-4895.00381058,"NRI_P023",50
"26874",-5568.97176058003,"NRI_P023",100
"26875",-4650.00510058005,"NRI_P023",25
"26876",12956.89307942,"NRI_P023",50
"26877",-1273.88147058,"NRI_P023",100
"26878",-3024.86386058002,"NRI_P023",25
"26879",-3378.03614058002,"NRI_P023",50
"26880",7675.27869941999,"NRI_P023",100
"26881",-9103.08583058004,"NRI_P023",25
"26882",3666.24585941999,"NRI_P023",50
"26883",-291.072020580003,"NRI_P023",100
"26884",968.767379419995,"NRI_P023",25
"26885",-4289.57713058003,"NRI_P023",50
"26886",9583.60999942,"NRI_P023",100
"26887",-845.713860579999,"NRI_P023",25
"26888",-1940.21489058004,"NRI_P023",50
"26889",-8366.61593058001,"NRI_P023",100
"26890",-7747.20565058,"NRI_P023",25
"26891",-1965.08617058001,"NRI_P023",50
"26892",4797.54036941996,"NRI_P023",100
"26893",4902.20954941999,"NRI_P023",25
"26894",-6965.12928058003,"NRI_P023",50
"26895",-6884.16023058002,"NRI_P023",100
"26896",-2726.73833058,"NRI_P023",25
"26897",-89.4851505800034,"NRI_P023",50
"26898",-7929.76555058005,"NRI_P023",100
"26899",-2598.91636058001,"NRI_P023",25
"26900",-7447.19079058,"NRI_P023",50
"26901",8262.76088941999,"NRI_P023",100
"26902",-2192.20053058001,"NRI_P023",25
"26903",-5361.99772058002,"NRI_P023",50
"26904",-10591.41496058,"NRI_P023",100
"26905",-5314.22795058001,"NRI_P023",25
"26906",-4643.95830058004,"NRI_P023",50
"26907",-13528.07294058,"NRI_P023",100
"26908",-5925.22860058001,"NRI_P023",25
"26909",-1465.89863058005,"NRI_P023",50
"26910",-4224.53176058002,"NRI_P023",100
"26911",9004.86459941999,"NRI_P023",25
"26912",888.481249419972,"NRI_P023",50
"26913",-2536.75902058004,"NRI_P023",100
"26914",-3002.48886058002,"NRI_P023",25
"26915",-1137.62182058004,"NRI_P023",50
"26916",-9072.28558058001,"NRI_P023",100
"26917",-6532.58978058002,"NRI_P023",25
"26918",-6743.39892058005,"NRI_P023",50
"26919",2519.34107942,"NRI_P023",100
"26920",3388.55428941996,"NRI_P023",25
"26921",-7333.93622058001,"NRI_P023",50
"26922",558.037449419964,"NRI_P023",100
"26923",-4108.66897058004,"NRI_P023",25
"26924",-5971.61095058004,"NRI_P023",50
"26925",-36.4986605800223,"NRI_P023",100
"26926",-2924.49406058004,"NRI_P023",25
"26927",-4197.15828058001,"NRI_P023",50
"26928",-13915.96338058,"NRI_P023",100
"26929",-2260.20406058,"NRI_P023",25
"26930",-9597.78029058001,"NRI_P023",50
"26931",-4157.29731058003,"NRI_P023",100
"26932",5470.43337941996,"NRI_P023",25
"26933",-5054.09576058004,"NRI_P023",50
"26934",-9608.83370058,"NRI_P023",100
"26935",1762.53793941997,"NRI_P023",25
"26936",-3881.43739058002,"NRI_P023",50
"26937",-4933.34287058003,"NRI_P023",100
"26938",-777.109700580011,"NRI_P023",25
"26939",256.465199419996,"NRI_P023",50
"26940",-11917.90165058,"NRI_P023",100
"26941",2948.07521941996,"NRI_P023",25
"26942",-8239.76558058005,"NRI_P023",50
"26943",-13673.32142058,"NRI_P023",100
"26944",1742.21906941995,"NRI_P023",25
"26945",-1175.10038058,"NRI_P023",50
"26946",-8380.18812058005,"NRI_P023",100
"26947",-1136.50974058005,"NRI_P023",25
"26948",-3779.44474058005,"NRI_P023",50
"26949",-10206.19367058,"NRI_P023",100
"26950",-5384.39284058003,"NRI_P023",25
"26951",-5626.87451058003,"NRI_P023",50
"26952",-2509.93324058002,"NRI_P023",100
"26953",-3131.57930058002,"NRI_P023",25
"26954",-4665.89844058,"NRI_P023",50
"26955",-3443.38119058002,"NRI_P023",100
"26956",-3933.47358058003,"NRI_P023",25
"26957",5761.06766941998,"NRI_P023",50
"26958",-7735.62297058001,"NRI_P023",100
"26959",-137.760840580042,"NRI_P023",25
"26960",-2198.26805057999,"NRI_P023",50
"26961",4331.22330941999,"NRI_P023",100
"26962",-4655.16792058002,"NRI_P023",25
"26963",-3694.09745058004,"NRI_P023",50
"26964",535.265869419964,"NRI_P023",100
"26965",-6535.33127058001,"NRI_P023",25
"26966",-7922.61326058005,"NRI_P023",50
"26967",-7522.29133058002,"NRI_P023",100
"26968",-2260.67674058001,"NRI_P023",25
"26969",2069.78282942,"NRI_P023",50
"26970",-7061.37707058003,"NRI_P023",100
"26971",174.667059419968,"NRI_P023",25
"26972",1884.23080942,"NRI_P023",50
"26973",-3482.08340058004,"NRI_P023",100
"26974",-3140.07006058004,"NRI_P023",25
"26975",-2303.98599058,"NRI_P023",50
"26976",1437.55727941997,"NRI_P023",100
"26977",3909.05552941997,"NRI_P023",25
"26978",7308.41597941995,"NRI_P023",50
"26979",-7203.46982058004,"NRI_P023",100
"26980",2661.59684941999,"NRI_P023",25
"26981",3420.85724941996,"NRI_P023",50
"26982",-11543.18642058,"NRI_P023",100
"26983",-2119.16964058002,"NRI_P023",25
"26984",-9054.31222058,"NRI_P023",50
"26985",-7637.47374058003,"NRI_P023",100
"26986",-3221.96310058003,"NRI_P023",25
"26987",-10905.10399058,"NRI_P023",50
"26988",-10191.9964705801,"NRI_P023",100
"26989",-2750.01778058003,"NRI_P023",25
"26990",-4217.27165058005,"NRI_P023",50
"26991",-14392.15490058,"NRI_P023",100
"26992",-1166.14517058001,"NRI_P023",25
"26993",-6173.60198058002,"NRI_P023",50
"26994",-9200.03167058004,"NRI_P023",100
"26995",-2023.24398058001,"NRI_P023",25
"26996",-2576.75167058001,"NRI_P023",50
"26997",-6245.09411058004,"NRI_P023",100
"26998",-923.095160580007,"NRI_P023",25
"26999",22899.38250942,"NRI_P023",50
"27000",-2931.60724058002,"NRI_P023",100
"27001",6038.29705848801,"NRI_P024",25
"27002",-1020.42036151199,"NRI_P024",50
"27003",-6305.04659151201,"NRI_P024",100
"27004",-3191.364501512,"NRI_P024",25
"27005",-708.55629151201,"NRI_P024",50
"27006",-7768.43939151202,"NRI_P024",100
"27007",-92.6828315120074,"NRI_P024",25
"27008",-10971.159691512,"NRI_P024",50
"27009",-9543.516271512,"NRI_P024",100
"27010",-9625.207261512,"NRI_P024",25
"27011",3925.005288488,"NRI_P024",50
"27012",-1872.35159151201,"NRI_P024",100
"27013",-1101.13372151201,"NRI_P024",25
"27014",-12387.923791512,"NRI_P024",50
"27015",-6821.20532151201,"NRI_P024",100
"27016",-2049.00977151201,"NRI_P024",25
"27017",-3344.95144151201,"NRI_P024",50
"27018",-3264.429421512,"NRI_P024",100
"27019",-4345.91205151202,"NRI_P024",25
"27020",519.091128487984,"NRI_P024",50
"27021",-550.916751512006,"NRI_P024",100
"27022",-462.538431512017,"NRI_P024",25
"27023",-2471.354201512,"NRI_P024",50
"27024",-8041.286051512,"NRI_P024",100
"27025",-948.518361512019,"NRI_P024",25
"27026",-2628.969611512,"NRI_P024",50
"27027",-3823.838931512,"NRI_P024",100
"27028",-3208.34288151201,"NRI_P024",25
"27029",5390.60884848799,"NRI_P024",50
"27030",-11314.387411512,"NRI_P024",100
"27031",-1049.25275151202,"NRI_P024",25
"27032",-2203.94182151201,"NRI_P024",50
"27033",-6697.72019151199,"NRI_P024",100
"27034",-5862.23018151202,"NRI_P024",25
"27035",2203.815128488,"NRI_P024",50
"27036",-11542.343721512,"NRI_P024",100
"27037",-2976.18134151201,"NRI_P024",25
"27038",-990.646951511997,"NRI_P024",50
"27039",-3670.42167151201,"NRI_P024",100
"27040",32.7686584879993,"NRI_P024",25
"27041",-4788.90491151201,"NRI_P024",50
"27042",-99.3075515119999,"NRI_P024",100
"27043",85.115668487997,"NRI_P024",25
"27044",-630.722091511998,"NRI_P024",50
"27045",-6770.26947751202,"NRI_P024",100
"27046",4038.28414848799,"NRI_P024",25
"27047",-1985.83827151201,"NRI_P024",50
"27048",-10842.220861512,"NRI_P024",100
"27049",1562.521288488,"NRI_P024",25
"27050",9140.92463848798,"NRI_P024",50
"27051",18884.689728488,"NRI_P024",100
"27052",424.688918487984,"NRI_P024",25
"27053",-3893.67681151201,"NRI_P024",50
"27054",7867.549438488,"NRI_P024",100
"27055",-318.182541512011,"NRI_P024",25
"27056",-10075.018411512,"NRI_P024",50
"27057",-10824.415111512,"NRI_P024",100
"27058",42.3193924879888,"NRI_P024",25
"27059",3078.135238488,"NRI_P024",50
"27060",-243.004841512011,"NRI_P024",100
"27061",-4270.40953751199,"NRI_P024",25
"27062",-4281.02580751199,"NRI_P024",50
"27063",-5049.342451512,"NRI_P024",100
"27064",-4195.44106151201,"NRI_P024",25
"27065",-2992.207731512,"NRI_P024",50
"27066",4115.50333848799,"NRI_P024",100
"27067",-6330.89633151199,"NRI_P024",25
"27068",-537.026801511995,"NRI_P024",50
"27069",6757.681138488,"NRI_P024",100
"27070",-5539.41356151202,"NRI_P024",25
"27071",-4793.45450151199,"NRI_P024",50
"27072",2213.77993848801,"NRI_P024",100
"27073",146.25368848801,"NRI_P024",25
"27074",-3399.77946151199,"NRI_P024",50
"27075",-3413.397421512,"NRI_P024",100
"27076",-663.500381512014,"NRI_P024",25
"27077",-3535.985557512,"NRI_P024",50
"27078",-4777.62246151202,"NRI_P024",100
"27079",-805.075531512004,"NRI_P024",25
"27080",-10555.489711512,"NRI_P024",50
"27081",-2796.161621512,"NRI_P024",100
"27082",1197.41744848801,"NRI_P024",25
"27083",-7621.35098151199,"NRI_P024",50
"27084",-2155.410501512,"NRI_P024",100
"27085",-6103.85111151199,"NRI_P024",25
"27086",198.921428487985,"NRI_P024",50
"27087",3767.47517848801,"NRI_P024",100
"27088",20661.839948488,"NRI_P024",25
"27089",-563.175121512002,"NRI_P024",50
"27090",-947.81126151199,"NRI_P024",100
"27091",-5919.57485151201,"NRI_P024",25
"27092",-553.450521512015,"NRI_P024",50
"27093",15933.509178488,"NRI_P024",100
"27094",-4013.34994151202,"NRI_P024",25
"27095",2004.857118488,"NRI_P024",50
"27096",-7802.93384151201,"NRI_P024",100
"27097",-2845.025261512,"NRI_P024",25
"27098",3952.117148488,"NRI_P024",50
"27099",-4179.21684151201,"NRI_P024",100
"27100",779.825248487992,"NRI_P024",25
"27101",5482.79812848801,"NRI_P024",50
"27102",4242.75911248798,"NRI_P024",100
"27103",2753.08533848799,"NRI_P024",25
"27104",13.8175184880092,"NRI_P024",50
"27105",5602.641418488,"NRI_P024",100
"27106",1112.02815848798,"NRI_P024",25
"27107",-6651.12738151199,"NRI_P024",50
"27108",-8970.42668151201,"NRI_P024",100
"27109",1377.053818488,"NRI_P024",25
"27110",-2795.74277151201,"NRI_P024",50
"27111",-3915.27843151201,"NRI_P024",100
"27112",1435.01171848801,"NRI_P024",25
"27113",-9909.357361512,"NRI_P024",50
"27114",-10965.078721512,"NRI_P024",100
"27115",-1314.166311512,"NRI_P024",25
"27116",12190.948268488,"NRI_P024",50
"27117",-7398.836061512,"NRI_P024",100
"27118",-576.92811151201,"NRI_P024",25
"27119",-4040.87025151201,"NRI_P024",50
"27120",-7774.340831512,"NRI_P024",100
"27121",-1458.55883751201,"NRI_P024",25
"27122",-7526.29347151201,"NRI_P024",50
"27123",4915.079518488,"NRI_P024",100
"27124",8057.10259848798,"NRI_P024",25
"27125",-11613.940331512,"NRI_P024",50
"27126",-9531.03035151202,"NRI_P024",100
"27127",1196.76700848801,"NRI_P024",25
"27128",-4550.70300151201,"NRI_P024",50
"27129",13779.494338488,"NRI_P024",100
"27130",-152.208171512,"NRI_P024",25
"27131",1432.16482848799,"NRI_P024",50
"27132",2213.30886848801,"NRI_P024",100
"27133",-10167.994461512,"NRI_P024",25
"27134",-3282.52905151201,"NRI_P024",50
"27135",5449.776428488,"NRI_P024",100
"27136",3624.41999848798,"NRI_P024",25
"27137",4816.96842848801,"NRI_P024",50
"27138",-8759.27280151201,"NRI_P024",100
"27139",-4773.033211512,"NRI_P024",25
"27140",-3706.854571512,"NRI_P024",50
"27141",-5695.311121512,"NRI_P024",100
"27142",36.5050184880092,"NRI_P024",25
"27143",-3540.85838151199,"NRI_P024",50
"27144",14.224648487987,"NRI_P024",100
"27145",3357.28652848801,"NRI_P024",25
"27146",14218.711698488,"NRI_P024",50
"27147",-1194.46553151202,"NRI_P024",100
"27148",643.23812848801,"NRI_P024",25
"27149",-238.487661512016,"NRI_P024",50
"27150",-883.08258151199,"NRI_P024",100
"27151",-920.602621511993,"NRI_P024",25
"27152",-4580.19886151201,"NRI_P024",50
"27153",5731.53759848801,"NRI_P024",100
"27154",5902.33160848799,"NRI_P024",25
"27155",-2890.991791512,"NRI_P024",50
"27156",-1816.75468151201,"NRI_P024",100
"27157",-1951.426241512,"NRI_P024",25
"27158",8826.464158488,"NRI_P024",50
"27159",-3141.73299151199,"NRI_P024",100
"27160",-4552.84064151201,"NRI_P024",25
"27161",-8879.330251512,"NRI_P024",50
"27162",-2331.62598151201,"NRI_P024",100
"27163",3597.526658488,"NRI_P024",25
"27164",-1769.03051151201,"NRI_P024",50
"27165",8689.626478488,"NRI_P024",100
"27166",1031.99661848799,"NRI_P024",25
"27167",-10016.889141512,"NRI_P024",50
"27168",-4474.062501512,"NRI_P024",100
"27169",-4166.52310151199,"NRI_P024",25
"27170",-3395.561381512,"NRI_P024",50
"27171",4074.75445848799,"NRI_P024",100
"27172",-6457.30837151202,"NRI_P024",25
"27173",8711.060928488,"NRI_P024",50
"27174",-4580.86837151201,"NRI_P024",100
"27175",-4056.78559151202,"NRI_P024",25
"27176",1458.08541848799,"NRI_P024",50
"27177",-4615.85933151201,"NRI_P024",100
"27178",-1397.268791512,"NRI_P024",25
"27179",480.880538487982,"NRI_P024",50
"27180",21313.096428488,"NRI_P024",100
"27181",518.361008487991,"NRI_P024",25
"27182",-4614.83512151201,"NRI_P024",50
"27183",8412.077458488,"NRI_P024",100
"27184",-4203.72249151202,"NRI_P024",25
"27185",-7507.554941512,"NRI_P024",50
"27186",7642.958318488,"NRI_P024",100
"27187",-3239.515741512,"NRI_P024",25
"27188",1610.41349848799,"NRI_P024",50
"27189",-4928.97627151202,"NRI_P024",100
"27190",-2243.35588151199,"NRI_P024",25
"27191",-1606.140091512,"NRI_P024",50
"27192",-1455.31702151202,"NRI_P024",100
"27193",-8125.42917151199,"NRI_P024",25
"27194",-238.159861512017,"NRI_P024",50
"27195",-7537.36337151201,"NRI_P024",100
"27196",1054.63040848801,"NRI_P024",25
"27197",-559.905691512016,"NRI_P024",50
"27198",-6954.181141512,"NRI_P024",100
"27199",-6401.556481512,"NRI_P024",25
"27200",6538.19376848801,"NRI_P024",50
"27201",-4746.392097512,"NRI_P024",100
"27202",-2285.81471151201,"NRI_P024",25
"27203",-7704.34093151201,"NRI_P024",50
"27204",-10309.284121512,"NRI_P024",100
"27205",650.12690848799,"NRI_P024",25
"27206",-9066.62496151202,"NRI_P024",50
"27207",6942.972238488,"NRI_P024",100
"27208",-9465.38207151199,"NRI_P024",25
"27209",2917.941168488,"NRI_P024",50
"27210",-411.606981512014,"NRI_P024",100
"27211",-9107.26568151201,"NRI_P024",25
"27212",658.157528487995,"NRI_P024",50
"27213",4117.80116848799,"NRI_P024",100
"27214",-2545.93584151199,"NRI_P024",25
"27215",-4185.27125151199,"NRI_P024",50
"27216",-9705.82249151199,"NRI_P024",100
"27217",-1934.915531512,"NRI_P024",25
"27218",21315.694838488,"NRI_P024",50
"27219",-3196.047651512,"NRI_P024",100
"27220",1244.262608488,"NRI_P024",25
"27221",806.227648487984,"NRI_P024",50
"27222",-433.87389151199,"NRI_P024",100
"27223",-1533.31212151199,"NRI_P024",25
"27224",-9522.76541151199,"NRI_P024",50
"27225",12749.898308488,"NRI_P024",100
"27226",-2717.002301512,"NRI_P024",25
"27227",-675.651081512013,"NRI_P024",50
"27228",-11427.320301512,"NRI_P024",100
"27229",175.97727848799,"NRI_P024",25
"27230",-4425.19985151201,"NRI_P024",50
"27231",-6589.749611512,"NRI_P024",100
"27232",-1129.18563151199,"NRI_P024",25
"27233",-2581.948711512,"NRI_P024",50
"27234",-8956.81687151201,"NRI_P024",100
"27235",84.1242284879845,"NRI_P024",25
"27236",902.180118488002,"NRI_P024",50
"27237",-8730.28732151201,"NRI_P024",100
"27238",8669.94655848801,"NRI_P024",25
"27239",-2176.93145151201,"NRI_P024",50
"27240",12393.388398488,"NRI_P024",100
"27241",-1460.409771512,"NRI_P024",25
"27242",12919.085438488,"NRI_P024",50
"27243",-9276.204961512,"NRI_P024",100
"27244",3019.525098488,"NRI_P024",25
"27245",9293.11059848798,"NRI_P024",50
"27246",-5488.46689151201,"NRI_P024",100
"27247",-4425.04493151201,"NRI_P024",25
"27248",1185.16422848799,"NRI_P024",50
"27249",-6075.859911512,"NRI_P024",100
"27250",-175.430721512006,"NRI_P024",25
"27251",-1976.153721512,"NRI_P024",50
"27252",-8766.06705151201,"NRI_P024",100
"27253",-2712.80251151201,"NRI_P024",25
"27254",-848.266071512015,"NRI_P024",50
"27255",-3002.021661512,"NRI_P024",100
"27256",-7263.51936151201,"NRI_P024",25
"27257",-8031.33164151199,"NRI_P024",50
"27258",-5555.92198151202,"NRI_P024",100
"27259",-6031.249301512,"NRI_P024",25
"27260",-1156.42255151199,"NRI_P024",50
"27261",-5493.52603151201,"NRI_P024",100
"27262",-2449.039621512,"NRI_P024",25
"27263",-601.747211512004,"NRI_P024",50
"27264",-7844.845501512,"NRI_P024",100
"27265",-5815.46272151201,"NRI_P024",25
"27266",-10138.569211512,"NRI_P024",50
"27267",-7948.01455151199,"NRI_P024",100
"27268",3832.48304848801,"NRI_P024",25
"27269",1005.21372848799,"NRI_P024",50
"27270",-5041.18882151201,"NRI_P024",100
"27271",521.208668487991,"NRI_P024",25
"27272",19495.985378488,"NRI_P024",50
"27273",-6290.47541151202,"NRI_P024",100
"27274",11323.085758488,"NRI_P024",25
"27275",-618.786731511995,"NRI_P024",50
"27276",23342.176682488,"NRI_P024",100
"27277",-1302.80105151201,"NRI_P024",25
"27278",14559.758308488,"NRI_P024",50
"27279",3936.872698488,"NRI_P024",100
"27280",-344.581951511995,"NRI_P024",25
"27281",-10665.736581512,"NRI_P024",50
"27282",-9781.89629151201,"NRI_P024",100
"27283",-619.925431512005,"NRI_P024",25
"27284",-9522.43460151201,"NRI_P024",50
"27285",-7855.00483151199,"NRI_P024",100
"27286",480.764258487994,"NRI_P024",25
"27287",4499.05132848799,"NRI_P024",50
"27288",-7456.372211512,"NRI_P024",100
"27289",-5096.38434151199,"NRI_P024",25
"27290",-4919.88697151199,"NRI_P024",50
"27291",9783.831258488,"NRI_P024",100
"27292",-874.302681511996,"NRI_P024",25
"27293",7209.345548488,"NRI_P024",50
"27294",-8289.52759151201,"NRI_P024",100
"27295",-7836.64328151199,"NRI_P024",25
"27296",25507.491328488,"NRI_P024",50
"27297",162.335518487991,"NRI_P024",100
"27298",-851.714381511993,"NRI_P024",25
"27299",-1577.065291512,"NRI_P024",50
"27300",-7626.05525151201,"NRI_P024",100
"27301",-3742.67719031899,"NRI_P025",25
"27302",-10695.311170319,"NRI_P025",50
"27303",-8748.77131031896,"NRI_P025",100
"27304",-5425.92996031896,"NRI_P025",25
"27305",-9214.60162031901,"NRI_P025",50
"27306",-6186.48612031899,"NRI_P025",100
"27307",-7265.40739031899,"NRI_P025",25
"27308",2112.86673968099,"NRI_P025",50
"27309",1836.026889681,"NRI_P025",100
"27310",-2618.14050031896,"NRI_P025",25
"27311",407.592099681031,"NRI_P025",50
"27312",599.015899681021,"NRI_P025",100
"27313",-1276.01502031897,"NRI_P025",25
"27314",-5711.31172031898,"NRI_P025",50
"27315",8700.74812968104,"NRI_P025",100
"27316",361.80145968101,"NRI_P025",25
"27317",-12522.512050319,"NRI_P025",50
"27318",-5673.96814031899,"NRI_P025",100
"27319",-2973.40406031901,"NRI_P025",25
"27320",-12066.845500319,"NRI_P025",50
"27321",-23116.130020319,"NRI_P025",100
"27322",-3629.16795031901,"NRI_P025",25
"27323",-9513.71637031896,"NRI_P025",50
"27324",-9067.37869031896,"NRI_P025",100
"27325",-3537.58762031898,"NRI_P025",25
"27326",-1983.18954031897,"NRI_P025",50
"27327",5694.71250968101,"NRI_P025",100
"27328",4426.73494968103,"NRI_P025",25
"27329",-1813.34382031899,"NRI_P025",50
"27330",-10667.980790319,"NRI_P025",100
"27331",-6112.93838031898,"NRI_P025",25
"27332",-4655.27326031897,"NRI_P025",50
"27333",4185.42247968103,"NRI_P025",100
"27334",-3432.30953031901,"NRI_P025",25
"27335",-9261.43713031895,"NRI_P025",50
"27336",-14649.288370319,"NRI_P025",100
"27337",11222.047849681,"NRI_P025",25
"27338",-11072.107460319,"NRI_P025",50
"27339",-3612.99253031897,"NRI_P025",100
"27340",-3380.66121031897,"NRI_P025",25
"27341",12439.171589681,"NRI_P025",50
"27342",-9256.28096031898,"NRI_P025",100
"27343",-3694.80905031896,"NRI_P025",25
"27344",-12025.250570319,"NRI_P025",50
"27345",-15923.373100319,"NRI_P025",100
"27346",4185.43737968104,"NRI_P025",25
"27347",5664.989309681,"NRI_P025",50
"27348",-8530.89813031896,"NRI_P025",100
"27349",-58.1514903189964,"NRI_P025",25
"27350",-8001.79978031898,"NRI_P025",50
"27351",-8975.727230319,"NRI_P025",100
"27352",12982.623139681,"NRI_P025",25
"27353",-536.728520318982,"NRI_P025",50
"27354",-5316.17835031898,"NRI_P025",100
"27355",-15598.075990319,"NRI_P025",25
"27356",-3415.16102031898,"NRI_P025",50
"27357",9594.203939681,"NRI_P025",100
"27358",3093.765889681,"NRI_P025",25
"27359",-12385.473370319,"NRI_P025",50
"27360",-13279.414870319,"NRI_P025",100
"27361",-5650.35861031897,"NRI_P025",25
"27362",-6883.53433031897,"NRI_P025",50
"27363",-9796.49759031896,"NRI_P025",100
"27364",-3801.42499031901,"NRI_P025",25
"27365",-11998.901790319,"NRI_P025",50
"27366",-7337.96968031896,"NRI_P025",100
"27367",-1371.90431031899,"NRI_P025",25
"27368",-11141.321260319,"NRI_P025",50
"27369",-3792.62029031897,"NRI_P025",100
"27370",1297.94901968102,"NRI_P025",25
"27371",-2690.77219031897,"NRI_P025",50
"27372",-3013.39756031899,"NRI_P025",100
"27373",3042.94127968099,"NRI_P025",25
"27374",6401.82975968102,"NRI_P025",50
"27375",5078.28815968102,"NRI_P025",100
"27376",5435.29031968099,"NRI_P025",25
"27377",11947.914649681,"NRI_P025",50
"27378",-6043.03471031896,"NRI_P025",100
"27379",-1099.796190319,"NRI_P025",25
"27380",-2481.342430319,"NRI_P025",50
"27381",-13253.635000319,"NRI_P025",100
"27382",-2345.43983031897,"NRI_P025",25
"27383",-4985.71071031899,"NRI_P025",50
"27384",6093.44248968101,"NRI_P025",100
"27385",-1547.633350319,"NRI_P025",25
"27386",4452.80754968099,"NRI_P025",50
"27387",-10378.072420319,"NRI_P025",100
"27388",-2105.87831031898,"NRI_P025",25
"27389",-3172.16475031897,"NRI_P025",50
"27390",1232.68159968103,"NRI_P025",100
"27391",6590.06511968101,"NRI_P025",25
"27392",-452.879830318969,"NRI_P025",50
"27393",-28.8195403189748,"NRI_P025",100
"27394",-5029.512020319,"NRI_P025",25
"27395",13255.285149681,"NRI_P025",50
"27396",-1373.05502031901,"NRI_P025",100
"27397",-13.7670603189617,"NRI_P025",25
"27398",-8030.58177031897,"NRI_P025",50
"27399",4204.04060968099,"NRI_P025",100
"27400",504.849619681016,"NRI_P025",25
"27401",-13164.663270319,"NRI_P025",50
"27402",-10386.945390319,"NRI_P025",100
"27403",-8011.64885031898,"NRI_P025",25
"27404",-5645.10969031899,"NRI_P025",50
"27405",-5920.61743031896,"NRI_P025",100
"27406",-7373.55103031901,"NRI_P025",25
"27407",-8008.06299031898,"NRI_P025",50
"27408",-10004.456800319,"NRI_P025",100
"27409",2943.88047968101,"NRI_P025",25
"27410",-7482.13539031899,"NRI_P025",50
"27411",-3532.87006031896,"NRI_P025",100
"27412",6244.21881968103,"NRI_P025",25
"27413",-10198.132230319,"NRI_P025",50
"27414",-10697.940790319,"NRI_P025",100
"27415",-7600.40397031896,"NRI_P025",25
"27416",-10174.874650319,"NRI_P025",50
"27417",-2730.28646031901,"NRI_P025",100
"27418",-9519.71874031896,"NRI_P025",25
"27419",-3534.75753031898,"NRI_P025",50
"27420",-17828.812660319,"NRI_P025",100
"27421",-2118.71028031898,"NRI_P025",25
"27422",5602.71775968099,"NRI_P025",50
"27423",-9972.83099031897,"NRI_P025",100
"27424",-7014.82299031899,"NRI_P025",25
"27425",-8426.10463031899,"NRI_P025",50
"27426",-13122.266520319,"NRI_P025",100
"27427",498.700019681011,"NRI_P025",25
"27428",-3138.41669031896,"NRI_P025",50
"27429",-7984.21326031897,"NRI_P025",100
"27430",-2782.273180319,"NRI_P025",25
"27431",-11028.474060319,"NRI_P025",50
"27432",-9293.92994031898,"NRI_P025",100
"27433",-5308.24470031896,"NRI_P025",25
"27434",4211.51774968102,"NRI_P025",50
"27435",-5398.03001031897,"NRI_P025",100
"27436",-3137.35722031898,"NRI_P025",25
"27437",-89.5452803189983,"NRI_P025",50
"27438",2587.703969681,"NRI_P025",100
"27439",-2014.45665031899,"NRI_P025",25
"27440",9442.40195968101,"NRI_P025",50
"27441",-2412.476130319,"NRI_P025",100
"27442",-5025.79388031899,"NRI_P025",25
"27443",-2062.64622031897,"NRI_P025",50
"27444",2140.960429681,"NRI_P025",100
"27445",-2289.65602031897,"NRI_P025",25
"27446",-1232.77473031898,"NRI_P025",50
"27447",-8948.08131031896,"NRI_P025",100
"27448",-5751.14956031897,"NRI_P025",25
"27449",-4731.78723031899,"NRI_P025",50
"27450",-21696.586530319,"NRI_P025",100
"27451",258.45783968101,"NRI_P025",25
"27452",-1359.80357031897,"NRI_P025",50
"27453",-13944.295060319,"NRI_P025",100
"27454",-2442.85842031898,"NRI_P025",25
"27455",-9546.99389031896,"NRI_P025",50
"27456",-6929.18478031899,"NRI_P025",100
"27457",2382.65254968102,"NRI_P025",25
"27458",7704.28690968099,"NRI_P025",50
"27459",-9229.78105031897,"NRI_P025",100
"27460",-3249.08446031896,"NRI_P025",25
"27461",7208.76873968099,"NRI_P025",50
"27462",-13230.657140319,"NRI_P025",100
"27463",-2982.08813031897,"NRI_P025",25
"27464",-2948.48240031896,"NRI_P025",50
"27465",6973.05952968099,"NRI_P025",100
"27466",-462.277400318999,"NRI_P025",25
"27467",-2272.24251031899,"NRI_P025",50
"27468",-7942.22636031901,"NRI_P025",100
"27469",-1525.15262031899,"NRI_P025",25
"27470",-8927.98338031897,"NRI_P025",50
"27471",-5463.84075031901,"NRI_P025",100
"27472",-2285.711720319,"NRI_P025",25
"27473",-1907.72141031898,"NRI_P025",50
"27474",-6921.33791031898,"NRI_P025",100
"27475",364.215669681027,"NRI_P025",25
"27476",8516.08069968101,"NRI_P025",50
"27477",-2643.44421031896,"NRI_P025",100
"27478",3989.49179968104,"NRI_P025",25
"27479",-7441.54634031898,"NRI_P025",50
"27480",-11603.249340319,"NRI_P025",100
"27481",2514.01700968103,"NRI_P025",25
"27482",-1736.26418031898,"NRI_P025",50
"27483",-9247.22151031898,"NRI_P025",100
"27484",-4750.64411031897,"NRI_P025",25
"27485",-13690.510430319,"NRI_P025",50
"27486",3864.96676968102,"NRI_P025",100
"27487",-3541.11906031898,"NRI_P025",25
"27488",6063.09063968103,"NRI_P025",50
"27489",-4045.80633031897,"NRI_P025",100
"27490",1585.44498968101,"NRI_P025",25
"27491",8540.43693968101,"NRI_P025",50
"27492",-15388.641850319,"NRI_P025",100
"27493",-5945.06346031901,"NRI_P025",25
"27494",2722.82417968102,"NRI_P025",50
"27495",11746.127809681,"NRI_P025",100
"27496",8026.751999681,"NRI_P025",25
"27497",-16322.476290319,"NRI_P025",50
"27498",14732.454319681,"NRI_P025",100
"27499",1101.45833968103,"NRI_P025",25
"27500",-5621.70048031898,"NRI_P025",50
"27501",-19570.471400319,"NRI_P025",100
"27502",-4334.277760319,"NRI_P025",25
"27503",-18012.753250319,"NRI_P025",50
"27504",-11608.947270319,"NRI_P025",100
"27505",-2203.45706031896,"NRI_P025",25
"27506",1352.96056968102,"NRI_P025",50
"27507",10237.948559681,"NRI_P025",100
"27508",-489.357450318988,"NRI_P025",25
"27509",-3515.13318031898,"NRI_P025",50
"27510",-11956.965390319,"NRI_P025",100
"27511",-6305.31269031897,"NRI_P025",25
"27512",-1220.72317031899,"NRI_P025",50
"27513",-11559.945360319,"NRI_P025",100
"27514",-1182.56864031899,"NRI_P025",25
"27515",-11724.702230319,"NRI_P025",50
"27516",-9772.226260319,"NRI_P025",100
"27517",-8637.84615031898,"NRI_P025",25
"27518",-10129.158970319,"NRI_P025",50
"27519",-876.843760318996,"NRI_P025",100
"27520",-4811.32582031901,"NRI_P025",25
"27521",1398.794119681,"NRI_P025",50
"27522",2954.74147968099,"NRI_P025",100
"27523",-3421.42234031897,"NRI_P025",25
"27524",-10178.813210319,"NRI_P025",50
"27525",-7319.22498031898,"NRI_P025",100
"27526",-9323.49509031896,"NRI_P025",25
"27527",-10054.392450319,"NRI_P025",50
"27528",-6318.05405031895,"NRI_P025",100
"27529",-2731.34461031901,"NRI_P025",25
"27530",5752.92750968103,"NRI_P025",50
"27531",-16956.176880319,"NRI_P025",100
"27532",2540.535909681,"NRI_P025",25
"27533",-4408.15180031897,"NRI_P025",50
"27534",-10312.909580319,"NRI_P025",100
"27535",3043.441249681,"NRI_P025",25
"27536",10132.525099681,"NRI_P025",50
"27537",-8785.69755031896,"NRI_P025",100
"27538",-7658.75598031899,"NRI_P025",25
"27539",-3308.31487031898,"NRI_P025",50
"27540",-15759.138190319,"NRI_P025",100
"27541",1303.44985968102,"NRI_P025",25
"27542",2805.268289681,"NRI_P025",50
"27543",6382.13735968102,"NRI_P025",100
"27544",836.017109681037,"NRI_P025",25
"27545",-2690.05447031901,"NRI_P025",50
"27546",4931.30504968099,"NRI_P025",100
"27547",-3071.48076031898,"NRI_P025",25
"27548",-8534.49567031901,"NRI_P025",50
"27549",-12130.567500319,"NRI_P025",100
"27550",5932.32063968101,"NRI_P025",25
"27551",-5525.47545031901,"NRI_P025",50
"27552",-17165.375690319,"NRI_P025",100
"27553",-6551.97991031897,"NRI_P025",25
"27554",-1819.56530031899,"NRI_P025",50
"27555",-7679.70015031897,"NRI_P025",100
"27556",-810.719810318958,"NRI_P025",25
"27557",-331.251370318991,"NRI_P025",50
"27558",-16059.121200319,"NRI_P025",100
"27559",2775.40281968104,"NRI_P025",25
"27560",-18.9208703190088,"NRI_P025",50
"27561",-12571.728860319,"NRI_P025",100
"27562",5623.91797968099,"NRI_P025",25
"27563",50.4920396810048,"NRI_P025",50
"27564",-6665.68770031899,"NRI_P025",100
"27565",-4126.556250319,"NRI_P025",25
"27566",18959.578229681,"NRI_P025",50
"27567",12483.467579681,"NRI_P025",100
"27568",-8960.53790031897,"NRI_P025",25
"27569",-1611.797750319,"NRI_P025",50
"27570",-6367.08226031897,"NRI_P025",100
"27571",-3597.95702031901,"NRI_P025",25
"27572",-3028.02090031898,"NRI_P025",50
"27573",-16503.648800319,"NRI_P025",100
"27574",-9190.771820319,"NRI_P025",25
"27575",-5548.05134031898,"NRI_P025",50
"27576",-11210.471730319,"NRI_P025",100
"27577",-2069.27374031901,"NRI_P025",25
"27578",-12843.174440319,"NRI_P025",50
"27579",-10456.777420319,"NRI_P025",100
"27580",7314.718609681,"NRI_P025",25
"27581",1707.37146968103,"NRI_P025",50
"27582",-6611.77556031896,"NRI_P025",100
"27583",3667.97742968099,"NRI_P025",25
"27584",-4929.14663031901,"NRI_P025",50
"27585",8853.35954968102,"NRI_P025",100
"27586",57.7846796810045,"NRI_P025",25
"27587",-6420.275520319,"NRI_P025",50
"27588",14662.792319681,"NRI_P025",100
"27589",5204.19231968099,"NRI_P025",25
"27590",3462.20147968101,"NRI_P025",50
"27591",-830.558850319008,"NRI_P025",100
"27592",-6480.23868031899,"NRI_P025",25
"27593",-3549.82315031899,"NRI_P025",50
"27594",-6377.02586031897,"NRI_P025",100
"27595",1606.52530968102,"NRI_P025",25
"27596",-5622.51432031899,"NRI_P025",50
"27597",-7109.41592031898,"NRI_P025",100
"27598",6995.69139968103,"NRI_P025",25
"27599",13258.336229681,"NRI_P025",50
"27600",-7484.26356031897,"NRI_P025",100
"27601",-320.216546425014,"NRI_P027",25
"27602",-9581.05153642502,"NRI_P027",50
"27603",-11554.634936425,"NRI_P027",100
"27604",3886.27677357499,"NRI_P027",25
"27605",775.77608357498,"NRI_P027",50
"27606",-19829.878736425,"NRI_P027",100
"27607",-16041.840156425,"NRI_P027",25
"27608",3936.21947357495,"NRI_P027",50
"27609",354.039683574985,"NRI_P027",100
"27610",-16624.705506425,"NRI_P027",25
"27611",-7471.50367642503,"NRI_P027",50
"27612",-23991.685756425,"NRI_P027",100
"27613",5702.55752357497,"NRI_P027",25
"27614",-12944.785196425,"NRI_P027",50
"27615",-12895.5739464251,"NRI_P027",100
"27616",11588.634623575,"NRI_P027",25
"27617",-28337.031546425,"NRI_P027",50
"27618",-29182.173126425,"NRI_P027",100
"27619",-2006.54187642504,"NRI_P027",25
"27620",-4575.93954642501,"NRI_P027",50
"27621",-19531.494916425,"NRI_P027",100
"27622",41.943413574947,"NRI_P027",25
"27623",-3113.51936642505,"NRI_P027",50
"27624",-4592.32137642504,"NRI_P027",100
"27625",-1537.58649642504,"NRI_P027",25
"27626",2537.53440357494,"NRI_P027",50
"27627",-3658.70186642505,"NRI_P027",100
"27628",-3204.48632642505,"NRI_P027",25
"27629",-3938.45595642505,"NRI_P027",50
"27630",-11960.641356425,"NRI_P027",100
"27631",1287.54892357497,"NRI_P027",25
"27632",-15323.0439964251,"NRI_P027",50
"27633",-25272.599156425,"NRI_P027",100
"27634",5803.18018357496,"NRI_P027",25
"27635",-7161.27927642502,"NRI_P027",50
"27636",5141.92245357495,"NRI_P027",100
"27637",1542.44673357497,"NRI_P027",25
"27638",-12003.087326425,"NRI_P027",50
"27639",-29360.378546425,"NRI_P027",100
"27640",-3629.94758642506,"NRI_P027",25
"27641",-16264.728006425,"NRI_P027",50
"27642",-16743.361676425,"NRI_P027",100
"27643",-8826.66877642501,"NRI_P027",25
"27644",-2491.38370642503,"NRI_P027",50
"27645",-17118.838256425,"NRI_P027",100
"27646",-7368.24876642501,"NRI_P027",25
"27647",-24828.302736425,"NRI_P027",50
"27648",-25987.745526425,"NRI_P027",100
"27649",1696.66176357499,"NRI_P027",25
"27650",12132.7684735749,"NRI_P027",50
"27651",-5559.88476642501,"NRI_P027",100
"27652",-5445.89562642504,"NRI_P027",25
"27653",-2900.24911642505,"NRI_P027",50
"27654",-15644.9339864251,"NRI_P027",100
"27655",1644.42606357497,"NRI_P027",25
"27656",-15242.867296425,"NRI_P027",50
"27657",-16319.479396425,"NRI_P027",100
"27658",-5848.84512642503,"NRI_P027",25
"27659",-2145.45163642504,"NRI_P027",50
"27660",-8969.14884642506,"NRI_P027",100
"27661",569.781163574953,"NRI_P027",25
"27662",1940.91949357494,"NRI_P027",50
"27663",-15597.628536425,"NRI_P027",100
"27664",-19206.8794064251,"NRI_P027",25
"27665",-24225.360366425,"NRI_P027",50
"27666",-12009.074186425,"NRI_P027",100
"27667",1331.72424357495,"NRI_P027",25
"27668",-1792.00591642503,"NRI_P027",50
"27669",-28023.473536425,"NRI_P027",100
"27670",-2110.64866642503,"NRI_P027",25
"27671",-8157.27615642501,"NRI_P027",50
"27672",-2740.79953642504,"NRI_P027",100
"27673",-1298.69543642504,"NRI_P027",25
"27674",-4498.28356642503,"NRI_P027",50
"27675",-26407.784936425,"NRI_P027",100
"27676",-703.063726425054,"NRI_P027",25
"27677",-7416.30948642502,"NRI_P027",50
"27678",-8624.99512642506,"NRI_P027",100
"27679",-2135.61797642504,"NRI_P027",25
"27680",-7708.21528642502,"NRI_P027",50
"27681",-11386.9352864251,"NRI_P027",100
"27682",-7421.49018642504,"NRI_P027",25
"27683",-3813.51384642505,"NRI_P027",50
"27684",-26147.135516425,"NRI_P027",100
"27685",1990.53016357496,"NRI_P027",25
"27686",3875.02807357494,"NRI_P027",50
"27687",-5256.96912642504,"NRI_P027",100
"27688",7140.92706357496,"NRI_P027",25
"27689",14905.5744135749,"NRI_P027",50
"27690",-10737.267526425,"NRI_P027",100
"27691",9694.57699357497,"NRI_P027",25
"27692",-5728.33586642501,"NRI_P027",50
"27693",-23323.551086425,"NRI_P027",100
"27694",2819.20716357499,"NRI_P027",25
"27695",-11930.851976425,"NRI_P027",50
"27696",-16430.287326425,"NRI_P027",100
"27697",5830.65838357498,"NRI_P027",25
"27698",3050.20952357497,"NRI_P027",50
"27699",-7020.39739642502,"NRI_P027",100
"27700",12156.444083575,"NRI_P027",25
"27701",-22239.372376425,"NRI_P027",50
"27702",-16419.809876425,"NRI_P027",100
"27703",-17071.103556425,"NRI_P027",25
"27704",-12133.631006425,"NRI_P027",50
"27705",-21460.290216425,"NRI_P027",100
"27706",9279.27950357494,"NRI_P027",25
"27707",-7214.01104642503,"NRI_P027",50
"27708",-1424.70081642503,"NRI_P027",100
"27709",-25912.1322964251,"NRI_P027",25
"27710",-23625.124616425,"NRI_P027",50
"27711",-11803.069296425,"NRI_P027",100
"27712",-11193.9454764251,"NRI_P027",25
"27713",22086.333413575,"NRI_P027",50
"27714",-14504.7240664251,"NRI_P027",100
"27715",-7065.42398642504,"NRI_P027",25
"27716",-2524.324146425,"NRI_P027",50
"27717",-5392.24671642506,"NRI_P027",100
"27718",-3143.285206425,"NRI_P027",25
"27719",-5240.18954642501,"NRI_P027",50
"27720",-8316.58779642504,"NRI_P027",100
"27721",-23316.234146425,"NRI_P027",25
"27722",-2765.03754642501,"NRI_P027",50
"27723",-20801.587826425,"NRI_P027",100
"27724",-15020.286806425,"NRI_P027",25
"27725",-7338.83722642501,"NRI_P027",50
"27726",-12600.094146425,"NRI_P027",100
"27727",-6296.05264642503,"NRI_P027",25
"27728",-10155.594656425,"NRI_P027",50
"27729",-27392.295286425,"NRI_P027",100
"27730",-9256.73964642501,"NRI_P027",25
"27731",-23225.395606425,"NRI_P027",50
"27732",-21306.538046425,"NRI_P027",100
"27733",-5863.60361642501,"NRI_P027",25
"27734",6480.17001357494,"NRI_P027",50
"27735",-9557.65095642506,"NRI_P027",100
"27736",-2574.83670642501,"NRI_P027",25
"27737",1384.69190357497,"NRI_P027",50
"27738",-21212.662716425,"NRI_P027",100
"27739",7937.96283357497,"NRI_P027",25
"27740",-1953.96333642502,"NRI_P027",50
"27741",-7337.334466425,"NRI_P027",100
"27742",1218.45735357498,"NRI_P027",25
"27743",-11348.950356425,"NRI_P027",50
"27744",-16053.716786425,"NRI_P027",100
"27745",-4460.42149642506,"NRI_P027",25
"27746",-10557.7081964251,"NRI_P027",50
"27747",-19790.082356425,"NRI_P027",100
"27748",961.435783574998,"NRI_P027",25
"27749",-979.92200642504,"NRI_P027",50
"27750",-17504.423956425,"NRI_P027",100
"27751",-3425.83474642504,"NRI_P027",25
"27752",10980.352303575,"NRI_P027",50
"27753",-11280.506016425,"NRI_P027",100
"27754",-2839.33539642504,"NRI_P027",25
"27755",-5134.00732642505,"NRI_P027",50
"27756",-18765.8385164251,"NRI_P027",100
"27757",3778.18484357494,"NRI_P027",25
"27758",-18413.301016425,"NRI_P027",50
"27759",-18952.325286425,"NRI_P027",100
"27760",-8310.96417642501,"NRI_P027",25
"27761",-12950.893336425,"NRI_P027",50
"27762",2873.98769357498,"NRI_P027",100
"27763",14263.4229335749,"NRI_P027",25
"27764",-6827.66149642505,"NRI_P027",50
"27765",-4104.98309642501,"NRI_P027",100
"27766",-20776.804696425,"NRI_P027",25
"27767",-10425.036516425,"NRI_P027",50
"27768",-26251.652946425,"NRI_P027",100
"27769",-13509.048386425,"NRI_P027",25
"27770",-16040.361196425,"NRI_P027",50
"27771",-21054.7397364251,"NRI_P027",100
"27772",-2056.45635642501,"NRI_P027",25
"27773",-23220.330816425,"NRI_P027",50
"27774",-22064.2373064251,"NRI_P027",100
"27775",-18572.777306425,"NRI_P027",25
"27776",-1981.88859642501,"NRI_P027",50
"27777",-8207.79309642501,"NRI_P027",100
"27778",-2874.20237642503,"NRI_P027",25
"27779",16899.564103575,"NRI_P027",50
"27780",-19014.981946425,"NRI_P027",100
"27781",3345.33309357497,"NRI_P027",25
"27782",-3519.09513642505,"NRI_P027",50
"27783",-20276.9326264251,"NRI_P027",100
"27784",2191.86314357497,"NRI_P027",25
"27785",367.509623574966,"NRI_P027",50
"27786",12757.865213575,"NRI_P027",100
"27787",1765.24615357496,"NRI_P027",25
"27788",-22801.322566425,"NRI_P027",50
"27789",-12910.867706425,"NRI_P027",100
"27790",-4591.96000642504,"NRI_P027",25
"27791",-17149.429886425,"NRI_P027",50
"27792",-16682.8194064251,"NRI_P027",100
"27793",2406.55311357498,"NRI_P027",25
"27794",1298.19804357499,"NRI_P027",50
"27795",-19220.3463064251,"NRI_P027",100
"27796",-19836.763046425,"NRI_P027",25
"27797",-16555.270876425,"NRI_P027",50
"27798",-15114.881316425,"NRI_P027",100
"27799",-1579.30903642502,"NRI_P027",25
"27800",5319.09926357499,"NRI_P027",50
"27801",-14384.1128564251,"NRI_P027",100
"27802",4370.19400357496,"NRI_P027",25
"27803",-3567.26663642505,"NRI_P027",50
"27804",6150.22272357496,"NRI_P027",100
"27805",-1818.32034642505,"NRI_P027",25
"27806",-9407.82680642506,"NRI_P027",50
"27807",-10803.1116264251,"NRI_P027",100
"27808",5792.19805357495,"NRI_P027",25
"27809",-8226.16899642505,"NRI_P027",50
"27810",-21877.7714464251,"NRI_P027",100
"27811",-5227.63975642505,"NRI_P027",25
"27812",-10469.280046425,"NRI_P027",50
"27813",-15076.738446425,"NRI_P027",100
"27814",-23260.992806425,"NRI_P027",25
"27815",-6407.60878642503,"NRI_P027",50
"27816",-13141.514456425,"NRI_P027",100
"27817",821.939523574954,"NRI_P027",25
"27818",9535.91130357498,"NRI_P027",50
"27819",-1477.52066642506,"NRI_P027",100
"27820",6894.06333357497,"NRI_P027",25
"27821",-5591.00747642503,"NRI_P027",50
"27822",-21768.771486425,"NRI_P027",100
"27823",-20252.775326425,"NRI_P027",25
"27824",27.6659635749529,"NRI_P027",50
"27825",-12907.984356425,"NRI_P027",100
"27826",-8696.41534642503,"NRI_P027",25
"27827",-3751.78995642503,"NRI_P027",50
"27828",-3472.81075642502,"NRI_P027",100
"27829",73.8686035749852,"NRI_P027",25
"27830",-3795.09491642501,"NRI_P027",50
"27831",1078.32605357497,"NRI_P027",100
"27832",-2443.595596425,"NRI_P027",25
"27833",-6726.44801642501,"NRI_P027",50
"27834",-18756.9913964251,"NRI_P027",100
"27835",-3641.389956425,"NRI_P027",25
"27836",8323.65240357496,"NRI_P027",50
"27837",-26817.229456425,"NRI_P027",100
"27838",-16871.937566425,"NRI_P027",25
"27839",-1901.02467642503,"NRI_P027",50
"27840",-24531.634206425,"NRI_P027",100
"27841",8029.45018357498,"NRI_P027",25
"27842",25830.7126235749,"NRI_P027",50
"27843",-10049.554766425,"NRI_P027",100
"27844",1418.05547357496,"NRI_P027",25
"27845",-14970.514506425,"NRI_P027",50
"27846",-17174.500886425,"NRI_P027",100
"27847",-1391.34888642502,"NRI_P027",25
"27848",-14591.5961764251,"NRI_P027",50
"27849",-17304.9462864251,"NRI_P027",100
"27850",-11781.9333064251,"NRI_P027",25
"27851",-5183.21310642501,"NRI_P027",50
"27852",-22873.8002264251,"NRI_P027",100
"27853",846.082073574944,"NRI_P027",25
"27854",-27067.856116425,"NRI_P027",50
"27855",-16486.100276425,"NRI_P027",100
"27856",145.515733574983,"NRI_P027",25
"27857",-632.950236425037,"NRI_P027",50
"27858",-10830.057356425,"NRI_P027",100
"27859",-1680.41833642503,"NRI_P027",25
"27860",149.226893574989,"NRI_P027",50
"27861",-21747.889196425,"NRI_P027",100
"27862",-4591.28091642505,"NRI_P027",25
"27863",-16547.741796425,"NRI_P027",50
"27864",-12888.946686425,"NRI_P027",100
"27865",-10908.816816425,"NRI_P027",25
"27866",-1836.56883642502,"NRI_P027",50
"27867",-8497.140216425,"NRI_P027",100
"27868",8390.81134357495,"NRI_P027",25
"27869",8131.44107357494,"NRI_P027",50
"27870",-11569.943776425,"NRI_P027",100
"27871",-3260.79773642501,"NRI_P027",25
"27872",5854.01119357499,"NRI_P027",50
"27873",-17137.567596425,"NRI_P027",100
"27874",5385.24637357495,"NRI_P027",25
"27875",-6101.68189642503,"NRI_P027",50
"27876",-26806.087076425,"NRI_P027",100
"27877",5411.52579357498,"NRI_P027",25
"27878",9337.57758357498,"NRI_P027",50
"27879",-26989.872376425,"NRI_P027",100
"27880",-10996.649076425,"NRI_P027",25
"27881",-4590.68918642501,"NRI_P027",50
"27882",-9151.38305642502,"NRI_P027",100
"27883",10840.520373575,"NRI_P027",25
"27884",-10561.648626425,"NRI_P027",50
"27885",-17965.127406425,"NRI_P027",100
"27886",956.304163574998,"NRI_P027",25
"27887",-11985.2728364251,"NRI_P027",50
"27888",-14738.980796425,"NRI_P027",100
"27889",-3177.85512642504,"NRI_P027",25
"27890",-16148.210656425,"NRI_P027",50
"27891",-26296.249106425,"NRI_P027",100
"27892",5048.534173575,"NRI_P027",25
"27893",-7713.64163642505,"NRI_P027",50
"27894",-12636.143506425,"NRI_P027",100
"27895",9464.40989357495,"NRI_P027",25
"27896",-18330.8336864251,"NRI_P027",50
"27897",-9191.20804642502,"NRI_P027",100
"27898",2903.60842357494,"NRI_P027",25
"27899",4423.466773575,"NRI_P027",50
"27900",1092.03782357497,"NRI_P027",100
"27901",-4457.44417032099,"NRI_P028",25
"27902",3389.74582967901,"NRI_P028",50
"27903",-1732.673750321,"NRI_P028",100
"27904",-2290.50088032099,"NRI_P028",25
"27905",-754.591360320977,"NRI_P028",50
"27906",-2823.45197032098,"NRI_P028",100
"27907",-938.848790321004,"NRI_P028",25
"27908",-1044.08621032099,"NRI_P028",50
"27909",12360.128319679,"NRI_P028",100
"27910",363.856839679007,"NRI_P028",25
"27911",15901.288259679,"NRI_P028",50
"27912",3648.67190967902,"NRI_P028",100
"27913",2101.57299967902,"NRI_P028",25
"27914",579.210069679015,"NRI_P028",50
"27915",17992.159469679,"NRI_P028",100
"27916",4802.00448967901,"NRI_P028",25
"27917",5074.07997967899,"NRI_P028",50
"27918",-1106.01749032098,"NRI_P028",100
"27919",-17.340760320978,"NRI_P028",25
"27920",1098.357759679,"NRI_P028",50
"27921",-692.437560320977,"NRI_P028",100
"27922",-1092.82984032098,"NRI_P028",25
"27923",-3681.046670321,"NRI_P028",50
"27924",3209.183029679,"NRI_P028",100
"27925",-1432.698620321,"NRI_P028",25
"27926",-4666.563580321,"NRI_P028",50
"27927",7188.63060967901,"NRI_P028",100
"27928",-3536.77215032099,"NRI_P028",25
"27929",-3133.01553032099,"NRI_P028",50
"27930",6354.29208967902,"NRI_P028",100
"27931",4339.06466967901,"NRI_P028",25
"27932",-3410.77435032098,"NRI_P028",50
"27933",-2259.64686032099,"NRI_P028",100
"27934",286.230099679,"NRI_P028",25
"27935",792.401469678996,"NRI_P028",50
"27936",-5897.421540321,"NRI_P028",100
"27937",442.81311967902,"NRI_P028",25
"27938",-961.85253032099,"NRI_P028",50
"27939",4063.86143967902,"NRI_P028",100
"27940",124.901779678999,"NRI_P028",25
"27941",-4636.10224032099,"NRI_P028",50
"27942",6939.38568967901,"NRI_P028",100
"27943",-1678.41097032098,"NRI_P028",25
"27944",1702.005719679,"NRI_P028",50
"27945",-1487.57397032098,"NRI_P028",100
"27946",-830.515320320992,"NRI_P028",25
"27947",-318.351900320995,"NRI_P028",50
"27948",-1771.803210321,"NRI_P028",100
"27949",433.802229679015,"NRI_P028",25
"27950",2757.07751967901,"NRI_P028",50
"27951",-6639.34291032099,"NRI_P028",100
"27952",439.847129679023,"NRI_P028",25
"27953",631.779429679009,"NRI_P028",50
"27954",-6085.00339032098,"NRI_P028",100
"27955",2419.66468967902,"NRI_P028",25
"27956",-2502.43526032098,"NRI_P028",50
"27957",3988.298699679,"NRI_P028",100
"27958",1637.051149679,"NRI_P028",25
"27959",2271.92591967902,"NRI_P028",50
"27960",6059.28126967902,"NRI_P028",100
"27961",7028.54210967899,"NRI_P028",25
"27962",-3940.508770321,"NRI_P028",50
"27963",-2776.10925032099,"NRI_P028",100
"27964",3237.26884967901,"NRI_P028",25
"27965",-2761.52004032099,"NRI_P028",50
"27966",1300.04714967901,"NRI_P028",100
"27967",-2814.481510321,"NRI_P028",25
"27968",15639.083939679,"NRI_P028",50
"27969",-787.457790321001,"NRI_P028",100
"27970",-2978.52075032098,"NRI_P028",25
"27971",-2960.38775032098,"NRI_P028",50
"27972",-6267.05659032098,"NRI_P028",100
"27973",-2256.252960321,"NRI_P028",25
"27974",-1702.68622032099,"NRI_P028",50
"27975",-2003.70025032098,"NRI_P028",100
"27976",-102.507820320985,"NRI_P028",25
"27977",-2687.052610321,"NRI_P028",50
"27978",7137.49868967902,"NRI_P028",100
"27979",374.515429679013,"NRI_P028",25
"27980",-3146.84500032099,"NRI_P028",50
"27981",21779.306759679,"NRI_P028",100
"27982",-137.608190320985,"NRI_P028",25
"27983",6652.51257967899,"NRI_P028",50
"27984",-1205.65958032099,"NRI_P028",100
"27985",-1736.05469032101,"NRI_P028",25
"27986",-5406.27744032099,"NRI_P028",50
"27987",403.202139679022,"NRI_P028",100
"27988",-2513.694420321,"NRI_P028",25
"27989",-1025.736360321,"NRI_P028",50
"27990",9348.53676967902,"NRI_P028",100
"27991",43.7920596790209,"NRI_P028",25
"27992",-4020.35214032099,"NRI_P028",50
"27993",-6513.866260321,"NRI_P028",100
"27994",320.950729678996,"NRI_P028",25
"27995",2100.88304967902,"NRI_P028",50
"27996",9756.918409679,"NRI_P028",100
"27997",-3615.90284032098,"NRI_P028",25
"27998",-873.240210321004,"NRI_P028",50
"27999",-6113.96523032099,"NRI_P028",100
"28000",-2340.56695032099,"NRI_P028",25
"28001",-3382.12797032099,"NRI_P028",50
"28002",-3899.19766032099,"NRI_P028",100
"28003",-1044.68818032098,"NRI_P028",25
"28004",-3987.051490321,"NRI_P028",50
"28005",5442.33709967902,"NRI_P028",100
"28006",2006.349629679,"NRI_P028",25
"28007",2012.291659679,"NRI_P028",50
"28008",2401.12958967901,"NRI_P028",100
"28009",-1827.72167032099,"NRI_P028",25
"28010",5160.92680967902,"NRI_P028",50
"28011",-649.129320320993,"NRI_P028",100
"28012",-1693.46763032099,"NRI_P028",25
"28013",1539.88769967901,"NRI_P028",50
"28014",-649.053380320984,"NRI_P028",100
"28015",2453.66323967901,"NRI_P028",25
"28016",1193.329059679,"NRI_P028",50
"28017",4272.87582967902,"NRI_P028",100
"28018",-2284.83061032099,"NRI_P028",25
"28019",-1808.36831032101,"NRI_P028",50
"28020",-1841.884270321,"NRI_P028",100
"28021",-1184.642630321,"NRI_P028",25
"28022",2176.26511967901,"NRI_P028",50
"28023",-2318.12820032099,"NRI_P028",100
"28024",3712.780819679,"NRI_P028",25
"28025",-158.763290320989,"NRI_P028",50
"28026",12097.473399679,"NRI_P028",100
"28027",9858.22633967901,"NRI_P028",25
"28028",-3798.58392032099,"NRI_P028",50
"28029",-5126.90347032101,"NRI_P028",100
"28030",-2853.44730032099,"NRI_P028",25
"28031",-3895.781240321,"NRI_P028",50
"28032",-7090.58966032098,"NRI_P028",100
"28033",988.548029679019,"NRI_P028",25
"28034",5045.74864967901,"NRI_P028",50
"28035",-1405.33521032098,"NRI_P028",100
"28036",-499.82598032098,"NRI_P028",25
"28037",1978.05694967901,"NRI_P028",50
"28038",-1141.205080321,"NRI_P028",100
"28039",-909.186930320982,"NRI_P028",25
"28040",779.908039679023,"NRI_P028",50
"28041",-1674.040960321,"NRI_P028",100
"28042",-1533.18958032099,"NRI_P028",25
"28043",-2208.01609032101,"NRI_P028",50
"28044",-1243.57945032098,"NRI_P028",100
"28045",-2935.35731032098,"NRI_P028",25
"28046",4523.09403967901,"NRI_P028",50
"28047",-2376.175990321,"NRI_P028",100
"28048",4249.100459679,"NRI_P028",25
"28049",6068.83104967902,"NRI_P028",50
"28050",-3767.592020321,"NRI_P028",100
"28051",4108.40348967901,"NRI_P028",25
"28052",-2184.15838032099,"NRI_P028",50
"28053",2093.081019679,"NRI_P028",100
"28054",-656.991820320982,"NRI_P028",25
"28055",-2547.45518032101,"NRI_P028",50
"28056",-2461.90255032099,"NRI_P028",100
"28057",-2808.567150321,"NRI_P028",25
"28058",-6218.44793032098,"NRI_P028",50
"28059",3462.379939679,"NRI_P028",100
"28060",4096.733379679,"NRI_P028",25
"28061",-5338.35282032099,"NRI_P028",50
"28062",-1883.53725032098,"NRI_P028",100
"28063",5263.95425967901,"NRI_P028",25
"28064",5201.81948967901,"NRI_P028",50
"28065",4569.08452967901,"NRI_P028",100
"28066",-451.544230320986,"NRI_P028",25
"28067",-1970.75008032098,"NRI_P028",50
"28068",258.454479679,"NRI_P028",100
"28069",-1429.18774032098,"NRI_P028",25
"28070",-4085.72204032098,"NRI_P028",50
"28071",-6921.329790321,"NRI_P028",100
"28072",-4301.64679032099,"NRI_P028",25
"28073",-2367.11648032098,"NRI_P028",50
"28074",1572.48097967901,"NRI_P028",100
"28075",-3341.870140321,"NRI_P028",25
"28076",-1189.34209032098,"NRI_P028",50
"28077",18947.507499679,"NRI_P028",100
"28078",-785.958050321002,"NRI_P028",25
"28079",-1788.201670321,"NRI_P028",50
"28080",-7811.614640321,"NRI_P028",100
"28081",660.058979679015,"NRI_P028",25
"28082",5322.46671967901,"NRI_P028",50
"28083",-4151.510130321,"NRI_P028",100
"28084",-2050.149150321,"NRI_P028",25
"28085",-610.148120320984,"NRI_P028",50
"28086",5213.529779679,"NRI_P028",100
"28087",544.440819679003,"NRI_P028",25
"28088",-823.367040320998,"NRI_P028",50
"28089",4570.62648967901,"NRI_P028",100
"28090",-3127.70445032101,"NRI_P028",25
"28091",-867.319770320988,"NRI_P028",50
"28092",1291.662129679,"NRI_P028",100
"28093",-2368.47763032099,"NRI_P028",25
"28094",-4470.64304032098,"NRI_P028",50
"28095",5964.67678967901,"NRI_P028",100
"28096",1896.380069679,"NRI_P028",25
"28097",10871.978409679,"NRI_P028",50
"28098",-507.003520320985,"NRI_P028",100
"28099",5824.58143967902,"NRI_P028",25
"28100",-2373.705500321,"NRI_P028",50
"28101",17310.236599679,"NRI_P028",100
"28102",-2502.946640321,"NRI_P028",25
"28103",9416.70665967901,"NRI_P028",50
"28104",3309.367639679,"NRI_P028",100
"28105",6636.616519679,"NRI_P028",25
"28106",-6323.27515032099,"NRI_P028",50
"28107",3445.06341967901,"NRI_P028",100
"28108",6581.97911967902,"NRI_P028",25
"28109",8384.71905967902,"NRI_P028",50
"28110",5579.63757967899,"NRI_P028",100
"28111",1849.49147967901,"NRI_P028",25
"28112",-739.497280320997,"NRI_P028",50
"28113",-4800.27786032099,"NRI_P028",100
"28114",-2116.21130032098,"NRI_P028",25
"28115",3762.010959679,"NRI_P028",50
"28116",-5643.40580032099,"NRI_P028",100
"28117",-730.000010321004,"NRI_P028",25
"28118",-3836.84255032099,"NRI_P028",50
"28119",-2136.764530321,"NRI_P028",100
"28120",-5785.62390032099,"NRI_P028",25
"28121",7394.039759679,"NRI_P028",50
"28122",3780.320589679,"NRI_P028",100
"28123",3742.460809679,"NRI_P028",25
"28124",-2208.22584032099,"NRI_P028",50
"28125",16509.565259679,"NRI_P028",100
"28126",117.452789678995,"NRI_P028",25
"28127",-1686.50410032098,"NRI_P028",50
"28128",2041.712189679,"NRI_P028",100
"28129",-1512.31446032098,"NRI_P028",25
"28130",-618.636160320981,"NRI_P028",50
"28131",-7721.16569032098,"NRI_P028",100
"28132",6769.361979679,"NRI_P028",25
"28133",-1345.15236032099,"NRI_P028",50
"28134",-1400.69178032098,"NRI_P028",100
"28135",575.925439679006,"NRI_P028",25
"28136",-4371.63337032098,"NRI_P028",50
"28137",-795.592530320981,"NRI_P028",100
"28138",-2711.78264032098,"NRI_P028",25
"28139",-4498.494720321,"NRI_P028",50
"28140",-7494.14582032099,"NRI_P028",100
"28141",-1635.830500321,"NRI_P028",25
"28142",-2383.49078032098,"NRI_P028",50
"28143",-1532.69065032099,"NRI_P028",100
"28144",-3627.138120321,"NRI_P028",25
"28145",3578.05939967901,"NRI_P028",50
"28146",-3539.437960321,"NRI_P028",100
"28147",1556.05160967901,"NRI_P028",25
"28148",-542.250300321,"NRI_P028",50
"28149",-3743.432950321,"NRI_P028",100
"28150",-1004.07542032099,"NRI_P028",25
"28151",-7472.95241032098,"NRI_P028",50
"28152",-2630.41777032099,"NRI_P028",100
"28153",-2263.842720321,"NRI_P028",25
"28154",2156.62423967902,"NRI_P028",50
"28155",-624.135820320982,"NRI_P028",100
"28156",-2281.474160321,"NRI_P028",25
"28157",1946.58834967902,"NRI_P028",50
"28158",3628.370579679,"NRI_P028",100
"28159",61.47638967901,"NRI_P028",25
"28160",3843.937539679,"NRI_P028",50
"28161",-507.536070320988,"NRI_P028",100
"28162",-1848.00959032099,"NRI_P028",25
"28163",1337.30955967901,"NRI_P028",50
"28164",-562.506360320986,"NRI_P028",100
"28165",7151.38625967901,"NRI_P028",25
"28166",1634.41648967902,"NRI_P028",50
"28167",9259.41972967901,"NRI_P028",100
"28168",-1132.89580032098,"NRI_P028",25
"28169",6390.20430967901,"NRI_P028",50
"28170",2984.435269679,"NRI_P028",100
"28171",5505.07182967901,"NRI_P028",25
"28172",-3664.81591032099,"NRI_P028",50
"28173",2383.65381967902,"NRI_P028",100
"28174",-854.679950320977,"NRI_P028",25
"28175",3506.23008967901,"NRI_P028",50
"28176",6356.34715967902,"NRI_P028",100
"28177",-619.543370320986,"NRI_P028",25
"28178",-4951.235310321,"NRI_P028",50
"28179",192.033109679003,"NRI_P028",100
"28180",-1610.50891032099,"NRI_P028",25
"28181",-4451.06503032098,"NRI_P028",50
"28182",-3004.59381032098,"NRI_P028",100
"28183",-1009.915830321,"NRI_P028",25
"28184",4734.642449679,"NRI_P028",50
"28185",-2552.19495032099,"NRI_P028",100
"28186",-2154.73197032098,"NRI_P028",25
"28187",-1313.445490321,"NRI_P028",50
"28188",7264.47440967901,"NRI_P028",100
"28189",583.941599679005,"NRI_P028",25
"28190",2858.23083967902,"NRI_P028",50
"28191",8972.53163967901,"NRI_P028",100
"28192",8621.71863967902,"NRI_P028",25
"28193",2633.846289679,"NRI_P028",50
"28194",5100.451589679,"NRI_P028",100
"28195",-4567.45152032099,"NRI_P028",25
"28196",880.481389679015,"NRI_P028",50
"28197",-3360.43476032099,"NRI_P028",100
"28198",12603.235469679,"NRI_P028",25
"28199",3600.12922967901,"NRI_P028",50
"28200",-4299.12873032098,"NRI_P028",100
"28201",-118.550799026969,"NRI_P029",25
"28202",692.511430973012,"NRI_P029",50
"28203",-8547.800329027,"NRI_P029",100
"28204",2959.66393097304,"NRI_P029",25
"28205",13476.869650973,"NRI_P029",50
"28206",-5986.11039902695,"NRI_P029",100
"28207",7916.31902097305,"NRI_P029",25
"28208",-3283.08125902695,"NRI_P029",50
"28209",-12788.589809027,"NRI_P029",100
"28210",-16619.634729027,"NRI_P029",25
"28211",9727.73982097302,"NRI_P029",50
"28212",-9561.77577902697,"NRI_P029",100
"28213",-6228.88295902696,"NRI_P029",25
"28214",11684.550380973,"NRI_P029",50
"28215",28573.084430973,"NRI_P029",100
"28216",-14241.354919027,"NRI_P029",25
"28217",-24258.876849027,"NRI_P029",50
"28218",3832.51745097304,"NRI_P029",100
"28219",11363.382440973,"NRI_P029",25
"28220",-9144.44282902696,"NRI_P029",50
"28221",-14917.557329027,"NRI_P029",100
"28222",-21928.1054990269,"NRI_P029",25
"28223",-14560.742929027,"NRI_P029",50
"28224",-5869.69390902697,"NRI_P029",100
"28225",-9734.70819902699,"NRI_P029",25
"28226",4573.99092097301,"NRI_P029",50
"28227",-7564.49090902699,"NRI_P029",100
"28228",9590.44235097303,"NRI_P029",25
"28229",20324.577890973,"NRI_P029",50
"28230",-23148.391629027,"NRI_P029",100
"28231",8436.35590097302,"NRI_P029",25
"28232",-5308.87521902699,"NRI_P029",50
"28233",32023.436230973,"NRI_P029",100
"28234",-2399.89039902698,"NRI_P029",25
"28235",2973.23897097301,"NRI_P029",50
"28236",-5675.15219902695,"NRI_P029",100
"28237",-9976.21706902696,"NRI_P029",25
"28238",3223.18526097306,"NRI_P029",50
"28239",8789.99399097305,"NRI_P029",100
"28240",1176.35046097304,"NRI_P029",25
"28241",-15065.299569027,"NRI_P029",50
"28242",-16197.552239027,"NRI_P029",100
"28243",-5950.43918902695,"NRI_P029",25
"28244",10461.963030973,"NRI_P029",50
"28245",-15684.863659027,"NRI_P029",100
"28246",-12777.850409027,"NRI_P029",25
"28247",-6546.90117902699,"NRI_P029",50
"28248",-5369.80605902697,"NRI_P029",100
"28249",-18906.854339027,"NRI_P029",25
"28250",3010.55604097305,"NRI_P029",50
"28251",15222.616480973,"NRI_P029",100
"28252",-143.322379026969,"NRI_P029",25
"28253",-11643.733219027,"NRI_P029",50
"28254",4897.68912097305,"NRI_P029",100
"28255",1454.12554097304,"NRI_P029",25
"28256",10886.106140973,"NRI_P029",50
"28257",14688.587390973,"NRI_P029",100
"28258",1511.25234097301,"NRI_P029",25
"28259",2620.69009097305,"NRI_P029",50
"28260",-6328.59866902698,"NRI_P029",100
"28261",-3967.08698902698,"NRI_P029",25
"28262",-10276.212239027,"NRI_P029",50
"28263",110.737990973052,"NRI_P029",100
"28264",-1572.19933902699,"NRI_P029",25
"28265",-8456.54521902697,"NRI_P029",50
"28266",6009.531090973,"NRI_P029",100
"28267",-9318.02111902699,"NRI_P029",25
"28268",13669.013750973,"NRI_P029",50
"28269",-2385.175199027,"NRI_P029",100
"28270",-14581.403029027,"NRI_P029",25
"28271",-10138.052029027,"NRI_P029",50
"28272",-1566.865459027,"NRI_P029",100
"28273",5955.20485097304,"NRI_P029",25
"28274",12283.730960973,"NRI_P029",50
"28275",209.403110973013,"NRI_P029",100
"28276",-9881.57267902698,"NRI_P029",25
"28277",-6137.77254902699,"NRI_P029",50
"28278",9174.88196097303,"NRI_P029",100
"28279",-2347.42895902699,"NRI_P029",25
"28280",10339.393800973,"NRI_P029",50
"28281",-3897.39398902695,"NRI_P029",100
"28282",-17768.464999027,"NRI_P029",25
"28283",4118.365980973,"NRI_P029",50
"28284",623.522880973003,"NRI_P029",100
"28285",-11307.289119027,"NRI_P029",25
"28286",1668.48319097306,"NRI_P029",50
"28287",-13853.993159027,"NRI_P029",100
"28288",7123.86725097301,"NRI_P029",25
"28289",-25390.218229027,"NRI_P029",50
"28290",-18343.481989027,"NRI_P029",100
"28291",-8829.214529027,"NRI_P029",25
"28292",14201.936020973,"NRI_P029",50
"28293",1325.677700973,"NRI_P029",100
"28294",3403.26144097303,"NRI_P029",25
"28295",-4585.56654902699,"NRI_P029",50
"28296",-2238.98884902697,"NRI_P029",100
"28297",-2850.89119902696,"NRI_P029",25
"28298",30100.534630973,"NRI_P029",50
"28299",-3947.527549027,"NRI_P029",100
"28300",18302.604050973,"NRI_P029",25
"28301",3771.82165097306,"NRI_P029",50
"28302",6287.926240973,"NRI_P029",100
"28303",4038.072950973,"NRI_P029",25
"28304",-8279.85930902697,"NRI_P029",50
"28305",2516.97798097302,"NRI_P029",100
"28306",-16443.810539027,"NRI_P029",25
"28307",-23860.018619027,"NRI_P029",50
"28308",2719.35474097304,"NRI_P029",100
"28309",-2658.27357902698,"NRI_P029",25
"28310",-17975.681269027,"NRI_P029",50
"28311",552.000400973018,"NRI_P029",100
"28312",-8080.23043902696,"NRI_P029",25
"28313",-16319.162989027,"NRI_P029",50
"28314",-14143.089309027,"NRI_P029",100
"28315",2510.99978097301,"NRI_P029",25
"28316",-5448.981469027,"NRI_P029",50
"28317",-18199.843919027,"NRI_P029",100
"28318",-10498.2033390269,"NRI_P029",25
"28319",-9151.78106902697,"NRI_P029",50
"28320",35161.455920973,"NRI_P029",100
"28321",-12697.566289027,"NRI_P029",25
"28322",11677.3661409731,"NRI_P029",50
"28323",-12898.268509027,"NRI_P029",100
"28324",-15647.536459027,"NRI_P029",25
"28325",-4824.77673902694,"NRI_P029",50
"28326",-5353.03304902697,"NRI_P029",100
"28327",7598.49265097303,"NRI_P029",25
"28328",-7717.23142902699,"NRI_P029",50
"28329",-17664.294889027,"NRI_P029",100
"28330",-22803.115229027,"NRI_P029",25
"28331",-4753.793449027,"NRI_P029",50
"28332",2501.045660973,"NRI_P029",100
"28333",1762.04453097301,"NRI_P029",25
"28334",8813.89185097301,"NRI_P029",50
"28335",1567.21173097304,"NRI_P029",100
"28336",5368.11272097303,"NRI_P029",25
"28337",4552.22545097303,"NRI_P029",50
"28338",-16169.105029027,"NRI_P029",100
"28339",-5014.81763902697,"NRI_P029",25
"28340",3479.05242097302,"NRI_P029",50
"28341",-9938.24886902695,"NRI_P029",100
"28342",-1913.28960902698,"NRI_P029",25
"28343",-495.166319026961,"NRI_P029",50
"28344",17717.6680609731,"NRI_P029",100
"28345",-3010.08382902696,"NRI_P029",25
"28346",3845.36318097304,"NRI_P029",50
"28347",1103.31760097301,"NRI_P029",100
"28348",-2530.03545902699,"NRI_P029",25
"28349",867.868860973045,"NRI_P029",50
"28350",-19016.183059027,"NRI_P029",100
"28351",-10200.120629027,"NRI_P029",25
"28352",20441.1712409731,"NRI_P029",50
"28353",24861.526480973,"NRI_P029",100
"28354",19666.315670973,"NRI_P029",25
"28355",14232.288150973,"NRI_P029",50
"28356",7471.296050973,"NRI_P029",100
"28357",6229.82739097305,"NRI_P029",25
"28358",29538.568880973,"NRI_P029",50
"28359",5662.883310973,"NRI_P029",100
"28360",-4424.675879027,"NRI_P029",25
"28361",11565.210070973,"NRI_P029",50
"28362",-15072.031359027,"NRI_P029",100
"28363",6303.00456097303,"NRI_P029",25
"28364",31592.924540973,"NRI_P029",50
"28365",-18308.7283890269,"NRI_P029",100
"28366",-1193.18482902698,"NRI_P029",25
"28367",-1314.832099027,"NRI_P029",50
"28368",20816.417650973,"NRI_P029",100
"28369",-10817.101449027,"NRI_P029",25
"28370",1428.06238097302,"NRI_P029",50
"28371",-10032.214359027,"NRI_P029",100
"28372",-6569.81414902699,"NRI_P029",25
"28373",34486.641380973,"NRI_P029",50
"28374",7068.93263097305,"NRI_P029",100
"28375",-7262.09469902696,"NRI_P029",25
"28376",15941.226160973,"NRI_P029",50
"28377",42550.202130973,"NRI_P029",100
"28378",-1720.00283902697,"NRI_P029",25
"28379",2836.10228097305,"NRI_P029",50
"28380",64458.611580973,"NRI_P029",100
"28381",3154.85106097301,"NRI_P029",25
"28382",2428.36466097302,"NRI_P029",50
"28383",16491.303210973,"NRI_P029",100
"28384",-5897.72574902698,"NRI_P029",25
"28385",-15059.320869027,"NRI_P029",50
"28386",2760.25913097302,"NRI_P029",100
"28387",13233.496830973,"NRI_P029",25
"28388",11603.349160973,"NRI_P029",50
"28389",3435.70969097305,"NRI_P029",100
"28390",-11972.7886190269,"NRI_P029",25
"28391",-13681.270709027,"NRI_P029",50
"28392",-7162.65923902695,"NRI_P029",100
"28393",8625.73402097303,"NRI_P029",25
"28394",13486.015840973,"NRI_P029",50
"28395",-3464.14517902699,"NRI_P029",100
"28396",19593.983410973,"NRI_P029",25
"28397",6327.29603097303,"NRI_P029",50
"28398",-15168.508299027,"NRI_P029",100
"28399",1008.95189097303,"NRI_P029",25
"28400",9519.45290097303,"NRI_P029",50
"28401",3889.16841097304,"NRI_P029",100
"28402",8004.43482097302,"NRI_P029",25
"28403",7388.31030097301,"NRI_P029",50
"28404",2745.40007097303,"NRI_P029",100
"28405",-3050.404299027,"NRI_P029",25
"28406",4764.89328097302,"NRI_P029",50
"28407",8586.35502097302,"NRI_P029",100
"28408",17521.880940973,"NRI_P029",25
"28409",-7259.335829027,"NRI_P029",50
"28410",-9611.92985902698,"NRI_P029",100
"28411",-21103.738199027,"NRI_P029",25
"28412",-21215.836939027,"NRI_P029",50
"28413",-7253.93582902697,"NRI_P029",100
"28414",-4809.44166902697,"NRI_P029",25
"28415",-17086.489309027,"NRI_P029",50
"28416",3512.88749097305,"NRI_P029",100
"28417",-8256.06899902696,"NRI_P029",25
"28418",-5705.815679027,"NRI_P029",50
"28419",-8205.24201902695,"NRI_P029",100
"28420",8458.74875097303,"NRI_P029",25
"28421",4520.81473097304,"NRI_P029",50
"28422",-9749.046239027,"NRI_P029",100
"28423",7116.27419097302,"NRI_P029",25
"28424",-9152.30872902699,"NRI_P029",50
"28425",-10405.832299027,"NRI_P029",100
"28426",-7403.73271902697,"NRI_P029",25
"28427",-10553.6588490269,"NRI_P029",50
"28428",16427.147910973,"NRI_P029",100
"28429",-127.354319026985,"NRI_P029",25
"28430",66965.0255109731,"NRI_P029",50
"28431",18515.564160973,"NRI_P029",100
"28432",1945.51502097305,"NRI_P029",25
"28433",-6487.59951902699,"NRI_P029",50
"28434",-27171.468349027,"NRI_P029",100
"28435",2603.58942097303,"NRI_P029",25
"28436",-4488.40999902698,"NRI_P029",50
"28437",4293.48129097302,"NRI_P029",100
"28438",5893.51275097305,"NRI_P029",25
"28439",-2378.90957902698,"NRI_P029",50
"28440",16308.651550973,"NRI_P029",100
"28441",2613.76146097301,"NRI_P029",25
"28442",-9066.30176902696,"NRI_P029",50
"28443",4799.19904097304,"NRI_P029",100
"28444",4847.84696097305,"NRI_P029",25
"28445",-6744.87596902699,"NRI_P029",50
"28446",12795.769060973,"NRI_P029",100
"28447",1303.17115097301,"NRI_P029",25
"28448",-14557.4120290269,"NRI_P029",50
"28449",37579.487320973,"NRI_P029",100
"28450",787.409150973021,"NRI_P029",25
"28451",-5576.88895902695,"NRI_P029",50
"28452",34641.0688609731,"NRI_P029",100
"28453",-12482.965309027,"NRI_P029",25
"28454",5542.103910973,"NRI_P029",50
"28455",-6830.79434902698,"NRI_P029",100
"28456",-7085.33631902694,"NRI_P029",25
"28457",40806.282470973,"NRI_P029",50
"28458",-11780.501469027,"NRI_P029",100
"28459",-3230.97635902697,"NRI_P029",25
"28460",-2015.71462902694,"NRI_P029",50
"28461",449.240360973054,"NRI_P029",100
"28462",1398.45696097304,"NRI_P029",25
"28463",-6380.09411902697,"NRI_P029",50
"28464",7303.36184097303,"NRI_P029",100
"28465",396.420250973024,"NRI_P029",25
"28466",-11827.0333590269,"NRI_P029",50
"28467",-12949.373789027,"NRI_P029",100
"28468",13122.188060973,"NRI_P029",25
"28469",-12611.538199027,"NRI_P029",50
"28470",-1718.06812902697,"NRI_P029",100
"28471",-5608.60774902697,"NRI_P029",25
"28472",-11556.496509027,"NRI_P029",50
"28473",26690.909790973,"NRI_P029",100
"28474",12994.9355209731,"NRI_P029",25
"28475",29411.927780973,"NRI_P029",50
"28476",-9202.38963902695,"NRI_P029",100
"28477",-7708.42677902698,"NRI_P029",25
"28478",17389.801520973,"NRI_P029",50
"28479",1357.27201097301,"NRI_P029",100
"28480",5109.79366097302,"NRI_P029",25
"28481",-8799.60288902698,"NRI_P029",50
"28482",-19238.987049027,"NRI_P029",100
"28483",-24652.477499027,"NRI_P029",25
"28484",4283.08350097301,"NRI_P029",50
"28485",4803.10817097302,"NRI_P029",100
"28486",-4035.459109027,"NRI_P029",25
"28487",-9535.151899027,"NRI_P029",50
"28488",-16474.498519027,"NRI_P029",100
"28489",20241.513340973,"NRI_P029",25
"28490",7847.19018097303,"NRI_P029",50
"28491",-17938.213409027,"NRI_P029",100
"28492",-1999.68694902695,"NRI_P029",25
"28493",12578.6462209731,"NRI_P029",50
"28494",17107.526840973,"NRI_P029",100
"28495",-5236.48129902699,"NRI_P029",25
"28496",240.414750973054,"NRI_P029",50
"28497",-20408.935319027,"NRI_P029",100
"28498",1545.158880973,"NRI_P029",25
"28499",6973.37529097305,"NRI_P029",50
"28500",16644.978950973,"NRI_P029",100
"28501",16289.193137272,"NRI_P030",25
"28502",-11601.226562728,"NRI_P030",50
"28503",-30050.158392728,"NRI_P030",100
"28504",-12278.124982728,"NRI_P030",25
"28505",-41334.484172728,"NRI_P030",50
"28506",3990.983877272,"NRI_P030",100
"28507",-23293.002332728,"NRI_P030",25
"28508",-25630.326162728,"NRI_P030",50
"28509",-20813.941832728,"NRI_P030",100
"28510",1505.68412727199,"NRI_P030",25
"28511",-14379.171982728,"NRI_P030",50
"28512",-11354.707732728,"NRI_P030",100
"28513",-6726.39273272798,"NRI_P030",25
"28514",-24452.995882728,"NRI_P030",50
"28515",-47440.654922728,"NRI_P030",100
"28516",1274.70813727198,"NRI_P030",25
"28517",-5104.37892272801,"NRI_P030",50
"28518",-16335.926642728,"NRI_P030",100
"28519",8452.412227272,"NRI_P030",25
"28520",-32763.006632728,"NRI_P030",50
"28521",-23991.040962728,"NRI_P030",100
"28522",-15467.233962728,"NRI_P030",25
"28523",-39264.819862728,"NRI_P030",50
"28524",-44286.372422728,"NRI_P030",100
"28525",-6184.21988272801,"NRI_P030",25
"28526",-15833.929792728,"NRI_P030",50
"28527",-26245.829502728,"NRI_P030",100
"28528",10729.721737272,"NRI_P030",25
"28529",-18273.516642728,"NRI_P030",50
"28530",-13650.734262728,"NRI_P030",100
"28531",-34829.834222728,"NRI_P030",25
"28532",-3606.888132728,"NRI_P030",50
"28533",-24493.308832728,"NRI_P030",100
"28534",-1857.57063272799,"NRI_P030",25
"28535",-28167.006682728,"NRI_P030",50
"28536",-8850.55894272798,"NRI_P030",100
"28537",-17449.307562728,"NRI_P030",25
"28538",-35426.535182728,"NRI_P030",50
"28539",10480.993597272,"NRI_P030",100
"28540",-1806.63079272798,"NRI_P030",25
"28541",-15524.318602728,"NRI_P030",50
"28542",-40647.375242728,"NRI_P030",100
"28543",3122.13283727202,"NRI_P030",25
"28544",-29163.475612728,"NRI_P030",50
"28545",-12296.119012728,"NRI_P030",100
"28546",-12180.782622728,"NRI_P030",25
"28547",-19316.898492728,"NRI_P030",50
"28548",-44709.275672728,"NRI_P030",100
"28549",-126.764202727994,"NRI_P030",25
"28550",-8502.20478272799,"NRI_P030",50
"28551",-30115.560392728,"NRI_P030",100
"28552",-184.079032727983,"NRI_P030",25
"28553",30511.0130572719,"NRI_P030",50
"28554",-40242.832022728,"NRI_P030",100
"28555",-3024.48823272804,"NRI_P030",25
"28556",-30893.943022728,"NRI_P030",50
"28557",-39129.357632728,"NRI_P030",100
"28558",2186.90367727197,"NRI_P030",25
"28559",-3155.92537272803,"NRI_P030",50
"28560",-49972.014822728,"NRI_P030",100
"28561",-17470.298162728,"NRI_P030",25
"28562",736.500367272005,"NRI_P030",50
"28563",-52259.745552728,"NRI_P030",100
"28564",-5227.52162272803,"NRI_P030",25
"28565",-22231.899222728,"NRI_P030",50
"28566",-42036.503302728,"NRI_P030",100
"28567",-12954.378422728,"NRI_P030",25
"28568",2758.81055727199,"NRI_P030",50
"28569",-29077.216082728,"NRI_P030",100
"28570",23244.749597272,"NRI_P030",25
"28571",-24263.008392728,"NRI_P030",50
"28572",-29678.912372728,"NRI_P030",100
"28573",9942.27241727198,"NRI_P030",25
"28574",17316.017557272,"NRI_P030",50
"28575",-49088.654422728,"NRI_P030",100
"28576",-13665.741842728,"NRI_P030",25
"28577",6750.11803727201,"NRI_P030",50
"28578",-1508.25574272801,"NRI_P030",100
"28579",-189.105532728019,"NRI_P030",25
"28580",-35343.971462728,"NRI_P030",50
"28581",-8797.451962728,"NRI_P030",100
"28582",8663.78383727197,"NRI_P030",25
"28583",-155.987032727979,"NRI_P030",50
"28584",-47023.285372728,"NRI_P030",100
"28585",-1636.61726272799,"NRI_P030",25
"28586",-18960.002632728,"NRI_P030",50
"28587",-12851.260602728,"NRI_P030",100
"28588",-12609.302862728,"NRI_P030",25
"28589",-14903.318982728,"NRI_P030",50
"28590",-50283.153432728,"NRI_P030",100
"28591",-9614.24689272803,"NRI_P030",25
"28592",16977.935387272,"NRI_P030",50
"28593",-49511.465792728,"NRI_P030",100
"28594",203.07495727198,"NRI_P030",25
"28595",-32552.368852728,"NRI_P030",50
"28596",23255.701877272,"NRI_P030",100
"28597",-6806.785982728,"NRI_P030",25
"28598",39080.377727272,"NRI_P030",50
"28599",-47089.716522728,"NRI_P030",100
"28600",-7456.73096272803,"NRI_P030",25
"28601",-318.161282728019,"NRI_P030",50
"28602",-13569.657682728,"NRI_P030",100
"28603",-1185.43432272802,"NRI_P030",25
"28604",-14456.388652728,"NRI_P030",50
"28605",-37296.106712728,"NRI_P030",100
"28606",6412.79326727201,"NRI_P030",25
"28607",-35269.411352728,"NRI_P030",50
"28608",-26694.491442728,"NRI_P030",100
"28609",-15238.151162728,"NRI_P030",25
"28610",-20197.826932728,"NRI_P030",50
"28611",-38918.357822728,"NRI_P030",100
"28612",-16873.910072728,"NRI_P030",25
"28613",-17688.658952728,"NRI_P030",50
"28614",-4206.42575272801,"NRI_P030",100
"28615",8950.14920727198,"NRI_P030",25
"28616",17795.342477272,"NRI_P030",50
"28617",-53732.378752728,"NRI_P030",100
"28618",-31330.723862728,"NRI_P030",25
"28619",11158.389327272,"NRI_P030",50
"28620",21470.282007272,"NRI_P030",100
"28621",-865.321462728025,"NRI_P030",25
"28622",-11376.919662728,"NRI_P030",50
"28623",-41765.427082728,"NRI_P030",100
"28624",16284.239177272,"NRI_P030",25
"28625",-35432.294762728,"NRI_P030",50
"28626",-22646.212862728,"NRI_P030",100
"28627",-9613.37926272803,"NRI_P030",25
"28628",-32644.929262728,"NRI_P030",50
"28629",-32707.699242728,"NRI_P030",100
"28630",-25210.677242728,"NRI_P030",25
"28631",24140.375267272,"NRI_P030",50
"28632",-44089.967472728,"NRI_P030",100
"28633",-6039.60622272803,"NRI_P030",25
"28634",-21883.945432728,"NRI_P030",50
"28635",-49085.866062728,"NRI_P030",100
"28636",-24117.635462728,"NRI_P030",25
"28637",-28331.457952728,"NRI_P030",50
"28638",-12395.325142728,"NRI_P030",100
"28639",19828.709167272,"NRI_P030",25
"28640",-13426.013632728,"NRI_P030",50
"28641",125.739427271998,"NRI_P030",100
"28642",9993.16913727199,"NRI_P030",25
"28643",-21541.929222728,"NRI_P030",50
"28644",-12190.192282728,"NRI_P030",100
"28645",-7901.74464272801,"NRI_P030",25
"28646",-3300.202612728,"NRI_P030",50
"28647",-6392.66359272803,"NRI_P030",100
"28648",-8243.24581272801,"NRI_P030",25
"28649",-1550.66122272803,"NRI_P030",50
"28650",-39980.206722728,"NRI_P030",100
"28651",-16241.582402728,"NRI_P030",25
"28652",-3214.33852272801,"NRI_P030",50
"28653",-12885.370092728,"NRI_P030",100
"28654",-9002.65736272803,"NRI_P030",25
"28655",-17662.847022728,"NRI_P030",50
"28656",-38796.928232728,"NRI_P030",100
"28657",997.748927271983,"NRI_P030",25
"28658",-15999.845172728,"NRI_P030",50
"28659",15368.680857272,"NRI_P030",100
"28660",28916.185537272,"NRI_P030",25
"28661",-19015.658322728,"NRI_P030",50
"28662",-38237.597352728,"NRI_P030",100
"28663",-19855.139472728,"NRI_P030",25
"28664",-36766.463052728,"NRI_P030",50
"28665",-31169.182642728,"NRI_P030",100
"28666",-9105.66687272803,"NRI_P030",25
"28667",-45815.789752728,"NRI_P030",50
"28668",-52466.092812728,"NRI_P030",100
"28669",-2798.09736272803,"NRI_P030",25
"28670",8023.623517272,"NRI_P030",50
"28671",1347.87629727199,"NRI_P030",100
"28672",-632.869962728,"NRI_P030",25
"28673",-19311.666402728,"NRI_P030",50
"28674",-37925.985092728,"NRI_P030",100
"28675",-2242.36716272798,"NRI_P030",25
"28676",-7832.23642272799,"NRI_P030",50
"28677",-49397.443582728,"NRI_P030",100
"28678",15843.061627272,"NRI_P030",25
"28679",-22769.804832728,"NRI_P030",50
"28680",-38626.971022728,"NRI_P030",100
"28681",3205.69903727202,"NRI_P030",25
"28682",-9801.32195272803,"NRI_P030",50
"28683",-36530.524172728,"NRI_P030",100
"28684",-6548.67995272798,"NRI_P030",25
"28685",-21817.886152728,"NRI_P030",50
"28686",-7997.99974272802,"NRI_P030",100
"28687",-35765.474722728,"NRI_P030",25
"28688",9044.74025727197,"NRI_P030",50
"28689",29349.924627272,"NRI_P030",100
"28690",1534.224597272,"NRI_P030",25
"28691",17980.901137272,"NRI_P030",50
"28692",-32591.828372728,"NRI_P030",100
"28693",-14921.427512728,"NRI_P030",25
"28694",-9958.44327272801,"NRI_P030",50
"28695",-54190.737282728,"NRI_P030",100
"28696",-19064.174662728,"NRI_P030",25
"28697",25112.733117272,"NRI_P030",50
"28698",-19547.390442728,"NRI_P030",100
"28699",-26881.302952728,"NRI_P030",25
"28700",-3400.97921272798,"NRI_P030",50
"28701",-24108.222422728,"NRI_P030",100
"28702",2388.65296727198,"NRI_P030",25
"28703",-1350.62729272799,"NRI_P030",50
"28704",-56326.325632728,"NRI_P030",100
"28705",-10649.048352728,"NRI_P030",25
"28706",-16701.098982728,"NRI_P030",50
"28707",-26953.079212728,"NRI_P030",100
"28708",-618.620802727994,"NRI_P030",25
"28709",-20794.931172728,"NRI_P030",50
"28710",-25900.267642728,"NRI_P030",100
"28711",-1507.99302272801,"NRI_P030",25
"28712",-26698.647082728,"NRI_P030",50
"28713",-48814.225222728,"NRI_P030",100
"28714",-22938.605722728,"NRI_P030",25
"28715",-48650.991002728,"NRI_P030",50
"28716",-44105.422752728,"NRI_P030",100
"28717",3390.68438727199,"NRI_P030",25
"28718",-20686.602962728,"NRI_P030",50
"28719",-57969.430402728,"NRI_P030",100
"28720",-9393.98035272799,"NRI_P030",25
"28721",-39952.692282728,"NRI_P030",50
"28722",-20092.751322728,"NRI_P030",100
"28723",-21167.559022728,"NRI_P030",25
"28724",-54302.671642728,"NRI_P030",50
"28725",-35667.122082728,"NRI_P030",100
"28726",-6485.51314272801,"NRI_P030",25
"28727",-24315.466642728,"NRI_P030",50
"28728",-33628.105572728,"NRI_P030",100
"28729",7129.99873727199,"NRI_P030",25
"28730",-45115.279442728,"NRI_P030",50
"28731",-8462.41551272798,"NRI_P030",100
"28732",6040.81611727201,"NRI_P030",25
"28733",-8814.78422272799,"NRI_P030",50
"28734",-16598.299232728,"NRI_P030",100
"28735",-10753.025622728,"NRI_P030",25
"28736",759.635607271979,"NRI_P030",50
"28737",-36250.072982728,"NRI_P030",100
"28738",-6205.03730272799,"NRI_P030",25
"28739",-35161.633422728,"NRI_P030",50
"28740",-18828.632252728,"NRI_P030",100
"28741",-2811.51871272799,"NRI_P030",25
"28742",-27233.487512728,"NRI_P030",50
"28743",-39999.982442728,"NRI_P030",100
"28744",11133.447157272,"NRI_P030",25
"28745",-18474.746332728,"NRI_P030",50
"28746",-11375.366122728,"NRI_P030",100
"28747",-605.096682728035,"NRI_P030",25
"28748",-9316.115222728,"NRI_P030",50
"28749",-9151.96935272799,"NRI_P030",100
"28750",-1974.80057272798,"NRI_P030",25
"28751",10339.076237272,"NRI_P030",50
"28752",1706.74996727199,"NRI_P030",100
"28753",-1930.28597272799,"NRI_P030",25
"28754",-15289.108592728,"NRI_P030",50
"28755",-37875.761842728,"NRI_P030",100
"28756",-1076.17946272803,"NRI_P030",25
"28757",-32619.609262728,"NRI_P030",50
"28758",-11240.617152728,"NRI_P030",100
"28759",-22568.514382728,"NRI_P030",25
"28760",-9871.53567272803,"NRI_P030",50
"28761",-4033.18696272798,"NRI_P030",100
"28762",9155.54227727198,"NRI_P030",25
"28763",-2513.22216272802,"NRI_P030",50
"28764",-24330.289122728,"NRI_P030",100
"28765",32840.358737272,"NRI_P030",25
"28766",-42687.946052728,"NRI_P030",50
"28767",-34528.021242728,"NRI_P030",100
"28768",5579.54762727197,"NRI_P030",25
"28769",13335.608377272,"NRI_P030",50
"28770",-22649.294942728,"NRI_P030",100
"28771",-10646.427612728,"NRI_P030",25
"28772",-284.879482728022,"NRI_P030",50
"28773",-14473.867032728,"NRI_P030",100
"28774",-32768.780662728,"NRI_P030",25
"28775",-35550.617652728,"NRI_P030",50
"28776",-30036.750072728,"NRI_P030",100
"28777",-32092.165532728,"NRI_P030",25
"28778",-6158.56952272798,"NRI_P030",50
"28779",-40949.403142728,"NRI_P030",100
"28780",-311.586372727994,"NRI_P030",25
"28781",-15113.871082728,"NRI_P030",50
"28782",-47408.816042728,"NRI_P030",100
"28783",-18257.744762728,"NRI_P030",25
"28784",6737.69298727199,"NRI_P030",50
"28785",-16792.364412728,"NRI_P030",100
"28786",-62.5136527279974,"NRI_P030",25
"28787",581.916157272004,"NRI_P030",50
"28788",-40710.596192728,"NRI_P030",100
"28789",-1224.60442272801,"NRI_P030",25
"28790",-3419.45276272803,"NRI_P030",50
"28791",10838.389897272,"NRI_P030",100
"28792",-14519.347802728,"NRI_P030",25
"28793",888.73967727198,"NRI_P030",50
"28794",-34777.296032728,"NRI_P030",100
"28795",-12502.922242728,"NRI_P030",25
"28796",-23698.834082728,"NRI_P030",50
"28797",-37845.230192728,"NRI_P030",100
"28798",9276.76268727198,"NRI_P030",25
"28799",4621.83195727202,"NRI_P030",50
"28800",-24644.037522728,"NRI_P030",100
"28801",4576.60760144802,"NRI_P031",25
"28802",-17452.565578552,"NRI_P031",50
"28803",1749.74395144801,"NRI_P031",100
"28804",-11019.316478552,"NRI_P031",25
"28805",7900.900231448,"NRI_P031",50
"28806",-17569.527028552,"NRI_P031",100
"28807",-10382.042948552,"NRI_P031",25
"28808",-6461.98436855199,"NRI_P031",50
"28809",-11490.768908552,"NRI_P031",100
"28810",3381.90009144804,"NRI_P031",25
"28811",-19412.674608552,"NRI_P031",50
"28812",1937.19611144799,"NRI_P031",100
"28813",-15598.851198552,"NRI_P031",25
"28814",-9320.34729855199,"NRI_P031",50
"28815",-12293.532848552,"NRI_P031",100
"28816",-7526.19496855198,"NRI_P031",25
"28817",-19304.042578552,"NRI_P031",50
"28818",-22815.625338552,"NRI_P031",100
"28819",-9393.48588855198,"NRI_P031",25
"28820",-5932.91229855199,"NRI_P031",50
"28821",-5580.97007855197,"NRI_P031",100
"28822",59.6191114480025,"NRI_P031",25
"28823",-1233.57550855196,"NRI_P031",50
"28824",-29253.815148552,"NRI_P031",100
"28825",-2253.03893855197,"NRI_P031",25
"28826",-7821.35062855197,"NRI_P031",50
"28827",-24206.209598552,"NRI_P031",100
"28828",-5420.51983855199,"NRI_P031",25
"28829",-25395.182458552,"NRI_P031",50
"28830",-4710.481618552,"NRI_P031",100
"28831",3451.23075144802,"NRI_P031",25
"28832",-2905.69077855197,"NRI_P031",50
"28833",-38660.542198552,"NRI_P031",100
"28834",-10160.982378552,"NRI_P031",25
"28835",-17227.870278552,"NRI_P031",50
"28836",-9310.47047855199,"NRI_P031",100
"28837",-1742.58223855199,"NRI_P031",25
"28838",-14181.591588552,"NRI_P031",50
"28839",-8149.31075855199,"NRI_P031",100
"28840",-8154.033048552,"NRI_P031",25
"28841",-13615.445208552,"NRI_P031",50
"28842",6032.56244144804,"NRI_P031",100
"28843",-6104.02830855199,"NRI_P031",25
"28844",-19366.965298552,"NRI_P031",50
"28845",-36540.515048552,"NRI_P031",100
"28846",581.261161448027,"NRI_P031",25
"28847",-9471.76320855197,"NRI_P031",50
"28848",-38423.719328552,"NRI_P031",100
"28849",-3469.89842855197,"NRI_P031",25
"28850",-3025.39598855196,"NRI_P031",50
"28851",-21794.224898552,"NRI_P031",100
"28852",-15528.322568552,"NRI_P031",25
"28853",-6414.71715855197,"NRI_P031",50
"28854",-5228.68917855201,"NRI_P031",100
"28855",-13026.118528552,"NRI_P031",25
"28856",5898.64632144803,"NRI_P031",50
"28857",4755.59071144799,"NRI_P031",100
"28858",-7401.50008855201,"NRI_P031",25
"28859",-8209.20673855196,"NRI_P031",50
"28860",-25634.579628552,"NRI_P031",100
"28861",-8265.54338855197,"NRI_P031",25
"28862",-9652.814658552,"NRI_P031",50
"28863",-29625.907378552,"NRI_P031",100
"28864",-12350.659428552,"NRI_P031",25
"28865",-9065.55179855198,"NRI_P031",50
"28866",-18625.245918552,"NRI_P031",100
"28867",-6143.28565855196,"NRI_P031",25
"28868",-16736.741618552,"NRI_P031",50
"28869",-11882.232128552,"NRI_P031",100
"28870",816.338411448,"NRI_P031",25
"28871",-13030.954118552,"NRI_P031",50
"28872",-18439.503428552,"NRI_P031",100
"28873",-11931.557188552,"NRI_P031",25
"28874",30132.648701448,"NRI_P031",50
"28875",-37649.512868552,"NRI_P031",100
"28876",1133.028281448,"NRI_P031",25
"28877",-16172.489298552,"NRI_P031",50
"28878",-35103.926388552,"NRI_P031",100
"28879",-11982.287268552,"NRI_P031",25
"28880",-12120.561838552,"NRI_P031",50
"28881",-34059.036568552,"NRI_P031",100
"28882",-4512.36442855198,"NRI_P031",25
"28883",8585.99036144803,"NRI_P031",50
"28884",-14897.993168552,"NRI_P031",100
"28885",-5836.79648855201,"NRI_P031",25
"28886",-21290.290278552,"NRI_P031",50
"28887",-9164.40847855201,"NRI_P031",100
"28888",-1764.87015855196,"NRI_P031",25
"28889",-22961.197798552,"NRI_P031",50
"28890",-13550.513478552,"NRI_P031",100
"28891",-10543.882908552,"NRI_P031",25
"28892",-14154.122938552,"NRI_P031",50
"28893",-28351.557138552,"NRI_P031",100
"28894",-12907.704408552,"NRI_P031",25
"28895",-23229.867698552,"NRI_P031",50
"28896",-10370.874878552,"NRI_P031",100
"28897",1758.002321448,"NRI_P031",25
"28898",8754.60453144799,"NRI_P031",50
"28899",-19426.492218552,"NRI_P031",100
"28900",-7133.75856855197,"NRI_P031",25
"28901",-4309.15053855197,"NRI_P031",50
"28902",-17685.429938552,"NRI_P031",100
"28903",-1331.48918855196,"NRI_P031",25
"28904",-16150.051038552,"NRI_P031",50
"28905",-17920.255718552,"NRI_P031",100
"28906",-10285.918428552,"NRI_P031",25
"28907",3160.47654144804,"NRI_P031",50
"28908",-2115.89299855201,"NRI_P031",100
"28909",-6225.87194855197,"NRI_P031",25
"28910",-18777.730218552,"NRI_P031",50
"28911",-37464.129208552,"NRI_P031",100
"28912",-7450.31880855199,"NRI_P031",25
"28913",-8743.191638552,"NRI_P031",50
"28914",-17514.791488552,"NRI_P031",100
"28915",9803.427941448,"NRI_P031",25
"28916",15952.355161448,"NRI_P031",50
"28917",-14663.697798552,"NRI_P031",100
"28918",3178.89741144801,"NRI_P031",25
"28919",-5701.26257855201,"NRI_P031",50
"28920",-5351.49756855197,"NRI_P031",100
"28921",-20874.518198552,"NRI_P031",25
"28922",5333.91855144803,"NRI_P031",50
"28923",-35232.917428552,"NRI_P031",100
"28924",11764.906581448,"NRI_P031",25
"28925",-13378.030548552,"NRI_P031",50
"28926",-26680.452918552,"NRI_P031",100
"28927",-8382.52481855196,"NRI_P031",25
"28928",3149.37805144803,"NRI_P031",50
"28929",-33603.703938552,"NRI_P031",100
"28930",-1307.88383855199,"NRI_P031",25
"28931",-11393.124938552,"NRI_P031",50
"28932",-12611.142478552,"NRI_P031",100
"28933",2246.74196144799,"NRI_P031",25
"28934",-21076.336218552,"NRI_P031",50
"28935",6309.38321144803,"NRI_P031",100
"28936",-4512.31096855196,"NRI_P031",25
"28937",-22032.825198552,"NRI_P031",50
"28938",-23204.550948552,"NRI_P031",100
"28939",-3319.502578552,"NRI_P031",25
"28940",-4422.44284855196,"NRI_P031",50
"28941",-32893.626248552,"NRI_P031",100
"28942",10525.424921448,"NRI_P031",25
"28943",-8278.37370855198,"NRI_P031",50
"28944",-20723.386638552,"NRI_P031",100
"28945",6701.80129144801,"NRI_P031",25
"28946",1492.82399144804,"NRI_P031",50
"28947",-25506.482328552,"NRI_P031",100
"28948",-10517.410188552,"NRI_P031",25
"28949",9636.31925144803,"NRI_P031",50
"28950",-29490.562808552,"NRI_P031",100
"28951",10246.432001448,"NRI_P031",25
"28952",775.485031448014,"NRI_P031",50
"28953",-17209.447598552,"NRI_P031",100
"28954",-11479.177428552,"NRI_P031",25
"28955",-18661.198498552,"NRI_P031",50
"28956",-33368.479118552,"NRI_P031",100
"28957",1796.780001448,"NRI_P031",25
"28958",-11361.732788552,"NRI_P031",50
"28959",-6947.96101855201,"NRI_P031",100
"28960",-4117.35977855197,"NRI_P031",25
"28961",9705.36042144801,"NRI_P031",50
"28962",-32404.262788552,"NRI_P031",100
"28963",-1905.39624855196,"NRI_P031",25
"28964",-15468.796678552,"NRI_P031",50
"28965",-17779.656828552,"NRI_P031",100
"28966",-9176.611518552,"NRI_P031",25
"28967",-17518.232738552,"NRI_P031",50
"28968",-24530.247308552,"NRI_P031",100
"28969",-7013.25315855199,"NRI_P031",25
"28970",-798.363598552009,"NRI_P031",50
"28971",1609.10940144799,"NRI_P031",100
"28972",-15212.421178552,"NRI_P031",25
"28973",19536.128391448,"NRI_P031",50
"28974",11153.951351448,"NRI_P031",100
"28975",710.843911448028,"NRI_P031",25
"28976",-10712.195958552,"NRI_P031",50
"28977",-26244.992848552,"NRI_P031",100
"28978",-9506.59075855196,"NRI_P031",25
"28979",-13437.857078552,"NRI_P031",50
"28980",-26872.017938552,"NRI_P031",100
"28981",-18178.230598552,"NRI_P031",25
"28982",-11291.010748552,"NRI_P031",50
"28983",-32661.163078552,"NRI_P031",100
"28984",-2769.25068855198,"NRI_P031",25
"28985",-18277.531138552,"NRI_P031",50
"28986",-20898.152948552,"NRI_P031",100
"28987",-8715.31024855201,"NRI_P031",25
"28988",1225.76998144801,"NRI_P031",50
"28989",-30742.489018552,"NRI_P031",100
"28990",6560.47813144804,"NRI_P031",25
"28991",-8357.69714855199,"NRI_P031",50
"28992",-12080.167888552,"NRI_P031",100
"28993",-4018.81768855196,"NRI_P031",25
"28994",-10358.315878552,"NRI_P031",50
"28995",-20331.531948552,"NRI_P031",100
"28996",-6802.88461855199,"NRI_P031",25
"28997",14188.334151448,"NRI_P031",50
"28998",-16061.075408552,"NRI_P031",100
"28999",1671.69464144803,"NRI_P031",25
"29000",-2128.74969855201,"NRI_P031",50
"29001",-8071.94045855198,"NRI_P031",100
"29002",-1312.32790855196,"NRI_P031",25
"29003",-9975.71701855201,"NRI_P031",50
"29004",-12640.714928552,"NRI_P031",100
"29005",-8296.19024855201,"NRI_P031",25
"29006",4626.68223144801,"NRI_P031",50
"29007",-4579.332408552,"NRI_P031",100
"29008",-7073.438878552,"NRI_P031",25
"29009",-2557.28266855201,"NRI_P031",50
"29010",5012.94412144803,"NRI_P031",100
"29011",-2689.78269855201,"NRI_P031",25
"29012",-13241.571718552,"NRI_P031",50
"29013",-10271.619888552,"NRI_P031",100
"29014",-12290.037348552,"NRI_P031",25
"29015",-12581.805788552,"NRI_P031",50
"29016",-29881.963558552,"NRI_P031",100
"29017",8689.70023144799,"NRI_P031",25
"29018",-12222.458298552,"NRI_P031",50
"29019",-23152.650458552,"NRI_P031",100
"29020",-9757.22608855198,"NRI_P031",25
"29021",-24128.570058552,"NRI_P031",50
"29022",-18607.494698552,"NRI_P031",100
"29023",-5899.232688552,"NRI_P031",25
"29024",-23841.744828552,"NRI_P031",50
"29025",-17240.747348552,"NRI_P031",100
"29026",-9927.54198855197,"NRI_P031",25
"29027",-9292.73951855197,"NRI_P031",50
"29028",-11862.707158552,"NRI_P031",100
"29029",6784.40193144802,"NRI_P031",25
"29030",-24228.354038552,"NRI_P031",50
"29031",-24470.352128552,"NRI_P031",100
"29032",8466.61991144804,"NRI_P031",25
"29033",-24485.555808552,"NRI_P031",50
"29034",-6234.19986855198,"NRI_P031",100
"29035",-9511.32634855201,"NRI_P031",25
"29036",-20466.978928552,"NRI_P031",50
"29037",-6171.389098552,"NRI_P031",100
"29038",-7468.61465855199,"NRI_P031",25
"29039",-566.778598551988,"NRI_P031",50
"29040",-25308.534678552,"NRI_P031",100
"29041",-2342.78021855198,"NRI_P031",25
"29042",-7150.542818552,"NRI_P031",50
"29043",-15799.736518552,"NRI_P031",100
"29044",-2874.19065855199,"NRI_P031",25
"29045",-2220.59198855201,"NRI_P031",50
"29046",5783.047331448,"NRI_P031",100
"29047",-743.591858552012,"NRI_P031",25
"29048",-8491.31922855199,"NRI_P031",50
"29049",3155.73260144802,"NRI_P031",100
"29050",4305.52533144801,"NRI_P031",25
"29051",-2867.50029855198,"NRI_P031",50
"29052",-27617.889608552,"NRI_P031",100
"29053",7805.37622144801,"NRI_P031",25
"29054",-15613.650108552,"NRI_P031",50
"29055",-26673.964328552,"NRI_P031",100
"29056",-11107.476058552,"NRI_P031",25
"29057",-4295.83926855196,"NRI_P031",50
"29058",-21907.763398552,"NRI_P031",100
"29059",-7911.29288855201,"NRI_P031",25
"29060",-5827.39111855201,"NRI_P031",50
"29061",-15280.671668552,"NRI_P031",100
"29062",-16213.278498552,"NRI_P031",25
"29063",-17198.706408552,"NRI_P031",50
"29064",-20117.526108552,"NRI_P031",100
"29065",-7624.22522855201,"NRI_P031",25
"29066",-7570.69094855199,"NRI_P031",50
"29067",3534.36930144799,"NRI_P031",100
"29068",-4179.98136855196,"NRI_P031",25
"29069",-18981.263148552,"NRI_P031",50
"29070",-1846.567838552,"NRI_P031",100
"29071",-2990.363758552,"NRI_P031",25
"29072",-1104.33086855197,"NRI_P031",50
"29073",-5840.99145855196,"NRI_P031",100
"29074",-9064.10182855197,"NRI_P031",25
"29075",4421.90950144804,"NRI_P031",50
"29076",-22108.510728552,"NRI_P031",100
"29077",679.402051448007,"NRI_P031",25
"29078",-9271.46808855201,"NRI_P031",50
"29079",-13281.778218552,"NRI_P031",100
"29080",-222.590258551994,"NRI_P031",25
"29081",-20036.890188552,"NRI_P031",50
"29082",-28156.786228552,"NRI_P031",100
"29083",-6230.58620855201,"NRI_P031",25
"29084",-5736.86118855199,"NRI_P031",50
"29085",-20546.584128552,"NRI_P031",100
"29086",-19299.681298552,"NRI_P031",25
"29087",-3836.10895855201,"NRI_P031",50
"29088",-4546.88688855199,"NRI_P031",100
"29089",-8891.46413855196,"NRI_P031",25
"29090",-4753.56539855199,"NRI_P031",50
"29091",-27696.809768552,"NRI_P031",100
"29092",-5468.65268855199,"NRI_P031",25
"29093",-9746.35366855201,"NRI_P031",50
"29094",-1209.61067855201,"NRI_P031",100
"29095",-7062.000078552,"NRI_P031",25
"29096",-13443.245458552,"NRI_P031",50
"29097",-24898.075798552,"NRI_P031",100
"29098",483.563611447986,"NRI_P031",25
"29099",273.379491447995,"NRI_P031",50
"29100",5203.90765144804,"NRI_P031",100
"29101",-194.912661089969,"NRI_P032",25
"29102",-17749.82281109,"NRI_P032",50
"29103",-22245.67903109,"NRI_P032",100
"29104",-7353.59502108995,"NRI_P032",25
"29105",-12180.0207410899,"NRI_P032",50
"29106",-19090.31385109,"NRI_P032",100
"29107",-2345.97851108998,"NRI_P032",25
"29108",-13354.42568109,"NRI_P032",50
"29109",-6176.50141108996,"NRI_P032",100
"29110",-1145.28375109,"NRI_P032",25
"29111",-12458.77974109,"NRI_P032",50
"29112",-15111.27871109,"NRI_P032",100
"29113",-10280.69696109,"NRI_P032",25
"29114",-6877.42218108999,"NRI_P032",50
"29115",-15486.27040109,"NRI_P032",100
"29116",-3533.22286108998,"NRI_P032",25
"29117",-15085.61777109,"NRI_P032",50
"29118",-26450.01174109,"NRI_P032",100
"29119",-523.990991089959,"NRI_P032",25
"29120",-1166.76778108999,"NRI_P032",50
"29121",-14738.1003110899,"NRI_P032",100
"29122",2163.48727891,"NRI_P032",25
"29123",-5849.02320108999,"NRI_P032",50
"29124",-23562.65876109,"NRI_P032",100
"29125",-682.777931089979,"NRI_P032",25
"29126",-6005.09494108998,"NRI_P032",50
"29127",-21057.35198109,"NRI_P032",100
"29128",-3696.77730108995,"NRI_P032",25
"29129",-9971.11826108996,"NRI_P032",50
"29130",-14606.54111109,"NRI_P032",100
"29131",4112.75171891,"NRI_P032",25
"29132",-8428.52583109,"NRI_P032",50
"29133",-19734.6479810899,"NRI_P032",100
"29134",-13441.2270310899,"NRI_P032",25
"29135",-3350.83403108997,"NRI_P032",50
"29136",-18517.24568109,"NRI_P032",100
"29137",-2040.74387108994,"NRI_P032",25
"29138",326.486788909999,"NRI_P032",50
"29139",-15151.0650710899,"NRI_P032",100
"29140",-7848.76247108995,"NRI_P032",25
"29141",1478.91608891002,"NRI_P032",50
"29142",-7110.14734108996,"NRI_P032",100
"29143",-3194.84619108995,"NRI_P032",25
"29144",-14322.47298109,"NRI_P032",50
"29145",-20673.60553109,"NRI_P032",100
"29146",9184.31956891005,"NRI_P032",25
"29147",-7684.71513108996,"NRI_P032",50
"29148",-16705.82454109,"NRI_P032",100
"29149",-1336.91094108997,"NRI_P032",25
"29150",-6049.84063108999,"NRI_P032",50
"29151",-7452.25866108999,"NRI_P032",100
"29152",-2446.35310108995,"NRI_P032",25
"29153",-10508.22858109,"NRI_P032",50
"29154",-9862.58861108997,"NRI_P032",100
"29155",-5204.26165109,"NRI_P032",25
"29156",-8025.95130108995,"NRI_P032",50
"29157",-19762.70508109,"NRI_P032",100
"29158",3765.60742891004,"NRI_P032",25
"29159",-13124.57683109,"NRI_P032",50
"29160",-14659.89023109,"NRI_P032",100
"29161",-8927.43851108995,"NRI_P032",25
"29162",-3257.48733108997,"NRI_P032",50
"29163",-18706.29512109,"NRI_P032",100
"29164",-2343.38428109,"NRI_P032",25
"29165",-14805.77819109,"NRI_P032",50
"29166",-13966.74468109,"NRI_P032",100
"29167",-1151.38320108998,"NRI_P032",25
"29168",-5107.53905108996,"NRI_P032",50
"29169",-21164.66994109,"NRI_P032",100
"29170",-1928.18418108998,"NRI_P032",25
"29171",-15091.82168109,"NRI_P032",50
"29172",-18567.9358510899,"NRI_P032",100
"29173",-5269.57063108997,"NRI_P032",25
"29174",-14530.01916109,"NRI_P032",50
"29175",-6657.31583108997,"NRI_P032",100
"29176",-3451.39626108995,"NRI_P032",25
"29177",-6210.15286108997,"NRI_P032",50
"29178",-13168.72461109,"NRI_P032",100
"29179",-6138.33934108994,"NRI_P032",25
"29180",-13381.17674109,"NRI_P032",50
"29181",-24397.63795109,"NRI_P032",100
"29182",-7853.93783108995,"NRI_P032",25
"29183",-12688.52941109,"NRI_P032",50
"29184",-24446.38769109,"NRI_P032",100
"29185",-3495.05259108997,"NRI_P032",25
"29186",-12428.26541109,"NRI_P032",50
"29187",-14251.13505109,"NRI_P032",100
"29188",-4382.01139109,"NRI_P032",25
"29189",3399.61847891001,"NRI_P032",50
"29190",-16902.13146109,"NRI_P032",100
"29191",-6351.03720108996,"NRI_P032",25
"29192",-14068.50451109,"NRI_P032",50
"29193",-12691.80989109,"NRI_P032",100
"29194",6597.61749891005,"NRI_P032",25
"29195",-10333.49481109,"NRI_P032",50
"29196",-19703.63599109,"NRI_P032",100
"29197",-8685.27116109,"NRI_P032",25
"29198",-16.1853010899504,"NRI_P032",50
"29199",-18502.57070109,"NRI_P032",100
"29200",-4856.06211109,"NRI_P032",25
"29201",-2133.44262108998,"NRI_P032",50
"29202",-23793.2388410899,"NRI_P032",100
"29203",-5773.95731108997,"NRI_P032",25
"29204",-7868.34891109,"NRI_P032",50
"29205",-22196.84539109,"NRI_P032",100
"29206",-3007.04225109,"NRI_P032",25
"29207",-9667.26138108998,"NRI_P032",50
"29208",-17191.8773410899,"NRI_P032",100
"29209",-2106.29863108997,"NRI_P032",25
"29210",-7383.74659108999,"NRI_P032",50
"29211",-9932.08385108999,"NRI_P032",100
"29212",-979.919201090001,"NRI_P032",25
"29213",-12053.61590109,"NRI_P032",50
"29214",-23831.84494109,"NRI_P032",100
"29215",-3185.33393108996,"NRI_P032",25
"29216",-10446.85768109,"NRI_P032",50
"29217",-25732.23536109,"NRI_P032",100
"29218",-3911.26359108998,"NRI_P032",25
"29219",-8987.15064108995,"NRI_P032",50
"29220",-17860.44597109,"NRI_P032",100
"29221",-2849.40319108998,"NRI_P032",25
"29222",-11086.5093510899,"NRI_P032",50
"29223",-15753.02365109,"NRI_P032",100
"29224",-596.746641089965,"NRI_P032",25
"29225",-10937.23152109,"NRI_P032",50
"29226",-9665.21948108997,"NRI_P032",100
"29227",-223.989901089983,"NRI_P032",25
"29228",-13383.53112109,"NRI_P032",50
"29229",-9728.51229108998,"NRI_P032",100
"29230",-602.772941089992,"NRI_P032",25
"29231",-8884.63550108997,"NRI_P032",50
"29232",-16403.16687109,"NRI_P032",100
"29233",-2283.59132108995,"NRI_P032",25
"29234",-10474.01231109,"NRI_P032",50
"29235",-17105.0241810899,"NRI_P032",100
"29236",453.220938910032,"NRI_P032",25
"29237",-9429.51401108998,"NRI_P032",50
"29238",-25355.0327810899,"NRI_P032",100
"29239",-1681.38615108997,"NRI_P032",25
"29240",368.142518910056,"NRI_P032",50
"29241",-15513.55795109,"NRI_P032",100
"29242",-3083.02853108995,"NRI_P032",25
"29243",-9009.82507108996,"NRI_P032",50
"29244",-18089.48090109,"NRI_P032",100
"29245",-5726.20045109,"NRI_P032",25
"29246",-12422.21837109,"NRI_P032",50
"29247",-23950.09081109,"NRI_P032",100
"29248",-5253.05938108999,"NRI_P032",25
"29249",-3642.37891108997,"NRI_P032",50
"29250",-13348.14579109,"NRI_P032",100
"29251",-8356.97781108995,"NRI_P032",25
"29252",-4339.39959108998,"NRI_P032",50
"29253",-2767.58570108999,"NRI_P032",100
"29254",-6433.60057108995,"NRI_P032",25
"29255",-14269.87169109,"NRI_P032",50
"29256",-12604.93363109,"NRI_P032",100
"29257",-12890.40907109,"NRI_P032",25
"29258",-9446.44510108995,"NRI_P032",50
"29259",-19715.93693109,"NRI_P032",100
"29260",-2782.89950109,"NRI_P032",25
"29261",-13117.93870109,"NRI_P032",50
"29262",-17773.58500109,"NRI_P032",100
"29263",-4854.38796108996,"NRI_P032",25
"29264",-5372.87362108997,"NRI_P032",50
"29265",-19264.50005109,"NRI_P032",100
"29266",-6064.82643108995,"NRI_P032",25
"29267",-8501.75751108996,"NRI_P032",50
"29268",-22377.36672109,"NRI_P032",100
"29269",-7372.56582108996,"NRI_P032",25
"29270",-9586.81439108995,"NRI_P032",50
"29271",-19150.36481109,"NRI_P032",100
"29272",2709.00946891005,"NRI_P032",25
"29273",-13552.75670109,"NRI_P032",50
"29274",-23978.34744109,"NRI_P032",100
"29275",843.048788910033,"NRI_P032",25
"29276",-9078.53138109,"NRI_P032",50
"29277",-18096.01752109,"NRI_P032",100
"29278",-2676.84320109,"NRI_P032",25
"29279",-4951.97993108997,"NRI_P032",50
"29280",-18910.91681109,"NRI_P032",100
"29281",-8343.86080108996,"NRI_P032",25
"29282",-9112.69717109,"NRI_P032",50
"29283",-15555.69210109,"NRI_P032",100
"29284",-8228.15023108997,"NRI_P032",25
"29285",-12869.89958109,"NRI_P032",50
"29286",-21945.56054109,"NRI_P032",100
"29287",-8283.91039108997,"NRI_P032",25
"29288",-12232.20021109,"NRI_P032",50
"29289",-18296.25159109,"NRI_P032",100
"29290",3174.79826891003,"NRI_P032",25
"29291",-6796.76569108997,"NRI_P032",50
"29292",-27051.15618109,"NRI_P032",100
"29293",-5718.74546108994,"NRI_P032",25
"29294",-17595.71796109,"NRI_P032",50
"29295",-21034.6298410899,"NRI_P032",100
"29296",-1765.55950108997,"NRI_P032",25
"29297",-16517.28719109,"NRI_P032",50
"29298",-11027.31858109,"NRI_P032",100
"29299",-3577.64728108997,"NRI_P032",25
"29300",-12567.79401109,"NRI_P032",50
"29301",-15052.40643109,"NRI_P032",100
"29302",30.8025789100211,"NRI_P032",25
"29303",-9819.99312109,"NRI_P032",50
"29304",-15382.07309109,"NRI_P032",100
"29305",-7545.52437109,"NRI_P032",25
"29306",-8864.40528108994,"NRI_P032",50
"29307",-16548.44550109,"NRI_P032",100
"29308",-7848.23969108996,"NRI_P032",25
"29309",-9983.57164108998,"NRI_P032",50
"29310",-9463.93200108997,"NRI_P032",100
"29311",-9199.05952108995,"NRI_P032",25
"29312",-6738.41372108995,"NRI_P032",50
"29313",-15137.33271109,"NRI_P032",100
"29314",-7162.83577108994,"NRI_P032",25
"29315",-11947.79332109,"NRI_P032",50
"29316",-6081.96639108995,"NRI_P032",100
"29317",-8891.39215108997,"NRI_P032",25
"29318",-10629.96339109,"NRI_P032",50
"29319",-15695.43714109,"NRI_P032",100
"29320",-35.7621610899805,"NRI_P032",25
"29321",-7404.00106108998,"NRI_P032",50
"29322",-19858.13647109,"NRI_P032",100
"29323",-7102.45424108999,"NRI_P032",25
"29324",-12918.47051109,"NRI_P032",50
"29325",-19024.03035109,"NRI_P032",100
"29326",-2275.94377108995,"NRI_P032",25
"29327",-9090.65337108995,"NRI_P032",50
"29328",-21818.75156109,"NRI_P032",100
"29329",424.459608910023,"NRI_P032",25
"29330",-746.563661089982,"NRI_P032",50
"29331",-19355.14394109,"NRI_P032",100
"29332",1331.59599891002,"NRI_P032",25
"29333",-4125.79607108998,"NRI_P032",50
"29334",-19635.94485109,"NRI_P032",100
"29335",-9381.11258108995,"NRI_P032",25
"29336",-4784.38584109,"NRI_P032",50
"29337",-20832.02504109,"NRI_P032",100
"29338",-5609.57427108998,"NRI_P032",25
"29339",-5558.04484108998,"NRI_P032",50
"29340",-17205.14351109,"NRI_P032",100
"29341",-1522.81651108997,"NRI_P032",25
"29342",2521.02747891005,"NRI_P032",50
"29343",-22397.36872109,"NRI_P032",100
"29344",4579.08048891003,"NRI_P032",25
"29345",-0.529141089995392,"NRI_P032",50
"29346",-19994.86574109,"NRI_P032",100
"29347",-6290.75450108998,"NRI_P032",25
"29348",-11842.07903109,"NRI_P032",50
"29349",-20483.21990109,"NRI_P032",100
"29350",-1115.90340108995,"NRI_P032",25
"29351",-4996.15604108997,"NRI_P032",50
"29352",-25511.79828109,"NRI_P032",100
"29353",-6466.30758108996,"NRI_P032",25
"29354",-12445.2319310899,"NRI_P032",50
"29355",-24781.23324109,"NRI_P032",100
"29356",-1236.56023109,"NRI_P032",25
"29357",-18031.5906410899,"NRI_P032",50
"29358",-17621.9781010899,"NRI_P032",100
"29359",-5854.58155109,"NRI_P032",25
"29360",-9257.27946108999,"NRI_P032",50
"29361",-19336.80578109,"NRI_P032",100
"29362",-5802.20834108995,"NRI_P032",25
"29363",-893.499111089972,"NRI_P032",50
"29364",-17296.61803109,"NRI_P032",100
"29365",-7399.13443108997,"NRI_P032",25
"29366",-6650.55300108995,"NRI_P032",50
"29367",-16280.57404109,"NRI_P032",100
"29368",-5482.37426108995,"NRI_P032",25
"29369",-15970.98004109,"NRI_P032",50
"29370",-16026.85262109,"NRI_P032",100
"29371",-7141.89018108998,"NRI_P032",25
"29372",-466.720821089984,"NRI_P032",50
"29373",-13300.27888109,"NRI_P032",100
"29374",-108.728541089979,"NRI_P032",25
"29375",-10319.68667109,"NRI_P032",50
"29376",-25361.35476109,"NRI_P032",100
"29377",-5166.08615108998,"NRI_P032",25
"29378",-4605.33969108999,"NRI_P032",50
"29379",-25340.69454109,"NRI_P032",100
"29380",-8572.61077108997,"NRI_P032",25
"29381",-7564.32478108996,"NRI_P032",50
"29382",-19532.33556109,"NRI_P032",100
"29383",-6685.51297108998,"NRI_P032",25
"29384",-3780.56520108995,"NRI_P032",50
"29385",-16651.47354109,"NRI_P032",100
"29386",-5801.18577108998,"NRI_P032",25
"29387",-8695.91297109,"NRI_P032",50
"29388",-18419.59741109,"NRI_P032",100
"29389",-10747.39512109,"NRI_P032",25
"29390",-5215.92800108995,"NRI_P032",50
"29391",-10950.11571109,"NRI_P032",100
"29392",-11306.55993109,"NRI_P032",25
"29393",-11255.36240109,"NRI_P032",50
"29394",-23606.5341110899,"NRI_P032",100
"29395",-4191.59357108996,"NRI_P032",25
"29396",-14282.70015109,"NRI_P032",50
"29397",-10604.63299109,"NRI_P032",100
"29398",-5337.27433108998,"NRI_P032",25
"29399",-13834.14940109,"NRI_P032",50
"29400",-15931.13012109,"NRI_P032",100
"29401",-53300.0837373449,"NRI_P033",25
"29402",-64566.595147345,"NRI_P033",50
"29403",-88707.916137345,"NRI_P033",100
"29404",213.631972655014,"NRI_P033",25
"29405",-4827.69227734499,"NRI_P033",50
"29406",-87881.454437345,"NRI_P033",100
"29407",-34634.339077345,"NRI_P033",25
"29408",-34076.981747345,"NRI_P033",50
"29409",-80527.046157345,"NRI_P033",100
"29410",-17955.580627345,"NRI_P033",25
"29411",-46360.719967345,"NRI_P033",50
"29412",-77297.389457345,"NRI_P033",100
"29413",-16814.317777345,"NRI_P033",25
"29414",-77336.974687345,"NRI_P033",50
"29415",-85323.226577345,"NRI_P033",100
"29416",-16734.195527345,"NRI_P033",25
"29417",-78371.347097345,"NRI_P033",50
"29418",-84578.810257345,"NRI_P033",100
"29419",-41104.015837345,"NRI_P033",25
"29420",-29763.398557345,"NRI_P033",50
"29421",-84097.127367345,"NRI_P033",100
"29422",-3991.69957734499,"NRI_P033",25
"29423",-22363.000727345,"NRI_P033",50
"29424",-92029.789847345,"NRI_P033",100
"29425",3720.55217265501,"NRI_P033",25
"29426",-50624.192737345,"NRI_P033",50
"29427",-77119.676257345,"NRI_P033",100
"29428",1647.65417265502,"NRI_P033",25
"29429",-22849.380867345,"NRI_P033",50
"29430",-84360.692637345,"NRI_P033",100
"29431",-5349.347557345,"NRI_P033",25
"29432",-47621.587927345,"NRI_P033",50
"29433",-50087.545547345,"NRI_P033",100
"29434",-39881.181997345,"NRI_P033",25
"29435",-59164.446897345,"NRI_P033",50
"29436",-78751.677897345,"NRI_P033",100
"29437",-39622.686627345,"NRI_P033",25
"29438",-37437.611587345,"NRI_P033",50
"29439",-89142.862597345,"NRI_P033",100
"29440",-10274.953837345,"NRI_P033",25
"29441",-12596.346887345,"NRI_P033",50
"29442",-86025.156737345,"NRI_P033",100
"29443",-22653.853327345,"NRI_P033",25
"29444",-26643.950127345,"NRI_P033",50
"29445",-68732.421747345,"NRI_P033",100
"29446",-3480.27903734497,"NRI_P033",25
"29447",-26678.602227345,"NRI_P033",50
"29448",-57443.944317345,"NRI_P033",100
"29449",-3828.95878734498,"NRI_P033",25
"29450",-45917.781457345,"NRI_P033",50
"29451",-60535.017457345,"NRI_P033",100
"29452",-6576.24100734497,"NRI_P033",25
"29453",-37100.332277345,"NRI_P033",50
"29454",-65424.905187345,"NRI_P033",100
"29455",-3689.91431734496,"NRI_P033",25
"29456",-265.193197344954,"NRI_P033",50
"29457",-93453.001267345,"NRI_P033",100
"29458",6752.969062655,"NRI_P033",25
"29459",-57563.035947345,"NRI_P033",50
"29460",-88459.545207345,"NRI_P033",100
"29461",-9306.13173734496,"NRI_P033",25
"29462",-47184.220167345,"NRI_P033",50
"29463",-72006.978257345,"NRI_P033",100
"29464",-23596.157337345,"NRI_P033",25
"29465",-51737.351577345,"NRI_P033",50
"29466",-81466.711307345,"NRI_P033",100
"29467",-10163.185857345,"NRI_P033",25
"29468",-29144.831107345,"NRI_P033",50
"29469",-91852.565037345,"NRI_P033",100
"29470",-344.766027344973,"NRI_P033",25
"29471",-29286.724477345,"NRI_P033",50
"29472",-84169.702747345,"NRI_P033",100
"29473",-22796.194137345,"NRI_P033",25
"29474",-62662.556457345,"NRI_P033",50
"29475",-86362.032227345,"NRI_P033",100
"29476",-6946.67942734499,"NRI_P033",25
"29477",-36989.710217345,"NRI_P033",50
"29478",-72779.104257345,"NRI_P033",100
"29479",-15507.019347345,"NRI_P033",25
"29480",-45938.008337345,"NRI_P033",50
"29481",-77488.236597345,"NRI_P033",100
"29482",-58445.022347345,"NRI_P033",25
"29483",-67638.914327345,"NRI_P033",50
"29484",-88418.501677345,"NRI_P033",100
"29485",-1833.49792734499,"NRI_P033",25
"29486",-38740.393767345,"NRI_P033",50
"29487",-80381.502657345,"NRI_P033",100
"29488",-24883.597627345,"NRI_P033",25
"29489",-39273.838517345,"NRI_P033",50
"29490",-91834.723817345,"NRI_P033",100
"29491",-37587.726227345,"NRI_P033",25
"29492",-9908.75657734496,"NRI_P033",50
"29493",-75982.592957345,"NRI_P033",100
"29494",-13295.371507345,"NRI_P033",25
"29495",6804.44995265501,"NRI_P033",50
"29496",-91958.715157345,"NRI_P033",100
"29497",-23396.455227345,"NRI_P033",25
"29498",-49378.323707345,"NRI_P033",50
"29499",-89261.581507345,"NRI_P033",100
"29500",-23830.456527345,"NRI_P033",25
"29501",-29491.006907345,"NRI_P033",50
"29502",-87206.6867373449,"NRI_P033",100
"29503",-1073.51087734499,"NRI_P033",25
"29504",-50889.491407345,"NRI_P033",50
"29505",-73427.936917345,"NRI_P033",100
"29506",-7166.32770734496,"NRI_P033",25
"29507",-69149.073307345,"NRI_P033",50
"29508",-90186.748397345,"NRI_P033",100
"29509",-14711.014947345,"NRI_P033",25
"29510",-48849.785977345,"NRI_P033",50
"29511",-95039.458177345,"NRI_P033",100
"29512",-10059.893257345,"NRI_P033",25
"29513",-64330.941337345,"NRI_P033",50
"29514",-88327.221907345,"NRI_P033",100
"29515",-3989.27202734497,"NRI_P033",25
"29516",-45115.111727345,"NRI_P033",50
"29517",-81942.117717345,"NRI_P033",100
"29518",-8749.83052734495,"NRI_P033",25
"29519",-64178.140867345,"NRI_P033",50
"29520",-89611.211437345,"NRI_P033",100
"29521",-10439.914027345,"NRI_P033",25
"29522",-69286.492117345,"NRI_P033",50
"29523",-94026.895657345,"NRI_P033",100
"29524",-26120.715727345,"NRI_P033",25
"29525",-11335.976647345,"NRI_P033",50
"29526",-92568.787747345,"NRI_P033",100
"29527",-41508.842027345,"NRI_P033",25
"29528",-75821.118087345,"NRI_P033",50
"29529",-82623.782637345,"NRI_P033",100
"29530",-9169.81052734499,"NRI_P033",25
"29531",-56533.290707345,"NRI_P033",50
"29532",-90377.348657345,"NRI_P033",100
"29533",-10451.542727345,"NRI_P033",25
"29534",-26656.310377345,"NRI_P033",50
"29535",-83406.787947345,"NRI_P033",100
"29536",-2623.56758734497,"NRI_P033",25
"29537",-68303.438237345,"NRI_P033",50
"29538",-72908.626667345,"NRI_P033",100
"29539",-13379.842127345,"NRI_P033",25
"29540",-23193.482617345,"NRI_P033",50
"29541",-80109.291207345,"NRI_P033",100
"29542",-36783.806877345,"NRI_P033",25
"29543",-27606.201877345,"NRI_P033",50
"29544",-85804.203447345,"NRI_P033",100
"29545",-26001.903127345,"NRI_P033",25
"29546",-31008.575917345,"NRI_P033",50
"29547",-81959.823757345,"NRI_P033",100
"29548",-4583.86972734495,"NRI_P033",25
"29549",-24077.284237345,"NRI_P033",50
"29550",-72593.699967345,"NRI_P033",100
"29551",-19099.577737345,"NRI_P033",25
"29552",-30594.960417345,"NRI_P033",50
"29553",-91742.083007345,"NRI_P033",100
"29554",-51382.589617345,"NRI_P033",25
"29555",-31300.105997345,"NRI_P033",50
"29556",-82365.032107345,"NRI_P033",100
"29557",-25981.786627345,"NRI_P033",25
"29558",-40053.479327345,"NRI_P033",50
"29559",-92496.840267345,"NRI_P033",100
"29560",-13172.768797345,"NRI_P033",25
"29561",-36854.990647345,"NRI_P033",50
"29562",-74994.521947345,"NRI_P033",100
"29563",-22403.026347345,"NRI_P033",25
"29564",-26122.354427345,"NRI_P033",50
"29565",-75858.042157345,"NRI_P033",100
"29566",-32930.978287345,"NRI_P033",25
"29567",-42941.106177345,"NRI_P033",50
"29568",-68270.840627345,"NRI_P033",100
"29569",-2518.333507345,"NRI_P033",25
"29570",-42153.061707345,"NRI_P033",50
"29571",-78692.249247345,"NRI_P033",100
"29572",-3647.55392734497,"NRI_P033",25
"29573",-53511.815507345,"NRI_P033",50
"29574",-51043.613967345,"NRI_P033",100
"29575",1324.70190265501,"NRI_P033",25
"29576",-53475.095457345,"NRI_P033",50
"29577",-87922.677587345,"NRI_P033",100
"29578",-42788.976727345,"NRI_P033",25
"29579",-10183.113297345,"NRI_P033",50
"29580",-81091.724387345,"NRI_P033",100
"29581",-49607.455387345,"NRI_P033",25
"29582",-36661.577177345,"NRI_P033",50
"29583",-84999.648427345,"NRI_P033",100
"29584",-12098.750477345,"NRI_P033",25
"29585",-61964.4085373449,"NRI_P033",50
"29586",-85943.509317345,"NRI_P033",100
"29587",-1913.604927345,"NRI_P033",25
"29588",-32991.750667345,"NRI_P033",50
"29589",-81059.134267345,"NRI_P033",100
"29590",-5447.173527345,"NRI_P033",25
"29591",-48083.767577345,"NRI_P033",50
"29592",-88932.283807345,"NRI_P033",100
"29593",-70644.788727345,"NRI_P033",25
"29594",-75429.996677345,"NRI_P033",50
"29595",-78675.229657345,"NRI_P033",100
"29596",-21376.323427345,"NRI_P033",25
"29597",-58252.376757345,"NRI_P033",50
"29598",-93007.498357345,"NRI_P033",100
"29599",-18087.601527345,"NRI_P033",25
"29600",-54970.0124773449,"NRI_P033",50
"29601",-85456.478447345,"NRI_P033",100
"29602",-8936.51764734497,"NRI_P033",25
"29603",-10087.855737345,"NRI_P033",50
"29604",-72710.017147345,"NRI_P033",100
"29605",-39.6138273449615,"NRI_P033",25
"29606",11172.075072655,"NRI_P033",50
"29607",-70306.567237345,"NRI_P033",100
"29608",-27423.780307345,"NRI_P033",25
"29609",-34428.878827345,"NRI_P033",50
"29610",-68452.078097345,"NRI_P033",100
"29611",-23525.886327345,"NRI_P033",25
"29612",-61747.456737345,"NRI_P033",50
"29613",-86545.258727345,"NRI_P033",100
"29614",-26611.520627345,"NRI_P033",25
"29615",-55498.814597345,"NRI_P033",50
"29616",-72997.072337345,"NRI_P033",100
"29617",-6955.325327345,"NRI_P033",25
"29618",-58047.9035073449,"NRI_P033",50
"29619",-85945.750417345,"NRI_P033",100
"29620",-23956.626277345,"NRI_P033",25
"29621",-42715.517567345,"NRI_P033",50
"29622",-90491.5614773449,"NRI_P033",100
"29623",-10779.376797345,"NRI_P033",25
"29624",-44077.287837345,"NRI_P033",50
"29625",-83521.699007345,"NRI_P033",100
"29626",-28547.055427345,"NRI_P033",25
"29627",-43826.773297345,"NRI_P033",50
"29628",-91310.027127345,"NRI_P033",100
"29629",-10164.185437345,"NRI_P033",25
"29630",-60557.142337345,"NRI_P033",50
"29631",-89937.006947345,"NRI_P033",100
"29632",-5508.68720734498,"NRI_P033",25
"29633",-19124.527517345,"NRI_P033",50
"29634",-85285.499337345,"NRI_P033",100
"29635",-7021.93217734498,"NRI_P033",25
"29636",-28909.528327345,"NRI_P033",50
"29637",-96310.880607345,"NRI_P033",100
"29638",-34352.481327345,"NRI_P033",25
"29639",-61125.906057345,"NRI_P033",50
"29640",-83580.688187345,"NRI_P033",100
"29641",-35082.024867345,"NRI_P033",25
"29642",-7899.83002734499,"NRI_P033",50
"29643",-77568.878597345,"NRI_P033",100
"29644",-20592.001827345,"NRI_P033",25
"29645",-25875.238407345,"NRI_P033",50
"29646",-78961.053227345,"NRI_P033",100
"29647",-4466.64403734496,"NRI_P033",25
"29648",-32772.918027345,"NRI_P033",50
"29649",-82272.647527345,"NRI_P033",100
"29650",-20680.860327345,"NRI_P033",25
"29651",-34967.2573173449,"NRI_P033",50
"29652",-90666.079657345,"NRI_P033",100
"29653",-41213.782217345,"NRI_P033",25
"29654",-19898.329527345,"NRI_P033",50
"29655",-92600.346857345,"NRI_P033",100
"29656",-2219.16392734495,"NRI_P033",25
"29657",-61330.819577345,"NRI_P033",50
"29658",-85870.625657345,"NRI_P033",100
"29659",-19838.303267345,"NRI_P033",25
"29660",-64894.5670573449,"NRI_P033",50
"29661",-93751.173197345,"NRI_P033",100
"29662",-35878.291157345,"NRI_P033",25
"29663",-47807.582097345,"NRI_P033",50
"29664",-60248.146707345,"NRI_P033",100
"29665",-5036.58593734499,"NRI_P033",25
"29666",-5823.85561734496,"NRI_P033",50
"29667",-74642.299027345,"NRI_P033",100
"29668",-38995.687447345,"NRI_P033",25
"29669",-15654.729077345,"NRI_P033",50
"29670",-82924.999227345,"NRI_P033",100
"29671",-28020.778727345,"NRI_P033",25
"29672",-45558.011237345,"NRI_P033",50
"29673",-93343.110727345,"NRI_P033",100
"29674",-41258.534787345,"NRI_P033",25
"29675",-45680.738237345,"NRI_P033",50
"29676",-93302.087727345,"NRI_P033",100
"29677",-42092.020837345,"NRI_P033",25
"29678",-58661.452277345,"NRI_P033",50
"29679",-92860.561337345,"NRI_P033",100
"29680",-11454.660327345,"NRI_P033",25
"29681",-50491.710247345,"NRI_P033",50
"29682",-73618.936047345,"NRI_P033",100
"29683",-25296.006727345,"NRI_P033",25
"29684",-5463.45177734498,"NRI_P033",50
"29685",-89773.313767345,"NRI_P033",100
"29686",-4781.798527345,"NRI_P033",25
"29687",-54174.974237345,"NRI_P033",50
"29688",-62375.974227345,"NRI_P033",100
"29689",-36621.623907345,"NRI_P033",25
"29690",-24167.832247345,"NRI_P033",50
"29691",-87891.125797345,"NRI_P033",100
"29692",-40786.982277345,"NRI_P033",25
"29693",-45506.795687345,"NRI_P033",50
"29694",-94980.482717345,"NRI_P033",100
"29695",-9196.49501734501,"NRI_P033",25
"29696",-13459.706327345,"NRI_P033",50
"29697",-83437.471107345,"NRI_P033",100
"29698",-58647.085517345,"NRI_P033",25
"29699",-53141.123467345,"NRI_P033",50
"29700",-78034.033557345,"NRI_P033",100
"29701",-5504.50594322296,"NRI_P034",25
"29702",-2612.30371322297,"NRI_P034",50
"29703",-11952.435343223,"NRI_P034",100
"29704",-2589.270793223,"NRI_P034",25
"29705",421.918276777025,"NRI_P034",50
"29706",-24917.874283223,"NRI_P034",100
"29707",-3480.33717322297,"NRI_P034",25
"29708",-8747.10637322295,"NRI_P034",50
"29709",-21200.612883223,"NRI_P034",100
"29710",3256.73534677702,"NRI_P034",25
"29711",-9821.04527322296,"NRI_P034",50
"29712",-12307.687303223,"NRI_P034",100
"29713",-6678.40364322299,"NRI_P034",25
"29714",-4059.58233322296,"NRI_P034",50
"29715",-14932.354063223,"NRI_P034",100
"29716",-5429.53514322295,"NRI_P034",25
"29717",-7804.08601322299,"NRI_P034",50
"29718",-26195.069583223,"NRI_P034",100
"29719",-1887.99683322298,"NRI_P034",25
"29720",-10862.583223223,"NRI_P034",50
"29721",-17402.257273223,"NRI_P034",100
"29722",-9897.42202322296,"NRI_P034",25
"29723",-10070.398593223,"NRI_P034",50
"29724",-24772.759103223,"NRI_P034",100
"29725",-278.339673222974,"NRI_P034",25
"29726",-10832.372523223,"NRI_P034",50
"29727",-20680.894433223,"NRI_P034",100
"29728",-9080.28859322297,"NRI_P034",25
"29729",-15607.891213223,"NRI_P034",50
"29730",-17313.2878032229,"NRI_P034",100
"29731",4710.225246777,"NRI_P034",25
"29732",-5982.33292322297,"NRI_P034",50
"29733",-18612.110773223,"NRI_P034",100
"29734",5714.78546677704,"NRI_P034",25
"29735",-13010.570743223,"NRI_P034",50
"29736",-19426.990793223,"NRI_P034",100
"29737",834.63977677701,"NRI_P034",25
"29738",2257.28533677704,"NRI_P034",50
"29739",3453.53016677703,"NRI_P034",100
"29740",105.590166777023,"NRI_P034",25
"29741",-8255.026053223,"NRI_P034",50
"29742",-18343.733683223,"NRI_P034",100
"29743",-9586.096923223,"NRI_P034",25
"29744",-12406.283783223,"NRI_P034",50
"29745",-23847.982403223,"NRI_P034",100
"29746",-8887.25758322299,"NRI_P034",25
"29747",-1404.19894322299,"NRI_P034",50
"29748",-5193.87125322298,"NRI_P034",100
"29749",-5400.81153322296,"NRI_P034",25
"29750",-7594.46250322298,"NRI_P034",50
"29751",-26007.337103223,"NRI_P034",100
"29752",-4783.403163223,"NRI_P034",25
"29753",-7825.25016322295,"NRI_P034",50
"29754",-15278.863923223,"NRI_P034",100
"29755",-7464.49605322297,"NRI_P034",25
"29756",-13476.911953223,"NRI_P034",50
"29757",-8839.717933223,"NRI_P034",100
"29758",12.4010467770277,"NRI_P034",25
"29759",-3074.90098322299,"NRI_P034",50
"29760",-16054.621583223,"NRI_P034",100
"29761",-2171.95749322296,"NRI_P034",25
"29762",-15431.757453223,"NRI_P034",50
"29763",-1003.22766322299,"NRI_P034",100
"29764",-11098.667403223,"NRI_P034",25
"29765",-6197.249603223,"NRI_P034",50
"29766",-14337.351263223,"NRI_P034",100
"29767",-4514.679673223,"NRI_P034",25
"29768",-11637.602423223,"NRI_P034",50
"29769",-11226.826273223,"NRI_P034",100
"29770",-1954.61978322297,"NRI_P034",25
"29771",-7534.78577322297,"NRI_P034",50
"29772",-17064.962053223,"NRI_P034",100
"29773",-1500.91475322295,"NRI_P034",25
"29774",-5105.32798322296,"NRI_P034",50
"29775",-16640.434703223,"NRI_P034",100
"29776",-5095.87559322297,"NRI_P034",25
"29777",-8746.85113322298,"NRI_P034",50
"29778",-21112.871763223,"NRI_P034",100
"29779",-10783.245183223,"NRI_P034",25
"29780",-5133.46844322298,"NRI_P034",50
"29781",-17607.224623223,"NRI_P034",100
"29782",-9496.06727322296,"NRI_P034",25
"29783",-16869.690633223,"NRI_P034",50
"29784",-25379.428573223,"NRI_P034",100
"29785",-12927.219893223,"NRI_P034",25
"29786",742.775386777008,"NRI_P034",50
"29787",-15392.272923223,"NRI_P034",100
"29788",-869.522853222967,"NRI_P034",25
"29789",-10969.547843223,"NRI_P034",50
"29790",-20600.349653223,"NRI_P034",100
"29791",-9262.67784322298,"NRI_P034",25
"29792",-8231.99425322301,"NRI_P034",50
"29793",-4626.79910322296,"NRI_P034",100
"29794",12087.653356777,"NRI_P034",25
"29795",-1821.81115322298,"NRI_P034",50
"29796",-6482.07198322297,"NRI_P034",100
"29797",5020.231186777,"NRI_P034",25
"29798",-3840.67972322297,"NRI_P034",50
"29799",-1908.25735322299,"NRI_P034",100
"29800",3511.15715677704,"NRI_P034",25
"29801",-12520.914973223,"NRI_P034",50
"29802",46320.683906777,"NRI_P034",100
"29803",-4087.574633223,"NRI_P034",25
"29804",-3347.79732322297,"NRI_P034",50
"29805",-17422.152663223,"NRI_P034",100
"29806",3362.64455677703,"NRI_P034",25
"29807",785.663726777013,"NRI_P034",50
"29808",-17125.803583223,"NRI_P034",100
"29809",-3262.25839322299,"NRI_P034",25
"29810",-14546.780443223,"NRI_P034",50
"29811",-3945.33569322299,"NRI_P034",100
"29812",-3019.94590322295,"NRI_P034",25
"29813",-11368.222443223,"NRI_P034",50
"29814",-20757.890113223,"NRI_P034",100
"29815",-14808.997103223,"NRI_P034",25
"29816",-10440.684673223,"NRI_P034",50
"29817",-13705.577373223,"NRI_P034",100
"29818",-3892.43075322296,"NRI_P034",25
"29819",-12245.631043223,"NRI_P034",50
"29820",-16644.531733223,"NRI_P034",100
"29821",-48.5889732229989,"NRI_P034",25
"29822",-4634.93372322299,"NRI_P034",50
"29823",-26393.797963223,"NRI_P034",100
"29824",10727.411896777,"NRI_P034",25
"29825",-1455.36881322297,"NRI_P034",50
"29826",-15367.391053223,"NRI_P034",100
"29827",-7520.32129322295,"NRI_P034",25
"29828",-9617.04135322297,"NRI_P034",50
"29829",-922.216963223007,"NRI_P034",100
"29830",-15934.909213223,"NRI_P034",25
"29831",-5889.80760322296,"NRI_P034",50
"29832",-7802.90785322298,"NRI_P034",100
"29833",-8575.51504322299,"NRI_P034",25
"29834",-8367.12589322298,"NRI_P034",50
"29835",-16854.324143223,"NRI_P034",100
"29836",-5241.66706322297,"NRI_P034",25
"29837",-8270.45738322299,"NRI_P034",50
"29838",-20506.143243223,"NRI_P034",100
"29839",36.5576967770467,"NRI_P034",25
"29840",-12255.392733223,"NRI_P034",50
"29841",-20525.774893223,"NRI_P034",100
"29842",-5851.18855322298,"NRI_P034",25
"29843",-16537.786793223,"NRI_P034",50
"29844",-16745.413433223,"NRI_P034",100
"29845",-7779.721663223,"NRI_P034",25
"29846",-8387.43559322297,"NRI_P034",50
"29847",-18110.351383223,"NRI_P034",100
"29848",2825.24719677703,"NRI_P034",25
"29849",7726.17055677704,"NRI_P034",50
"29850",-15352.260813223,"NRI_P034",100
"29851",-7892.82911322295,"NRI_P034",25
"29852",-14304.101493223,"NRI_P034",50
"29853",-6738.29981322295,"NRI_P034",100
"29854",-8798.87652322301,"NRI_P034",25
"29855",-5026.00177322299,"NRI_P034",50
"29856",-802.041543222964,"NRI_P034",100
"29857",-6878.22012322297,"NRI_P034",25
"29858",-5271.06848322297,"NRI_P034",50
"29859",-22855.499783223,"NRI_P034",100
"29860",-7431.80352322297,"NRI_P034",25
"29861",-1248.05413322296,"NRI_P034",50
"29862",-21174.973653223,"NRI_P034",100
"29863",-6139.73540322296,"NRI_P034",25
"29864",1129.41373677703,"NRI_P034",50
"29865",8711.71561677702,"NRI_P034",100
"29866",-7427.25840322295,"NRI_P034",25
"29867",-9956.07814322296,"NRI_P034",50
"29868",-20416.514383223,"NRI_P034",100
"29869",-13488.073353223,"NRI_P034",25
"29870",-12516.235313223,"NRI_P034",50
"29871",-21533.319193223,"NRI_P034",100
"29872",-13475.544023223,"NRI_P034",25
"29873",-7298.40607322298,"NRI_P034",50
"29874",-17266.643983223,"NRI_P034",100
"29875",-532.39240322297,"NRI_P034",25
"29876",-7359.77409322298,"NRI_P034",50
"29877",-17591.931433223,"NRI_P034",100
"29878",-6764.20092322299,"NRI_P034",25
"29879",-2777.59502322297,"NRI_P034",50
"29880",-2336.58173322299,"NRI_P034",100
"29881",-7454.36329322297,"NRI_P034",25
"29882",-424.885343222995,"NRI_P034",50
"29883",-11013.267333223,"NRI_P034",100
"29884",-4705.14831322298,"NRI_P034",25
"29885",-14587.549133223,"NRI_P034",50
"29886",-9642.27091322298,"NRI_P034",100
"29887",-7772.34847322298,"NRI_P034",25
"29888",4471.74641677702,"NRI_P034",50
"29889",-4719.01818322297,"NRI_P034",100
"29890",-12503.150993223,"NRI_P034",25
"29891",-1776.02704322297,"NRI_P034",50
"29892",-15021.341223223,"NRI_P034",100
"29893",-3364.247233223,"NRI_P034",25
"29894",-1175.84862322296,"NRI_P034",50
"29895",-6249.83954322297,"NRI_P034",100
"29896",-14277.777053223,"NRI_P034",25
"29897",-5077.35624322295,"NRI_P034",50
"29898",-13652.807543223,"NRI_P034",100
"29899",-1618.765603223,"NRI_P034",25
"29900",-16705.898203223,"NRI_P034",50
"29901",-5097.22649322299,"NRI_P034",100
"29902",594.513626777043,"NRI_P034",25
"29903",-13917.869763223,"NRI_P034",50
"29904",-11418.005123223,"NRI_P034",100
"29905",-5013.98479322297,"NRI_P034",25
"29906",2411.90975677699,"NRI_P034",50
"29907",-4085.48231322295,"NRI_P034",100
"29908",-3263.80371322297,"NRI_P034",25
"29909",-2726.261773223,"NRI_P034",50
"29910",-22258.974953223,"NRI_P034",100
"29911",7117.26231677702,"NRI_P034",25
"29912",-7353.756973223,"NRI_P034",50
"29913",-9646.21322322299,"NRI_P034",100
"29914",-10294.125153223,"NRI_P034",25
"29915",-14233.543923223,"NRI_P034",50
"29916",-7268.95418322296,"NRI_P034",100
"29917",-256.921973222983,"NRI_P034",25
"29918",-3017.69138322299,"NRI_P034",50
"29919",2183.91164677701,"NRI_P034",100
"29920",-8044.81420322298,"NRI_P034",25
"29921",-5681.53050322295,"NRI_P034",50
"29922",-20354.312323223,"NRI_P034",100
"29923",-2095.99383322295,"NRI_P034",25
"29924",-9540.09742322296,"NRI_P034",50
"29925",-22480.211663223,"NRI_P034",100
"29926",6953.74787677702,"NRI_P034",25
"29927",-1228.62689322297,"NRI_P034",50
"29928",-16491.876723223,"NRI_P034",100
"29929",-6857.70887322299,"NRI_P034",25
"29930",-4359.07833322301,"NRI_P034",50
"29931",-20563.581813223,"NRI_P034",100
"29932",-6444.07193322299,"NRI_P034",25
"29933",-10778.514163223,"NRI_P034",50
"29934",-13351.614733223,"NRI_P034",100
"29935",-1119.05767322297,"NRI_P034",25
"29936",-6364.571513223,"NRI_P034",50
"29937",-14226.150283223,"NRI_P034",100
"29938",-1948.82683322299,"NRI_P034",25
"29939",-2830.32845322299,"NRI_P034",50
"29940",-19822.733363223,"NRI_P034",100
"29941",-7362.202033223,"NRI_P034",25
"29942",-7236.88592322299,"NRI_P034",50
"29943",-23169.553713223,"NRI_P034",100
"29944",661.970356777019,"NRI_P034",25
"29945",-16993.882363223,"NRI_P034",50
"29946",-11606.354683223,"NRI_P034",100
"29947",-7273.77095322299,"NRI_P034",25
"29948",-3166.08241322299,"NRI_P034",50
"29949",-17853.310063223,"NRI_P034",100
"29950",-5453.409033223,"NRI_P034",25
"29951",-10106.549063223,"NRI_P034",50
"29952",-9993.86254322296,"NRI_P034",100
"29953",-4021.51419322297,"NRI_P034",25
"29954",-13607.386163223,"NRI_P034",50
"29955",-24240.200583223,"NRI_P034",100
"29956",-2279.88685322297,"NRI_P034",25
"29957",-17512.778473223,"NRI_P034",50
"29958",-25488.734303223,"NRI_P034",100
"29959",-14982.592813223,"NRI_P034",25
"29960",-1217.51502322295,"NRI_P034",50
"29961",-19895.280323223,"NRI_P034",100
"29962",-7240.35042322299,"NRI_P034",25
"29963",-11615.920983223,"NRI_P034",50
"29964",-14214.535223223,"NRI_P034",100
"29965",-866.161083222949,"NRI_P034",25
"29966",-11741.3538732229,"NRI_P034",50
"29967",-20134.279843223,"NRI_P034",100
"29968",-12053.967973223,"NRI_P034",25
"29969",2026.68773677701,"NRI_P034",50
"29970",-11099.779383223,"NRI_P034",100
"29971",-3762.32728322298,"NRI_P034",25
"29972",-8358.16597322299,"NRI_P034",50
"29973",-795.713723222958,"NRI_P034",100
"29974",3213.38143677701,"NRI_P034",25
"29975",-7623.13605322299,"NRI_P034",50
"29976",-12928.107563223,"NRI_P034",100
"29977",-12156.807693223,"NRI_P034",25
"29978",332.135696777026,"NRI_P034",50
"29979",-13212.896163223,"NRI_P034",100
"29980",-5349.161763223,"NRI_P034",25
"29981",-8630.950603223,"NRI_P034",50
"29982",-20248.850843223,"NRI_P034",100
"29983",5314.87535677705,"NRI_P034",25
"29984",-17819.762963223,"NRI_P034",50
"29985",-10473.887503223,"NRI_P034",100
"29986",3388.32026677701,"NRI_P034",25
"29987",-1054.14418322296,"NRI_P034",50
"29988",-19111.350103223,"NRI_P034",100
"29989",-906.510723222978,"NRI_P034",25
"29990",-5462.15589322295,"NRI_P034",50
"29991",-8055.795133223,"NRI_P034",100
"29992",4896.18930677703,"NRI_P034",25
"29993",-11124.587593223,"NRI_P034",50
"29994",-22591.792113223,"NRI_P034",100
"29995",-8177.40166322299,"NRI_P034",25
"29996",3783.10259677703,"NRI_P034",50
"29997",-10399.725083223,"NRI_P034",100
"29998",-834.427213222953,"NRI_P034",25
"29999",-11177.347143223,"NRI_P034",50
"30000",-16154.505773223,"NRI_P034",100
"30001",-8382.13658740604,"NRI_P035",25
"30002",-338.076047406008,"NRI_P035",50
"30003",-20019.117457406,"NRI_P035",100
"30004",-3520.86778740602,"NRI_P035",25
"30005",-23431.218217406,"NRI_P035",50
"30006",-19074.861877406,"NRI_P035",100
"30007",-515.025467406027,"NRI_P035",25
"30008",-25627.7116174061,"NRI_P035",50
"30009",9149.14180259395,"NRI_P035",100
"30010",4308.70709259395,"NRI_P035",25
"30011",2784.986262594,"NRI_P035",50
"30012",-31528.686407406,"NRI_P035",100
"30013",-10112.968047406,"NRI_P035",25
"30014",8227.24641259399,"NRI_P035",50
"30015",-12070.561507406,"NRI_P035",100
"30016",-6951.81068740605,"NRI_P035",25
"30017",-15146.704337406,"NRI_P035",50
"30018",-15981.300617406,"NRI_P035",100
"30019",-15203.952107406,"NRI_P035",25
"30020",-103.716937406047,"NRI_P035",50
"30021",-15110.486557406,"NRI_P035",100
"30022",21572.086422594,"NRI_P035",25
"30023",-5600.65514740604,"NRI_P035",50
"30024",8666.41469259397,"NRI_P035",100
"30025",-4092.68031740602,"NRI_P035",25
"30026",-14314.087497406,"NRI_P035",50
"30027",22291.885782594,"NRI_P035",100
"30028",9279.670872594,"NRI_P035",25
"30029",-20410.984467406,"NRI_P035",50
"30030",-28196.705877406,"NRI_P035",100
"30031",-15638.2856374061,"NRI_P035",25
"30032",-29858.045847406,"NRI_P035",50
"30033",-26255.137247406,"NRI_P035",100
"30034",-11685.821497406,"NRI_P035",25
"30035",-26429.799597406,"NRI_P035",50
"30036",-33293.253657406,"NRI_P035",100
"30037",9794.532732594,"NRI_P035",25
"30038",-7601.233947406,"NRI_P035",50
"30039",-31291.458487406,"NRI_P035",100
"30040",5156.38435259397,"NRI_P035",25
"30041",-5607.303067406,"NRI_P035",50
"30042",-1035.14620740601,"NRI_P035",100
"30043",-393.657167405996,"NRI_P035",25
"30044",3707.54974259395,"NRI_P035",50
"30045",-34632.364087406,"NRI_P035",100
"30046",-10673.220887406,"NRI_P035",25
"30047",-3408.677907406,"NRI_P035",50
"30048",-30345.174107406,"NRI_P035",100
"30049",-7153.61166740605,"NRI_P035",25
"30050",-31737.115167406,"NRI_P035",50
"30051",-36368.617957406,"NRI_P035",100
"30052",4407.14925259398,"NRI_P035",25
"30053",-14335.420377406,"NRI_P035",50
"30054",-15729.785737406,"NRI_P035",100
"30055",-8922.45919740602,"NRI_P035",25
"30056",-31574.660807406,"NRI_P035",50
"30057",-28609.253127406,"NRI_P035",100
"30058",-2979.26048740605,"NRI_P035",25
"30059",-5899.06757740601,"NRI_P035",50
"30060",-5255.98770740605,"NRI_P035",100
"30061",2284.74683259398,"NRI_P035",25
"30062",-23057.636347406,"NRI_P035",50
"30063",-37639.3098474061,"NRI_P035",100
"30064",17427.815582594,"NRI_P035",25
"30065",-11350.761987406,"NRI_P035",50
"30066",-38093.739067406,"NRI_P035",100
"30067",-111.781977406004,"NRI_P035",25
"30068",-30958.730077406,"NRI_P035",50
"30069",-38270.850007406,"NRI_P035",100
"30070",8537.99167259398,"NRI_P035",25
"30071",32955.326182594,"NRI_P035",50
"30072",-16189.072187406,"NRI_P035",100
"30073",-16132.561247406,"NRI_P035",25
"30074",2273.54965259397,"NRI_P035",50
"30075",175.804452593962,"NRI_P035",100
"30076",-21306.223937406,"NRI_P035",25
"30077",-27606.677847406,"NRI_P035",50
"30078",-33946.996387406,"NRI_P035",100
"30079",-9779.74102740601,"NRI_P035",25
"30080",2982.152022594,"NRI_P035",50
"30081",-36129.5177574061,"NRI_P035",100
"30082",-15710.422147406,"NRI_P035",25
"30083",14553.148582594,"NRI_P035",50
"30084",-29263.478937406,"NRI_P035",100
"30085",-9280.53095740604,"NRI_P035",25
"30086",-10240.600567406,"NRI_P035",50
"30087",-16454.242897406,"NRI_P035",100
"30088",29443.035052594,"NRI_P035",25
"30089",-21853.463227406,"NRI_P035",50
"30090",-37068.922567406,"NRI_P035",100
"30091",4434.58366259397,"NRI_P035",25
"30092",632.796112593962,"NRI_P035",50
"30093",6356.78294259397,"NRI_P035",100
"30094",-13801.189047406,"NRI_P035",25
"30095",-37476.971817406,"NRI_P035",50
"30096",-27569.217177406,"NRI_P035",100
"30097",-1837.67601740605,"NRI_P035",25
"30098",-2842.08967740601,"NRI_P035",50
"30099",-19709.087467406,"NRI_P035",100
"30100",7690.37688259396,"NRI_P035",25
"30101",-21812.320517406,"NRI_P035",50
"30102",-31165.592067406,"NRI_P035",100
"30103",-6380.61847740604,"NRI_P035",25
"30104",-15556.947317406,"NRI_P035",50
"30105",-12634.665597406,"NRI_P035",100
"30106",-7632.76805740601,"NRI_P035",25
"30107",-13678.120957406,"NRI_P035",50
"30108",-34373.890627406,"NRI_P035",100
"30109",-9681.16291740601,"NRI_P035",25
"30110",-26835.424607406,"NRI_P035",50
"30111",-32037.416047406,"NRI_P035",100
"30112",-5481.964377406,"NRI_P035",25
"30113",4596.000832594,"NRI_P035",50
"30114",532.831002593972,"NRI_P035",100
"30115",-14984.303447406,"NRI_P035",25
"30116",-5858.57040740602,"NRI_P035",50
"30117",-15143.812927406,"NRI_P035",100
"30118",-17830.928087406,"NRI_P035",25
"30119",-21259.731677406,"NRI_P035",50
"30120",-38757.842377406,"NRI_P035",100
"30121",-20116.4867674061,"NRI_P035",25
"30122",-26167.479047406,"NRI_P035",50
"30123",-32269.560857406,"NRI_P035",100
"30124",-6332.52913740603,"NRI_P035",25
"30125",10574.377032594,"NRI_P035",50
"30126",-14668.747677406,"NRI_P035",100
"30127",3432.16645259399,"NRI_P035",25
"30128",-31361.669987406,"NRI_P035",50
"30129",-36828.018007406,"NRI_P035",100
"30130",3075.03373259399,"NRI_P035",25
"30131",-5737.93145740603,"NRI_P035",50
"30132",-9255.40642740601,"NRI_P035",100
"30133",7085.995672594,"NRI_P035",25
"30134",-16558.543637406,"NRI_P035",50
"30135",-28421.197937406,"NRI_P035",100
"30136",-13052.596727406,"NRI_P035",25
"30137",28592.560522594,"NRI_P035",50
"30138",-17076.608687406,"NRI_P035",100
"30139",-8827.92419740604,"NRI_P035",25
"30140",-20548.369327406,"NRI_P035",50
"30141",-16687.032597406,"NRI_P035",100
"30142",-17832.282027406,"NRI_P035",25
"30143",9598.279032594,"NRI_P035",50
"30144",-28574.8121174061,"NRI_P035",100
"30145",10492.285202594,"NRI_P035",25
"30146",-25909.638667406,"NRI_P035",50
"30147",-32912.531347406,"NRI_P035",100
"30148",-5704.057187406,"NRI_P035",25
"30149",-11008.733827406,"NRI_P035",50
"30150",-31031.624917406,"NRI_P035",100
"30151",1516.27372259396,"NRI_P035",25
"30152",-18309.567217406,"NRI_P035",50
"30153",-21842.355027406,"NRI_P035",100
"30154",-896.267517406028,"NRI_P035",25
"30155",-30547.156837406,"NRI_P035",50
"30156",8613.77096259396,"NRI_P035",100
"30157",-3760.11584740604,"NRI_P035",25
"30158",10792.380622594,"NRI_P035",50
"30159",-12695.126947406,"NRI_P035",100
"30160",-1375.338307406,"NRI_P035",25
"30161",-15654.614957406,"NRI_P035",50
"30162",-27381.970047406,"NRI_P035",100
"30163",-10849.767767406,"NRI_P035",25
"30164",-19589.233337406,"NRI_P035",50
"30165",-40459.675457406,"NRI_P035",100
"30166",90.920392593951,"NRI_P035",25
"30167",-14402.748567406,"NRI_P035",50
"30168",-13205.895627406,"NRI_P035",100
"30169",-9599.43383740605,"NRI_P035",25
"30170",-16116.175167406,"NRI_P035",50
"30171",-9499.235507406,"NRI_P035",100
"30172",-28798.466147406,"NRI_P035",25
"30173",-3375.35146740603,"NRI_P035",50
"30174",-29452.822527406,"NRI_P035",100
"30175",2649.71644259396,"NRI_P035",25
"30176",-7318.197637406,"NRI_P035",50
"30177",-21592.852237406,"NRI_P035",100
"30178",1800.573812594,"NRI_P035",25
"30179",-36188.115677406,"NRI_P035",50
"30180",-28374.876677406,"NRI_P035",100
"30181",-9794.26297740603,"NRI_P035",25
"30182",-8282.92992740602,"NRI_P035",50
"30183",9635.833192594,"NRI_P035",100
"30184",-14206.3208474061,"NRI_P035",25
"30185",238.538652593968,"NRI_P035",50
"30186",-28591.155067406,"NRI_P035",100
"30187",-4302.62157740601,"NRI_P035",25
"30188",-2530.828867406,"NRI_P035",50
"30189",-35951.176417406,"NRI_P035",100
"30190",28214.891312594,"NRI_P035",25
"30191",-6923.60695740604,"NRI_P035",50
"30192",-35150.008327406,"NRI_P035",100
"30193",-4750.54471740604,"NRI_P035",25
"30194",-7375.31686740601,"NRI_P035",50
"30195",-30413.420667406,"NRI_P035",100
"30196",-14040.502417406,"NRI_P035",25
"30197",219.609952593979,"NRI_P035",50
"30198",9435.30760259397,"NRI_P035",100
"30199",-9582.16385740601,"NRI_P035",25
"30200",-20207.539237406,"NRI_P035",50
"30201",-36064.689687406,"NRI_P035",100
"30202",-12442.682307406,"NRI_P035",25
"30203",61.3822425939725,"NRI_P035",50
"30204",-11685.907107406,"NRI_P035",100
"30205",-2843.80746740603,"NRI_P035",25
"30206",-11796.230547406,"NRI_P035",50
"30207",-14238.474657406,"NRI_P035",100
"30208",-5049.44483740604,"NRI_P035",25
"30209",-16695.011887406,"NRI_P035",50
"30210",-6217.658177406,"NRI_P035",100
"30211",-10039.655267406,"NRI_P035",25
"30212",-14480.550307406,"NRI_P035",50
"30213",-36693.809097406,"NRI_P035",100
"30214",16766.240142594,"NRI_P035",25
"30215",-36588.836727406,"NRI_P035",50
"30216",-29347.735537406,"NRI_P035",100
"30217",-16176.223487406,"NRI_P035",25
"30218",8567.802202594,"NRI_P035",50
"30219",-13069.178377406,"NRI_P035",100
"30220",4814.83748259395,"NRI_P035",25
"30221",15604.912512594,"NRI_P035",50
"30222",-39566.038227406,"NRI_P035",100
"30223",-9443.20747740602,"NRI_P035",25
"30224",-8726.35340740602,"NRI_P035",50
"30225",-35651.4923174061,"NRI_P035",100
"30226",-15742.474467406,"NRI_P035",25
"30227",-11459.515827406,"NRI_P035",50
"30228",-15865.511957406,"NRI_P035",100
"30229",-5654.96062740602,"NRI_P035",25
"30230",19458.103692594,"NRI_P035",50
"30231",-24988.358877406,"NRI_P035",100
"30232",2859.273972594,"NRI_P035",25
"30233",-2848.36088740604,"NRI_P035",50
"30234",-29734.905797406,"NRI_P035",100
"30235",-9534.012247406,"NRI_P035",25
"30236",-35448.901707406,"NRI_P035",50
"30237",15049.991432594,"NRI_P035",100
"30238",-3553.91825740604,"NRI_P035",25
"30239",-14237.508807406,"NRI_P035",50
"30240",-2661.75989740604,"NRI_P035",100
"30241",-5754.60957740602,"NRI_P035",25
"30242",-9245.600317406,"NRI_P035",50
"30243",-11690.654597406,"NRI_P035",100
"30244",-16702.294157406,"NRI_P035",25
"30245",-11198.151207406,"NRI_P035",50
"30246",-18448.8379174061,"NRI_P035",100
"30247",-26.6451074060169,"NRI_P035",25
"30248",-4335.09962740605,"NRI_P035",50
"30249",-13161.374987406,"NRI_P035",100
"30250",-20905.735957406,"NRI_P035",25
"30251",-9747.21706740605,"NRI_P035",50
"30252",10397.002372594,"NRI_P035",100
"30253",-6748.94074740604,"NRI_P035",25
"30254",-26721.918677406,"NRI_P035",50
"30255",-23997.442377406,"NRI_P035",100
"30256",-8774.68456740602,"NRI_P035",25
"30257",-6869.540247406,"NRI_P035",50
"30258",-18874.814467406,"NRI_P035",100
"30259",-21039.243787406,"NRI_P035",25
"30260",-26812.572407406,"NRI_P035",50
"30261",-22829.662377406,"NRI_P035",100
"30262",-23996.721307406,"NRI_P035",25
"30263",-15986.444447406,"NRI_P035",50
"30264",-18639.582127406,"NRI_P035",100
"30265",-9731.00103740604,"NRI_P035",25
"30266",-2584.853757406,"NRI_P035",50
"30267",-26599.225747406,"NRI_P035",100
"30268",-10399.319537406,"NRI_P035",25
"30269",-26783.561107406,"NRI_P035",50
"30270",-18328.1362674061,"NRI_P035",100
"30271",-24062.332207406,"NRI_P035",25
"30272",7636.29913259397,"NRI_P035",50
"30273",-18642.059687406,"NRI_P035",100
"30274",-8003.85754740605,"NRI_P035",25
"30275",-15576.673677406,"NRI_P035",50
"30276",-20214.643917406,"NRI_P035",100
"30277",15091.482712594,"NRI_P035",25
"30278",-12656.212327406,"NRI_P035",50
"30279",-7754.84809740604,"NRI_P035",100
"30280",8515.05312259396,"NRI_P035",25
"30281",8017.99102259398,"NRI_P035",50
"30282",-29155.9182974061,"NRI_P035",100
"30283",-6899.57154740603,"NRI_P035",25
"30284",-16861.173127406,"NRI_P035",50
"30285",-13059.624017406,"NRI_P035",100
"30286",-10974.633857406,"NRI_P035",25
"30287",-12187.428267406,"NRI_P035",50
"30288",-1304.351417406,"NRI_P035",100
"30289",-7318.20061740605,"NRI_P035",25
"30290",8738.34945259395,"NRI_P035",50
"30291",-21503.337817406,"NRI_P035",100
"30292",-4760.72305740602,"NRI_P035",25
"30293",-24516.8579374061,"NRI_P035",50
"30294",-38152.295187406,"NRI_P035",100
"30295",4544.64377259399,"NRI_P035",25
"30296",-24287.922447406,"NRI_P035",50
"30297",-24424.797277406,"NRI_P035",100
"30298",-18317.5084774061,"NRI_P035",25
"30299",-23442.422167406,"NRI_P035",50
"30300",-15293.225897406,"NRI_P035",100
"30301",-5862.48211139702,"NRI_P036",25
"30302",-2806.23073139705,"NRI_P036",50
"30303",-25408.449891397,"NRI_P036",100
"30304",-21787.0666613971,"NRI_P036",25
"30305",3758.27891860297,"NRI_P036",50
"30306",-27093.892731397,"NRI_P036",100
"30307",-17447.820481397,"NRI_P036",25
"30308",-19288.739781397,"NRI_P036",50
"30309",-25790.466721397,"NRI_P036",100
"30310",-25142.592081397,"NRI_P036",25
"30311",-26682.385331397,"NRI_P036",50
"30312",-21048.654631397,"NRI_P036",100
"30313",1548.18713860295,"NRI_P036",25
"30314",-18611.085311397,"NRI_P036",50
"30315",-24642.934971397,"NRI_P036",100
"30316",900.067668602976,"NRI_P036",25
"30317",-21269.621881397,"NRI_P036",50
"30318",-13348.3929213971,"NRI_P036",100
"30319",-16014.611381397,"NRI_P036",25
"30320",-16.8819813970476,"NRI_P036",50
"30321",-20810.196101397,"NRI_P036",100
"30322",-25781.136551397,"NRI_P036",25
"30323",-19923.216021397,"NRI_P036",50
"30324",-10909.811831397,"NRI_P036",100
"30325",-4514.65193139703,"NRI_P036",25
"30326",-26562.700691397,"NRI_P036",50
"30327",-26115.077861397,"NRI_P036",100
"30328",-5580.18753139704,"NRI_P036",25
"30329",-6926.13077139703,"NRI_P036",50
"30330",-21810.365201397,"NRI_P036",100
"30331",-21927.927181397,"NRI_P036",25
"30332",7774.82080860296,"NRI_P036",50
"30333",-29074.903801397,"NRI_P036",100
"30334",-2777.93245139701,"NRI_P036",25
"30335",-24042.941581397,"NRI_P036",50
"30336",-26790.715941397,"NRI_P036",100
"30337",9631.54310860299,"NRI_P036",25
"30338",-10572.591141397,"NRI_P036",50
"30339",-29327.212951397,"NRI_P036",100
"30340",-1206.27241139702,"NRI_P036",25
"30341",-19708.889061397,"NRI_P036",50
"30342",-22739.755641397,"NRI_P036",100
"30343",281.329318602977,"NRI_P036",25
"30344",1797.34258860297,"NRI_P036",50
"30345",-28455.779331397,"NRI_P036",100
"30346",669.120808602951,"NRI_P036",25
"30347",-2194.84029139701,"NRI_P036",50
"30348",-23965.113481397,"NRI_P036",100
"30349",-5615.28375139704,"NRI_P036",25
"30350",-16447.859891397,"NRI_P036",50
"30351",-21302.573601397,"NRI_P036",100
"30352",-21234.107281397,"NRI_P036",25
"30353",-4824.86010139703,"NRI_P036",50
"30354",-25617.777371397,"NRI_P036",100
"30355",551.844448602991,"NRI_P036",25
"30356",-7276.01138139702,"NRI_P036",50
"30357",-26416.738511397,"NRI_P036",100
"30358",-24577.974651397,"NRI_P036",25
"30359",-25017.728961397,"NRI_P036",50
"30360",-28785.026871397,"NRI_P036",100
"30361",-20572.995981397,"NRI_P036",25
"30362",-20620.888361397,"NRI_P036",50
"30363",-26588.615681397,"NRI_P036",100
"30364",-4408.09575139702,"NRI_P036",25
"30365",-21023.114581397,"NRI_P036",50
"30366",-26450.710431397,"NRI_P036",100
"30367",248.251208602975,"NRI_P036",25
"30368",-18834.3121813971,"NRI_P036",50
"30369",5874.55218860297,"NRI_P036",100
"30370",-24463.566071397,"NRI_P036",25
"30371",-134.431281397003,"NRI_P036",50
"30372",-16316.440431397,"NRI_P036",100
"30373",-3094.39588139701,"NRI_P036",25
"30374",-3381.31378139701,"NRI_P036",50
"30375",-24460.742361397,"NRI_P036",100
"30376",-42.984071397048,"NRI_P036",25
"30377",-20424.325021397,"NRI_P036",50
"30378",-29613.884291397,"NRI_P036",100
"30379",-5953.68387139705,"NRI_P036",25
"30380",-2187.44548139704,"NRI_P036",50
"30381",-12518.389831397,"NRI_P036",100
"30382",-1371.53976139706,"NRI_P036",25
"30383",-6083.84438139701,"NRI_P036",50
"30384",-23878.514891397,"NRI_P036",100
"30385",-2012.86147139705,"NRI_P036",25
"30386",13968.754518603,"NRI_P036",50
"30387",-28360.353901397,"NRI_P036",100
"30388",13158.367418603,"NRI_P036",25
"30389",-18791.789561397,"NRI_P036",50
"30390",-22457.165621397,"NRI_P036",100
"30391",-20397.3680613971,"NRI_P036",25
"30392",-9070.01916139701,"NRI_P036",50
"30393",-28682.129151397,"NRI_P036",100
"30394",-1117.549921397,"NRI_P036",25
"30395",-15109.908631397,"NRI_P036",50
"30396",-28325.949561397,"NRI_P036",100
"30397",-2214.10467139701,"NRI_P036",25
"30398",-7430.55058139702,"NRI_P036",50
"30399",-26560.7512413971,"NRI_P036",100
"30400",-2635.48404139705,"NRI_P036",25
"30401",-18347.808641397,"NRI_P036",50
"30402",-19023.063491397,"NRI_P036",100
"30403",1940.386508603,"NRI_P036",25
"30404",-22640.638391397,"NRI_P036",50
"30405",-24508.477561397,"NRI_P036",100
"30406",290.752918602957,"NRI_P036",25
"30407",-21109.306871397,"NRI_P036",50
"30408",-27215.149121397,"NRI_P036",100
"30409",4759.48366860294,"NRI_P036",25
"30410",-3227.19800139702,"NRI_P036",50
"30411",-29173.904461397,"NRI_P036",100
"30412",117.759738602967,"NRI_P036",25
"30413",-3138.55024139705,"NRI_P036",50
"30414",-5843.496051397,"NRI_P036",100
"30415",-1104.06583139702,"NRI_P036",25
"30416",-26774.442591397,"NRI_P036",50
"30417",-16025.662191397,"NRI_P036",100
"30418",-2031.24357139703,"NRI_P036",25
"30419",-2038.97794139705,"NRI_P036",50
"30420",-27642.552261397,"NRI_P036",100
"30421",-4992.47698139702,"NRI_P036",25
"30422",-4572.11328139703,"NRI_P036",50
"30423",-23942.716251397,"NRI_P036",100
"30424",-750.199161397002,"NRI_P036",25
"30425",-21512.641131397,"NRI_P036",50
"30426",-23769.572411397,"NRI_P036",100
"30427",537.673168602982,"NRI_P036",25
"30428",-24183.127691397,"NRI_P036",50
"30429",-22691.291601397,"NRI_P036",100
"30430",-20922.548871397,"NRI_P036",25
"30431",-23883.057751397,"NRI_P036",50
"30432",-21301.598021397,"NRI_P036",100
"30433",-1797.27407139703,"NRI_P036",25
"30434",-23594.509281397,"NRI_P036",50
"30435",-27893.308081397,"NRI_P036",100
"30436",-5452.014581397,"NRI_P036",25
"30437",-25682.043771397,"NRI_P036",50
"30438",-29679.133641397,"NRI_P036",100
"30439",-21045.734741397,"NRI_P036",25
"30440",-1856.95663139701,"NRI_P036",50
"30441",-29464.091131397,"NRI_P036",100
"30442",-2357.75488139701,"NRI_P036",25
"30443",424.588838602998,"NRI_P036",50
"30444",-24056.001551397,"NRI_P036",100
"30445",-715.355231397029,"NRI_P036",25
"30446",5490.35935860296,"NRI_P036",50
"30447",-26379.463841397,"NRI_P036",100
"30448",-4150.71418139705,"NRI_P036",25
"30449",-4512.83810139704,"NRI_P036",50
"30450",-29431.543691397,"NRI_P036",100
"30451",-3627.90464139701,"NRI_P036",25
"30452",-4106.31678139704,"NRI_P036",50
"30453",-25843.036751397,"NRI_P036",100
"30454",488.837218602945,"NRI_P036",25
"30455",-2855.40868139704,"NRI_P036",50
"30456",-24701.134481397,"NRI_P036",100
"30457",-3630.292781397,"NRI_P036",25
"30458",-6024.62943139701,"NRI_P036",50
"30459",-25181.942231397,"NRI_P036",100
"30460",-1132.65096139704,"NRI_P036",25
"30461",-19920.652571397,"NRI_P036",50
"30462",-21522.0812313971,"NRI_P036",100
"30463",-2089.80758139701,"NRI_P036",25
"30464",-1851.72064139706,"NRI_P036",50
"30465",-24922.935031397,"NRI_P036",100
"30466",-1433.40253139701,"NRI_P036",25
"30467",-6432.29128139705,"NRI_P036",50
"30468",-11725.820711397,"NRI_P036",100
"30469",-25030.505791397,"NRI_P036",25
"30470",-2350.732911397,"NRI_P036",50
"30471",-13611.5241513971,"NRI_P036",100
"30472",-1141.50919139705,"NRI_P036",25
"30473",10051.606708603,"NRI_P036",50
"30474",-15547.427191397,"NRI_P036",100
"30475",-4248.50538139703,"NRI_P036",25
"30476",-3383.70664139703,"NRI_P036",50
"30477",-21331.746901397,"NRI_P036",100
"30478",-5599.57408139703,"NRI_P036",25
"30479",-23237.2566913971,"NRI_P036",50
"30480",-17923.451861397,"NRI_P036",100
"30481",-22244.852181397,"NRI_P036",25
"30482",-22527.2856713971,"NRI_P036",50
"30483",-26178.212881397,"NRI_P036",100
"30484",4782.09541860298,"NRI_P036",25
"30485",-1491.68584139703,"NRI_P036",50
"30486",-18012.196371397,"NRI_P036",100
"30487",-659.452081397001,"NRI_P036",25
"30488",-2827.09911139705,"NRI_P036",50
"30489",-23091.469881397,"NRI_P036",100
"30490",-9.29608139704214,"NRI_P036",25
"30491",-11740.513561397,"NRI_P036",50
"30492",-25887.358051397,"NRI_P036",100
"30493",2207.62530860299,"NRI_P036",25
"30494",-3409.20316139702,"NRI_P036",50
"30495",-21422.340361397,"NRI_P036",100
"30496",1560.20491860295,"NRI_P036",25
"30497",779.550058602996,"NRI_P036",50
"30498",-4705.18870139704,"NRI_P036",100
"30499",543.018518602999,"NRI_P036",25
"30500",-28106.635731397,"NRI_P036",50
"30501",-15076.868921397,"NRI_P036",100
"30502",-20420.903031397,"NRI_P036",25
"30503",408.094638602983,"NRI_P036",50
"30504",-28196.772921397,"NRI_P036",100
"30505",1267.67018860299,"NRI_P036",25
"30506",-25318.191761397,"NRI_P036",50
"30507",-25551.3402213971,"NRI_P036",100
"30508",-1108.18331139704,"NRI_P036",25
"30509",-5541.45045139705,"NRI_P036",50
"30510",-12887.3080613971,"NRI_P036",100
"30511",4144.16674860299,"NRI_P036",25
"30512",-5007.70425139705,"NRI_P036",50
"30513",-24410.3044913971,"NRI_P036",100
"30514",-646.318581397005,"NRI_P036",25
"30515",-21691.090891397,"NRI_P036",50
"30516",-28037.3115013971,"NRI_P036",100
"30517",-1206.98406139703,"NRI_P036",25
"30518",-23011.630181397,"NRI_P036",50
"30519",-25147.150601397,"NRI_P036",100
"30520",-629.856481397001,"NRI_P036",25
"30521",-23202.148991397,"NRI_P036",50
"30522",-27002.474691397,"NRI_P036",100
"30523",-4241.93247139704,"NRI_P036",25
"30524",-6267.34821139701,"NRI_P036",50
"30525",-21341.415091397,"NRI_P036",100
"30526",-6088.770161397,"NRI_P036",25
"30527",-4945.67131139705,"NRI_P036",50
"30528",-11749.366391397,"NRI_P036",100
"30529",-622.052781397011,"NRI_P036",25
"30530",2531.25980860298,"NRI_P036",50
"30531",-20279.3155913971,"NRI_P036",100
"30532",-19969.731681397,"NRI_P036",25
"30533",-10079.651981397,"NRI_P036",50
"30534",-26020.342391397,"NRI_P036",100
"30535",-1733.79018139705,"NRI_P036",25
"30536",-27486.429411397,"NRI_P036",50
"30537",-24760.3811413971,"NRI_P036",100
"30538",-806.59489139705,"NRI_P036",25
"30539",-14190.663611397,"NRI_P036",50
"30540",-28662.8250013971,"NRI_P036",100
"30541",-2060.68094139703,"NRI_P036",25
"30542",-6045.58888139704,"NRI_P036",50
"30543",-27067.746451397,"NRI_P036",100
"30544",-5699.70214139705,"NRI_P036",25
"30545",-5128.167231397,"NRI_P036",50
"30546",-26010.671641397,"NRI_P036",100
"30547",-6329.98773139704,"NRI_P036",25
"30548",-23232.321511397,"NRI_P036",50
"30549",-10816.148041397,"NRI_P036",100
"30550",-625.046081397042,"NRI_P036",25
"30551",-17363.638891397,"NRI_P036",50
"30552",-25131.7150913971,"NRI_P036",100
"30553",29.55870860297,"NRI_P036",25
"30554",-3267.28090139705,"NRI_P036",50
"30555",-24613.751961397,"NRI_P036",100
"30556",-439.901571397029,"NRI_P036",25
"30557",-19433.558271397,"NRI_P036",50
"30558",-24326.122241397,"NRI_P036",100
"30559",-405.521981397003,"NRI_P036",25
"30560",-22750.466601397,"NRI_P036",50
"30561",-25319.711071397,"NRI_P036",100
"30562",6938.888618603,"NRI_P036",25
"30563",-20994.296871397,"NRI_P036",50
"30564",-22110.842151397,"NRI_P036",100
"30565",-2743.36108139704,"NRI_P036",25
"30566",-2551.51473139704,"NRI_P036",50
"30567",-18417.080401397,"NRI_P036",100
"30568",-19119.182081397,"NRI_P036",25
"30569",3465.061418603,"NRI_P036",50
"30570",-15311.156291397,"NRI_P036",100
"30571",1978.71324860299,"NRI_P036",25
"30572",-23451.254381397,"NRI_P036",50
"30573",-21644.150101397,"NRI_P036",100
"30574",-2104.47478139703,"NRI_P036",25
"30575",2240.08920860296,"NRI_P036",50
"30576",-28030.669641397,"NRI_P036",100
"30577",-20255.308821397,"NRI_P036",25
"30578",8635.95221860299,"NRI_P036",50
"30579",-29152.933081397,"NRI_P036",100
"30580",15282.669118603,"NRI_P036",25
"30581",6056.947968603,"NRI_P036",50
"30582",-21513.161851397,"NRI_P036",100
"30583",-20540.946781397,"NRI_P036",25
"30584",-11968.191021397,"NRI_P036",50
"30585",-23966.771051397,"NRI_P036",100
"30586",-824.514631397033,"NRI_P036",25
"30587",-7413.69275139703,"NRI_P036",50
"30588",-26312.521841397,"NRI_P036",100
"30589",-1120.43471139704,"NRI_P036",25
"30590",-556.204241397034,"NRI_P036",50
"30591",-10580.373491397,"NRI_P036",100
"30592",280.393008602958,"NRI_P036",25
"30593",-122.487341397034,"NRI_P036",50
"30594",-22868.809071397,"NRI_P036",100
"30595",-51.3269413970411,"NRI_P036",25
"30596",-26313.474461397,"NRI_P036",50
"30597",-23721.6547313971,"NRI_P036",100
"30598",-20101.227191397,"NRI_P036",25
"30599",-845.884671397042,"NRI_P036",50
"30600",-27889.063821397,"NRI_P036",100
"30601",5948.35246455303,"NRI_P037",25
"30602",-7697.28898544697,"NRI_P037",50
"30603",-31175.351655447,"NRI_P037",100
"30604",-5131.87872544699,"NRI_P037",25
"30605",19549.266724553,"NRI_P037",50
"30606",-20376.064705447,"NRI_P037",100
"30607",-7931.30092544697,"NRI_P037",25
"30608",-8452.39325544698,"NRI_P037",50
"30609",-33052.951855447,"NRI_P037",100
"30610",-7253.313795447,"NRI_P037",25
"30611",-4282.61208544701,"NRI_P037",50
"30612",-28555.673005447,"NRI_P037",100
"30613",-6413.68982544699,"NRI_P037",25
"30614",11407.428714553,"NRI_P037",50
"30615",-31004.241005447,"NRI_P037",100
"30616",-8068.51167544699,"NRI_P037",25
"30617",-9291.46839544701,"NRI_P037",50
"30618",7552.53370455303,"NRI_P037",100
"30619",12466.704724553,"NRI_P037",25
"30620",-14355.680925447,"NRI_P037",50
"30621",-33305.835195447,"NRI_P037",100
"30622",-11580.924875447,"NRI_P037",25
"30623",-9976.91035544698,"NRI_P037",50
"30624",-26428.869905447,"NRI_P037",100
"30625",-4022.71591544698,"NRI_P037",25
"30626",737.293534553028,"NRI_P037",50
"30627",9471.13901455305,"NRI_P037",100
"30628",20196.977994553,"NRI_P037",25
"30629",-12614.679905447,"NRI_P037",50
"30630",-22723.589765447,"NRI_P037",100
"30631",-4402.15002544696,"NRI_P037",25
"30632",-16220.193025447,"NRI_P037",50
"30633",-32612.176375447,"NRI_P037",100
"30634",-5224.81728544697,"NRI_P037",25
"30635",-12172.481915447,"NRI_P037",50
"30636",-22398.564205447,"NRI_P037",100
"30637",7756.06870455301,"NRI_P037",25
"30638",19601.164404553,"NRI_P037",50
"30639",-32788.375005447,"NRI_P037",100
"30640",-2576.989355447,"NRI_P037",25
"30641",-5058.955505447,"NRI_P037",50
"30642",-21871.082685447,"NRI_P037",100
"30643",-6790.86452544696,"NRI_P037",25
"30644",-15600.609515447,"NRI_P037",50
"30645",-22130.412755447,"NRI_P037",100
"30646",2776.18400455301,"NRI_P037",25
"30647",-24643.655445447,"NRI_P037",50
"30648",-26342.672075447,"NRI_P037",100
"30649",3903.46285455301,"NRI_P037",25
"30650",-17581.189055447,"NRI_P037",50
"30651",-27055.172775447,"NRI_P037",100
"30652",2565.866014553,"NRI_P037",25
"30653",-13900.832815447,"NRI_P037",50
"30654",-26063.733195447,"NRI_P037",100
"30655",-25547.543125447,"NRI_P037",25
"30656",-12663.274045447,"NRI_P037",50
"30657",-15821.172215447,"NRI_P037",100
"30658",-15337.675625447,"NRI_P037",25
"30659",-5365.28555544699,"NRI_P037",50
"30660",-29278.534545447,"NRI_P037",100
"30661",-4066.050165447,"NRI_P037",25
"30662",-10476.447815447,"NRI_P037",50
"30663",2781.11584455305,"NRI_P037",100
"30664",3741.80836455303,"NRI_P037",25
"30665",-12815.101575447,"NRI_P037",50
"30666",-30104.298235447,"NRI_P037",100
"30667",-9666.951745447,"NRI_P037",25
"30668",-10986.085275447,"NRI_P037",50
"30669",-28364.449865447,"NRI_P037",100
"30670",-16003.989905447,"NRI_P037",25
"30671",3681.01664455305,"NRI_P037",50
"30672",-19066.099795447,"NRI_P037",100
"30673",-8396.53566544701,"NRI_P037",25
"30674",-17432.403405447,"NRI_P037",50
"30675",-13193.123465447,"NRI_P037",100
"30676",-16921.654675447,"NRI_P037",25
"30677",-16337.358915447,"NRI_P037",50
"30678",-22167.545445447,"NRI_P037",100
"30679",1214.30162455305,"NRI_P037",25
"30680",-18240.473555447,"NRI_P037",50
"30681",-28735.289775447,"NRI_P037",100
"30682",-14366.469665447,"NRI_P037",25
"30683",-9532.80805544701,"NRI_P037",50
"30684",-24560.956665447,"NRI_P037",100
"30685",462.833424553042,"NRI_P037",25
"30686",-12834.381365447,"NRI_P037",50
"30687",-23360.945735447,"NRI_P037",100
"30688",-8701.84209544701,"NRI_P037",25
"30689",2428.97496455302,"NRI_P037",50
"30690",-22961.823835447,"NRI_P037",100
"30691",-9402.95512544696,"NRI_P037",25
"30692",-4527.59114544699,"NRI_P037",50
"30693",-17386.819195447,"NRI_P037",100
"30694",355.056394553045,"NRI_P037",25
"30695",-20355.627345447,"NRI_P037",50
"30696",-24320.700315447,"NRI_P037",100
"30697",-16625.666665447,"NRI_P037",25
"30698",-15853.014745447,"NRI_P037",50
"30699",-23938.954245447,"NRI_P037",100
"30700",-2270.04556544696,"NRI_P037",25
"30701",-10231.019035447,"NRI_P037",50
"30702",-11132.673595447,"NRI_P037",100
"30703",-20035.250475447,"NRI_P037",25
"30704",3488.14010455302,"NRI_P037",50
"30705",-24043.340475447,"NRI_P037",100
"30706",-7894.007365447,"NRI_P037",25
"30707",-15623.139965447,"NRI_P037",50
"30708",-15801.722015447,"NRI_P037",100
"30709",-6592.61802544701,"NRI_P037",25
"30710",-16150.276835447,"NRI_P037",50
"30711",-11832.097785447,"NRI_P037",100
"30712",-7328.74228544696,"NRI_P037",25
"30713",16674.496454553,"NRI_P037",50
"30714",-20729.986275447,"NRI_P037",100
"30715",-5397.590115447,"NRI_P037",25
"30716",-18352.452225447,"NRI_P037",50
"30717",-15321.262485447,"NRI_P037",100
"30718",-566.38643544697,"NRI_P037",25
"30719",-2623.647715447,"NRI_P037",50
"30720",-20394.867265447,"NRI_P037",100
"30721",-11094.523765447,"NRI_P037",25
"30722",-10441.152215447,"NRI_P037",50
"30723",-28569.004535447,"NRI_P037",100
"30724",-10936.895595447,"NRI_P037",25
"30725",20366.095184553,"NRI_P037",50
"30726",-21350.619375447,"NRI_P037",100
"30727",-9376.287575447,"NRI_P037",25
"30728",-193.124735446996,"NRI_P037",50
"30729",-21281.431215447,"NRI_P037",100
"30730",1901.553284553,"NRI_P037",25
"30731",-13282.153465447,"NRI_P037",50
"30732",-2724.45094544697,"NRI_P037",100
"30733",18051.306344553,"NRI_P037",25
"30734",-25741.140095447,"NRI_P037",50
"30735",2247.30349455302,"NRI_P037",100
"30736",2761.10857455304,"NRI_P037",25
"30737",-17668.124575447,"NRI_P037",50
"30738",-21446.240955447,"NRI_P037",100
"30739",-16696.423815447,"NRI_P037",25
"30740",-8831.652125447,"NRI_P037",50
"30741",-17457.371555447,"NRI_P037",100
"30742",-2108.31884544698,"NRI_P037",25
"30743",-22541.700005447,"NRI_P037",50
"30744",-2489.205185447,"NRI_P037",100
"30745",-1079.57828544697,"NRI_P037",25
"30746",-4367.61330544698,"NRI_P037",50
"30747",-28094.652965447,"NRI_P037",100
"30748",7997.002274553,"NRI_P037",25
"30749",-15845.845805447,"NRI_P037",50
"30750",-9739.37144544697,"NRI_P037",100
"30751",-11085.867445447,"NRI_P037",25
"30752",2445.36755455303,"NRI_P037",50
"30753",-36524.789655447,"NRI_P037",100
"30754",-6551.96060544701,"NRI_P037",25
"30755",-13527.916265447,"NRI_P037",50
"30756",-18184.771665447,"NRI_P037",100
"30757",-7364.83928544697,"NRI_P037",25
"30758",-24798.981735447,"NRI_P037",50
"30759",-24634.485885447,"NRI_P037",100
"30760",-7812.100075447,"NRI_P037",25
"30761",-2074.355235447,"NRI_P037",50
"30762",-24476.818215447,"NRI_P037",100
"30763",-19411.683845447,"NRI_P037",25
"30764",-18089.902935447,"NRI_P037",50
"30765",-18760.578245447,"NRI_P037",100
"30766",9752.93656455301,"NRI_P037",25
"30767",-20124.142445447,"NRI_P037",50
"30768",-28803.723475447,"NRI_P037",100
"30769",-9077.48436544696,"NRI_P037",25
"30770",-8901.59308544698,"NRI_P037",50
"30771",-13622.685955447,"NRI_P037",100
"30772",-5499.83783544699,"NRI_P037",25
"30773",-12090.144505447,"NRI_P037",50
"30774",-18414.244635447,"NRI_P037",100
"30775",9.37360455299495,"NRI_P037",25
"30776",-27839.709195447,"NRI_P037",50
"30777",12062.888644553,"NRI_P037",100
"30778",-3047.061395447,"NRI_P037",25
"30779",-18480.873095447,"NRI_P037",50
"30780",-26818.421215447,"NRI_P037",100
"30781",-16864.289335447,"NRI_P037",25
"30782",-537.276845446962,"NRI_P037",50
"30783",-28425.264135447,"NRI_P037",100
"30784",4617.25396455301,"NRI_P037",25
"30785",-5820.47923544695,"NRI_P037",50
"30786",-27228.188855447,"NRI_P037",100
"30787",-12203.398875447,"NRI_P037",25
"30788",-9474.79688544699,"NRI_P037",50
"30789",-28231.058315447,"NRI_P037",100
"30790",-11495.158595447,"NRI_P037",25
"30791",-8851.43021544698,"NRI_P037",50
"30792",-19236.850835447,"NRI_P037",100
"30793",900.55504455301,"NRI_P037",25
"30794",-15096.497675447,"NRI_P037",50
"30795",-20598.658175447,"NRI_P037",100
"30796",-8533.96139544697,"NRI_P037",25
"30797",-21263.082095447,"NRI_P037",50
"30798",-23105.612925447,"NRI_P037",100
"30799",18504.741864553,"NRI_P037",25
"30800",-23586.142605447,"NRI_P037",50
"30801",-31399.345105447,"NRI_P037",100
"30802",834.496004553046,"NRI_P037",25
"30803",-11360.399885447,"NRI_P037",50
"30804",-29799.818135447,"NRI_P037",100
"30805",2166.95292455301,"NRI_P037",25
"30806",-1352.448435447,"NRI_P037",50
"30807",-13544.656925447,"NRI_P037",100
"30808",-9437.55712544697,"NRI_P037",25
"30809",-15030.104245447,"NRI_P037",50
"30810",-4091.57879544696,"NRI_P037",100
"30811",-13420.591425447,"NRI_P037",25
"30812",-7466.963265447,"NRI_P037",50
"30813",-28440.051585447,"NRI_P037",100
"30814",-4123.47956544696,"NRI_P037",25
"30815",-22550.694955447,"NRI_P037",50
"30816",-30204.552415447,"NRI_P037",100
"30817",-142.719465447008,"NRI_P037",25
"30818",6304.54489455302,"NRI_P037",50
"30819",-32315.625865447,"NRI_P037",100
"30820",6251.63461455301,"NRI_P037",25
"30821",-12700.481305447,"NRI_P037",50
"30822",-22682.985525447,"NRI_P037",100
"30823",-13582.202255447,"NRI_P037",25
"30824",-19063.113535447,"NRI_P037",50
"30825",-14732.599055447,"NRI_P037",100
"30826",-8503.721245447,"NRI_P037",25
"30827",-10990.314855447,"NRI_P037",50
"30828",-2921.07752544701,"NRI_P037",100
"30829",-5349.11340544699,"NRI_P037",25
"30830",-7005.048705447,"NRI_P037",50
"30831",-22128.102095447,"NRI_P037",100
"30832",-8419.89075544698,"NRI_P037",25
"30833",-13221.572925447,"NRI_P037",50
"30834",-30671.724565447,"NRI_P037",100
"30835",-4389.00540544698,"NRI_P037",25
"30836",-6131.69910544698,"NRI_P037",50
"30837",1723.84055455303,"NRI_P037",100
"30838",-5764.056105447,"NRI_P037",25
"30839",-29907.424545447,"NRI_P037",50
"30840",-26756.521885447,"NRI_P037",100
"30841",-3998.42812544695,"NRI_P037",25
"30842",-26318.751505447,"NRI_P037",50
"30843",-29402.961915447,"NRI_P037",100
"30844",-5448.09222544701,"NRI_P037",25
"30845",3299.12765455304,"NRI_P037",50
"30846",-8758.62472544698,"NRI_P037",100
"30847",-2924.98181544698,"NRI_P037",25
"30848",-11332.647625447,"NRI_P037",50
"30849",-22420.455055447,"NRI_P037",100
"30850",-2989.82429544698,"NRI_P037",25
"30851",-4814.72122544696,"NRI_P037",50
"30852",-6841.42325544701,"NRI_P037",100
"30853",10036.870784553,"NRI_P037",25
"30854",-32191.613605447,"NRI_P037",50
"30855",-26611.390495447,"NRI_P037",100
"30856",-15850.536765447,"NRI_P037",25
"30857",-14512.091685447,"NRI_P037",50
"30858",-4601.85174544697,"NRI_P037",100
"30859",-3885.36956544698,"NRI_P037",25
"30860",-7487.873765447,"NRI_P037",50
"30861",-27236.285845447,"NRI_P037",100
"30862",-9383.42506544699,"NRI_P037",25
"30863",6410.38709455304,"NRI_P037",50
"30864",-16652.206475447,"NRI_P037",100
"30865",-7176.36152544699,"NRI_P037",25
"30866",25679.059394553,"NRI_P037",50
"30867",-15872.002085447,"NRI_P037",100
"30868",-10436.020235447,"NRI_P037",25
"30869",-3791.63504544698,"NRI_P037",50
"30870",-22372.657215447,"NRI_P037",100
"30871",-2628.77523544698,"NRI_P037",25
"30872",179.747844553029,"NRI_P037",50
"30873",-36632.515245447,"NRI_P037",100
"30874",176.228644553048,"NRI_P037",25
"30875",-15861.271095447,"NRI_P037",50
"30876",-24894.390375447,"NRI_P037",100
"30877",-12724.838835447,"NRI_P037",25
"30878",-2991.308085447,"NRI_P037",50
"30879",-30143.809705447,"NRI_P037",100
"30880",10672.332784553,"NRI_P037",25
"30881",-10760.151545447,"NRI_P037",50
"30882",-1450.66204544698,"NRI_P037",100
"30883",-5969.94311544701,"NRI_P037",25
"30884",-31985.467265447,"NRI_P037",50
"30885",-23525.450785447,"NRI_P037",100
"30886",-13481.838405447,"NRI_P037",25
"30887",-25341.517085447,"NRI_P037",50
"30888",-2882.79194544698,"NRI_P037",100
"30889",4913.09068455303,"NRI_P037",25
"30890",-21783.811695447,"NRI_P037",50
"30891",-35884.220435447,"NRI_P037",100
"30892",-9234.44579544698,"NRI_P037",25
"30893",-29341.881055447,"NRI_P037",50
"30894",-18589.812125447,"NRI_P037",100
"30895",-20608.749955447,"NRI_P037",25
"30896",-22435.803175447,"NRI_P037",50
"30897",-18611.468655447,"NRI_P037",100
"30898",-6203.623635447,"NRI_P037",25
"30899",1489.35356455302,"NRI_P037",50
"30900",-23086.740505447,"NRI_P037",100
"30901",1926.844212898,"NRI_P038",25
"30902",-2049.696267102,"NRI_P038",50
"30903",19364.644132898,"NRI_P038",100
"30904",-5680.42714710199,"NRI_P038",25
"30905",-4140.649767102,"NRI_P038",50
"30906",-1231.261007102,"NRI_P038",100
"30907",-2075.732107102,"NRI_P038",25
"30908",14361.981382898,"NRI_P038",50
"30909",-2009.858227102,"NRI_P038",100
"30910",4012.591812898,"NRI_P038",25
"30911",9435.43604289801,"NRI_P038",50
"30912",14825.604782898,"NRI_P038",100
"30913",-1798.47393710198,"NRI_P038",25
"30914",-9971.75616710199,"NRI_P038",50
"30915",-2806.87944710199,"NRI_P038",100
"30916",1138.54391289799,"NRI_P038",25
"30917",-3560.57936710201,"NRI_P038",50
"30918",13670.135782898,"NRI_P038",100
"30919",2784.82897289802,"NRI_P038",25
"30920",1435.57764289802,"NRI_P038",50
"30921",5332.11011289799,"NRI_P038",100
"30922",-875.052547102008,"NRI_P038",25
"30923",-3359.47257710199,"NRI_P038",50
"30924",564.706582898012,"NRI_P038",100
"30925",4036.40550289801,"NRI_P038",25
"30926",-7259.652537102,"NRI_P038",50
"30927",-1286.10597710201,"NRI_P038",100
"30928",5648.753952898,"NRI_P038",25
"30929",-4170.610627102,"NRI_P038",50
"30930",-1028.09450710198,"NRI_P038",100
"30931",8481.900222898,"NRI_P038",25
"30932",-7994.55443710199,"NRI_P038",50
"30933",789.017842898,"NRI_P038",100
"30934",2715.06626289801,"NRI_P038",25
"30935",1983.600252898,"NRI_P038",50
"30936",-700.78797710198,"NRI_P038",100
"30937",5784.132362898,"NRI_P038",25
"30938",-2271.12381710199,"NRI_P038",50
"30939",4809.90244289802,"NRI_P038",100
"30940",10280.345012898,"NRI_P038",25
"30941",9015.327132898,"NRI_P038",50
"30942",11764.522512898,"NRI_P038",100
"30943",709.265232898004,"NRI_P038",25
"30944",-6995.35851710199,"NRI_P038",50
"30945",11855.844582898,"NRI_P038",100
"30946",-469.781317101995,"NRI_P038",25
"30947",2203.01100289801,"NRI_P038",50
"30948",-4851.04605710201,"NRI_P038",100
"30949",441.318112898007,"NRI_P038",25
"30950",89.0281528980122,"NRI_P038",50
"30951",-3811.059437102,"NRI_P038",100
"30952",-7224.88091710198,"NRI_P038",25
"30953",5589.43537289801,"NRI_P038",50
"30954",7595.92876289799,"NRI_P038",100
"30955",-9775.89415710198,"NRI_P038",25
"30956",-5439.54325710199,"NRI_P038",50
"30957",1801.568352898,"NRI_P038",100
"30958",-1627.43288710198,"NRI_P038",25
"30959",-981.481887101982,"NRI_P038",50
"30960",18573.878352898,"NRI_P038",100
"30961",-9739.29519710201,"NRI_P038",25
"30962",5472.52250289801,"NRI_P038",50
"30963",-8080.286447102,"NRI_P038",100
"30964",4198.844992898,"NRI_P038",25
"30965",-11136.958947102,"NRI_P038",50
"30966",5423.199272898,"NRI_P038",100
"30967",24059.405682898,"NRI_P038",25
"30968",-6214.81101710198,"NRI_P038",50
"30969",16333.540882898,"NRI_P038",100
"30970",-1646.86363710198,"NRI_P038",25
"30971",2793.70035289801,"NRI_P038",50
"30972",-5824.06500710201,"NRI_P038",100
"30973",4541.08574289799,"NRI_P038",25
"30974",-150.725437101995,"NRI_P038",50
"30975",10707.602252898,"NRI_P038",100
"30976",2855.373812898,"NRI_P038",25
"30977",-7688.05520710201,"NRI_P038",50
"30978",-4910.89972710199,"NRI_P038",100
"30979",2501.28495289802,"NRI_P038",25
"30980",8376.89976289801,"NRI_P038",50
"30981",11817.490662898,"NRI_P038",100
"30982",-2991.33267710201,"NRI_P038",25
"30983",-3556.09736710199,"NRI_P038",50
"30984",-4039.28439710199,"NRI_P038",100
"30985",-632.365687101992,"NRI_P038",25
"30986",2698.986332898,"NRI_P038",50
"30987",3853.169322898,"NRI_P038",100
"30988",-7594.669057102,"NRI_P038",25
"30989",6906.547662898,"NRI_P038",50
"30990",9691.088602898,"NRI_P038",100
"30991",-239.007667102007,"NRI_P038",25
"30992",-4390.77047710199,"NRI_P038",50
"30993",-9518.14277710198,"NRI_P038",100
"30994",2928.96075289801,"NRI_P038",25
"30995",1660.402852898,"NRI_P038",50
"30996",20058.314232898,"NRI_P038",100
"30997",2898.906112898,"NRI_P038",25
"30998",-1214.025657102,"NRI_P038",50
"30999",5809.511142898,"NRI_P038",100
"31000",13239.787802898,"NRI_P038",25
"31001",11732.531152898,"NRI_P038",50
"31002",-1684.35938710198,"NRI_P038",100
"31003",1620.748552898,"NRI_P038",25
"31004",-10251.941957102,"NRI_P038",50
"31005",-2047.95860710199,"NRI_P038",100
"31006",-7397.502067102,"NRI_P038",25
"31007",-2561.849337102,"NRI_P038",50
"31008",14164.688062898,"NRI_P038",100
"31009",3632.40305289801,"NRI_P038",25
"31010",6912.68909289801,"NRI_P038",50
"31011",9701.11196289799,"NRI_P038",100
"31012",-7573.21567710198,"NRI_P038",25
"31013",5843.30611289802,"NRI_P038",50
"31014",-4704.609867102,"NRI_P038",100
"31015",-9545.183787102,"NRI_P038",25
"31016",10459.857832898,"NRI_P038",50
"31017",-1604.43973710199,"NRI_P038",100
"31018",-1467.92399710199,"NRI_P038",25
"31019",-2108.652667102,"NRI_P038",50
"31020",7293.64178289802,"NRI_P038",100
"31021",-2092.54574710201,"NRI_P038",25
"31022",3215.63800289802,"NRI_P038",50
"31023",-3093.27890710198,"NRI_P038",100
"31024",-2861.92689710201,"NRI_P038",25
"31025",-3923.906107102,"NRI_P038",50
"31026",4900.44638289799,"NRI_P038",100
"31027",-4866.68702710199,"NRI_P038",25
"31028",13130.807192898,"NRI_P038",50
"31029",-1231.923437102,"NRI_P038",100
"31030",556.852382898011,"NRI_P038",25
"31031",18567.170142898,"NRI_P038",50
"31032",8979.04997289801,"NRI_P038",100
"31033",-864.612567101984,"NRI_P038",25
"31034",-7089.94124710199,"NRI_P038",50
"31035",748.221062897996,"NRI_P038",100
"31036",8268.302822898,"NRI_P038",25
"31037",-560.375867102004,"NRI_P038",50
"31038",-7668.19390710199,"NRI_P038",100
"31039",-4648.67462710198,"NRI_P038",25
"31040",6322.795882898,"NRI_P038",50
"31041",3676.34038289799,"NRI_P038",100
"31042",7883.43479289801,"NRI_P038",25
"31043",-4557.951797102,"NRI_P038",50
"31044",-1455.825207102,"NRI_P038",100
"31045",-1987.523967102,"NRI_P038",25
"31046",6045.85340289801,"NRI_P038",50
"31047",-3862.06023710201,"NRI_P038",100
"31048",-1299.105857102,"NRI_P038",25
"31049",7013.48953289801,"NRI_P038",50
"31050",-3225.75049710198,"NRI_P038",100
"31051",1787.50675289801,"NRI_P038",25
"31052",5121.06219289801,"NRI_P038",50
"31053",-2087.006497102,"NRI_P038",100
"31054",9396.20163289801,"NRI_P038",25
"31055",1232.966892898,"NRI_P038",50
"31056",13895.765002898,"NRI_P038",100
"31057",739.229102898011,"NRI_P038",25
"31058",15542.229192898,"NRI_P038",50
"31059",10024.528842898,"NRI_P038",100
"31060",4508.93680289801,"NRI_P038",25
"31061",-7525.982337102,"NRI_P038",50
"31062",4007.592282898,"NRI_P038",100
"31063",15431.648452898,"NRI_P038",25
"31064",6389.52127289801,"NRI_P038",50
"31065",-8729.18514710199,"NRI_P038",100
"31066",3108.253772898,"NRI_P038",25
"31067",-10832.679857102,"NRI_P038",50
"31068",7100.296932898,"NRI_P038",100
"31069",4801.388902898,"NRI_P038",25
"31070",3478.809412898,"NRI_P038",50
"31071",-1706.09454710199,"NRI_P038",100
"31072",-10021.344387102,"NRI_P038",25
"31073",-4284.122617102,"NRI_P038",50
"31074",28163.303772898,"NRI_P038",100
"31075",-3369.818117102,"NRI_P038",25
"31076",-3224.24697710198,"NRI_P038",50
"31077",8298.82183289801,"NRI_P038",100
"31078",5983.944032898,"NRI_P038",25
"31079",-5488.631947102,"NRI_P038",50
"31080",1935.08126289799,"NRI_P038",100
"31081",8300.23246289801,"NRI_P038",25
"31082",-6717.20427710199,"NRI_P038",50
"31083",17607.162572898,"NRI_P038",100
"31084",13891.100842898,"NRI_P038",25
"31085",2212.36976289802,"NRI_P038",50
"31086",-2392.182327102,"NRI_P038",100
"31087",258.274212898017,"NRI_P038",25
"31088",-2699.95479710199,"NRI_P038",50
"31089",-9705.847877102,"NRI_P038",100
"31090",-5203.410067102,"NRI_P038",25
"31091",-7347.332997102,"NRI_P038",50
"31092",-10829.232507102,"NRI_P038",100
"31093",-770.399547101988,"NRI_P038",25
"31094",14874.790812898,"NRI_P038",50
"31095",3591.23827289802,"NRI_P038",100
"31096",4344.758742898,"NRI_P038",25
"31097",-1338.96008710199,"NRI_P038",50
"31098",13369.960242898,"NRI_P038",100
"31099",3063.58994289802,"NRI_P038",25
"31100",-6012.17247710199,"NRI_P038",50
"31101",38650.317762898,"NRI_P038",100
"31102",8695.585812898,"NRI_P038",25
"31103",10913.015702898,"NRI_P038",50
"31104",7750.91665289801,"NRI_P038",100
"31105",287.169252897991,"NRI_P038",25
"31106",-6205.895317102,"NRI_P038",50
"31107",900.099882898008,"NRI_P038",100
"31108",-6075.55177710199,"NRI_P038",25
"31109",-3646.46872710201,"NRI_P038",50
"31110",11832.098662898,"NRI_P038",100
"31111",-3358.274977102,"NRI_P038",25
"31112",-1908.803677102,"NRI_P038",50
"31113",19503.367592898,"NRI_P038",100
"31114",-1784.24699710199,"NRI_P038",25
"31115",-2431.29708710199,"NRI_P038",50
"31116",3105.744642898,"NRI_P038",100
"31117",4395.284912898,"NRI_P038",25
"31118",-629.931677101995,"NRI_P038",50
"31119",6989.853802898,"NRI_P038",100
"31120",12461.377462898,"NRI_P038",25
"31121",-9495.23133710198,"NRI_P038",50
"31122",15642.517282898,"NRI_P038",100
"31123",-5162.27438710199,"NRI_P038",25
"31124",-6953.93246710199,"NRI_P038",50
"31125",-2182.80293710198,"NRI_P038",100
"31126",-1346.20704710198,"NRI_P038",25
"31127",2328.78673289801,"NRI_P038",50
"31128",9376.630642898,"NRI_P038",100
"31129",-659.827947101992,"NRI_P038",25
"31130",-1772.10958710199,"NRI_P038",50
"31131",-6249.78002710198,"NRI_P038",100
"31132",-3313.63159710201,"NRI_P038",25
"31133",-2701.328697102,"NRI_P038",50
"31134",8308.47628289802,"NRI_P038",100
"31135",-615.32200710199,"NRI_P038",25
"31136",-6545.305447102,"NRI_P038",50
"31137",7882.46122289801,"NRI_P038",100
"31138",18884.890292898,"NRI_P038",25
"31139",1028.460532898,"NRI_P038",50
"31140",-3375.803517102,"NRI_P038",100
"31141",5463.08087289802,"NRI_P038",25
"31142",3071.64634289799,"NRI_P038",50
"31143",9702.33831289801,"NRI_P038",100
"31144",986.26168289801,"NRI_P038",25
"31145",-4275.32570710199,"NRI_P038",50
"31146",-808.639177101984,"NRI_P038",100
"31147",1875.577292898,"NRI_P038",25
"31148",-5086.759657102,"NRI_P038",50
"31149",22839.108602898,"NRI_P038",100
"31150",200.327302898018,"NRI_P038",25
"31151",1648.112242898,"NRI_P038",50
"31152",12362.116872898,"NRI_P038",100
"31153",1650.678102898,"NRI_P038",25
"31154",-4824.33868710199,"NRI_P038",50
"31155",5273.22398289799,"NRI_P038",100
"31156",-2232.44521710198,"NRI_P038",25
"31157",2936.79444289801,"NRI_P038",50
"31158",26318.010712898,"NRI_P038",100
"31159",3703.90938289801,"NRI_P038",25
"31160",-1413.876967102,"NRI_P038",50
"31161",5624.101502898,"NRI_P038",100
"31162",11821.271762898,"NRI_P038",25
"31163",22852.201022898,"NRI_P038",50
"31164",1352.94592289801,"NRI_P038",100
"31165",4663.938162898,"NRI_P038",25
"31166",8791.20442289801,"NRI_P038",50
"31167",1334.77255289801,"NRI_P038",100
"31168",724.235732898,"NRI_P038",25
"31169",5161.84623289801,"NRI_P038",50
"31170",-4574.831327102,"NRI_P038",100
"31171",-6127.65892710199,"NRI_P038",25
"31172",-7240.48555710199,"NRI_P038",50
"31173",25305.323262898,"NRI_P038",100
"31174",-9951.50059710199,"NRI_P038",25
"31175",-7244.119357102,"NRI_P038",50
"31176",-2609.312637102,"NRI_P038",100
"31177",-905.805257102009,"NRI_P038",25
"31178",3175.82305289799,"NRI_P038",50
"31179",3173.07655289801,"NRI_P038",100
"31180",4772.15962289801,"NRI_P038",25
"31181",1774.05009289802,"NRI_P038",50
"31182",1558.549122898,"NRI_P038",100
"31183",3258.46667289801,"NRI_P038",25
"31184",-4676.91065710198,"NRI_P038",50
"31185",5762.426982898,"NRI_P038",100
"31186",-682.902157101984,"NRI_P038",25
"31187",8197.997692898,"NRI_P038",50
"31188",6531.17760289801,"NRI_P038",100
"31189",-701.205527101993,"NRI_P038",25
"31190",921.858772898006,"NRI_P038",50
"31191",12470.221972898,"NRI_P038",100
"31192",7820.54185289799,"NRI_P038",25
"31193",4250.66449289801,"NRI_P038",50
"31194",-120.956307101995,"NRI_P038",100
"31195",-4827.710737102,"NRI_P038",25
"31196",-3172.267447102,"NRI_P038",50
"31197",13765.029102898,"NRI_P038",100
"31198",-459.701387101988,"NRI_P038",25
"31199",1966.29872289801,"NRI_P038",50
"31200",-304.903957101982,"NRI_P038",100
"31201",-11435.111156197,"NRI_P039",25
"31202",-10891.144326197,"NRI_P039",50
"31203",-7768.91742619697,"NRI_P039",100
"31204",2416.317923803,"NRI_P039",25
"31205",3906.00505380303,"NRI_P039",50
"31206",-2671.22410619701,"NRI_P039",100
"31207",-3263.82280619699,"NRI_P039",25
"31208",-12120.521666197,"NRI_P039",50
"31209",-29096.357676197,"NRI_P039",100
"31210",8102.39240380301,"NRI_P039",25
"31211",-9393.24197619699,"NRI_P039",50
"31212",-11508.866296197,"NRI_P039",100
"31213",1863.65525380301,"NRI_P039",25
"31214",7813.79216380301,"NRI_P039",50
"31215",-1266.52403619699,"NRI_P039",100
"31216",1984.10259380302,"NRI_P039",25
"31217",-13850.448346197,"NRI_P039",50
"31218",-8919.23836619698,"NRI_P039",100
"31219",-16832.387836197,"NRI_P039",25
"31220",-21062.780056197,"NRI_P039",50
"31221",-19431.171816197,"NRI_P039",100
"31222",-1825.45189619699,"NRI_P039",25
"31223",1918.60344380303,"NRI_P039",50
"31224",3203.12804380304,"NRI_P039",100
"31225",-6491.16118619696,"NRI_P039",25
"31226",-152.690476196993,"NRI_P039",50
"31227",-29041.537176197,"NRI_P039",100
"31228",-18727.115746197,"NRI_P039",25
"31229",-17420.871646197,"NRI_P039",50
"31230",5333.47859380301,"NRI_P039",100
"31231",-5986.05803619698,"NRI_P039",25
"31232",-6814.59275619697,"NRI_P039",50
"31233",-17595.929286197,"NRI_P039",100
"31234",6944.13698380301,"NRI_P039",25
"31235",-11965.177936197,"NRI_P039",50
"31236",-32785.338516197,"NRI_P039",100
"31237",-5271.60141619697,"NRI_P039",25
"31238",-19233.979696197,"NRI_P039",50
"31239",-26363.872866197,"NRI_P039",100
"31240",-7646.72040619701,"NRI_P039",25
"31241",-9903.175196197,"NRI_P039",50
"31242",-5916.79166619701,"NRI_P039",100
"31243",-9678.59382619697,"NRI_P039",25
"31244",11349.153313803,"NRI_P039",50
"31245",-2286.742306197,"NRI_P039",100
"31246",6601.548843803,"NRI_P039",25
"31247",-6936.93592619698,"NRI_P039",50
"31248",-14294.794016197,"NRI_P039",100
"31249",-2345.13446619699,"NRI_P039",25
"31250",-22761.487066197,"NRI_P039",50
"31251",-22892.944646197,"NRI_P039",100
"31252",1628.67343380302,"NRI_P039",25
"31253",1461.35496380302,"NRI_P039",50
"31254",-9421.227896197,"NRI_P039",100
"31255",-13502.990656197,"NRI_P039",25
"31256",10167.965163803,"NRI_P039",50
"31257",-4010.933926197,"NRI_P039",100
"31258",-11991.582436197,"NRI_P039",25
"31259",-12654.162886197,"NRI_P039",50
"31260",-17.7796661969624,"NRI_P039",100
"31261",-9311.65105619701,"NRI_P039",25
"31262",2792.22267380304,"NRI_P039",50
"31263",24065.119173803,"NRI_P039",100
"31264",334.201943802997,"NRI_P039",25
"31265",-6435.360556197,"NRI_P039",50
"31266",-17277.260326197,"NRI_P039",100
"31267",1664.01560380304,"NRI_P039",25
"31268",3020.80911380303,"NRI_P039",50
"31269",-21049.948706197,"NRI_P039",100
"31270",15.8536038030288,"NRI_P039",25
"31271",-4422.89526619698,"NRI_P039",50
"31272",-19097.267176197,"NRI_P039",100
"31273",-9777.92413619696,"NRI_P039",25
"31274",-14778.439346197,"NRI_P039",50
"31275",-8242.90746619698,"NRI_P039",100
"31276",-23174.108696197,"NRI_P039",25
"31277",-9518.69483619696,"NRI_P039",50
"31278",-15548.118586197,"NRI_P039",100
"31279",10778.929143803,"NRI_P039",25
"31280",6306.68544380303,"NRI_P039",50
"31281",-3955.17294619698,"NRI_P039",100
"31282",-16831.329946197,"NRI_P039",25
"31283",2941.920373803,"NRI_P039",50
"31284",-5083.11226619699,"NRI_P039",100
"31285",-2765.188046197,"NRI_P039",25
"31286",3669.719793803,"NRI_P039",50
"31287",-16804.448586197,"NRI_P039",100
"31288",-9478.48771619698,"NRI_P039",25
"31289",-17794.328986197,"NRI_P039",50
"31290",13327.392763803,"NRI_P039",100
"31291",-12583.030046197,"NRI_P039",25
"31292",-14332.248496197,"NRI_P039",50
"31293",-20132.056596197,"NRI_P039",100
"31294",-17782.151626197,"NRI_P039",25
"31295",6677.14608380303,"NRI_P039",50
"31296",-26663.929046197,"NRI_P039",100
"31297",-4032.372786197,"NRI_P039",25
"31298",-29121.737666197,"NRI_P039",50
"31299",-13128.774476197,"NRI_P039",100
"31300",4244.54811380303,"NRI_P039",25
"31301",5890.75908380299,"NRI_P039",50
"31302",-31888.784766197,"NRI_P039",100
"31303",-439.794616197003,"NRI_P039",25
"31304",-21907.015796197,"NRI_P039",50
"31305",-1727.29007619701,"NRI_P039",100
"31306",3845.05193380301,"NRI_P039",25
"31307",-8407.04885619698,"NRI_P039",50
"31308",-2510.57426619699,"NRI_P039",100
"31309",-11909.610066197,"NRI_P039",25
"31310",-1796.70280619699,"NRI_P039",50
"31311",-23141.478996197,"NRI_P039",100
"31312",4476.38933380303,"NRI_P039",25
"31313",-15634.424546197,"NRI_P039",50
"31314",-9359.71870619699,"NRI_P039",100
"31315",-4412.18417619698,"NRI_P039",25
"31316",-2751.02291619696,"NRI_P039",50
"31317",-13300.290286197,"NRI_P039",100
"31318",-10897.998046197,"NRI_P039",25
"31319",-1789.42182619701,"NRI_P039",50
"31320",-23925.388336197,"NRI_P039",100
"31321",-8383.34732619696,"NRI_P039",25
"31322",-11112.668566197,"NRI_P039",50
"31323",-28772.807256197,"NRI_P039",100
"31324",-4051.228026197,"NRI_P039",25
"31325",-19079.291576197,"NRI_P039",50
"31326",-3717.69363619696,"NRI_P039",100
"31327",8557.02800380305,"NRI_P039",25
"31328",-10722.461776197,"NRI_P039",50
"31329",-9755.43206619698,"NRI_P039",100
"31330",-4228.47568619699,"NRI_P039",25
"31331",-12404.123056197,"NRI_P039",50
"31332",2888.74129380303,"NRI_P039",100
"31333",-15510.219126197,"NRI_P039",25
"31334",-24893.080346197,"NRI_P039",50
"31335",9150.65795380302,"NRI_P039",100
"31336",-2043.24004619697,"NRI_P039",25
"31337",-26607.510226197,"NRI_P039",50
"31338",-17071.899026197,"NRI_P039",100
"31339",3201.121043803,"NRI_P039",25
"31340",11311.052583803,"NRI_P039",50
"31341",-15479.492506197,"NRI_P039",100
"31342",-9075.78752619697,"NRI_P039",25
"31343",5007.10985380301,"NRI_P039",50
"31344",-25971.209786197,"NRI_P039",100
"31345",-2236.39182619698,"NRI_P039",25
"31346",-15799.190356197,"NRI_P039",50
"31347",-7076.98815619701,"NRI_P039",100
"31348",4566.30196380301,"NRI_P039",25
"31349",-18838.351236197,"NRI_P039",50
"31350",-2498.92595619697,"NRI_P039",100
"31351",-25140.627826197,"NRI_P039",25
"31352",-4632.157836197,"NRI_P039",50
"31353",-6155.83477619698,"NRI_P039",100
"31354",-15381.627606197,"NRI_P039",25
"31355",-5329.628956197,"NRI_P039",50
"31356",-22509.896376197,"NRI_P039",100
"31357",5391.243223803,"NRI_P039",25
"31358",-21836.199666197,"NRI_P039",50
"31359",-23484.561006197,"NRI_P039",100
"31360",-10.5438761969563,"NRI_P039",25
"31361",-29457.117296197,"NRI_P039",50
"31362",-27055.988566197,"NRI_P039",100
"31363",-7896.63653619698,"NRI_P039",25
"31364",2651.362903803,"NRI_P039",50
"31365",-10818.424656197,"NRI_P039",100
"31366",-9148.68743619701,"NRI_P039",25
"31367",-3448.655596197,"NRI_P039",50
"31368",-30768.073196197,"NRI_P039",100
"31369",-17363.232516197,"NRI_P039",25
"31370",14060.883823803,"NRI_P039",50
"31371",-23263.802086197,"NRI_P039",100
"31372",-1655.04879619699,"NRI_P039",25
"31373",2265.52532380301,"NRI_P039",50
"31374",-18248.928956197,"NRI_P039",100
"31375",-11023.704426197,"NRI_P039",25
"31376",-16741.159876197,"NRI_P039",50
"31377",-15463.494436197,"NRI_P039",100
"31378",-2814.694666197,"NRI_P039",25
"31379",4777.34261380299,"NRI_P039",50
"31380",-10932.944686197,"NRI_P039",100
"31381",-9804.97375619697,"NRI_P039",25
"31382",10916.175573803,"NRI_P039",50
"31383",-8851.33768619696,"NRI_P039",100
"31384",-3627.58230619697,"NRI_P039",25
"31385",-10016.983336197,"NRI_P039",50
"31386",-12378.065076197,"NRI_P039",100
"31387",2791.07371380302,"NRI_P039",25
"31388",-3519.56504619698,"NRI_P039",50
"31389",-12521.042686197,"NRI_P039",100
"31390",-5199.43310619699,"NRI_P039",25
"31391",-16944.273646197,"NRI_P039",50
"31392",-36797.234806197,"NRI_P039",100
"31393",1406.407003803,"NRI_P039",25
"31394",16111.988133803,"NRI_P039",50
"31395",-14566.985486197,"NRI_P039",100
"31396",-16655.606156197,"NRI_P039",25
"31397",-4743.18993619696,"NRI_P039",50
"31398",-7810.56350619701,"NRI_P039",100
"31399",5510.12862380303,"NRI_P039",25
"31400",2483.40676380304,"NRI_P039",50
"31401",-35294.174806197,"NRI_P039",100
"31402",7807.66403380304,"NRI_P039",25
"31403",-9927.10858619696,"NRI_P039",50
"31404",-20916.076556197,"NRI_P039",100
"31405",-2033.97134619701,"NRI_P039",25
"31406",-21437.720806197,"NRI_P039",50
"31407",2649.484493803,"NRI_P039",100
"31408",-19235.327336197,"NRI_P039",25
"31409",4726.15530380304,"NRI_P039",50
"31410",-9826.90479619696,"NRI_P039",100
"31411",-14338.705246197,"NRI_P039",25
"31412",-3192.134306197,"NRI_P039",50
"31413",-23147.107626197,"NRI_P039",100
"31414",10101.970013803,"NRI_P039",25
"31415",2001.45517380303,"NRI_P039",50
"31416",-12839.543646197,"NRI_P039",100
"31417",3206.54136380303,"NRI_P039",25
"31418",-22427.996906197,"NRI_P039",50
"31419",-5634.694536197,"NRI_P039",100
"31420",4422.69768380304,"NRI_P039",25
"31421",-1720.92985619698,"NRI_P039",50
"31422",7764.456263803,"NRI_P039",100
"31423",12400.790733803,"NRI_P039",25
"31424",-3720.97629619698,"NRI_P039",50
"31425",-10103.789496197,"NRI_P039",100
"31426",-2942.30924619699,"NRI_P039",25
"31427",7626.09757380304,"NRI_P039",50
"31428",7463.93700380303,"NRI_P039",100
"31429",-15.006586197007,"NRI_P039",25
"31430",6833.06712380302,"NRI_P039",50
"31431",-10137.694436197,"NRI_P039",100
"31432",-15760.092266197,"NRI_P039",25
"31433",3271.59720380302,"NRI_P039",50
"31434",-4453.59463619697,"NRI_P039",100
"31435",-1343.46555619698,"NRI_P039",25
"31436",-18205.919766197,"NRI_P039",50
"31437",-7254.68299619696,"NRI_P039",100
"31438",-7897.632006197,"NRI_P039",25
"31439",-22174.998156197,"NRI_P039",50
"31440",-19513.283186197,"NRI_P039",100
"31441",12949.858443803,"NRI_P039",25
"31442",-13192.441666197,"NRI_P039",50
"31443",-23504.370956197,"NRI_P039",100
"31444",5432.91098380304,"NRI_P039",25
"31445",9543.34287380299,"NRI_P039",50
"31446",285.996783803042,"NRI_P039",100
"31447",812.537323803001,"NRI_P039",25
"31448",1700.51143380301,"NRI_P039",50
"31449",-16261.134136197,"NRI_P039",100
"31450",768.139563803037,"NRI_P039",25
"31451",-9391.02946619701,"NRI_P039",50
"31452",-11840.774346197,"NRI_P039",100
"31453",-2023.69137619698,"NRI_P039",25
"31454",-9021.88085619698,"NRI_P039",50
"31455",14929.125893803,"NRI_P039",100
"31456",16765.214093803,"NRI_P039",25
"31457",-6977.82063619699,"NRI_P039",50
"31458",-6034.39970619697,"NRI_P039",100
"31459",5218.50665380299,"NRI_P039",25
"31460",12786.226253803,"NRI_P039",50
"31461",5095.02699380304,"NRI_P039",100
"31462",-2854.89496619697,"NRI_P039",25
"31463",2442.73922380304,"NRI_P039",50
"31464",-4696.16093619697,"NRI_P039",100
"31465",-2585.611136197,"NRI_P039",25
"31466",-8634.96318619698,"NRI_P039",50
"31467",17116.182073803,"NRI_P039",100
"31468",-1976.28587619698,"NRI_P039",25
"31469",-4187.98536619701,"NRI_P039",50
"31470",5329.20404380304,"NRI_P039",100
"31471",-24147.200306197,"NRI_P039",25
"31472",-16964.798576197,"NRI_P039",50
"31473",1518.41539380304,"NRI_P039",100
"31474",9184.69748380303,"NRI_P039",25
"31475",7285.506103803,"NRI_P039",50
"31476",-17036.649586197,"NRI_P039",100
"31477",-5269.70531619701,"NRI_P039",25
"31478",9784.01011380303,"NRI_P039",50
"31479",-11312.761486197,"NRI_P039",100
"31480",5797.42698380305,"NRI_P039",25
"31481",-22965.840336197,"NRI_P039",50
"31482",-8699.55408619699,"NRI_P039",100
"31483",4622.94900380302,"NRI_P039",25
"31484",-10770.393186197,"NRI_P039",50
"31485",-0.583516196988057,"NRI_P039",100
"31486",-6991.46832619701,"NRI_P039",25
"31487",2379.36031380302,"NRI_P039",50
"31488",-25648.522556197,"NRI_P039",100
"31489",3970.44796380302,"NRI_P039",25
"31490",-8426.461476197,"NRI_P039",50
"31491",-17286.367896197,"NRI_P039",100
"31492",4042.53035380301,"NRI_P039",25
"31493",-13596.403526197,"NRI_P039",50
"31494",-27002.390006197,"NRI_P039",100
"31495",-8295.77226619696,"NRI_P039",25
"31496",27023.094863803,"NRI_P039",50
"31497",-1959.470366197,"NRI_P039",100
"31498",-4677.157736197,"NRI_P039",25
"31499",-3245.01134619699,"NRI_P039",50
"31500",7119.64253380301,"NRI_P039",100
"31501",3464.81308384798,"NRI_P040",25
"31502",5354.83094384795,"NRI_P040",50
"31503",2181.29077384796,"NRI_P040",100
"31504",1040.85867384798,"NRI_P040",25
"31505",-6600.71806615201,"NRI_P040",50
"31506",-95.1459961520159,"NRI_P040",100
"31507",3971.11604384799,"NRI_P040",25
"31508",10328.234163848,"NRI_P040",50
"31509",13512.9081738479,"NRI_P040",100
"31510",-234.555666152039,"NRI_P040",25
"31511",5057.36759384797,"NRI_P040",50
"31512",17351.591083848,"NRI_P040",100
"31513",342.898593847989,"NRI_P040",25
"31514",1626.91801384796,"NRI_P040",50
"31515",2223.27085384796,"NRI_P040",100
"31516",3250.06206384796,"NRI_P040",25
"31517",17053.229393848,"NRI_P040",50
"31518",14258.957033848,"NRI_P040",100
"31519",-5495.67954615201,"NRI_P040",25
"31520",2420.47513384797,"NRI_P040",50
"31521",13849.357693848,"NRI_P040",100
"31522",-636.921776152041,"NRI_P040",25
"31523",8214.58741384797,"NRI_P040",50
"31524",13261.099093848,"NRI_P040",100
"31525",924.299333847943,"NRI_P040",25
"31526",-2188.81285615201,"NRI_P040",50
"31527",1580.69193384796,"NRI_P040",100
"31528",759.105843847967,"NRI_P040",25
"31529",-3043.47295615205,"NRI_P040",50
"31530",21182.098383848,"NRI_P040",100
"31531",4253.20893384796,"NRI_P040",25
"31532",8859.24695384799,"NRI_P040",50
"31533",12254.279403848,"NRI_P040",100
"31534",12048.2113638479,"NRI_P040",25
"31535",-2092.38101615204,"NRI_P040",50
"31536",5498.69722384796,"NRI_P040",100
"31537",6194.514933848,"NRI_P040",25
"31538",-1302.27088615205,"NRI_P040",50
"31539",-5921.241686152,"NRI_P040",100
"31540",-1551.326966152,"NRI_P040",25
"31541",695.687593847979,"NRI_P040",50
"31542",4422.11852384795,"NRI_P040",100
"31543",-1703.43531615206,"NRI_P040",25
"31544",5886.58263384795,"NRI_P040",50
"31545",9112.61580384796,"NRI_P040",100
"31546",11055.938293848,"NRI_P040",25
"31547",-901.951746152015,"NRI_P040",50
"31548",10498.391823848,"NRI_P040",100
"31549",5172.87620384799,"NRI_P040",25
"31550",698.438093847944,"NRI_P040",50
"31551",5802.73388384795,"NRI_P040",100
"31552",-3875.20515615202,"NRI_P040",25
"31553",-860.362426152045,"NRI_P040",50
"31554",5432.06641384796,"NRI_P040",100
"31555",228.739663847955,"NRI_P040",25
"31556",96.3887338479981,"NRI_P040",50
"31557",10551.509373848,"NRI_P040",100
"31558",8337.24629384797,"NRI_P040",25
"31559",7136.83744384797,"NRI_P040",50
"31560",10343.952453848,"NRI_P040",100
"31561",3675.93926384795,"NRI_P040",25
"31562",-775.487786152051,"NRI_P040",50
"31563",16122.881313848,"NRI_P040",100
"31564",-4982.753726152,"NRI_P040",25
"31565",8461.54655384796,"NRI_P040",50
"31566",-321.060386152007,"NRI_P040",100
"31567",8270.82284384797,"NRI_P040",25
"31568",6256.99949384795,"NRI_P040",50
"31569",7549.87524384796,"NRI_P040",100
"31570",-16.701466152037,"NRI_P040",25
"31571",6470.34595384798,"NRI_P040",50
"31572",-1688.65214615205,"NRI_P040",100
"31573",10755.788663848,"NRI_P040",25
"31574",2248.10847384797,"NRI_P040",50
"31575",1831.37485384796,"NRI_P040",100
"31576",3170.28799384797,"NRI_P040",25
"31577",-9442.465726152,"NRI_P040",50
"31578",9111.60732384794,"NRI_P040",100
"31579",908.30477384798,"NRI_P040",25
"31580",8676.27450384799,"NRI_P040",50
"31581",5039.76822384796,"NRI_P040",100
"31582",4163.073863848,"NRI_P040",25
"31583",10616.530263848,"NRI_P040",50
"31584",5700.88618384796,"NRI_P040",100
"31585",1856.23434384796,"NRI_P040",25
"31586",9525.28131384798,"NRI_P040",50
"31587",2454.27595384797,"NRI_P040",100
"31588",9603.25107384799,"NRI_P040",25
"31589",222.74902384798,"NRI_P040",50
"31590",8891.35795384797,"NRI_P040",100
"31591",6972.25167384796,"NRI_P040",25
"31592",-119.260716152028,"NRI_P040",50
"31593",11007.590053848,"NRI_P040",100
"31594",-651.070256152016,"NRI_P040",25
"31595",10293.438103848,"NRI_P040",50
"31596",5985.71822384797,"NRI_P040",100
"31597",6056.56369384797,"NRI_P040",25
"31598",19749.190603848,"NRI_P040",50
"31599",1938.55846384796,"NRI_P040",100
"31600",1895.11703384796,"NRI_P040",25
"31601",6627.28327384795,"NRI_P040",50
"31602",33250.952453848,"NRI_P040",100
"31603",15276.219233848,"NRI_P040",25
"31604",6245.48312384798,"NRI_P040",50
"31605",5668.38388384797,"NRI_P040",100
"31606",10474.0576438479,"NRI_P040",25
"31607",-11030.004456152,"NRI_P040",50
"31608",1979.44896384794,"NRI_P040",100
"31609",809.620953847945,"NRI_P040",25
"31610",11046.138403848,"NRI_P040",50
"31611",9456.32536384795,"NRI_P040",100
"31612",-3211.52013615204,"NRI_P040",25
"31613",-6486.30929615203,"NRI_P040",50
"31614",2954.21231384797,"NRI_P040",100
"31615",3861.84609384794,"NRI_P040",25
"31616",9345.26466384798,"NRI_P040",50
"31617",-698.787946152035,"NRI_P040",100
"31618",-960.030856152007,"NRI_P040",25
"31619",-375.251616152003,"NRI_P040",50
"31620",1294.01750384795,"NRI_P040",100
"31621",1404.20008384797,"NRI_P040",25
"31622",6549.19826384797,"NRI_P040",50
"31623",5075.02014384797,"NRI_P040",100
"31624",7282.45440384798,"NRI_P040",25
"31625",14405.809053848,"NRI_P040",50
"31626",7554.68031384796,"NRI_P040",100
"31627",-483.819846152037,"NRI_P040",25
"31628",19680.0783138479,"NRI_P040",50
"31629",22104.499643848,"NRI_P040",100
"31630",-2142.29216615204,"NRI_P040",25
"31631",3831.44502384798,"NRI_P040",50
"31632",6458.82630384795,"NRI_P040",100
"31633",196.116543847951,"NRI_P040",25
"31634",5287.28352384799,"NRI_P040",50
"31635",8437.57655384799,"NRI_P040",100
"31636",926.864623847941,"NRI_P040",25
"31637",5925.57575384795,"NRI_P040",50
"31638",-661.173836152011,"NRI_P040",100
"31639",2464.91292384797,"NRI_P040",25
"31640",16507.6714438479,"NRI_P040",50
"31641",25471.158003848,"NRI_P040",100
"31642",-792.619886152039,"NRI_P040",25
"31643",7581.89441384794,"NRI_P040",50
"31644",431.575503847969,"NRI_P040",100
"31645",-4265.13209615205,"NRI_P040",25
"31646",3010.78532384796,"NRI_P040",50
"31647",7100.53832384798,"NRI_P040",100
"31648",4191.91330384795,"NRI_P040",25
"31649",8941.56206384796,"NRI_P040",50
"31650",9669.56717384799,"NRI_P040",100
"31651",4647.85936384799,"NRI_P040",25
"31652",-10913.686276152,"NRI_P040",50
"31653",16859.3028738479,"NRI_P040",100
"31654",8401.65541384794,"NRI_P040",25
"31655",8479.10420384799,"NRI_P040",50
"31656",-2052.33568615204,"NRI_P040",100
"31657",-2534.63531615201,"NRI_P040",25
"31658",3150.01326384797,"NRI_P040",50
"31659",-1010.618536152,"NRI_P040",100
"31660",2898.72981384798,"NRI_P040",25
"31661",-2702.68225615204,"NRI_P040",50
"31662",2972.89046384796,"NRI_P040",100
"31663",2316.12362384796,"NRI_P040",25
"31664",8503.10076384799,"NRI_P040",50
"31665",3862.39284384798,"NRI_P040",100
"31666",-4538.84603615204,"NRI_P040",25
"31667",3039.20475384797,"NRI_P040",50
"31668",4476.26788384799,"NRI_P040",100
"31669",1499.10810384795,"NRI_P040",25
"31670",4640.78782384796,"NRI_P040",50
"31671",8198.23413384799,"NRI_P040",100
"31672",-2450.06378615205,"NRI_P040",25
"31673",-1389.869346152,"NRI_P040",50
"31674",2945.10925384797,"NRI_P040",100
"31675",5919.73149384797,"NRI_P040",25
"31676",-5485.59705615201,"NRI_P040",50
"31677",12986.970973848,"NRI_P040",100
"31678",-7209.76165615203,"NRI_P040",25
"31679",1618.36301384796,"NRI_P040",50
"31680",20270.503623848,"NRI_P040",100
"31681",-6156.16762615205,"NRI_P040",25
"31682",2857.12056384794,"NRI_P040",50
"31683",2629.59208384797,"NRI_P040",100
"31684",2944.83349384798,"NRI_P040",25
"31685",7000.05138384795,"NRI_P040",50
"31686",-2417.14191615203,"NRI_P040",100
"31687",621.730063847965,"NRI_P040",25
"31688",4866.75339384796,"NRI_P040",50
"31689",15605.886123848,"NRI_P040",100
"31690",4543.82971384795,"NRI_P040",25
"31691",5996.72484384797,"NRI_P040",50
"31692",-6132.27697615203,"NRI_P040",100
"31693",5808.22595384798,"NRI_P040",25
"31694",-448.49938615202,"NRI_P040",50
"31695",13958.049443848,"NRI_P040",100
"31696",-1112.54580615205,"NRI_P040",25
"31697",11373.552783848,"NRI_P040",50
"31698",5962.39146384795,"NRI_P040",100
"31699",-5115.806976152,"NRI_P040",25
"31700",3182.90375384799,"NRI_P040",50
"31701",20123.7943038479,"NRI_P040",100
"31702",6429.46930384799,"NRI_P040",25
"31703",10991.368103848,"NRI_P040",50
"31704",18677.123343848,"NRI_P040",100
"31705",1113.382243848,"NRI_P040",25
"31706",9135.888213848,"NRI_P040",50
"31707",-738.884546152025,"NRI_P040",100
"31708",117.208263847977,"NRI_P040",25
"31709",-2434.255446152,"NRI_P040",50
"31710",-693.270086152013,"NRI_P040",100
"31711",-2875.03539615206,"NRI_P040",25
"31712",8440.49863384798,"NRI_P040",50
"31713",9793.09499384795,"NRI_P040",100
"31714",-2272.23065615201,"NRI_P040",25
"31715",-720.184946152032,"NRI_P040",50
"31716",-5763.99079615204,"NRI_P040",100
"31717",394.984563847946,"NRI_P040",25
"31718",3576.85451384797,"NRI_P040",50
"31719",11265.610703848,"NRI_P040",100
"31720",11031.651763848,"NRI_P040",25
"31721",-862.079126152035,"NRI_P040",50
"31722",-5530.34831615206,"NRI_P040",100
"31723",-1782.10341615201,"NRI_P040",25
"31724",6932.81397384795,"NRI_P040",50
"31725",-7473.99571615201,"NRI_P040",100
"31726",-1429.184216152,"NRI_P040",25
"31727",10387.0991138479,"NRI_P040",50
"31728",-3633.59657615202,"NRI_P040",100
"31729",-1418.32004615205,"NRI_P040",25
"31730",2861.57748384797,"NRI_P040",50
"31731",41108.954003848,"NRI_P040",100
"31732",-1577.70388615201,"NRI_P040",25
"31733",12100.2459238479,"NRI_P040",50
"31734",11704.730553848,"NRI_P040",100
"31735",-295.550336152024,"NRI_P040",25
"31736",9950.09421384794,"NRI_P040",50
"31737",-4786.58831615205,"NRI_P040",100
"31738",7044.72033384797,"NRI_P040",25
"31739",-471.106586152047,"NRI_P040",50
"31740",16756.859493848,"NRI_P040",100
"31741",9591.78146384796,"NRI_P040",25
"31742",-364.878316152026,"NRI_P040",50
"31743",-5423.36180615204,"NRI_P040",100
"31744",-4450.93819615204,"NRI_P040",25
"31745",-1457.76554615202,"NRI_P040",50
"31746",5138.40717384795,"NRI_P040",100
"31747",1261.18427384796,"NRI_P040",25
"31748",10791.264203848,"NRI_P040",50
"31749",11530.061293848,"NRI_P040",100
"31750",3644.626563848,"NRI_P040",25
"31751",-295.616996152035,"NRI_P040",50
"31752",-1941.01037615206,"NRI_P040",100
"31753",-3288.00506615202,"NRI_P040",25
"31754",5852.30516384798,"NRI_P040",50
"31755",2233.39771384798,"NRI_P040",100
"31756",-1878.41507615201,"NRI_P040",25
"31757",16716.122503848,"NRI_P040",50
"31758",12791.178283848,"NRI_P040",100
"31759",-441.695996152004,"NRI_P040",25
"31760",3006.75547384797,"NRI_P040",50
"31761",8476.03755384794,"NRI_P040",100
"31762",1073.85956384795,"NRI_P040",25
"31763",-1928.31259615201,"NRI_P040",50
"31764",1635.69905384799,"NRI_P040",100
"31765",5108.22825384798,"NRI_P040",25
"31766",2965.38646384794,"NRI_P040",50
"31767",-2416.61164615204,"NRI_P040",100
"31768",2444.45538384799,"NRI_P040",25
"31769",6959.496663848,"NRI_P040",50
"31770",-8151.00459615205,"NRI_P040",100
"31771",4098.19155384798,"NRI_P040",25
"31772",-241.969156152045,"NRI_P040",50
"31773",3925.44082384795,"NRI_P040",100
"31774",5470.14858384797,"NRI_P040",25
"31775",231.734263847989,"NRI_P040",50
"31776",6618.56921384798,"NRI_P040",100
"31777",1108.599823848,"NRI_P040",25
"31778",5166.603523848,"NRI_P040",50
"31779",4642.34191384795,"NRI_P040",100
"31780",-7945.00619615201,"NRI_P040",25
"31781",1343.07118384796,"NRI_P040",50
"31782",6938.710903848,"NRI_P040",100
"31783",5778.61476384796,"NRI_P040",25
"31784",5695.69246384798,"NRI_P040",50
"31785",6006.09529384796,"NRI_P040",100
"31786",5198.86640384799,"NRI_P040",25
"31787",-929.736166152055,"NRI_P040",50
"31788",5801.86484384799,"NRI_P040",100
"31789",-3278.35509615205,"NRI_P040",25
"31790",12665.666943848,"NRI_P040",50
"31791",7219.62744384794,"NRI_P040",100
"31792",6303.99574384798,"NRI_P040",25
"31793",5818.34566384798,"NRI_P040",50
"31794",81.4680738479947,"NRI_P040",100
"31795",5963.93508384796,"NRI_P040",25
"31796",10005.078593848,"NRI_P040",50
"31797",1099.78478384798,"NRI_P040",100
"31798",585.55047384795,"NRI_P040",25
"31799",-48.0824861520086,"NRI_P040",50
"31800",-1846.38249615201,"NRI_P040",100
"31801",3488.77235053998,"NRI_P041",25
"31802",7769.88227053999,"NRI_P041",50
"31803",-41781.57860946,"NRI_P041",100
"31804",-1960.39965946,"NRI_P041",25
"31805",23356.15850054,"NRI_P041",50
"31806",-4037.91491946002,"NRI_P041",100
"31807",41147.99472054,"NRI_P041",25
"31808",6653.45017053996,"NRI_P041",50
"31809",-43359.54524946,"NRI_P041",100
"31810",-7023.51585946005,"NRI_P041",25
"31811",-1389.68713946,"NRI_P041",50
"31812",-30964.53356946,"NRI_P041",100
"31813",-3165.29001946002,"NRI_P041",25
"31814",-27068.86403946,"NRI_P041",50
"31815",-9858.78585946001,"NRI_P041",100
"31816",-11899.58678946,"NRI_P041",25
"31817",-21316.12063946,"NRI_P041",50
"31818",-32709.84055946,"NRI_P041",100
"31819",-3881.17724946002,"NRI_P041",25
"31820",-26821.64659946,"NRI_P041",50
"31821",-12393.39208946,"NRI_P041",100
"31822",14290.77684054,"NRI_P041",25
"31823",56890.3530205399,"NRI_P041",50
"31824",-48446.61707946,"NRI_P041",100
"31825",-39432.72379946,"NRI_P041",25
"31826",-30106.58002946,"NRI_P041",50
"31827",-25578.16242946,"NRI_P041",100
"31828",11474.47271054,"NRI_P041",25
"31829",-6526.05738946004,"NRI_P041",50
"31830",-29041.59553946,"NRI_P041",100
"31831",-8267.45185946004,"NRI_P041",25
"31832",-11779.73497946,"NRI_P041",50
"31833",-24932.19293946,"NRI_P041",100
"31834",2756.63944053999,"NRI_P041",25
"31835",-551.119449460006,"NRI_P041",50
"31836",-35496.13134946,"NRI_P041",100
"31837",4351.93327053997,"NRI_P041",25
"31838",3907.88985053997,"NRI_P041",50
"31839",11207.62712054,"NRI_P041",100
"31840",2098.16163053998,"NRI_P041",25
"31841",1016.23282053997,"NRI_P041",50
"31842",-18346.09696946,"NRI_P041",100
"31843",3180.74180053995,"NRI_P041",25
"31844",12978.90452054,"NRI_P041",50
"31845",-39765.27921946,"NRI_P041",100
"31846",14389.85493054,"NRI_P041",25
"31847",-43210.97349946,"NRI_P041",50
"31848",-27812.99649946,"NRI_P041",100
"31849",7778.28264053998,"NRI_P041",25
"31850",-30156.46826946,"NRI_P041",50
"31851",-32474.43893946,"NRI_P041",100
"31852",6231.24688053998,"NRI_P041",25
"31853",16022.0003305399,"NRI_P041",50
"31854",-21952.02214946,"NRI_P041",100
"31855",-4254.82415946003,"NRI_P041",25
"31856",-31506.0637894601,"NRI_P041",50
"31857",-30273.27855946,"NRI_P041",100
"31858",25860.97623054,"NRI_P041",25
"31859",-48609.9283094601,"NRI_P041",50
"31860",-1796.92432946002,"NRI_P041",100
"31861",-30177.53554946,"NRI_P041",25
"31862",12564.69343054,"NRI_P041",50
"31863",-40895.26308946,"NRI_P041",100
"31864",-12443.34536946,"NRI_P041",25
"31865",-40525.65909946,"NRI_P041",50
"31866",-42026.37768946,"NRI_P041",100
"31867",8205.38719053997,"NRI_P041",25
"31868",-12161.82382946,"NRI_P041",50
"31869",-52375.07649946,"NRI_P041",100
"31870",10350.97229054,"NRI_P041",25
"31871",5935.95318053995,"NRI_P041",50
"31872",-32760.60651946,"NRI_P041",100
"31873",1308.68505053996,"NRI_P041",25
"31874",-10652.31335946,"NRI_P041",50
"31875",-46148.61033946,"NRI_P041",100
"31876",-30941.67166946,"NRI_P041",25
"31877",1169.24909053999,"NRI_P041",50
"31878",-18181.57431946,"NRI_P041",100
"31879",12156.53124054,"NRI_P041",25
"31880",-31099.87405946,"NRI_P041",50
"31881",-47079.9468694601,"NRI_P041",100
"31882",-26796.89797946,"NRI_P041",25
"31883",-39665.29705946,"NRI_P041",50
"31884",-31775.41046946,"NRI_P041",100
"31885",-24963.16683946,"NRI_P041",25
"31886",3983.76780053996,"NRI_P041",50
"31887",-46566.30210946,"NRI_P041",100
"31888",-12895.62575946,"NRI_P041",25
"31889",21463.15012054,"NRI_P041",50
"31890",-35939.07987946,"NRI_P041",100
"31891",-13706.67746946,"NRI_P041",25
"31892",-843.983699460048,"NRI_P041",50
"31893",-47874.3156394601,"NRI_P041",100
"31894",-7566.15182946005,"NRI_P041",25
"31895",39725.75482054,"NRI_P041",50
"31896",-3444.66639946005,"NRI_P041",100
"31897",-16491.81168946,"NRI_P041",25
"31898",-24642.51767946,"NRI_P041",50
"31899",-19981.48885946,"NRI_P041",100
"31900",-32515.18288946,"NRI_P041",25
"31901",-6827.45771946001,"NRI_P041",50
"31902",-1954.42367946001,"NRI_P041",100
"31903",-28852.18431946,"NRI_P041",25
"31904",56.3536605399568,"NRI_P041",50
"31905",-17671.59284946,"NRI_P041",100
"31906",-1100.26171946002,"NRI_P041",25
"31907",-8075.62153946003,"NRI_P041",50
"31908",1846.37980053999,"NRI_P041",100
"31909",-47353.87403946,"NRI_P041",25
"31910",23778.82532054,"NRI_P041",50
"31911",-14501.74510946,"NRI_P041",100
"31912",-5532.16130946,"NRI_P041",25
"31913",3050.08408053999,"NRI_P041",50
"31914",-8986.24606946,"NRI_P041",100
"31915",-8432.81061946001,"NRI_P041",25
"31916",-18906.17169946,"NRI_P041",50
"31917",-33505.7990894601,"NRI_P041",100
"31918",-7245.40034946002,"NRI_P041",25
"31919",13671.17958054,"NRI_P041",50
"31920",2498.80175053998,"NRI_P041",100
"31921",14319.29465054,"NRI_P041",25
"31922",-42534.77827946,"NRI_P041",50
"31923",-41932.34916946,"NRI_P041",100
"31924",2042.93271053996,"NRI_P041",25
"31925",31701.83504054,"NRI_P041",50
"31926",-44838.26909946,"NRI_P041",100
"31927",4767.27271053998,"NRI_P041",25
"31928",-26059.89993946,"NRI_P041",50
"31929",-28966.78879946,"NRI_P041",100
"31930",-10626.99167946,"NRI_P041",25
"31931",-46988.55753946,"NRI_P041",50
"31932",-29661.88503946,"NRI_P041",100
"31933",-32240.18543946,"NRI_P041",25
"31934",-38515.6923594601,"NRI_P041",50
"31935",-35531.01370946,"NRI_P041",100
"31936",-3313.98494946002,"NRI_P041",25
"31937",-7282.51202946005,"NRI_P041",50
"31938",-21740.13873946,"NRI_P041",100
"31939",18541.60564054,"NRI_P041",25
"31940",-12229.87939946,"NRI_P041",50
"31941",-20881.82157946,"NRI_P041",100
"31942",-1492.87352946005,"NRI_P041",25
"31943",-35404.57049946,"NRI_P041",50
"31944",-33499.18752946,"NRI_P041",100
"31945",-29673.83545946,"NRI_P041",25
"31946",15235.72805054,"NRI_P041",50
"31947",-25612.88661946,"NRI_P041",100
"31948",-7712.57280946005,"NRI_P041",25
"31949",-26062.27342946,"NRI_P041",50
"31950",-32266.6276194601,"NRI_P041",100
"31951",2166.15282053995,"NRI_P041",25
"31952",1582.94116053998,"NRI_P041",50
"31953",-40774.34085946,"NRI_P041",100
"31954",16850.73626054,"NRI_P041",25
"31955",-2453.95975946001,"NRI_P041",50
"31956",-25599.40932946,"NRI_P041",100
"31957",-16959.12367946,"NRI_P041",25
"31958",-26947.08597946,"NRI_P041",50
"31959",16637.57695054,"NRI_P041",100
"31960",-7498.43665946001,"NRI_P041",25
"31961",9341.10141054,"NRI_P041",50
"31962",-41596.74206946,"NRI_P041",100
"31963",-33745.86644946,"NRI_P041",25
"31964",-4403.24022946,"NRI_P041",50
"31965",-33547.54416946,"NRI_P041",100
"31966",9172.63822053996,"NRI_P041",25
"31967",-17731.94267946,"NRI_P041",50
"31968",-30242.04442946,"NRI_P041",100
"31969",184.752180539945,"NRI_P041",25
"31970",-9498.13859946001,"NRI_P041",50
"31971",-36508.87453946,"NRI_P041",100
"31972",-23856.93418946,"NRI_P041",25
"31973",-9662.67400946002,"NRI_P041",50
"31974",-9279.98410946003,"NRI_P041",100
"31975",-17511.77346946,"NRI_P041",25
"31976",-28253.91025946,"NRI_P041",50
"31977",-8638.18303946004,"NRI_P041",100
"31978",2782.45324054,"NRI_P041",25
"31979",-4730.15081946005,"NRI_P041",50
"31980",-33155.98214946,"NRI_P041",100
"31981",7498.42249053996,"NRI_P041",25
"31982",-40374.86115946,"NRI_P041",50
"31983",-24438.56169946,"NRI_P041",100
"31984",-6929.16035946005,"NRI_P041",25
"31985",-17135.99478946,"NRI_P041",50
"31986",-17785.76574946,"NRI_P041",100
"31987",3366.18884053995,"NRI_P041",25
"31988",-12110.33092946,"NRI_P041",50
"31989",-58176.3570794601,"NRI_P041",100
"31990",-43309.68896946,"NRI_P041",25
"31991",-38563.61480946,"NRI_P041",50
"31992",-38942.14532946,"NRI_P041",100
"31993",6766.79823053995,"NRI_P041",25
"31994",-31090.94187946,"NRI_P041",50
"31995",-34942.69335946,"NRI_P041",100
"31996",-21224.24345946,"NRI_P041",25
"31997",-23449.16235946,"NRI_P041",50
"31998",5628.35964053997,"NRI_P041",100
"31999",-652.736359460047,"NRI_P041",25
"32000",-33398.58648946,"NRI_P041",50
"32001",-20293.77495946,"NRI_P041",100
"32002",4189.92420054,"NRI_P041",25
"32003",-36698.7716694601,"NRI_P041",50
"32004",-13935.01501946,"NRI_P041",100
"32005",12929.7294005399,"NRI_P041",25
"32006",14646.0109105399,"NRI_P041",50
"32007",-53229.27102946,"NRI_P041",100
"32008",1010.05294053996,"NRI_P041",25
"32009",-563.404349460034,"NRI_P041",50
"32010",-52714.79806946,"NRI_P041",100
"32011",-1183.27362946002,"NRI_P041",25
"32012",5976.83835053997,"NRI_P041",50
"32013",-32730.27074946,"NRI_P041",100
"32014",-1997.16825946001,"NRI_P041",25
"32015",-5659.27025946003,"NRI_P041",50
"32016",-22432.93011946,"NRI_P041",100
"32017",-677.97183946002,"NRI_P041",25
"32018",-39436.98691946,"NRI_P041",50
"32019",-20568.20752946,"NRI_P041",100
"32020",-31368.04175946,"NRI_P041",25
"32021",-36175.84494946,"NRI_P041",50
"32022",-6927.57384946005,"NRI_P041",100
"32023",-34572.86050946,"NRI_P041",25
"32024",-12389.2167294601,"NRI_P041",50
"32025",-41092.15866946,"NRI_P041",100
"32026",13478.3664405399,"NRI_P041",25
"32027",3193.45080053998,"NRI_P041",50
"32028",-34356.74845946,"NRI_P041",100
"32029",-4309.29314946005,"NRI_P041",25
"32030",-4385.47377946001,"NRI_P041",50
"32031",-51666.91635946,"NRI_P041",100
"32032",3450.15194053994,"NRI_P041",25
"32033",-4179.64408946002,"NRI_P041",50
"32034",9012.51759054,"NRI_P041",100
"32035",-20507.20394946,"NRI_P041",25
"32036",-10865.06490946,"NRI_P041",50
"32037",-44438.39414946,"NRI_P041",100
"32038",178.340430539974,"NRI_P041",25
"32039",-33317.22445946,"NRI_P041",50
"32040",5289.51312053995,"NRI_P041",100
"32041",-6638.93229946005,"NRI_P041",25
"32042",-22990.15068946,"NRI_P041",50
"32043",-39699.57881946,"NRI_P041",100
"32044",-28387.36135946,"NRI_P041",25
"32045",-38495.59797946,"NRI_P041",50
"32046",-38340.44654946,"NRI_P041",100
"32047",626.141140539956,"NRI_P041",25
"32048",7624.60218053998,"NRI_P041",50
"32049",-21231.41427946,"NRI_P041",100
"32050",8931.72755053994,"NRI_P041",25
"32051",-1617.61860946001,"NRI_P041",50
"32052",3950.75224053999,"NRI_P041",100
"32053",1136.36948053999,"NRI_P041",25
"32054",-24524.48784946,"NRI_P041",50
"32055",-8335.26413946005,"NRI_P041",100
"32056",-5137.12900946004,"NRI_P041",25
"32057",-14892.69969946,"NRI_P041",50
"32058",-47503.11772946,"NRI_P041",100
"32059",-31990.80819946,"NRI_P041",25
"32060",-35015.66843946,"NRI_P041",50
"32061",-33877.91224946,"NRI_P041",100
"32062",26100.72479054,"NRI_P041",25
"32063",9407.59003053996,"NRI_P041",50
"32064",-18170.79785946,"NRI_P041",100
"32065",237.80689054,"NRI_P041",25
"32066",-5108.13186946005,"NRI_P041",50
"32067",-5279.47579946002,"NRI_P041",100
"32068",-91.8137994600111,"NRI_P041",25
"32069",1003.58156053995,"NRI_P041",50
"32070",-33706.92630946,"NRI_P041",100
"32071",-2085.25505946,"NRI_P041",25
"32072",-482.44263946003,"NRI_P041",50
"32073",-33132.03306946,"NRI_P041",100
"32074",-3404.81755946,"NRI_P041",25
"32075",35366.11681054,"NRI_P041",50
"32076",-32950.30566946,"NRI_P041",100
"32077",-29192.01075946,"NRI_P041",25
"32078",5762.37951053999,"NRI_P041",50
"32079",-31936.63043946,"NRI_P041",100
"32080",-8039.41004946001,"NRI_P041",25
"32081",-27331.41950946,"NRI_P041",50
"32082",-44648.03455946,"NRI_P041",100
"32083",-23575.56065946,"NRI_P041",25
"32084",-1336.26247946004,"NRI_P041",50
"32085",-17364.49120946,"NRI_P041",100
"32086",-11025.82883946,"NRI_P041",25
"32087",1691.95544053998,"NRI_P041",50
"32088",-23567.41792946,"NRI_P041",100
"32089",-4426.45839946001,"NRI_P041",25
"32090",-10670.68941946,"NRI_P041",50
"32091",-36010.75087946,"NRI_P041",100
"32092",-5496.69780946005,"NRI_P041",25
"32093",-25792.93811946,"NRI_P041",50
"32094",-53586.12804946,"NRI_P041",100
"32095",-1181.27156946005,"NRI_P041",25
"32096",6918.84283053997,"NRI_P041",50
"32097",-31727.12178946,"NRI_P041",100
"32098",26.4481705399812,"NRI_P041",25
"32099",325.336710539996,"NRI_P041",50
"32100",-38001.2748494601,"NRI_P041",100
"32101",1745.68038337905,"NRI_P042",25
"32102",5869.83467337902,"NRI_P042",50
"32103",8800.72484337899,"NRI_P042",100
"32104",-1980.093006621,"NRI_P042",25
"32105",2835.27136337903,"NRI_P042",50
"32106",2636.25393337902,"NRI_P042",100
"32107",-1343.35158662096,"NRI_P042",25
"32108",-2788.02700662095,"NRI_P042",50
"32109",-6832.68995662098,"NRI_P042",100
"32110",-921.863456620951,"NRI_P042",25
"32111",-4833.13044662098,"NRI_P042",50
"32112",1927.89603337902,"NRI_P042",100
"32113",6897.744773379,"NRI_P042",25
"32114",-953.660796620999,"NRI_P042",50
"32115",-2638.61385662097,"NRI_P042",100
"32116",1451.39212337905,"NRI_P042",25
"32117",9200.84857337904,"NRI_P042",50
"32118",1047.677143379,"NRI_P042",100
"32119",-1214.62828662095,"NRI_P042",25
"32120",3744.96507337905,"NRI_P042",50
"32121",-5735.722516621,"NRI_P042",100
"32122",1110.45655337902,"NRI_P042",25
"32123",-5970.16379662097,"NRI_P042",50
"32124",12427.471453379,"NRI_P042",100
"32125",3543.30112337903,"NRI_P042",25
"32126",3603.74381337903,"NRI_P042",50
"32127",139.342883379024,"NRI_P042",100
"32128",3239.546403379,"NRI_P042",25
"32129",-2944.30705662095,"NRI_P042",50
"32130",3471.406603379,"NRI_P042",100
"32131",-1863.66252662096,"NRI_P042",25
"32132",-6521.34150662099,"NRI_P042",50
"32133",321.101723379048,"NRI_P042",100
"32134",358.644343379012,"NRI_P042",25
"32135",1999.83604337904,"NRI_P042",50
"32136",-6577.79658662097,"NRI_P042",100
"32137",5128.970173379,"NRI_P042",25
"32138",503.731093379029,"NRI_P042",50
"32139",-250.069836620998,"NRI_P042",100
"32140",-896.51428662095,"NRI_P042",25
"32141",9971.46425337903,"NRI_P042",50
"32142",-5785.65724662098,"NRI_P042",100
"32143",6162.52278337901,"NRI_P042",25
"32144",-2981.834796621,"NRI_P042",50
"32145",5008.433503379,"NRI_P042",100
"32146",-2285.58251662098,"NRI_P042",25
"32147",-1037.78172662097,"NRI_P042",50
"32148",7866.55622337904,"NRI_P042",100
"32149",-655.47415662097,"NRI_P042",25
"32150",11275.428343379,"NRI_P042",50
"32151",5613.22608337901,"NRI_P042",100
"32152",-2457.02948662097,"NRI_P042",25
"32153",-5036.32733662101,"NRI_P042",50
"32154",18831.923893379,"NRI_P042",100
"32155",-4145.58711662097,"NRI_P042",25
"32156",-4095.54578662099,"NRI_P042",50
"32157",-3871.50079662097,"NRI_P042",100
"32158",-2623.261716621,"NRI_P042",25
"32159",-102.782816620951,"NRI_P042",50
"32160",-970.844336620998,"NRI_P042",100
"32161",164.160503379011,"NRI_P042",25
"32162",7517.84973337903,"NRI_P042",50
"32163",6216.72959337902,"NRI_P042",100
"32164",467.581783379021,"NRI_P042",25
"32165",-4744.26561662095,"NRI_P042",50
"32166",283.080793379049,"NRI_P042",100
"32167",2854.05841337901,"NRI_P042",25
"32168",-1529.46110662096,"NRI_P042",50
"32169",-856.114496620954,"NRI_P042",100
"32170",345.194923379051,"NRI_P042",25
"32171",-3627.29936662095,"NRI_P042",50
"32172",3184.28129337903,"NRI_P042",100
"32173",-1715.11719662097,"NRI_P042",25
"32174",-1175.33874662098,"NRI_P042",50
"32175",5796.58199337905,"NRI_P042",100
"32176",-2141.64543662098,"NRI_P042",25
"32177",1857.19626337901,"NRI_P042",50
"32178",7005.35955337901,"NRI_P042",100
"32179",-2476.40720662096,"NRI_P042",25
"32180",-1862.12515662098,"NRI_P042",50
"32181",-3763.372536621,"NRI_P042",100
"32182",-339.163316620979,"NRI_P042",25
"32183",720.25213337905,"NRI_P042",50
"32184",-1788.97850662097,"NRI_P042",100
"32185",-1077.12854662095,"NRI_P042",25
"32186",-648.051826620998,"NRI_P042",50
"32187",-5539.78772662097,"NRI_P042",100
"32188",105.133083379013,"NRI_P042",25
"32189",-405.268336620997,"NRI_P042",50
"32190",10786.758543379,"NRI_P042",100
"32191",599.101533378998,"NRI_P042",25
"32192",-5213.07396662096,"NRI_P042",50
"32193",-5797.65967662097,"NRI_P042",100
"32194",1376.436913379,"NRI_P042",25
"32195",3554.90271337901,"NRI_P042",50
"32196",-38.1637466209941,"NRI_P042",100
"32197",-2312.13076662098,"NRI_P042",25
"32198",-2836.15155662096,"NRI_P042",50
"32199",1087.61697337904,"NRI_P042",100
"32200",-539.859396621003,"NRI_P042",25
"32201",1439.01490337902,"NRI_P042",50
"32202",1225.17807337904,"NRI_P042",100
"32203",2960.18963337905,"NRI_P042",25
"32204",3394.81792337901,"NRI_P042",50
"32205",-307.440066620999,"NRI_P042",100
"32206",-123.862966621004,"NRI_P042",25
"32207",1284.01449337904,"NRI_P042",50
"32208",-1792.68534662097,"NRI_P042",100
"32209",-4366.46334662096,"NRI_P042",25
"32210",-2119.57600662095,"NRI_P042",50
"32211",8557.11934337905,"NRI_P042",100
"32212",6716.42744337901,"NRI_P042",25
"32213",-4245.00513662095,"NRI_P042",50
"32214",-4383.25063662097,"NRI_P042",100
"32215",-3040.35128662095,"NRI_P042",25
"32216",-292.864596620959,"NRI_P042",50
"32217",-706.229166620993,"NRI_P042",100
"32218",-666.027716621,"NRI_P042",25
"32219",-2836.47623662098,"NRI_P042",50
"32220",241.735523379,"NRI_P042",100
"32221",7983.56469337904,"NRI_P042",25
"32222",-3762.19253662101,"NRI_P042",50
"32223",-9418.72880662099,"NRI_P042",100
"32224",-261.34684662096,"NRI_P042",25
"32225",5222.787863379,"NRI_P042",50
"32226",-3402.68771662097,"NRI_P042",100
"32227",-984.59743662097,"NRI_P042",25
"32228",6065.07886337902,"NRI_P042",50
"32229",-4762.98297662096,"NRI_P042",100
"32230",2235.805163379,"NRI_P042",25
"32231",5950.11589337903,"NRI_P042",50
"32232",-887.495076620951,"NRI_P042",100
"32233",5232.00157337904,"NRI_P042",25
"32234",-2399.15566662099,"NRI_P042",50
"32235",5590.976533379,"NRI_P042",100
"32236",-1329.26864662097,"NRI_P042",25
"32237",-5141.03197662096,"NRI_P042",50
"32238",-5478.57730662095,"NRI_P042",100
"32239",-165.358526620956,"NRI_P042",25
"32240",6113.30978337902,"NRI_P042",50
"32241",3889.59672337904,"NRI_P042",100
"32242",2607.38998337905,"NRI_P042",25
"32243",132.97691337904,"NRI_P042",50
"32244",1053.51902337902,"NRI_P042",100
"32245",-1574.79132662097,"NRI_P042",25
"32246",-444.267366621003,"NRI_P042",50
"32247",360.572363379004,"NRI_P042",100
"32248",3839.80415337899,"NRI_P042",25
"32249",-1118.299136621,"NRI_P042",50
"32250",9071.60288337903,"NRI_P042",100
"32251",-196.236526620982,"NRI_P042",25
"32252",5002.94494337903,"NRI_P042",50
"32253",3957.21148337901,"NRI_P042",100
"32254",3174.25945337903,"NRI_P042",25
"32255",72.4834933790262,"NRI_P042",50
"32256",-7187.20040662098,"NRI_P042",100
"32257",-3226.69067662099,"NRI_P042",25
"32258",793.672213379003,"NRI_P042",50
"32259",-5629.40442662098,"NRI_P042",100
"32260",-2117.45861662098,"NRI_P042",25
"32261",8229.95970337902,"NRI_P042",50
"32262",4292.75439337903,"NRI_P042",100
"32263",-1334.07477662095,"NRI_P042",25
"32264",5544.01035337901,"NRI_P042",50
"32265",-3000.90226662095,"NRI_P042",100
"32266",4326.08408337901,"NRI_P042",25
"32267",-3332.18541662098,"NRI_P042",50
"32268",5107.03687337902,"NRI_P042",100
"32269",892.152793379035,"NRI_P042",25
"32270",-1987.67194662098,"NRI_P042",50
"32271",7695.08700337901,"NRI_P042",100
"32272",1408.671983379,"NRI_P042",25
"32273",-525.140886620968,"NRI_P042",50
"32274",-654.412106620963,"NRI_P042",100
"32275",-997.485806620971,"NRI_P042",25
"32276",-2048.09265662095,"NRI_P042",50
"32277",8021.127103379,"NRI_P042",100
"32278",3802.121103379,"NRI_P042",25
"32279",5220.225303379,"NRI_P042",50
"32280",-2475.670856621,"NRI_P042",100
"32281",11178.9908733791,"NRI_P042",25
"32282",-15.5771966209868,"NRI_P042",50
"32283",693.703203379002,"NRI_P042",100
"32284",11176.706653379,"NRI_P042",25
"32285",3680.907513379,"NRI_P042",50
"32286",4291.91457337904,"NRI_P042",100
"32287",2461.392423379,"NRI_P042",25
"32288",4432.61304337904,"NRI_P042",50
"32289",16644.639113379,"NRI_P042",100
"32290",-269.400366620976,"NRI_P042",25
"32291",2228.63766337902,"NRI_P042",50
"32292",-3882.03067662095,"NRI_P042",100
"32293",2316.915853379,"NRI_P042",25
"32294",5606.46001337905,"NRI_P042",50
"32295",-2063.57572662097,"NRI_P042",100
"32296",-3199.092616621,"NRI_P042",25
"32297",-4334.160406621,"NRI_P042",50
"32298",-3279.149436621,"NRI_P042",100
"32299",-1021.92212662095,"NRI_P042",25
"32300",2488.80139337905,"NRI_P042",50
"32301",-2412.39255662099,"NRI_P042",100
"32302",-3286.61461662099,"NRI_P042",25
"32303",8859.73457337904,"NRI_P042",50
"32304",5609.03226337902,"NRI_P042",100
"32305",1516.60587337904,"NRI_P042",25
"32306",1351.95506337902,"NRI_P042",50
"32307",2757.89270337904,"NRI_P042",100
"32308",5583.25117337902,"NRI_P042",25
"32309",5844.45171337901,"NRI_P042",50
"32310",2664.14676337905,"NRI_P042",100
"32311",2157.62835337903,"NRI_P042",25
"32312",4943.38657337904,"NRI_P042",50
"32313",3098.92590337904,"NRI_P042",100
"32314",578.730993379024,"NRI_P042",25
"32315",-1317.46780662099,"NRI_P042",50
"32316",3949.57362337905,"NRI_P042",100
"32317",-2212.79599662096,"NRI_P042",25
"32318",3275.74252337904,"NRI_P042",50
"32319",-3489.428126621,"NRI_P042",100
"32320",7254.20291337901,"NRI_P042",25
"32321",294.627323379042,"NRI_P042",50
"32322",2537.786113379,"NRI_P042",100
"32323",1106.37797337904,"NRI_P042",25
"32324",-1.28789662098279,"NRI_P042",50
"32325",5647.34749337903,"NRI_P042",100
"32326",-4436.67537662096,"NRI_P042",25
"32327",154.373803379014,"NRI_P042",50
"32328",2055.08066337905,"NRI_P042",100
"32329",1812.722183379,"NRI_P042",25
"32330",3345.67192337901,"NRI_P042",50
"32331",-2438.43343662098,"NRI_P042",100
"32332",-1939.90531662095,"NRI_P042",25
"32333",14380.095113379,"NRI_P042",50
"32334",3807.57192337903,"NRI_P042",100
"32335",147.302083379007,"NRI_P042",25
"32336",9289.99012337904,"NRI_P042",50
"32337",2697.60246337904,"NRI_P042",100
"32338",-3336.31422662101,"NRI_P042",25
"32339",7987.33464337903,"NRI_P042",50
"32340",-8369.14085662097,"NRI_P042",100
"32341",-2884.023726621,"NRI_P042",25
"32342",101.043473379046,"NRI_P042",50
"32343",-2521.27194662095,"NRI_P042",100
"32344",-1022.06791662099,"NRI_P042",25
"32345",1119.22969337902,"NRI_P042",50
"32346",-7334.92814662098,"NRI_P042",100
"32347",-1613.603976621,"NRI_P042",25
"32348",-3398.404956621,"NRI_P042",50
"32349",-3199.18696662097,"NRI_P042",100
"32350",-2935.28985662095,"NRI_P042",25
"32351",-5432.050496621,"NRI_P042",50
"32352",2238.55937337904,"NRI_P042",100
"32353",-1058.37050662097,"NRI_P042",25
"32354",8777.84539337904,"NRI_P042",50
"32355",949.222763379046,"NRI_P042",100
"32356",1369.87848337903,"NRI_P042",25
"32357",8228.17493337905,"NRI_P042",50
"32358",2855.53484337905,"NRI_P042",100
"32359",-2041.15450662095,"NRI_P042",25
"32360",-4205.123446621,"NRI_P042",50
"32361",4161.51725337905,"NRI_P042",100
"32362",1375.12319337903,"NRI_P042",25
"32363",752.717743379006,"NRI_P042",50
"32364",4863.24546337902,"NRI_P042",100
"32365",1162.01698337903,"NRI_P042",25
"32366",257.296813379042,"NRI_P042",50
"32367",-4230.16559662099,"NRI_P042",100
"32368",-2747.10664662096,"NRI_P042",25
"32369",-2602.71656662098,"NRI_P042",50
"32370",-5150.822236621,"NRI_P042",100
"32371",-554.374376620981,"NRI_P042",25
"32372",-4047.90429662098,"NRI_P042",50
"32373",9583.65202337905,"NRI_P042",100
"32374",-445.526016620977,"NRI_P042",25
"32375",-4796.05652662099,"NRI_P042",50
"32376",5458.84971337905,"NRI_P042",100
"32377",-2715.16297662095,"NRI_P042",25
"32378",1991.97301337903,"NRI_P042",50
"32379",-1519.96314662095,"NRI_P042",100
"32380",-722.676866620954,"NRI_P042",25
"32381",6985.35816337902,"NRI_P042",50
"32382",-5340.63755662099,"NRI_P042",100
"32383",-4506.945386621,"NRI_P042",25
"32384",1449.63334337901,"NRI_P042",50
"32385",2094.98408337904,"NRI_P042",100
"32386",79.3677833790425,"NRI_P042",25
"32387",9989.06390337902,"NRI_P042",50
"32388",-272.987086620997,"NRI_P042",100
"32389",-3408.51997662097,"NRI_P042",25
"32390",2127.87832337903,"NRI_P042",50
"32391",342.947153379035,"NRI_P042",100
"32392",-258.866316620959,"NRI_P042",25
"32393",3867.08239337901,"NRI_P042",50
"32394",-3204.13242662098,"NRI_P042",100
"32395",443.454993379011,"NRI_P042",25
"32396",10014.195263379,"NRI_P042",50
"32397",914.458233379002,"NRI_P042",100
"32398",1064.79147337901,"NRI_P042",25
"32399",-1346.033396621,"NRI_P042",50
"32400",-4343.27855662099,"NRI_P042",100
"32401",-5329.929593389,"NRI_P046",25
"32402",-5240.400423389,"NRI_P046",50
"32403",-8254.12073338901,"NRI_P046",100
"32404",-1099.23005338899,"NRI_P046",25
"32405",-9605.38299338899,"NRI_P046",50
"32406",-11310.027703389,"NRI_P046",100
"32407",-5788.04448338901,"NRI_P046",25
"32408",-2203.31425338901,"NRI_P046",50
"32409",-8872.758863389,"NRI_P046",100
"32410",-4786.313473389,"NRI_P046",25
"32411",-5005.96075338899,"NRI_P046",50
"32412",-4860.669343389,"NRI_P046",100
"32413",-976.481263388996,"NRI_P046",25
"32414",-5863.376563389,"NRI_P046",50
"32415",-11630.960993389,"NRI_P046",100
"32416",-1378.12714338901,"NRI_P046",25
"32417",-2278.819273389,"NRI_P046",50
"32418",-4288.488373389,"NRI_P046",100
"32419",-2881.667903389,"NRI_P046",25
"32420",930.782296610996,"NRI_P046",50
"32421",-10626.167613389,"NRI_P046",100
"32422",-1388.357643389,"NRI_P046",25
"32423",-6698.452613389,"NRI_P046",50
"32424",7459.00132661099,"NRI_P046",100
"32425",-2465.33372338901,"NRI_P046",25
"32426",-3963.38483338901,"NRI_P046",50
"32427",-12287.098143389,"NRI_P046",100
"32428",7853.39481661101,"NRI_P046",25
"32429",-164.729743389005,"NRI_P046",50
"32430",4574.215216611,"NRI_P046",100
"32431",-3933.753663389,"NRI_P046",25
"32432",1811.261026611,"NRI_P046",50
"32433",71.704106610996,"NRI_P046",100
"32434",4259.86649661099,"NRI_P046",25
"32435",-6324.48392338899,"NRI_P046",50
"32436",-7232.960203389,"NRI_P046",100
"32437",-2909.722713389,"NRI_P046",25
"32438",-3431.778603389,"NRI_P046",50
"32439",-9919.02308338899,"NRI_P046",100
"32440",-3841.965943389,"NRI_P046",25
"32441",-8616.44867338899,"NRI_P046",50
"32442",-2756.753193389,"NRI_P046",100
"32443",-150.298473389004,"NRI_P046",25
"32444",-5069.187743389,"NRI_P046",50
"32445",-11784.210303389,"NRI_P046",100
"32446",-1884.918813389,"NRI_P046",25
"32447",-4022.395383389,"NRI_P046",50
"32448",-9213.230143389,"NRI_P046",100
"32449",-3483.404713389,"NRI_P046",25
"32450",-3331.701663389,"NRI_P046",50
"32451",-9405.864433389,"NRI_P046",100
"32452",-734.326013389,"NRI_P046",25
"32453",6760.073616611,"NRI_P046",50
"32454",1992.954776611,"NRI_P046",100
"32455",-2147.72468338899,"NRI_P046",25
"32456",-4159.467913389,"NRI_P046",50
"32457",-10026.120643389,"NRI_P046",100
"32458",-5006.106823389,"NRI_P046",25
"32459",-8368.327873389,"NRI_P046",50
"32460",-7996.601723389,"NRI_P046",100
"32461",-57.2265433889988,"NRI_P046",25
"32462",5594.76157661101,"NRI_P046",50
"32463",3917.84025661099,"NRI_P046",100
"32464",-1993.587503389,"NRI_P046",25
"32465",-2435.938863389,"NRI_P046",50
"32466",1087.617836611,"NRI_P046",100
"32467",-2950.623543389,"NRI_P046",25
"32468",523.201716611002,"NRI_P046",50
"32469",-10701.815673389,"NRI_P046",100
"32470",1077.424626611,"NRI_P046",25
"32471",-4838.471983389,"NRI_P046",50
"32472",-4899.836593389,"NRI_P046",100
"32473",-4622.66617338901,"NRI_P046",25
"32474",-3866.55626338901,"NRI_P046",50
"32475",-4581.607953389,"NRI_P046",100
"32476",-2275.450883389,"NRI_P046",25
"32477",2101.040186611,"NRI_P046",50
"32478",-9888.321033389,"NRI_P046",100
"32479",239.759966611004,"NRI_P046",25
"32480",-2485.468843389,"NRI_P046",50
"32481",-11110.518463389,"NRI_P046",100
"32482",1513.338286611,"NRI_P046",25
"32483",-8897.70382338901,"NRI_P046",50
"32484",-10205.981923389,"NRI_P046",100
"32485",-3121.30059338899,"NRI_P046",25
"32486",-864.745353388993,"NRI_P046",50
"32487",-5386.00004338899,"NRI_P046",100
"32488",1364.840376611,"NRI_P046",25
"32489",-1406.578923389,"NRI_P046",50
"32490",-7747.164233389,"NRI_P046",100
"32491",-2135.36295338901,"NRI_P046",25
"32492",-3804.609413389,"NRI_P046",50
"32493",-7534.929573389,"NRI_P046",100
"32494",-4098.10999338901,"NRI_P046",25
"32495",5197.72335661099,"NRI_P046",50
"32496",-6233.414563389,"NRI_P046",100
"32497",-3818.05131338901,"NRI_P046",25
"32498",1277.812056611,"NRI_P046",50
"32499",-5961.195933389,"NRI_P046",100
"32500",-5231.43711338899,"NRI_P046",25
"32501",-10159.174923389,"NRI_P046",50
"32502",-6461.781703389,"NRI_P046",100
"32503",-3663.279383389,"NRI_P046",25
"32504",-9338.788363389,"NRI_P046",50
"32505",-7910.746113389,"NRI_P046",100
"32506",-155.878613388995,"NRI_P046",25
"32507",-7093.527623389,"NRI_P046",50
"32508",-10545.292663389,"NRI_P046",100
"32509",-2150.56679338901,"NRI_P046",25
"32510",2904.371186611,"NRI_P046",50
"32511",-2911.947663389,"NRI_P046",100
"32512",376.992076611001,"NRI_P046",25
"32513",-6003.24067338899,"NRI_P046",50
"32514",-11776.614043389,"NRI_P046",100
"32515",271.509816610996,"NRI_P046",25
"32516",-5608.176483389,"NRI_P046",50
"32517",-11475.897693389,"NRI_P046",100
"32518",1187.82664661099,"NRI_P046",25
"32519",-943.573413389007,"NRI_P046",50
"32520",-9120.79538338901,"NRI_P046",100
"32521",-627.446103388997,"NRI_P046",25
"32522",-1906.375573389,"NRI_P046",50
"32523",-10002.633003389,"NRI_P046",100
"32524",-271.390393388996,"NRI_P046",25
"32525",-8226.892823389,"NRI_P046",50
"32526",-160.631663388995,"NRI_P046",100
"32527",-941.184723389,"NRI_P046",25
"32528",-2806.666453389,"NRI_P046",50
"32529",-6491.738353389,"NRI_P046",100
"32530",-96.9729433890025,"NRI_P046",25
"32531",5999.895236611,"NRI_P046",50
"32532",-5467.103053389,"NRI_P046",100
"32533",-1601.949773389,"NRI_P046",25
"32534",-4131.792133389,"NRI_P046",50
"32535",-9818.608303389,"NRI_P046",100
"32536",-2256.578683389,"NRI_P046",25
"32537",-2616.887403389,"NRI_P046",50
"32538",-12128.233403389,"NRI_P046",100
"32539",-5130.875963389,"NRI_P046",25
"32540",-3884.68251338899,"NRI_P046",50
"32541",-5746.33398338901,"NRI_P046",100
"32542",-1385.41639338899,"NRI_P046",25
"32543",-2734.04826338901,"NRI_P046",50
"32544",-11024.194823389,"NRI_P046",100
"32545",-1185.655613389,"NRI_P046",25
"32546",-5448.655573389,"NRI_P046",50
"32547",-7868.222363389,"NRI_P046",100
"32548",-3053.40439338901,"NRI_P046",25
"32549",-3568.498723389,"NRI_P046",50
"32550",-9254.530923389,"NRI_P046",100
"32551",204.176186611003,"NRI_P046",25
"32552",-994.712933389004,"NRI_P046",50
"32553",-11735.861823389,"NRI_P046",100
"32554",-2794.812773389,"NRI_P046",25
"32555",-5215.644953389,"NRI_P046",50
"32556",-8326.01340338901,"NRI_P046",100
"32557",3660.289316611,"NRI_P046",25
"32558",-6081.88871338899,"NRI_P046",50
"32559",-8383.209273389,"NRI_P046",100
"32560",-4541.33617338901,"NRI_P046",25
"32561",-5494.964353389,"NRI_P046",50
"32562",-8951.18191338899,"NRI_P046",100
"32563",-1651.04134338901,"NRI_P046",25
"32564",556.272136611005,"NRI_P046",50
"32565",-5106.69484338901,"NRI_P046",100
"32566",-759.125043388995,"NRI_P046",25
"32567",-2894.703293389,"NRI_P046",50
"32568",-10285.057593389,"NRI_P046",100
"32569",-3533.505913389,"NRI_P046",25
"32570",117.993316610999,"NRI_P046",50
"32571",76.1127166109945,"NRI_P046",100
"32572",-5400.717593389,"NRI_P046",25
"32573",-3729.646723389,"NRI_P046",50
"32574",-6278.321623389,"NRI_P046",100
"32575",-670.376683388997,"NRI_P046",25
"32576",-4628.384033389,"NRI_P046",50
"32577",-3192.816393389,"NRI_P046",100
"32578",-3180.157823389,"NRI_P046",25
"32579",906.850516610997,"NRI_P046",50
"32580",-3843.630853389,"NRI_P046",100
"32581",-2085.89021338899,"NRI_P046",25
"32582",-6198.807023389,"NRI_P046",50
"32583",-5152.654293389,"NRI_P046",100
"32584",9114.35459661101,"NRI_P046",25
"32585",-2721.216833389,"NRI_P046",50
"32586",-10061.473963389,"NRI_P046",100
"32587",-4094.04453338899,"NRI_P046",25
"32588",-4377.910213389,"NRI_P046",50
"32589",-9840.897423389,"NRI_P046",100
"32590",-1934.902353389,"NRI_P046",25
"32591",-4194.601603389,"NRI_P046",50
"32592",-3641.858803389,"NRI_P046",100
"32593",-2094.98718338901,"NRI_P046",25
"32594",-5387.690653389,"NRI_P046",50
"32595",-7045.11364338901,"NRI_P046",100
"32596",-2434.781923389,"NRI_P046",25
"32597",1167.278726611,"NRI_P046",50
"32598",-9104.15916338901,"NRI_P046",100
"32599",-241.847193388996,"NRI_P046",25
"32600",-2275.854283389,"NRI_P046",50
"32601",-2495.555503389,"NRI_P046",100
"32602",208.666016610994,"NRI_P046",25
"32603",-1921.970743389,"NRI_P046",50
"32604",-9631.203423389,"NRI_P046",100
"32605",-4721.713823389,"NRI_P046",25
"32606",-834.613083389006,"NRI_P046",50
"32607",8989.92030661101,"NRI_P046",100
"32608",-4300.526583389,"NRI_P046",25
"32609",12695.463706611,"NRI_P046",50
"32610",-5170.33364338901,"NRI_P046",100
"32611",-2580.393383389,"NRI_P046",25
"32612",-4073.24006338901,"NRI_P046",50
"32613",-12074.317793389,"NRI_P046",100
"32614",-414.144983389007,"NRI_P046",25
"32615",-6489.588003389,"NRI_P046",50
"32616",-4341.488193389,"NRI_P046",100
"32617",1412.04720661099,"NRI_P046",25
"32618",2924.121256611,"NRI_P046",50
"32619",-5925.594503389,"NRI_P046",100
"32620",-662.206483389004,"NRI_P046",25
"32621",-2943.091783389,"NRI_P046",50
"32622",-7459.79973338899,"NRI_P046",100
"32623",-328.907283388995,"NRI_P046",25
"32624",-7086.850263389,"NRI_P046",50
"32625",-8043.177933389,"NRI_P046",100
"32626",-2701.957413389,"NRI_P046",25
"32627",-7331.11437338901,"NRI_P046",50
"32628",-10911.140223389,"NRI_P046",100
"32629",-3373.626353389,"NRI_P046",25
"32630",-6953.924623389,"NRI_P046",50
"32631",-9877.052853389,"NRI_P046",100
"32632",958.153896610995,"NRI_P046",25
"32633",-3495.447873389,"NRI_P046",50
"32634",-8071.767953389,"NRI_P046",100
"32635",-3098.918703389,"NRI_P046",25
"32636",-3666.48090338901,"NRI_P046",50
"32637",-10241.779583389,"NRI_P046",100
"32638",-4629.091173389,"NRI_P046",25
"32639",-6116.891853389,"NRI_P046",50
"32640",-10681.389663389,"NRI_P046",100
"32641",-4824.47403338899,"NRI_P046",25
"32642",-5259.907643389,"NRI_P046",50
"32643",-10668.111253389,"NRI_P046",100
"32644",-5842.571533389,"NRI_P046",25
"32645",-2260.50623338899,"NRI_P046",50
"32646",-2312.569773389,"NRI_P046",100
"32647",-613.836213389004,"NRI_P046",25
"32648",-5256.148563389,"NRI_P046",50
"32649",4146.45056661101,"NRI_P046",100
"32650",-1008.16871338899,"NRI_P046",25
"32651",291.195256610998,"NRI_P046",50
"32652",-8290.809473389,"NRI_P046",100
"32653",-2299.22661338899,"NRI_P046",25
"32654",-2364.91712338899,"NRI_P046",50
"32655",-10834.829103389,"NRI_P046",100
"32656",-3574.68912338901,"NRI_P046",25
"32657",-598.688723389001,"NRI_P046",50
"32658",-11978.946483389,"NRI_P046",100
"32659",-1773.969703389,"NRI_P046",25
"32660",-7305.234553389,"NRI_P046",50
"32661",-4126.15289338901,"NRI_P046",100
"32662",-1363.055583389,"NRI_P046",25
"32663",-2731.444873389,"NRI_P046",50
"32664",-5866.962533389,"NRI_P046",100
"32665",-1368.65886338901,"NRI_P046",25
"32666",-5439.453163389,"NRI_P046",50
"32667",-10053.814253389,"NRI_P046",100
"32668",1738.006206611,"NRI_P046",25
"32669",-4682.450923389,"NRI_P046",50
"32670",-11237.651603389,"NRI_P046",100
"32671",-1669.00133338899,"NRI_P046",25
"32672",-7291.782053389,"NRI_P046",50
"32673",9881.68233661099,"NRI_P046",100
"32674",-958.800883389005,"NRI_P046",25
"32675",-5379.462453389,"NRI_P046",50
"32676",-10099.348403389,"NRI_P046",100
"32677",231.408446611007,"NRI_P046",25
"32678",886.472256610999,"NRI_P046",50
"32679",-8383.35329338899,"NRI_P046",100
"32680",-479.573163388995,"NRI_P046",25
"32681",2499.922296611,"NRI_P046",50
"32682",-12412.355483389,"NRI_P046",100
"32683",8717.08051661101,"NRI_P046",25
"32684",-7119.00795338899,"NRI_P046",50
"32685",-7932.324723389,"NRI_P046",100
"32686",-5530.201323389,"NRI_P046",25
"32687",-1175.400753389,"NRI_P046",50
"32688",-5400.055643389,"NRI_P046",100
"32689",-2287.990823389,"NRI_P046",25
"32690",-3654.51890338901,"NRI_P046",50
"32691",-11464.739203389,"NRI_P046",100
"32692",724.178746610996,"NRI_P046",25
"32693",-10123.757703389,"NRI_P046",50
"32694",-9047.40392338901,"NRI_P046",100
"32695",-1454.662313389,"NRI_P046",25
"32696",-5092.422723389,"NRI_P046",50
"32697",-9494.114573389,"NRI_P046",100
"32698",-2209.69213338901,"NRI_P046",25
"32699",-4707.299153389,"NRI_P046",50
"32700",-8442.926863389,"NRI_P046",100
"32701",-15839.482900594,"NRI_P047",25
"32702",-9244.04412059399,"NRI_P047",50
"32703",-10383.722090594,"NRI_P047",100
"32704",-18715.123250594,"NRI_P047",25
"32705",-14729.699080594,"NRI_P047",50
"32706",-30111.803680594,"NRI_P047",100
"32707",-6011.96971059398,"NRI_P047",25
"32708",-9052.360100594,"NRI_P047",50
"32709",-39490.997790594,"NRI_P047",100
"32710",-5958.674090594,"NRI_P047",25
"32711",-17944.365350594,"NRI_P047",50
"32712",-18145.867610594,"NRI_P047",100
"32713",-1613.28090059402,"NRI_P047",25
"32714",-25101.136010594,"NRI_P047",50
"32715",-36209.672100594,"NRI_P047",100
"32716",-4235.99354059401,"NRI_P047",25
"32717",-623.715950593993,"NRI_P047",50
"32718",-24503.731330594,"NRI_P047",100
"32719",-47.2023505939869,"NRI_P047",25
"32720",-10952.536590594,"NRI_P047",50
"32721",-36333.105690594,"NRI_P047",100
"32722",-10225.417780594,"NRI_P047",25
"32723",-10480.719770594,"NRI_P047",50
"32724",-35683.444430594,"NRI_P047",100
"32725",-9485.02942059399,"NRI_P047",25
"32726",-10435.926650594,"NRI_P047",50
"32727",-36141.732960594,"NRI_P047",100
"32728",1206.93063940603,"NRI_P047",25
"32729",-10969.148140594,"NRI_P047",50
"32730",-39586.178630594,"NRI_P047",100
"32731",-10082.487870594,"NRI_P047",25
"32732",-15310.069390594,"NRI_P047",50
"32733",-22735.956980594,"NRI_P047",100
"32734",-10071.766760594,"NRI_P047",25
"32735",-19655.502190594,"NRI_P047",50
"32736",-11361.777790594,"NRI_P047",100
"32737",-1850.35673059401,"NRI_P047",25
"32738",-12386.667160594,"NRI_P047",50
"32739",-22432.151170594,"NRI_P047",100
"32740",-11003.208220594,"NRI_P047",25
"32741",-29002.492440594,"NRI_P047",50
"32742",-39768.990500594,"NRI_P047",100
"32743",-14489.910700594,"NRI_P047",25
"32744",-13852.733180594,"NRI_P047",50
"32745",-9715.02270059398,"NRI_P047",100
"32746",-6015.02477059403,"NRI_P047",25
"32747",-21061.127640594,"NRI_P047",50
"32748",11578.613569406,"NRI_P047",100
"32749",-5172.79177059402,"NRI_P047",25
"32750",-8549.88125059399,"NRI_P047",50
"32751",-25833.399810594,"NRI_P047",100
"32752",-13563.688160594,"NRI_P047",25
"32753",-21459.086870594,"NRI_P047",50
"32754",-33251.050250594,"NRI_P047",100
"32755",-1511.71445059398,"NRI_P047",25
"32756",-14174.480760594,"NRI_P047",50
"32757",-1738.92259059398,"NRI_P047",100
"32758",-13934.943260594,"NRI_P047",25
"32759",-35987.083890594,"NRI_P047",50
"32760",-7557.90866059402,"NRI_P047",100
"32761",-11978.939520594,"NRI_P047",25
"32762",-18960.116490594,"NRI_P047",50
"32763",-31486.738390594,"NRI_P047",100
"32764",-20196.087390594,"NRI_P047",25
"32765",-13526.599050594,"NRI_P047",50
"32766",-35349.819730594,"NRI_P047",100
"32767",-14679.825300594,"NRI_P047",25
"32768",-29514.888760594,"NRI_P047",50
"32769",-28396.496130594,"NRI_P047",100
"32770",-3950.41888059402,"NRI_P047",25
"32771",7915.36072940601,"NRI_P047",50
"32772",-19427.339870594,"NRI_P047",100
"32773",-15382.948640594,"NRI_P047",25
"32774",-7855.54972059402,"NRI_P047",50
"32775",-14430.471710594,"NRI_P047",100
"32776",-12612.372650594,"NRI_P047",25
"32777",-8281.49705059401,"NRI_P047",50
"32778",-27732.095870594,"NRI_P047",100
"32779",-2535.115520594,"NRI_P047",25
"32780",17694.219639406,"NRI_P047",50
"32781",-30030.235240594,"NRI_P047",100
"32782",2775.62434940599,"NRI_P047",25
"32783",-16766.311500594,"NRI_P047",50
"32784",-30823.312430594,"NRI_P047",100
"32785",-9608.47807059402,"NRI_P047",25
"32786",-20285.309240594,"NRI_P047",50
"32787",-34193.450480594,"NRI_P047",100
"32788",8840.66402940598,"NRI_P047",25
"32789",-10238.446630594,"NRI_P047",50
"32790",5901.92375940603,"NRI_P047",100
"32791",2354.74220940599,"NRI_P047",25
"32792",-5915.70720059401,"NRI_P047",50
"32793",-16854.819420594,"NRI_P047",100
"32794",4183.75090940599,"NRI_P047",25
"32795",3565.96136940602,"NRI_P047",50
"32796",-29258.528130594,"NRI_P047",100
"32797",-14887.735500594,"NRI_P047",25
"32798",-29051.471810594,"NRI_P047",50
"32799",-27837.632400594,"NRI_P047",100
"32800",-12354.792670594,"NRI_P047",25
"32801",-25581.190960594,"NRI_P047",50
"32802",-2945.76876059402,"NRI_P047",100
"32803",-1833.24472059403,"NRI_P047",25
"32804",2162.49772940599,"NRI_P047",50
"32805",-29209.806370594,"NRI_P047",100
"32806",-5830.973450594,"NRI_P047",25
"32807",-933.408470593975,"NRI_P047",50
"32808",-31126.298530594,"NRI_P047",100
"32809",12572.440339406,"NRI_P047",25
"32810",-4704.87429059402,"NRI_P047",50
"32811",-32758.520320594,"NRI_P047",100
"32812",-2548.68881059397,"NRI_P047",25
"32813",-5838.54963059397,"NRI_P047",50
"32814",-19195.534520594,"NRI_P047",100
"32815",-5882.14607059403,"NRI_P047",25
"32816",-4663.24061059399,"NRI_P047",50
"32817",-19827.691690594,"NRI_P047",100
"32818",-11181.880890594,"NRI_P047",25
"32819",-15806.875650594,"NRI_P047",50
"32820",-27007.963690594,"NRI_P047",100
"32821",-3693.853770594,"NRI_P047",25
"32822",-7749.34894059401,"NRI_P047",50
"32823",-34326.136090594,"NRI_P047",100
"32824",-15035.083530594,"NRI_P047",25
"32825",-5350.03346059402,"NRI_P047",50
"32826",-33078.533870594,"NRI_P047",100
"32827",6864.93158940598,"NRI_P047",25
"32828",-25365.515010594,"NRI_P047",50
"32829",-26489.064510594,"NRI_P047",100
"32830",-12896.268350594,"NRI_P047",25
"32831",-23839.220290594,"NRI_P047",50
"32832",-16609.294950594,"NRI_P047",100
"32833",2717.54870940599,"NRI_P047",25
"32834",1786.08634940599,"NRI_P047",50
"32835",-26115.466990594,"NRI_P047",100
"32836",-10787.285240594,"NRI_P047",25
"32837",2245.95127940603,"NRI_P047",50
"32838",-37093.248420594,"NRI_P047",100
"32839",-17451.330060594,"NRI_P047",25
"32840",13702.281569406,"NRI_P047",50
"32841",-37584.069360594,"NRI_P047",100
"32842",-6764.32828059403,"NRI_P047",25
"32843",-20622.857350594,"NRI_P047",50
"32844",-25425.140410594,"NRI_P047",100
"32845",-5597.20503059402,"NRI_P047",25
"32846",-23588.428770594,"NRI_P047",50
"32847",-35151.849850594,"NRI_P047",100
"32848",-18563.583930594,"NRI_P047",25
"32849",-26357.122680594,"NRI_P047",50
"32850",-38966.041390594,"NRI_P047",100
"32851",-4100.40104059398,"NRI_P047",25
"32852",-11505.825320594,"NRI_P047",50
"32853",-29303.039340594,"NRI_P047",100
"32854",-9075.34841059399,"NRI_P047",25
"32855",-24403.412480594,"NRI_P047",50
"32856",-18073.805780594,"NRI_P047",100
"32857",-4770.13239059399,"NRI_P047",25
"32858",-9921.31179059402,"NRI_P047",50
"32859",-30869.649780594,"NRI_P047",100
"32860",12358.802329406,"NRI_P047",25
"32861",-24271.510560594,"NRI_P047",50
"32862",-22936.672170594,"NRI_P047",100
"32863",-11095.033390594,"NRI_P047",25
"32864",-20241.579690594,"NRI_P047",50
"32865",-17954.098980594,"NRI_P047",100
"32866",-7883.90667059401,"NRI_P047",25
"32867",-9779.46217059402,"NRI_P047",50
"32868",-29587.424820594,"NRI_P047",100
"32869",-10305.938820594,"NRI_P047",25
"32870",-14775.821500594,"NRI_P047",50
"32871",-44222.644640594,"NRI_P047",100
"32872",-7703.65294059401,"NRI_P047",25
"32873",-9853.40376059402,"NRI_P047",50
"32874",-37575.878730594,"NRI_P047",100
"32875",-2976.83159059403,"NRI_P047",25
"32876",-18557.585890594,"NRI_P047",50
"32877",-16538.978390594,"NRI_P047",100
"32878",-3546.96147059399,"NRI_P047",25
"32879",-15045.850470594,"NRI_P047",50
"32880",-35560.812870594,"NRI_P047",100
"32881",-16450.769350594,"NRI_P047",25
"32882",-16907.428620594,"NRI_P047",50
"32883",-39787.616550594,"NRI_P047",100
"32884",-16626.824280594,"NRI_P047",25
"32885",-25512.942240594,"NRI_P047",50
"32886",-11953.551570594,"NRI_P047",100
"32887",-3441.16607059399,"NRI_P047",25
"32888",-17329.928650594,"NRI_P047",50
"32889",-41278.772110594,"NRI_P047",100
"32890",-2529.20027059398,"NRI_P047",25
"32891",-34663.033500594,"NRI_P047",50
"32892",-32967.946010594,"NRI_P047",100
"32893",-8002.89201059402,"NRI_P047",25
"32894",-8879.01704059402,"NRI_P047",50
"32895",-27931.897730594,"NRI_P047",100
"32896",-4906.48174059403,"NRI_P047",25
"32897",-19794.860390594,"NRI_P047",50
"32898",-18622.893590594,"NRI_P047",100
"32899",-10803.767720594,"NRI_P047",25
"32900",-15600.062770594,"NRI_P047",50
"32901",-32283.936510594,"NRI_P047",100
"32902",-6629.401310594,"NRI_P047",25
"32903",-14660.411990594,"NRI_P047",50
"32904",-4537.13866059401,"NRI_P047",100
"32905",-3575.22668059397,"NRI_P047",25
"32906",-6032.28200059402,"NRI_P047",50
"32907",-25605.080470594,"NRI_P047",100
"32908",-6564.95574059401,"NRI_P047",25
"32909",374.016909405997,"NRI_P047",50
"32910",-14582.139660594,"NRI_P047",100
"32911",-5033.25774059398,"NRI_P047",25
"32912",-15315.533870594,"NRI_P047",50
"32913",-30312.036230594,"NRI_P047",100
"32914",-6621.94313059398,"NRI_P047",25
"32915",-22727.372440594,"NRI_P047",50
"32916",-32777.419330594,"NRI_P047",100
"32917",-2622.03124059399,"NRI_P047",25
"32918",-347.233910594019,"NRI_P047",50
"32919",-35485.893960594,"NRI_P047",100
"32920",-11613.570060594,"NRI_P047",25
"32921",4073.88467940601,"NRI_P047",50
"32922",-14184.078610594,"NRI_P047",100
"32923",12517.448019406,"NRI_P047",25
"32924",-3793.198850594,"NRI_P047",50
"32925",-26242.919340594,"NRI_P047",100
"32926",-209.951890593977,"NRI_P047",25
"32927",-14947.367960594,"NRI_P047",50
"32928",-24941.272750594,"NRI_P047",100
"32929",-1751.396900594,"NRI_P047",25
"32930",-14431.798760594,"NRI_P047",50
"32931",-41581.454860594,"NRI_P047",100
"32932",-6170.795330594,"NRI_P047",25
"32933",-22302.257820594,"NRI_P047",50
"32934",-31901.369900594,"NRI_P047",100
"32935",-18620.544750594,"NRI_P047",25
"32936",-15117.290890594,"NRI_P047",50
"32937",-37976.413320594,"NRI_P047",100
"32938",-504.080040593981,"NRI_P047",25
"32939",22777.236269406,"NRI_P047",50
"32940",-27783.376300594,"NRI_P047",100
"32941",-10350.039220594,"NRI_P047",25
"32942",-15441.782840594,"NRI_P047",50
"32943",-29609.665580594,"NRI_P047",100
"32944",-11029.024820594,"NRI_P047",25
"32945",-23738.629360594,"NRI_P047",50
"32946",-31085.683450594,"NRI_P047",100
"32947",-2884.879310594,"NRI_P047",25
"32948",-30133.454100594,"NRI_P047",50
"32949",-26889.167710594,"NRI_P047",100
"32950",-6845.01202059397,"NRI_P047",25
"32951",-24357.101350594,"NRI_P047",50
"32952",-16642.239670594,"NRI_P047",100
"32953",7773.93216940598,"NRI_P047",25
"32954",-20455.488000594,"NRI_P047",50
"32955",-23515.147480594,"NRI_P047",100
"32956",4634.00645940599,"NRI_P047",25
"32957",-16045.805360594,"NRI_P047",50
"32958",-35763.648080594,"NRI_P047",100
"32959",4844.48629940598,"NRI_P047",25
"32960",-888.50390059402,"NRI_P047",50
"32961",-25996.935470594,"NRI_P047",100
"32962",-2041.08694059402,"NRI_P047",25
"32963",-13006.894920594,"NRI_P047",50
"32964",-21868.414060594,"NRI_P047",100
"32965",44.4386194060207,"NRI_P047",25
"32966",-18703.687610594,"NRI_P047",50
"32967",-34848.516440594,"NRI_P047",100
"32968",221.017839405977,"NRI_P047",25
"32969",-27381.130630594,"NRI_P047",50
"32970",-30915.489510594,"NRI_P047",100
"32971",-6788.83764059399,"NRI_P047",25
"32972",-17111.364160594,"NRI_P047",50
"32973",-20467.322840594,"NRI_P047",100
"32974",15635.931319406,"NRI_P047",25
"32975",-20346.021170594,"NRI_P047",50
"32976",-24142.531490594,"NRI_P047",100
"32977",-19109.894250594,"NRI_P047",25
"32978",-22073.810420594,"NRI_P047",50
"32979",-25894.968980594,"NRI_P047",100
"32980",4437.799199406,"NRI_P047",25
"32981",-2331.00953059399,"NRI_P047",50
"32982",-41979.501380594,"NRI_P047",100
"32983",-9012.34440059401,"NRI_P047",25
"32984",-19606.500540594,"NRI_P047",50
"32985",-34663.121970594,"NRI_P047",100
"32986",-4877.90192059398,"NRI_P047",25
"32987",-26633.558970594,"NRI_P047",50
"32988",-5875.66445059399,"NRI_P047",100
"32989",7516.11906940601,"NRI_P047",25
"32990",-24854.079990594,"NRI_P047",50
"32991",-29325.922130594,"NRI_P047",100
"32992",-15933.022290594,"NRI_P047",25
"32993",369.673269406019,"NRI_P047",50
"32994",-25569.835860594,"NRI_P047",100
"32995",-4235.34058059403,"NRI_P047",25
"32996",3353.63654940599,"NRI_P047",50
"32997",-39215.386840594,"NRI_P047",100
"32998",-15021.333970594,"NRI_P047",25
"32999",-6540.51523059397,"NRI_P047",50
"33000",-6092.827420594,"NRI_P047",100
"33001",-2906.977087443,"NRI_P048",25
"33002",14290.713772557,"NRI_P048",50
"33003",35015.046472557,"NRI_P048",100
"33004",-1248.440487443,"NRI_P048",25
"33005",2513.403912557,"NRI_P048",50
"33006",19758.014882557,"NRI_P048",100
"33007",-118.945667442982,"NRI_P048",25
"33008",12066.436302557,"NRI_P048",50
"33009",1927.72032255703,"NRI_P048",100
"33010",798.470292557031,"NRI_P048",25
"33011",2255.50713255699,"NRI_P048",50
"33012",4085.79656255699,"NRI_P048",100
"33013",4651.579212557,"NRI_P048",25
"33014",7986.39865255699,"NRI_P048",50
"33015",11349.684912557,"NRI_P048",100
"33016",1199.76013255701,"NRI_P048",25
"33017",5288.97482255701,"NRI_P048",50
"33018",22688.504292557,"NRI_P048",100
"33019",3530.63026255701,"NRI_P048",25
"33020",8813.748832557,"NRI_P048",50
"33021",20274.153262557,"NRI_P048",100
"33022",1801.40588255704,"NRI_P048",25
"33023",9871.82232255698,"NRI_P048",50
"33024",9814.26218255702,"NRI_P048",100
"33025",-1253.11890744301,"NRI_P048",25
"33026",3110.667412557,"NRI_P048",50
"33027",19461.202492557,"NRI_P048",100
"33028",12270.210602557,"NRI_P048",25
"33029",13837.488052557,"NRI_P048",50
"33030",5526.92047255702,"NRI_P048",100
"33031",3397.66921255703,"NRI_P048",25
"33032",4049.012722557,"NRI_P048",50
"33033",25503.803112557,"NRI_P048",100
"33034",12861.974362557,"NRI_P048",25
"33035",-1859.96798744297,"NRI_P048",50
"33036",26969.389652557,"NRI_P048",100
"33037",8704.681722557,"NRI_P048",25
"33038",15846.055282557,"NRI_P048",50
"33039",5838.31666255702,"NRI_P048",100
"33040",-3356.15480744297,"NRI_P048",25
"33041",-3428.81454744301,"NRI_P048",50
"33042",23045.197182557,"NRI_P048",100
"33043",7915.62129255699,"NRI_P048",25
"33044",2980.20283255703,"NRI_P048",50
"33045",14937.897632557,"NRI_P048",100
"33046",4964.35349255701,"NRI_P048",25
"33047",6027.071292557,"NRI_P048",50
"33048",35516.534532557,"NRI_P048",100
"33049",2864.79318255698,"NRI_P048",25
"33050",438.92713255703,"NRI_P048",50
"33051",19586.497032557,"NRI_P048",100
"33052",-2037.96395744302,"NRI_P048",25
"33053",3657.35794255702,"NRI_P048",50
"33054",27778.478012557,"NRI_P048",100
"33055",16426.617972557,"NRI_P048",25
"33056",7103.71123255702,"NRI_P048",50
"33057",26738.200252557,"NRI_P048",100
"33058",5152.67407255701,"NRI_P048",25
"33059",5261.68024255702,"NRI_P048",50
"33060",31229.097692557,"NRI_P048",100
"33061",5774.20922255702,"NRI_P048",25
"33062",4966.69404255704,"NRI_P048",50
"33063",9163.96273255703,"NRI_P048",100
"33064",13085.102822557,"NRI_P048",25
"33065",6069.54884255701,"NRI_P048",50
"33066",5062.44371255703,"NRI_P048",100
"33067",3776.76218255702,"NRI_P048",25
"33068",9638.42995255702,"NRI_P048",50
"33069",37209.866902557,"NRI_P048",100
"33070",2677.935262557,"NRI_P048",25
"33071",1951.389602557,"NRI_P048",50
"33072",35939.147112557,"NRI_P048",100
"33073",12047.793442557,"NRI_P048",25
"33074",11306.903562557,"NRI_P048",50
"33075",9265.60453255702,"NRI_P048",100
"33076",-860.156877442962,"NRI_P048",25
"33077",-1269.553837443,"NRI_P048",50
"33078",-785.727067443018,"NRI_P048",100
"33079",3357.00950255699,"NRI_P048",25
"33080",15638.353392557,"NRI_P048",50
"33081",23997.825932557,"NRI_P048",100
"33082",3092.77764255699,"NRI_P048",25
"33083",3716.52039255702,"NRI_P048",50
"33084",21445.554572557,"NRI_P048",100
"33085",10002.034182557,"NRI_P048",25
"33086",3576.34041255701,"NRI_P048",50
"33087",27871.996272557,"NRI_P048",100
"33088",-1367.88059744297,"NRI_P048",25
"33089",15009.043222557,"NRI_P048",50
"33090",8626.33816255699,"NRI_P048",100
"33091",8796.24199255701,"NRI_P048",25
"33092",15431.227822557,"NRI_P048",50
"33093",17376.110752557,"NRI_P048",100
"33094",12462.478782557,"NRI_P048",25
"33095",10853.107852557,"NRI_P048",50
"33096",18234.407522557,"NRI_P048",100
"33097",-2972.75913744298,"NRI_P048",25
"33098",13128.680672557,"NRI_P048",50
"33099",-5290.38655744301,"NRI_P048",100
"33100",735.130822557025,"NRI_P048",25
"33101",-154.652057442989,"NRI_P048",50
"33102",10332.870732557,"NRI_P048",100
"33103",509.909522556991,"NRI_P048",25
"33104",8108.89985255699,"NRI_P048",50
"33105",15489.876942557,"NRI_P048",100
"33106",7604.63576255704,"NRI_P048",25
"33107",8593.61927255703,"NRI_P048",50
"33108",28273.658652557,"NRI_P048",100
"33109",2685.50968255702,"NRI_P048",25
"33110",10324.242262557,"NRI_P048",50
"33111",22039.308492557,"NRI_P048",100
"33112",6395.69122255698,"NRI_P048",25
"33113",2042.49747255701,"NRI_P048",50
"33114",41474.689352557,"NRI_P048",100
"33115",2693.19859255699,"NRI_P048",25
"33116",9182.15437255701,"NRI_P048",50
"33117",23640.146082557,"NRI_P048",100
"33118",4911.28419255704,"NRI_P048",25
"33119",11599.976882557,"NRI_P048",50
"33120",23413.161692557,"NRI_P048",100
"33121",18499.156902557,"NRI_P048",25
"33122",10590.915902557,"NRI_P048",50
"33123",8999.21042255702,"NRI_P048",100
"33124",11929.251062557,"NRI_P048",25
"33125",1200.02357255702,"NRI_P048",50
"33126",27363.096852557,"NRI_P048",100
"33127",5066.50235255703,"NRI_P048",25
"33128",2280.49142255704,"NRI_P048",50
"33129",-3369.57592744299,"NRI_P048",100
"33130",943.029012557003,"NRI_P048",25
"33131",5552.19430255704,"NRI_P048",50
"33132",28226.500822557,"NRI_P048",100
"33133",659.619032557006,"NRI_P048",25
"33134",15265.861702557,"NRI_P048",50
"33135",16968.082352557,"NRI_P048",100
"33136",7403.02986255701,"NRI_P048",25
"33137",3318.496982557,"NRI_P048",50
"33138",14663.946622557,"NRI_P048",100
"33139",-1256.28139744297,"NRI_P048",25
"33140",8393.83387255704,"NRI_P048",50
"33141",-603.921787442989,"NRI_P048",100
"33142",7606.24472255702,"NRI_P048",25
"33143",11930.690442557,"NRI_P048",50
"33144",11347.311222557,"NRI_P048",100
"33145",1788.71870255703,"NRI_P048",25
"33146",49115.818442557,"NRI_P048",50
"33147",14546.882922557,"NRI_P048",100
"33148",3076.33578255703,"NRI_P048",25
"33149",5169.94352255703,"NRI_P048",50
"33150",43007.703362557,"NRI_P048",100
"33151",-1769.07117744297,"NRI_P048",25
"33152",31415.838052557,"NRI_P048",50
"33153",13366.797362557,"NRI_P048",100
"33154",3494.55496255698,"NRI_P048",25
"33155",4464.51659255702,"NRI_P048",50
"33156",52275.848932557,"NRI_P048",100
"33157",-1790.938897443,"NRI_P048",25
"33158",11981.364382557,"NRI_P048",50
"33159",8905.02643255703,"NRI_P048",100
"33160",876.761872556992,"NRI_P048",25
"33161",6051.21293255698,"NRI_P048",50
"33162",8664.337292557,"NRI_P048",100
"33163",8831.78697255702,"NRI_P048",25
"33164",4702.12518255704,"NRI_P048",50
"33165",30717.507642557,"NRI_P048",100
"33166",17198.063132557,"NRI_P048",25
"33167",8405.45299255702,"NRI_P048",50
"33168",-369.245637442975,"NRI_P048",100
"33169",-1389.067077443,"NRI_P048",25
"33170",8518.13238255703,"NRI_P048",50
"33171",9436.570902557,"NRI_P048",100
"33172",19655.568812557,"NRI_P048",25
"33173",-2958.12941744301,"NRI_P048",50
"33174",25692.939342557,"NRI_P048",100
"33175",5211.96306255698,"NRI_P048",25
"33176",19663.845492557,"NRI_P048",50
"33177",29648.379882557,"NRI_P048",100
"33178",8440.64180255699,"NRI_P048",25
"33179",-1279.72599744296,"NRI_P048",50
"33180",33159.725512557,"NRI_P048",100
"33181",6821.103292557,"NRI_P048",25
"33182",2147.04625255702,"NRI_P048",50
"33183",17967.939492557,"NRI_P048",100
"33184",3152.24940255703,"NRI_P048",25
"33185",12385.970432557,"NRI_P048",50
"33186",4699.59425255703,"NRI_P048",100
"33187",8953.06784255704,"NRI_P048",25
"33188",371.981572557008,"NRI_P048",50
"33189",13317.343912557,"NRI_P048",100
"33190",-3200.46442744299,"NRI_P048",25
"33191",11817.697842557,"NRI_P048",50
"33192",16684.493872557,"NRI_P048",100
"33193",15880.791572557,"NRI_P048",25
"33194",11054.395792557,"NRI_P048",50
"33195",14631.106592557,"NRI_P048",100
"33196",6911.14270255703,"NRI_P048",25
"33197",5262.23305255699,"NRI_P048",50
"33198",33995.300402557,"NRI_P048",100
"33199",12594.580322557,"NRI_P048",25
"33200",28538.865472557,"NRI_P048",50
"33201",15948.712882557,"NRI_P048",100
"33202",2257.74845255702,"NRI_P048",25
"33203",8152.90421255701,"NRI_P048",50
"33204",4735.89309255703,"NRI_P048",100
"33205",1399.16827255703,"NRI_P048",25
"33206",10217.172042557,"NRI_P048",50
"33207",28345.055672557,"NRI_P048",100
"33208",-1056.11739744298,"NRI_P048",25
"33209",18590.803692557,"NRI_P048",50
"33210",10823.047662557,"NRI_P048",100
"33211",2829.433052557,"NRI_P048",25
"33212",-117.339037442987,"NRI_P048",50
"33213",20363.357242557,"NRI_P048",100
"33214",5895.146642557,"NRI_P048",25
"33215",26617.697882557,"NRI_P048",50
"33216",25391.729722557,"NRI_P048",100
"33217",1912.01585255703,"NRI_P048",25
"33218",-2181.45825744298,"NRI_P048",50
"33219",20582.720612557,"NRI_P048",100
"33220",8739.26518255699,"NRI_P048",25
"33221",2507.87158255704,"NRI_P048",50
"33222",-949.674807442992,"NRI_P048",100
"33223",1950.27439255704,"NRI_P048",25
"33224",203.380842557002,"NRI_P048",50
"33225",12417.347242557,"NRI_P048",100
"33226",6022.95574255701,"NRI_P048",25
"33227",2864.66860255704,"NRI_P048",50
"33228",19727.880112557,"NRI_P048",100
"33229",6416.28518255701,"NRI_P048",25
"33230",31619.886632557,"NRI_P048",50
"33231",21940.902812557,"NRI_P048",100
"33232",4916.66768255702,"NRI_P048",25
"33233",12363.802612557,"NRI_P048",50
"33234",7646.973782557,"NRI_P048",100
"33235",2295.09097255702,"NRI_P048",25
"33236",4204.20176255703,"NRI_P048",50
"33237",11764.710502557,"NRI_P048",100
"33238",4679.02806255699,"NRI_P048",25
"33239",-633.840487442969,"NRI_P048",50
"33240",23777.891842557,"NRI_P048",100
"33241",18732.092862557,"NRI_P048",25
"33242",14828.378812557,"NRI_P048",50
"33243",14773.661682557,"NRI_P048",100
"33244",-662.228327443008,"NRI_P048",25
"33245",4940.20660255704,"NRI_P048",50
"33246",18348.901732557,"NRI_P048",100
"33247",10624.703322557,"NRI_P048",25
"33248",10851.933782557,"NRI_P048",50
"33249",12434.298102557,"NRI_P048",100
"33250",-260.619287442998,"NRI_P048",25
"33251",9326.82847255701,"NRI_P048",50
"33252",42239.660342557,"NRI_P048",100
"33253",6899.78606255702,"NRI_P048",25
"33254",21467.931842557,"NRI_P048",50
"33255",1517.04422255699,"NRI_P048",100
"33256",107.971852557035,"NRI_P048",25
"33257",8724.33643255703,"NRI_P048",50
"33258",36134.319122557,"NRI_P048",100
"33259",12783.195302557,"NRI_P048",25
"33260",22637.129472557,"NRI_P048",50
"33261",12344.822122557,"NRI_P048",100
"33262",8988.46477255702,"NRI_P048",25
"33263",227.54234255699,"NRI_P048",50
"33264",34346.713982557,"NRI_P048",100
"33265",-1077.998147443,"NRI_P048",25
"33266",3396.63513255701,"NRI_P048",50
"33267",34486.643062557,"NRI_P048",100
"33268",-1333.18578744301,"NRI_P048",25
"33269",11574.274042557,"NRI_P048",50
"33270",7409.85814255703,"NRI_P048",100
"33271",11319.486912557,"NRI_P048",25
"33272",17333.007952557,"NRI_P048",50
"33273",11490.303962557,"NRI_P048",100
"33274",1934.230042557,"NRI_P048",25
"33275",1488.03104255704,"NRI_P048",50
"33276",12469.353522557,"NRI_P048",100
"33277",4085.35808255704,"NRI_P048",25
"33278",-422.247737443016,"NRI_P048",50
"33279",15306.423832557,"NRI_P048",100
"33280",5529.50002255704,"NRI_P048",25
"33281",2094.433962557,"NRI_P048",50
"33282",28644.830002557,"NRI_P048",100
"33283",-263.098607442982,"NRI_P048",25
"33284",6551.35536255699,"NRI_P048",50
"33285",18023.633982557,"NRI_P048",100
"33286",-3236.33582744299,"NRI_P048",25
"33287",8710.87455255701,"NRI_P048",50
"33288",11419.007272557,"NRI_P048",100
"33289",2251.85761255701,"NRI_P048",25
"33290",-2422.43372744299,"NRI_P048",50
"33291",26453.609282557,"NRI_P048",100
"33292",16260.124662557,"NRI_P048",25
"33293",679.295622556994,"NRI_P048",50
"33294",15136.841662557,"NRI_P048",100
"33295",13596.194572557,"NRI_P048",25
"33296",14275.242082557,"NRI_P048",50
"33297",12173.677282557,"NRI_P048",100
"33298",9748.58631255699,"NRI_P048",25
"33299",19348.095312557,"NRI_P048",50
"33300",20991.524602557,"NRI_P048",100
"33301",-1375.38666931301,"NRI_P049",25
"33302",-13226.799119313,"NRI_P049",50
"33303",-5893.312319313,"NRI_P049",100
"33304",1322.679180687,"NRI_P049",25
"33305",5579.93965068698,"NRI_P049",50
"33306",-9290.90192931303,"NRI_P049",100
"33307",6475.96407068701,"NRI_P049",25
"33308",-5583.17070931301,"NRI_P049",50
"33309",-7583.25762931298,"NRI_P049",100
"33310",198.450230686984,"NRI_P049",25
"33311",-7610.99863931298,"NRI_P049",50
"33312",8384.19976068701,"NRI_P049",100
"33313",-905.120759312995,"NRI_P049",25
"33314",-8124.85526931297,"NRI_P049",50
"33315",-3185.08173931303,"NRI_P049",100
"33316",-173.604849312978,"NRI_P049",25
"33317",-11407.073869313,"NRI_P049",50
"33318",-5853.08138931298,"NRI_P049",100
"33319",-3137.04612931301,"NRI_P049",25
"33320",-750.795209312986,"NRI_P049",50
"33321",-2074.46011931298,"NRI_P049",100
"33322",5199.64882068697,"NRI_P049",25
"33323",2258.14863068698,"NRI_P049",50
"33324",-3374.419989313,"NRI_P049",100
"33325",2980.30500068702,"NRI_P049",25
"33326",-20.5407893129741,"NRI_P049",50
"33327",-500.699849313009,"NRI_P049",100
"33328",2324.12738068699,"NRI_P049",25
"33329",-6148.28675931302,"NRI_P049",50
"33330",6994.08553068701,"NRI_P049",100
"33331",2878.47020068701,"NRI_P049",25
"33332",-11759.803549313,"NRI_P049",50
"33333",-6230.04012931301,"NRI_P049",100
"33334",-1064.58755931299,"NRI_P049",25
"33335",-11436.036839313,"NRI_P049",50
"33336",-10866.621059313,"NRI_P049",100
"33337",5264.462570687,"NRI_P049",25
"33338",-11851.738429313,"NRI_P049",50
"33339",-875.983419312979,"NRI_P049",100
"33340",-7857.186019313,"NRI_P049",25
"33341",-4918.956659313,"NRI_P049",50
"33342",2151.66660068702,"NRI_P049",100
"33343",974.825230686984,"NRI_P049",25
"33344",387.018270687026,"NRI_P049",50
"33345",-5629.98880931298,"NRI_P049",100
"33346",-9318.92974931299,"NRI_P049",25
"33347",-4899.55777931301,"NRI_P049",50
"33348",-8888.82260931301,"NRI_P049",100
"33349",36.7342306870269,"NRI_P049",25
"33350",-14892.259439313,"NRI_P049",50
"33351",-12640.925309313,"NRI_P049",100
"33352",-11828.221819313,"NRI_P049",25
"33353",-2654.44843931298,"NRI_P049",50
"33354",-19264.637039313,"NRI_P049",100
"33355",-15003.979989313,"NRI_P049",25
"33356",54.7172106869984,"NRI_P049",50
"33357",-8450.39768931299,"NRI_P049",100
"33358",-54.0349993130076,"NRI_P049",25
"33359",-3642.57047931303,"NRI_P049",50
"33360",-13122.473359313,"NRI_P049",100
"33361",-3345.14011931303,"NRI_P049",25
"33362",-9526.73106931301,"NRI_P049",50
"33363",-1137.054889313,"NRI_P049",100
"33364",-2631.18787931302,"NRI_P049",25
"33365",-2743.43651931302,"NRI_P049",50
"33366",-10079.622799313,"NRI_P049",100
"33367",-2037.05989931303,"NRI_P049",25
"33368",-5169.60996931302,"NRI_P049",50
"33369",-4203.97747931298,"NRI_P049",100
"33370",-1505.39196931303,"NRI_P049",25
"33371",1061.58041068702,"NRI_P049",50
"33372",-11313.212089313,"NRI_P049",100
"33373",-4572.10553931299,"NRI_P049",25
"33374",-9815.95710931299,"NRI_P049",50
"33375",671.554550687026,"NRI_P049",100
"33376",1696.00399068702,"NRI_P049",25
"33377",-781.836529313005,"NRI_P049",50
"33378",3919.51604068698,"NRI_P049",100
"33379",-512.581539313018,"NRI_P049",25
"33380",-9273.09218931303,"NRI_P049",50
"33381",-8466.87936931301,"NRI_P049",100
"33382",-1202.79621931299,"NRI_P049",25
"33383",-14948.256129313,"NRI_P049",50
"33384",-16140.894419313,"NRI_P049",100
"33385",-1779.05287931301,"NRI_P049",25
"33386",-14169.838999313,"NRI_P049",50
"33387",-6858.92573931301,"NRI_P049",100
"33388",3703.90383068699,"NRI_P049",25
"33389",-12419.537959313,"NRI_P049",50
"33390",-13754.515769313,"NRI_P049",100
"33391",-3349.70129931299,"NRI_P049",25
"33392",-4381.89557931299,"NRI_P049",50
"33393",-13197.689109313,"NRI_P049",100
"33394",-3521.94335931301,"NRI_P049",25
"33395",-13532.036609313,"NRI_P049",50
"33396",-2328.18937931303,"NRI_P049",100
"33397",-3925.45605931303,"NRI_P049",25
"33398",-1387.73567931302,"NRI_P049",50
"33399",-15346.405529313,"NRI_P049",100
"33400",-8952.21866931301,"NRI_P049",25
"33401",-9401.88058931299,"NRI_P049",50
"33402",12753.916490687,"NRI_P049",100
"33403",-1290.84124931303,"NRI_P049",25
"33404",-12025.237359313,"NRI_P049",50
"33405",-10320.263389313,"NRI_P049",100
"33406",-2622.959579313,"NRI_P049",25
"33407",-12960.464919313,"NRI_P049",50
"33408",-9680.80057931301,"NRI_P049",100
"33409",153.57207068702,"NRI_P049",25
"33410",-3959.39573931298,"NRI_P049",50
"33411",-7711.97899931303,"NRI_P049",100
"33412",-1997.384749313,"NRI_P049",25
"33413",7869.38367068698,"NRI_P049",50
"33414",-14460.068189313,"NRI_P049",100
"33415",-6558.07340931299,"NRI_P049",25
"33416",-10361.673569313,"NRI_P049",50
"33417",-2589.92161931301,"NRI_P049",100
"33418",-5342.09435931302,"NRI_P049",25
"33419",-6710.38405931299,"NRI_P049",50
"33420",-4079.689039313,"NRI_P049",100
"33421",8836.41874068702,"NRI_P049",25
"33422",-4493.34260931303,"NRI_P049",50
"33423",-5210.44162931299,"NRI_P049",100
"33424",-4336.410999313,"NRI_P049",25
"33425",-1940.668919313,"NRI_P049",50
"33426",-7353.53117931302,"NRI_P049",100
"33427",-8856.14093931299,"NRI_P049",25
"33428",478.434270686994,"NRI_P049",50
"33429",-12626.368159313,"NRI_P049",100
"33430",2875.85040068702,"NRI_P049",25
"33431",-1723.00615931302,"NRI_P049",50
"33432",-7899.10802931298,"NRI_P049",100
"33433",-2040.35316931299,"NRI_P049",25
"33434",-7296.147309313,"NRI_P049",50
"33435",-11575.549339313,"NRI_P049",100
"33436",-319.095729312976,"NRI_P049",25
"33437",-9873.488589313,"NRI_P049",50
"33438",-14145.883159313,"NRI_P049",100
"33439",933.357000686985,"NRI_P049",25
"33440",-6379.69807931298,"NRI_P049",50
"33441",-10236.104349313,"NRI_P049",100
"33442",-1114.32485931303,"NRI_P049",25
"33443",-16482.376739313,"NRI_P049",50
"33444",-7094.52278931299,"NRI_P049",100
"33445",-2352.60126931302,"NRI_P049",25
"33446",-9734.57119931298,"NRI_P049",50
"33447",-3188.28588931297,"NRI_P049",100
"33448",6166.61442068702,"NRI_P049",25
"33449",-3821.03394931299,"NRI_P049",50
"33450",-10116.397699313,"NRI_P049",100
"33451",-5497.38518931298,"NRI_P049",25
"33452",-13373.956279313,"NRI_P049",50
"33453",581.627320686996,"NRI_P049",100
"33454",-600.10105931299,"NRI_P049",25
"33455",-1032.54924931302,"NRI_P049",50
"33456",-6432.341359313,"NRI_P049",100
"33457",-2411.65495931299,"NRI_P049",25
"33458",-2856.89432931301,"NRI_P049",50
"33459",-10674.480289313,"NRI_P049",100
"33460",-476.878659313021,"NRI_P049",25
"33461",4015.99123068701,"NRI_P049",50
"33462",-12284.937549313,"NRI_P049",100
"33463",5317.42057068698,"NRI_P049",25
"33464",-6842.90465931298,"NRI_P049",50
"33465",-1934.21993931301,"NRI_P049",100
"33466",-792.68586931302,"NRI_P049",25
"33467",-10628.562709313,"NRI_P049",50
"33468",-13028.652399313,"NRI_P049",100
"33469",-1895.22652931302,"NRI_P049",25
"33470",960.532910686976,"NRI_P049",50
"33471",2528.03258068702,"NRI_P049",100
"33472",400.279130687006,"NRI_P049",25
"33473",16461.266070687,"NRI_P049",50
"33474",3015.454200687,"NRI_P049",100
"33475",655.655000686995,"NRI_P049",25
"33476",-8677.70622931299,"NRI_P049",50
"33477",-13953.038109313,"NRI_P049",100
"33478",-7207.85730931303,"NRI_P049",25
"33479",-12076.994029313,"NRI_P049",50
"33480",-16513.371579313,"NRI_P049",100
"33481",-1693.749399313,"NRI_P049",25
"33482",-4150.784509313,"NRI_P049",50
"33483",-9125.64472931297,"NRI_P049",100
"33484",-6571.902339313,"NRI_P049",25
"33485",-13261.898329313,"NRI_P049",50
"33486",-5903.07953931298,"NRI_P049",100
"33487",-9134.578479313,"NRI_P049",25
"33488",-5875.37491931301,"NRI_P049",50
"33489",-9076.70557931298,"NRI_P049",100
"33490",5046.73302068701,"NRI_P049",25
"33491",5388.52849068702,"NRI_P049",50
"33492",-18857.285299313,"NRI_P049",100
"33493",-10092.693719313,"NRI_P049",25
"33494",3390.11093068699,"NRI_P049",50
"33495",-14338.400469313,"NRI_P049",100
"33496",-2070.90309931303,"NRI_P049",25
"33497",390.178610686969,"NRI_P049",50
"33498",-14422.183439313,"NRI_P049",100
"33499",1784.86231068702,"NRI_P049",25
"33500",-9998.78328931303,"NRI_P049",50
"33501",-13275.315769313,"NRI_P049",100
"33502",13269.870730687,"NRI_P049",25
"33503",-9948.54306931299,"NRI_P049",50
"33504",-3702.25113931298,"NRI_P049",100
"33505",-1826.17648931302,"NRI_P049",25
"33506",3404.45195068698,"NRI_P049",50
"33507",-13389.173109313,"NRI_P049",100
"33508",5292.03861068701,"NRI_P049",25
"33509",6270.72707068699,"NRI_P049",50
"33510",-13069.836209313,"NRI_P049",100
"33511",1068.50757068698,"NRI_P049",25
"33512",-9578.930469313,"NRI_P049",50
"33513",-2363.77701931301,"NRI_P049",100
"33514",-2758.84183931298,"NRI_P049",25
"33515",-13807.518309313,"NRI_P049",50
"33516",-8260.745049313,"NRI_P049",100
"33517",-162.50168931298,"NRI_P049",25
"33518",-6555.67560931301,"NRI_P049",50
"33519",-6961.36207931302,"NRI_P049",100
"33520",526.257120686991,"NRI_P049",25
"33521",-4542.15952931298,"NRI_P049",50
"33522",-10951.832839313,"NRI_P049",100
"33523",-4412.11792931298,"NRI_P049",25
"33524",4581.23846068699,"NRI_P049",50
"33525",-14330.959239313,"NRI_P049",100
"33526",-6574.34205931303,"NRI_P049",25
"33527",-4824.88556931302,"NRI_P049",50
"33528",-5488.22538931301,"NRI_P049",100
"33529",7995.76070068701,"NRI_P049",25
"33530",-9969.16265931301,"NRI_P049",50
"33531",-9032.725969313,"NRI_P049",100
"33532",5345.44715068699,"NRI_P049",25
"33533",-10862.948919313,"NRI_P049",50
"33534",-492.461429313,"NRI_P049",100
"33535",4084.21895068698,"NRI_P049",25
"33536",1581.18873068702,"NRI_P049",50
"33537",11775.764780687,"NRI_P049",100
"33538",-10666.882189313,"NRI_P049",25
"33539",-4373.72708931298,"NRI_P049",50
"33540",-9877.097979313,"NRI_P049",100
"33541",-3308.88018931303,"NRI_P049",25
"33542",4325.50685068697,"NRI_P049",50
"33543",-6184.24638931302,"NRI_P049",100
"33544",-2918.29324931302,"NRI_P049",25
"33545",-6134.38543931302,"NRI_P049",50
"33546",-8854.62724931299,"NRI_P049",100
"33547",-9211.43833931303,"NRI_P049",25
"33548",-1662.98674931302,"NRI_P049",50
"33549",-14677.150069313,"NRI_P049",100
"33550",-1448.15113931301,"NRI_P049",25
"33551",-4955.833509313,"NRI_P049",50
"33552",-9545.38871931302,"NRI_P049",100
"33553",-2899.68061931297,"NRI_P049",25
"33554",14626.622650687,"NRI_P049",50
"33555",-17438.525419313,"NRI_P049",100
"33556",7095.62977068702,"NRI_P049",25
"33557",-9824.86792931298,"NRI_P049",50
"33558",-6894.81667931302,"NRI_P049",100
"33559",896.406140687002,"NRI_P049",25
"33560",-1204.260689313,"NRI_P049",50
"33561",-15132.579779313,"NRI_P049",100
"33562",-46.2558893130044,"NRI_P049",25
"33563",-11446.266549313,"NRI_P049",50
"33564",-2718.98611931299,"NRI_P049",100
"33565",693.038530686987,"NRI_P049",25
"33566",366.761010686983,"NRI_P049",50
"33567",-5737.93555931299,"NRI_P049",100
"33568",-27.8599593130057,"NRI_P049",25
"33569",-13692.166189313,"NRI_P049",50
"33570",23555.557720687,"NRI_P049",100
"33571",-3258.75942931301,"NRI_P049",25
"33572",-12133.726079313,"NRI_P049",50
"33573",-10000.692969313,"NRI_P049",100
"33574",897.666860687023,"NRI_P049",25
"33575",-4361.357069313,"NRI_P049",50
"33576",-10885.871689313,"NRI_P049",100
"33577",-1142.06243931298,"NRI_P049",25
"33578",-117.580669313029,"NRI_P049",50
"33579",-9370.64987931302,"NRI_P049",100
"33580",366.465690687008,"NRI_P049",25
"33581",-443.106209312973,"NRI_P049",50
"33582",-12920.199349313,"NRI_P049",100
"33583",-2161.02675931301,"NRI_P049",25
"33584",-7677.40511931299,"NRI_P049",50
"33585",-7861.34267931298,"NRI_P049",100
"33586",-238.120689312986,"NRI_P049",25
"33587",-12457.207009313,"NRI_P049",50
"33588",-10157.919789313,"NRI_P049",100
"33589",-6018.272209313,"NRI_P049",25
"33590",1281.87146068702,"NRI_P049",50
"33591",-3336.59113931301,"NRI_P049",100
"33592",-3246.25185931299,"NRI_P049",25
"33593",-5901.05788931303,"NRI_P049",50
"33594",-9994.54438931303,"NRI_P049",100
"33595",-8016.42693931301,"NRI_P049",25
"33596",-5197.29741931299,"NRI_P049",50
"33597",-11670.866289313,"NRI_P049",100
"33598",-1347.66436931299,"NRI_P049",25
"33599",-4241.96650931297,"NRI_P049",50
"33600",-14319.098879313,"NRI_P049",100
"33601",-391.150346697017,"NRI_P050",25
"33602",2288.775283303,"NRI_P050",50
"33603",-60.6509266970097,"NRI_P050",100
"33604",-1701.02336669702,"NRI_P050",25
"33605",-1959.821856697,"NRI_P050",50
"33606",-1006.40589669702,"NRI_P050",100
"33607",-2812.89713669702,"NRI_P050",25
"33608",-305.202846697008,"NRI_P050",50
"33609",-1789.921606697,"NRI_P050",100
"33610",522.507993302977,"NRI_P050",25
"33611",413.84086330299,"NRI_P050",50
"33612",-3930.55818669702,"NRI_P050",100
"33613",-2086.48163669702,"NRI_P050",25
"33614",2748.790393303,"NRI_P050",50
"33615",964.412713302998,"NRI_P050",100
"33616",-1218.47950669701,"NRI_P050",25
"33617",-2511.24801669701,"NRI_P050",50
"33618",-4118.182156697,"NRI_P050",100
"33619",-806.482746697002,"NRI_P050",25
"33620",-1158.76935669701,"NRI_P050",50
"33621",-5243.80042669701,"NRI_P050",100
"33622",-1192.855556697,"NRI_P050",25
"33623",-1409.44739669701,"NRI_P050",50
"33624",-2731.59675669702,"NRI_P050",100
"33625",-694.205536697002,"NRI_P050",25
"33626",-2605.953896697,"NRI_P050",50
"33627",1047.20554330299,"NRI_P050",100
"33628",1408.84016330299,"NRI_P050",25
"33629",-3125.82389669699,"NRI_P050",50
"33630",2689.17985330298,"NRI_P050",100
"33631",1423.576963303,"NRI_P050",25
"33632",404.926213302999,"NRI_P050",50
"33633",1389.075063303,"NRI_P050",100
"33634",-949.684196696995,"NRI_P050",25
"33635",-1615.54439669702,"NRI_P050",50
"33636",-1453.672696697,"NRI_P050",100
"33637",-259.509566697001,"NRI_P050",25
"33638",-1317.12607669702,"NRI_P050",50
"33639",-4874.32919669701,"NRI_P050",100
"33640",-1721.692346697,"NRI_P050",25
"33641",-702.072486696998,"NRI_P050",50
"33642",-4336.343306697,"NRI_P050",100
"33643",247.95653330299,"NRI_P050",25
"33644",-1590.53743669702,"NRI_P050",50
"33645",-3096.945786697,"NRI_P050",100
"33646",-896.466126697022,"NRI_P050",25
"33647",-3311.781146697,"NRI_P050",50
"33648",2090.42598330299,"NRI_P050",100
"33649",-951.378486697009,"NRI_P050",25
"33650",-2371.26513669701,"NRI_P050",50
"33651",1346.16473330298,"NRI_P050",100
"33652",1783.414923303,"NRI_P050",25
"33653",-507.824766697013,"NRI_P050",50
"33654",347.288053302997,"NRI_P050",100
"33655",-473.920096697024,"NRI_P050",25
"33656",-1897.02685669702,"NRI_P050",50
"33657",52.6181233029929,"NRI_P050",100
"33658",3044.70309330299,"NRI_P050",25
"33659",-3245.32299669701,"NRI_P050",50
"33660",-3739.79817669702,"NRI_P050",100
"33661",-442.046136696998,"NRI_P050",25
"33662",710.203603303002,"NRI_P050",50
"33663",1032.57917330298,"NRI_P050",100
"33664",-326.301216697,"NRI_P050",25
"33665",-1502.944646697,"NRI_P050",50
"33666",-878.802636697015,"NRI_P050",100
"33667",371.305623302993,"NRI_P050",25
"33668",-2231.322406697,"NRI_P050",50
"33669",-1893.188676697,"NRI_P050",100
"33670",3269.29247330298,"NRI_P050",25
"33671",-1755.109236697,"NRI_P050",50
"33672",-4458.961246697,"NRI_P050",100
"33673",-749.023466697021,"NRI_P050",25
"33674",-1676.328376697,"NRI_P050",50
"33675",-929.588996697013,"NRI_P050",100
"33676",947.830783302983,"NRI_P050",25
"33677",-2875.028776697,"NRI_P050",50
"33678",-4392.84126669701,"NRI_P050",100
"33679",445.886963302997,"NRI_P050",25
"33680",-1207.02096669702,"NRI_P050",50
"33681",-866.618496697018,"NRI_P050",100
"33682",2796.75514330299,"NRI_P050",25
"33683",-3215.15181669701,"NRI_P050",50
"33684",-1373.900046697,"NRI_P050",100
"33685",-276.771806697012,"NRI_P050",25
"33686",-1554.07757669702,"NRI_P050",50
"33687",-477.193626697001,"NRI_P050",100
"33688",457.715883302997,"NRI_P050",25
"33689",-3345.62527669701,"NRI_P050",50
"33690",-3069.75261669702,"NRI_P050",100
"33691",-1156.057996697,"NRI_P050",25
"33692",-3732.28454669702,"NRI_P050",50
"33693",-1337.45291669702,"NRI_P050",100
"33694",-992.036486697005,"NRI_P050",25
"33695",-2207.33774669701,"NRI_P050",50
"33696",-1483.28827669701,"NRI_P050",100
"33697",3462.79707330299,"NRI_P050",25
"33698",-68.0801366970118,"NRI_P050",50
"33699",-4729.250866697,"NRI_P050",100
"33700",-1071.42855669701,"NRI_P050",25
"33701",-1765.86812669702,"NRI_P050",50
"33702",-5036.51541669702,"NRI_P050",100
"33703",-2542.06705669701,"NRI_P050",25
"33704",3318.85905330299,"NRI_P050",50
"33705",-4131.92450669702,"NRI_P050",100
"33706",255.631293302984,"NRI_P050",25
"33707",2433.10793330299,"NRI_P050",50
"33708",-5042.76893669702,"NRI_P050",100
"33709",-649.632506697002,"NRI_P050",25
"33710",-1087.859836697,"NRI_P050",50
"33711",-2062.12573669699,"NRI_P050",100
"33712",392.703163302998,"NRI_P050",25
"33713",1999.72765330298,"NRI_P050",50
"33714",-2952.66317669701,"NRI_P050",100
"33715",-1335.16166669701,"NRI_P050",25
"33716",4176.39672330298,"NRI_P050",50
"33717",794.672663303005,"NRI_P050",100
"33718",62.8078633029945,"NRI_P050",25
"33719",-2022.65128669702,"NRI_P050",50
"33720",-522.675796697004,"NRI_P050",100
"33721",3800.52278330299,"NRI_P050",25
"33722",2560.72426330298,"NRI_P050",50
"33723",-1007.72397669702,"NRI_P050",100
"33724",-674.880766696995,"NRI_P050",25
"33725",-795.209406697017,"NRI_P050",50
"33726",-831.092856697011,"NRI_P050",100
"33727",-2862.795586697,"NRI_P050",25
"33728",-1776.18874669701,"NRI_P050",50
"33729",-5141.47353669701,"NRI_P050",100
"33730",1076.56814330298,"NRI_P050",25
"33731",-1204.12521669702,"NRI_P050",50
"33732",-2092.02273669702,"NRI_P050",100
"33733",-1148.67948669702,"NRI_P050",25
"33734",-1555.586846697,"NRI_P050",50
"33735",-2563.13222669702,"NRI_P050",100
"33736",-2094.78686669702,"NRI_P050",25
"33737",757.379053302982,"NRI_P050",50
"33738",-364.935796697013,"NRI_P050",100
"33739",-1429.712546697,"NRI_P050",25
"33740",-2510.40264669701,"NRI_P050",50
"33741",-3270.07951669701,"NRI_P050",100
"33742",-1065.89083669701,"NRI_P050",25
"33743",-1582.207906697,"NRI_P050",50
"33744",-4580.56241669701,"NRI_P050",100
"33745",562.83179330299,"NRI_P050",25
"33746",403.914163302979,"NRI_P050",50
"33747",-3390.42406669701,"NRI_P050",100
"33748",-949.412476697005,"NRI_P050",25
"33749",-3282.55901669702,"NRI_P050",50
"33750",-3231.02427669702,"NRI_P050",100
"33751",2712.65177330299,"NRI_P050",25
"33752",-2959.16131669702,"NRI_P050",50
"33753",-3843.352196697,"NRI_P050",100
"33754",-643.745556697017,"NRI_P050",25
"33755",-1084.029346697,"NRI_P050",50
"33756",-3393.59850669702,"NRI_P050",100
"33757",1483.270273303,"NRI_P050",25
"33758",-4621.06261669702,"NRI_P050",50
"33759",-3346.06467669702,"NRI_P050",100
"33760",6851.737543303,"NRI_P050",25
"33761",2904.10254330299,"NRI_P050",50
"33762",-3140.62438669702,"NRI_P050",100
"33763",-2083.559246697,"NRI_P050",25
"33764",3958.85111330298,"NRI_P050",50
"33765",-3171.63679669701,"NRI_P050",100
"33766",-973.000636697019,"NRI_P050",25
"33767",1415.93678330298,"NRI_P050",50
"33768",-3723.212936697,"NRI_P050",100
"33769",-1035.169256697,"NRI_P050",25
"33770",870.209683302994,"NRI_P050",50
"33771",-4843.340416697,"NRI_P050",100
"33772",-716.576676697005,"NRI_P050",25
"33773",-3513.560856697,"NRI_P050",50
"33774",-1848.77657669701,"NRI_P050",100
"33775",580.621303302993,"NRI_P050",25
"33776",-937.467206697009,"NRI_P050",50
"33777",2605.31491330298,"NRI_P050",100
"33778",158.141923302988,"NRI_P050",25
"33779",4373.16116330298,"NRI_P050",50
"33780",-586.154706697009,"NRI_P050",100
"33781",822.089453302993,"NRI_P050",25
"33782",-3728.14594669701,"NRI_P050",50
"33783",-5387.294126697,"NRI_P050",100
"33784",-574.444616697001,"NRI_P050",25
"33785",-4749.751146697,"NRI_P050",50
"33786",-3864.331606697,"NRI_P050",100
"33787",-3817.571466697,"NRI_P050",25
"33788",4692.114153303,"NRI_P050",50
"33789",307.396973302995,"NRI_P050",100
"33790",2173.512953303,"NRI_P050",25
"33791",-1213.03381669702,"NRI_P050",50
"33792",-2700.66327669701,"NRI_P050",100
"33793",1254.36369330299,"NRI_P050",25
"33794",-3244.289466697,"NRI_P050",50
"33795",-3753.38645669702,"NRI_P050",100
"33796",-1794.47431669701,"NRI_P050",25
"33797",-659.603866696998,"NRI_P050",50
"33798",-3247.975266697,"NRI_P050",100
"33799",-234.388526697003,"NRI_P050",25
"33800",-3786.24686669701,"NRI_P050",50
"33801",-1188.22374669701,"NRI_P050",100
"33802",-451.075686697004,"NRI_P050",25
"33803",3999.72721330298,"NRI_P050",50
"33804",85.3687833029835,"NRI_P050",100
"33805",-835.789476697013,"NRI_P050",25
"33806",-1136.98262669702,"NRI_P050",50
"33807",936.878043303004,"NRI_P050",100
"33808",182.12827330298,"NRI_P050",25
"33809",-720.518886697013,"NRI_P050",50
"33810",2394.452823303,"NRI_P050",100
"33811",-542.485556697007,"NRI_P050",25
"33812",-831.624556697003,"NRI_P050",50
"33813",-409.126706697018,"NRI_P050",100
"33814",243.784183302982,"NRI_P050",25
"33815",1258.55675330298,"NRI_P050",50
"33816",1536.173473303,"NRI_P050",100
"33817",-1984.80844669702,"NRI_P050",25
"33818",512.630953302985,"NRI_P050",50
"33819",1791.57765330299,"NRI_P050",100
"33820",-970.401946697006,"NRI_P050",25
"33821",-2717.70353669702,"NRI_P050",50
"33822",-700.095286697004,"NRI_P050",100
"33823",-728.303916697012,"NRI_P050",25
"33824",-4005.73294669701,"NRI_P050",50
"33825",-60.1752966970089,"NRI_P050",100
"33826",814.742623302998,"NRI_P050",25
"33827",-2537.56065669702,"NRI_P050",50
"33828",1193.57372330298,"NRI_P050",100
"33829",1041.96047330298,"NRI_P050",25
"33830",-2820.05135669702,"NRI_P050",50
"33831",-234.924916696997,"NRI_P050",100
"33832",-341.751146697003,"NRI_P050",25
"33833",-2186.69647669702,"NRI_P050",50
"33834",-3375.68483669701,"NRI_P050",100
"33835",2662.45757330299,"NRI_P050",25
"33836",6966.01447330299,"NRI_P050",50
"33837",12.5068333029922,"NRI_P050",100
"33838",-888.651656697009,"NRI_P050",25
"33839",-263.56293669701,"NRI_P050",50
"33840",-3877.161416697,"NRI_P050",100
"33841",-119.315926697018,"NRI_P050",25
"33842",-2576.07990669701,"NRI_P050",50
"33843",-1863.642436697,"NRI_P050",100
"33844",-1117.230246697,"NRI_P050",25
"33845",-565.29955669702,"NRI_P050",50
"33846",2275.660443303,"NRI_P050",100
"33847",219.128173303005,"NRI_P050",25
"33848",-1337.833796697,"NRI_P050",50
"33849",-1845.02735669701,"NRI_P050",100
"33850",-518.032286697009,"NRI_P050",25
"33851",-1686.16415669702,"NRI_P050",50
"33852",239.220403302985,"NRI_P050",100
"33853",2715.18143330299,"NRI_P050",25
"33854",-3053.090936697,"NRI_P050",50
"33855",-1824.733376697,"NRI_P050",100
"33856",435.505613302987,"NRI_P050",25
"33857",-5917.380086697,"NRI_P050",50
"33858",-3690.53522669701,"NRI_P050",100
"33859",-949.204316696996,"NRI_P050",25
"33860",-835.188666697009,"NRI_P050",50
"33861",-3229.613486697,"NRI_P050",100
"33862",-1399.46813669702,"NRI_P050",25
"33863",-2367.09615669702,"NRI_P050",50
"33864",-118.510566697019,"NRI_P050",100
"33865",-1739.33566669701,"NRI_P050",25
"33866",-4216.952516697,"NRI_P050",50
"33867",-3356.88484669701,"NRI_P050",100
"33868",-1782.775806697,"NRI_P050",25
"33869",-4225.543576697,"NRI_P050",50
"33870",-3410.95792669701,"NRI_P050",100
"33871",-1518.99195669702,"NRI_P050",25
"33872",-1777.85728669702,"NRI_P050",50
"33873",-3390.48310669701,"NRI_P050",100
"33874",4269.18608330298,"NRI_P050",25
"33875",-2216.533936697,"NRI_P050",50
"33876",327.139733302989,"NRI_P050",100
"33877",-2231.779766697,"NRI_P050",25
"33878",-1945.95193669701,"NRI_P050",50
"33879",-4227.839946697,"NRI_P050",100
"33880",171.731983303005,"NRI_P050",25
"33881",4499.425013303,"NRI_P050",50
"33882",-919.213196697005,"NRI_P050",100
"33883",1983.982013303,"NRI_P050",25
"33884",-685.107766697009,"NRI_P050",50
"33885",-4441.536206697,"NRI_P050",100
"33886",-1748.324776697,"NRI_P050",25
"33887",-1009.307006697,"NRI_P050",50
"33888",-4344.24005669702,"NRI_P050",100
"33889",-1408.19515669701,"NRI_P050",25
"33890",0.216073302988661,"NRI_P050",50
"33891",-282.77870669702,"NRI_P050",100
"33892",-1200.526976697,"NRI_P050",25
"33893",-450.734626696998,"NRI_P050",50
"33894",-4599.56030669701,"NRI_P050",100
"33895",387.595463303005,"NRI_P050",25
"33896",-3571.33010669702,"NRI_P050",50
"33897",-2519.735116697,"NRI_P050",100
"33898",371.375183302996,"NRI_P050",25
"33899",-3157.23862669701,"NRI_P050",50
"33900",-2068.34998669702,"NRI_P050",100
"33901",-8007.47663894101,"NRI_P051",25
"33902",-8880.247078941,"NRI_P051",50
"33903",-8765.425168941,"NRI_P051",100
"33904",-7783.055378941,"NRI_P051",25
"33905",-13514.690328941,"NRI_P051",50
"33906",-7370.911378941,"NRI_P051",100
"33907",-2593.268218941,"NRI_P051",25
"33908",-2822.41087894101,"NRI_P051",50
"33909",-4405.115068941,"NRI_P051",100
"33910",-47.9010289410071,"NRI_P051",25
"33911",-2578.65133894101,"NRI_P051",50
"33912",-8005.98535894099,"NRI_P051",100
"33913",1446.27808105899,"NRI_P051",25
"33914",-2194.58379894099,"NRI_P051",50
"33915",-12085.908338941,"NRI_P051",100
"33916",-9236.338948941,"NRI_P051",25
"33917",-4040.34334894101,"NRI_P051",50
"33918",-13663.168288941,"NRI_P051",100
"33919",-8497.80174894101,"NRI_P051",25
"33920",2805.82505105899,"NRI_P051",50
"33921",-11566.375028941,"NRI_P051",100
"33922",7711.22877105899,"NRI_P051",25
"33923",-14017.476068941,"NRI_P051",50
"33924",-11623.527488941,"NRI_P051",100
"33925",14.1989210589963,"NRI_P051",25
"33926",1129.81499105899,"NRI_P051",50
"33927",-12000.489248941,"NRI_P051",100
"33928",47.4271210590086,"NRI_P051",25
"33929",283.497701059008,"NRI_P051",50
"33930",-12404.613268941,"NRI_P051",100
"33931",-3073.325578941,"NRI_P051",25
"33932",-9954.843568941,"NRI_P051",50
"33933",-13444.821338941,"NRI_P051",100
"33934",-11280.221018941,"NRI_P051",25
"33935",-10916.082018941,"NRI_P051",50
"33936",-13830.184588941,"NRI_P051",100
"33937",7603.01195105902,"NRI_P051",25
"33938",-13173.468598941,"NRI_P051",50
"33939",-11536.508368941,"NRI_P051",100
"33940",-2430.37174894099,"NRI_P051",25
"33941",-9510.61350894099,"NRI_P051",50
"33942",-13120.411418941,"NRI_P051",100
"33943",165.889121059008,"NRI_P051",25
"33944",-9365.68005894101,"NRI_P051",50
"33945",-8594.706918941,"NRI_P051",100
"33946",10213.122021059,"NRI_P051",25
"33947",5968.55860105899,"NRI_P051",50
"33948",-12681.866658941,"NRI_P051",100
"33949",-76.2874489410024,"NRI_P051",25
"33950",-6123.87299894099,"NRI_P051",50
"33951",-13711.511458941,"NRI_P051",100
"33952",-2598.70820894101,"NRI_P051",25
"33953",-8906.77057894101,"NRI_P051",50
"33954",712.101941058994,"NRI_P051",100
"33955",37.0565010590071,"NRI_P051",25
"33956",-7886.94706894099,"NRI_P051",50
"33957",-13457.256998941,"NRI_P051",100
"33958",-1593.04635894101,"NRI_P051",25
"33959",-2507.99669894102,"NRI_P051",50
"33960",-12961.604758941,"NRI_P051",100
"33961",-7750.367778941,"NRI_P051",25
"33962",12672.598351059,"NRI_P051",50
"33963",-13305.574468941,"NRI_P051",100
"33964",-2130.12464894101,"NRI_P051",25
"33965",-7825.32434894101,"NRI_P051",50
"33966",-8272.23017894101,"NRI_P051",100
"33967",-8230.446908941,"NRI_P051",25
"33968",-2339.838948941,"NRI_P051",50
"33969",-12078.036168941,"NRI_P051",100
"33970",692.149131059006,"NRI_P051",25
"33971",-8113.366268941,"NRI_P051",50
"33972",-1625.79955894101,"NRI_P051",100
"33973",2639.29318105901,"NRI_P051",25
"33974",-13036.141868941,"NRI_P051",50
"33975",-13718.542608941,"NRI_P051",100
"33976",-8057.39515894101,"NRI_P051",25
"33977",-7966.81363894101,"NRI_P051",50
"33978",169.545111059007,"NRI_P051",100
"33979",-8207.180458941,"NRI_P051",25
"33980",-1805.904868941,"NRI_P051",50
"33981",-11882.067618941,"NRI_P051",100
"33982",782.344691058999,"NRI_P051",25
"33983",-11029.211448941,"NRI_P051",50
"33984",-364.997758940997,"NRI_P051",100
"33985",-1695.24508894101,"NRI_P051",25
"33986",1080.03875105901,"NRI_P051",50
"33987",-8956.16968894101,"NRI_P051",100
"33988",-8154.12540894101,"NRI_P051",25
"33989",-3474.79858894099,"NRI_P051",50
"33990",-10563.821438941,"NRI_P051",100
"33991",-6000.30526894101,"NRI_P051",25
"33992",-9473.21765894099,"NRI_P051",50
"33993",-11712.038508941,"NRI_P051",100
"33994",325.566231058998,"NRI_P051",25
"33995",-3103.294618941,"NRI_P051",50
"33996",-7375.272438941,"NRI_P051",100
"33997",176.38885105899,"NRI_P051",25
"33998",571.539431059005,"NRI_P051",50
"33999",-6489.55499894099,"NRI_P051",100
"34000",-567.672228940995,"NRI_P051",25
"34001",-10599.780938941,"NRI_P051",50
"34002",9212.71525105901,"NRI_P051",100
"34003",-2897.92011894099,"NRI_P051",25
"34004",-4510.548028941,"NRI_P051",50
"34005",-12156.533928941,"NRI_P051",100
"34006",68.234461059008,"NRI_P051",25
"34007",-4850.19879894101,"NRI_P051",50
"34008",16562.154921059,"NRI_P051",100
"34009",-7405.00011894101,"NRI_P051",25
"34010",-10130.359028941,"NRI_P051",50
"34011",-10923.565978941,"NRI_P051",100
"34012",1788.83624105901,"NRI_P051",25
"34013",-2213.330298941,"NRI_P051",50
"34014",-12491.217798941,"NRI_P051",100
"34015",1436.818341059,"NRI_P051",25
"34016",-10327.452778941,"NRI_P051",50
"34017",2010.31741105899,"NRI_P051",100
"34018",4358.16109105901,"NRI_P051",25
"34019",-5224.277858941,"NRI_P051",50
"34020",6200.137071059,"NRI_P051",100
"34021",-2961.77492894101,"NRI_P051",25
"34022",-4150.18156894101,"NRI_P051",50
"34023",-11924.545918941,"NRI_P051",100
"34024",-4240.065518941,"NRI_P051",25
"34025",-1871.076648941,"NRI_P051",50
"34026",-12263.957998941,"NRI_P051",100
"34027",-1878.311638941,"NRI_P051",25
"34028",-8168.81755894099,"NRI_P051",50
"34029",-8335.823418941,"NRI_P051",100
"34030",112.294381059008,"NRI_P051",25
"34031",-2559.72182894099,"NRI_P051",50
"34032",-1073.85863894099,"NRI_P051",100
"34033",1173.78827105899,"NRI_P051",25
"34034",-6301.17771894101,"NRI_P051",50
"34035",-12341.128068941,"NRI_P051",100
"34036",-1978.23691894099,"NRI_P051",25
"34037",25.5805910589988,"NRI_P051",50
"34038",-10398.593808941,"NRI_P051",100
"34039",-8102.03928894101,"NRI_P051",25
"34040",-8939.096688941,"NRI_P051",50
"34041",-11660.466328941,"NRI_P051",100
"34042",7721.51803105898,"NRI_P051",25
"34043",-697.173778941011,"NRI_P051",50
"34044",-12837.871708941,"NRI_P051",100
"34045",-2936.175118941,"NRI_P051",25
"34046",467.573381058988,"NRI_P051",50
"34047",-11922.787038941,"NRI_P051",100
"34048",8045.39348105897,"NRI_P051",25
"34049",-4152.87674894099,"NRI_P051",50
"34050",-2359.974458941,"NRI_P051",100
"34051",1823.90928105899,"NRI_P051",25
"34052",-10778.436158941,"NRI_P051",50
"34053",-2419.09258894101,"NRI_P051",100
"34054",535.11435105899,"NRI_P051",25
"34055",-11553.909568941,"NRI_P051",50
"34056",-11938.181598941,"NRI_P051",100
"34057",-1442.566148941,"NRI_P051",25
"34058",-10865.868928941,"NRI_P051",50
"34059",-9720.77744894099,"NRI_P051",100
"34060",-8176.58763894101,"NRI_P051",25
"34061",-9583.15352894101,"NRI_P051",50
"34062",-8725.64664894101,"NRI_P051",100
"34063",-1385.11914894101,"NRI_P051",25
"34064",-3317.47673894101,"NRI_P051",50
"34065",-6456.75769894102,"NRI_P051",100
"34066",-7999.26863894099,"NRI_P051",25
"34067",-2728.202458941,"NRI_P051",50
"34068",-12415.109198941,"NRI_P051",100
"34069",-7847.98405894102,"NRI_P051",25
"34070",-9807.75268894099,"NRI_P051",50
"34071",-11932.147398941,"NRI_P051",100
"34072",-1811.489778941,"NRI_P051",25
"34073",-7771.03180894101,"NRI_P051",50
"34074",-11569.734168941,"NRI_P051",100
"34075",-2624.58078894101,"NRI_P051",25
"34076",-2477.00233894101,"NRI_P051",50
"34077",-2767.429108941,"NRI_P051",100
"34078",-3157.344608941,"NRI_P051",25
"34079",15077.653441059,"NRI_P051",50
"34080",-8991.66861894101,"NRI_P051",100
"34081",-2682.90515894099,"NRI_P051",25
"34082",-11438.037288941,"NRI_P051",50
"34083",-3568.51447894101,"NRI_P051",100
"34084",165.922231058998,"NRI_P051",25
"34085",4206.077361059,"NRI_P051",50
"34086",-13442.012478941,"NRI_P051",100
"34087",-1991.06576894101,"NRI_P051",25
"34088",-7226.784478941,"NRI_P051",50
"34089",-12966.911018941,"NRI_P051",100
"34090",2623.309871059,"NRI_P051",25
"34091",-4939.04097894099,"NRI_P051",50
"34092",-8404.14692894102,"NRI_P051",100
"34093",-3079.02059894102,"NRI_P051",25
"34094",-1944.27659894101,"NRI_P051",50
"34095",-8277.25677894099,"NRI_P051",100
"34096",-1171.78471894099,"NRI_P051",25
"34097",-13886.763308941,"NRI_P051",50
"34098",5854.77046105897,"NRI_P051",100
"34099",-5737.80588894102,"NRI_P051",25
"34100",-5350.53060894102,"NRI_P051",50
"34101",2259.85171105899,"NRI_P051",100
"34102",-7492.23016894099,"NRI_P051",25
"34103",-1330.74581894101,"NRI_P051",50
"34104",-11241.580068941,"NRI_P051",100
"34105",184.013641058991,"NRI_P051",25
"34106",14808.195211059,"NRI_P051",50
"34107",8986.96059105897,"NRI_P051",100
"34108",-184.757508940995,"NRI_P051",25
"34109",15359.182901059,"NRI_P051",50
"34110",-10946.171218941,"NRI_P051",100
"34111",-2822.409918941,"NRI_P051",25
"34112",9542.41302105898,"NRI_P051",50
"34113",-12246.867408941,"NRI_P051",100
"34114",413.389091058983,"NRI_P051",25
"34115",-1444.75115894101,"NRI_P051",50
"34116",-13237.433828941,"NRI_P051",100
"34117",3636.50403105901,"NRI_P051",25
"34118",3.1925210589834,"NRI_P051",50
"34119",8246.359881059,"NRI_P051",100
"34120",663.063481058984,"NRI_P051",25
"34121",436.477881058992,"NRI_P051",50
"34122",-7645.56756894101,"NRI_P051",100
"34123",-8.03541894099908,"NRI_P051",25
"34124",4515.30740105899,"NRI_P051",50
"34125",-5524.30247894101,"NRI_P051",100
"34126",-11288.017358941,"NRI_P051",25
"34127",-10826.779138941,"NRI_P051",50
"34128",-8115.79511894099,"NRI_P051",100
"34129",-2496.13653894101,"NRI_P051",25
"34130",-8022.427518941,"NRI_P051",50
"34131",-12729.574398941,"NRI_P051",100
"34132",-7726.44173894101,"NRI_P051",25
"34133",-4783.99502894099,"NRI_P051",50
"34134",-10173.182028941,"NRI_P051",100
"34135",-2799.08233894099,"NRI_P051",25
"34136",-8260.65270894099,"NRI_P051",50
"34137",-2046.035938941,"NRI_P051",100
"34138",-2726.691228941,"NRI_P051",25
"34139",-3858.229928941,"NRI_P051",50
"34140",-13059.058538941,"NRI_P051",100
"34141",-132.890818940999,"NRI_P051",25
"34142",-4393.104328941,"NRI_P051",50
"34143",-3675.872518941,"NRI_P051",100
"34144",-11034.499428941,"NRI_P051",25
"34145",-662.69318894099,"NRI_P051",50
"34146",-11743.613578941,"NRI_P051",100
"34147",35.75987105901,"NRI_P051",25
"34148",-12441.167058941,"NRI_P051",50
"34149",-11415.305418941,"NRI_P051",100
"34150",-8368.24279894101,"NRI_P051",25
"34151",-8093.92338894101,"NRI_P051",50
"34152",-5480.17627894101,"NRI_P051",100
"34153",57.3783510589856,"NRI_P051",25
"34154",-6456.22831894099,"NRI_P051",50
"34155",-12264.107888941,"NRI_P051",100
"34156",-804.631748940999,"NRI_P051",25
"34157",-10360.686418941,"NRI_P051",50
"34158",-8346.661588941,"NRI_P051",100
"34159",2236.17536105899,"NRI_P051",25
"34160",-10413.743738941,"NRI_P051",50
"34161",-12250.296618941,"NRI_P051",100
"34162",-65.5950389410136,"NRI_P051",25
"34163",4630.69856105899,"NRI_P051",50
"34164",-10763.792568941,"NRI_P051",100
"34165",-2806.326288941,"NRI_P051",25
"34166",4521.27892105901,"NRI_P051",50
"34167",-11714.397178941,"NRI_P051",100
"34168",-10846.192778941,"NRI_P051",25
"34169",-2215.10303894102,"NRI_P051",50
"34170",-12738.380578941,"NRI_P051",100
"34171",-137.454048940999,"NRI_P051",25
"34172",-2422.46594894101,"NRI_P051",50
"34173",-3989.17887894099,"NRI_P051",100
"34174",11933.320261059,"NRI_P051",25
"34175",-216.007438941015,"NRI_P051",50
"34176",-11182.414298941,"NRI_P051",100
"34177",-2500.233078941,"NRI_P051",25
"34178",-9741.61938894101,"NRI_P051",50
"34179",-1677.54781894101,"NRI_P051",100
"34180",-2231.57880894101,"NRI_P051",25
"34181",4912.74485105902,"NRI_P051",50
"34182",-8804.10720894102,"NRI_P051",100
"34183",-8080.17124894101,"NRI_P051",25
"34184",134.108091058995,"NRI_P051",50
"34185",-12212.599278941,"NRI_P051",100
"34186",-2327.639698941,"NRI_P051",25
"34187",-10116.840218941,"NRI_P051",50
"34188",-4425.870198941,"NRI_P051",100
"34189",-8324.87076894101,"NRI_P051",25
"34190",-2399.71377894099,"NRI_P051",50
"34191",-7393.60603894101,"NRI_P051",100
"34192",266.686291058984,"NRI_P051",25
"34193",3650.86659105899,"NRI_P051",50
"34194",-12661.017828941,"NRI_P051",100
"34195",5223.858971059,"NRI_P051",25
"34196",-13338.986768941,"NRI_P051",50
"34197",-8935.90591894102,"NRI_P051",100
"34198",-8435.714418941,"NRI_P051",25
"34199",303.260241059004,"NRI_P051",50
"34200",-10398.857408941,"NRI_P051",100
"34201",-1724.56511123403,"NRI_P052",25
"34202",2795.26150876598,"NRI_P052",50
"34203",1085.70860876597,"NRI_P052",100
"34204",-297.078411234019,"NRI_P052",25
"34205",-2082.79684123403,"NRI_P052",50
"34206",-824.056711234036,"NRI_P052",100
"34207",-436.223021234036,"NRI_P052",25
"34208",2688.78643876599,"NRI_P052",50
"34209",-8549.554321234,"NRI_P052",100
"34210",42.3390087659936,"NRI_P052",25
"34211",2636.37748876598,"NRI_P052",50
"34212",-3964.630581234,"NRI_P052",100
"34213",812.222108765971,"NRI_P052",25
"34214",-1632.98659123399,"NRI_P052",50
"34215",3215.38280876598,"NRI_P052",100
"34216",-8543.15679123398,"NRI_P052",25
"34217",-574.532891234034,"NRI_P052",50
"34218",-2819.22106123401,"NRI_P052",100
"34219",-174.538801233983,"NRI_P052",25
"34220",630.858408765984,"NRI_P052",50
"34221",-6094.71566123399,"NRI_P052",100
"34222",-89.8494412340224,"NRI_P052",25
"34223",-4057.71606123401,"NRI_P052",50
"34224",1732.790268766,"NRI_P052",100
"34225",1239.176208766,"NRI_P052",25
"34226",-2582.86076123401,"NRI_P052",50
"34227",-742.508711234026,"NRI_P052",100
"34228",-8522.02579123399,"NRI_P052",25
"34229",-1481.87031123403,"NRI_P052",50
"34230",4889.51250876597,"NRI_P052",100
"34231",1798.746108766,"NRI_P052",25
"34232",1235.05232876597,"NRI_P052",50
"34233",-963.239791234024,"NRI_P052",100
"34234",-1346.83419123403,"NRI_P052",25
"34235",-7484.648331234,"NRI_P052",50
"34236",1449.75862876599,"NRI_P052",100
"34237",-7407.45599123399,"NRI_P052",25
"34238",2819.385808766,"NRI_P052",50
"34239",-5372.204211234,"NRI_P052",100
"34240",-839.90567123401,"NRI_P052",25
"34241",-5405.11281123402,"NRI_P052",50
"34242",-7722.22221123398,"NRI_P052",100
"34243",-7792.46129123401,"NRI_P052",25
"34244",-9438.63589123404,"NRI_P052",50
"34245",-48.9602912340197,"NRI_P052",100
"34246",-258.931291233981,"NRI_P052",25
"34247",6064.51278876601,"NRI_P052",50
"34248",14398.779908766,"NRI_P052",100
"34249",4390.27970876597,"NRI_P052",25
"34250",-5294.50919123401,"NRI_P052",50
"34251",-1072.48730123398,"NRI_P052",100
"34252",284.804308765975,"NRI_P052",25
"34253",2911.41130876599,"NRI_P052",50
"34254",-2872.26449123403,"NRI_P052",100
"34255",-1925.12359123403,"NRI_P052",25
"34256",-8480.21819123399,"NRI_P052",50
"34257",7286.92166876601,"NRI_P052",100
"34258",335.101118766004,"NRI_P052",25
"34259",-6588.21436123399,"NRI_P052",50
"34260",-6458.25836123398,"NRI_P052",100
"34261",394.228308765974,"NRI_P052",25
"34262",1578.030408766,"NRI_P052",50
"34263",1677.81900876598,"NRI_P052",100
"34264",-1323.79159123398,"NRI_P052",25
"34265",-7848.20374123403,"NRI_P052",50
"34266",-7301.27898123401,"NRI_P052",100
"34267",4041.57100876601,"NRI_P052",25
"34268",-9835.92126123403,"NRI_P052",50
"34269",16235.750038766,"NRI_P052",100
"34270",931.609908765997,"NRI_P052",25
"34271",232.012608765974,"NRI_P052",50
"34272",-2313.07909123402,"NRI_P052",100
"34273",-655.13799123402,"NRI_P052",25
"34274",1295.53590876597,"NRI_P052",50
"34275",4530.11800876597,"NRI_P052",100
"34276",-1633.11246123404,"NRI_P052",25
"34277",-7834.95239123399,"NRI_P052",50
"34278",-25.615721234004,"NRI_P052",100
"34279",2968.89740876597,"NRI_P052",25
"34280",-1077.00734123401,"NRI_P052",50
"34281",-4243.47350123402,"NRI_P052",100
"34282",-423.001691234007,"NRI_P052",25
"34283",-1002.18573123403,"NRI_P052",50
"34284",4692.13230876601,"NRI_P052",100
"34285",1788.63115876599,"NRI_P052",25
"34286",-436.723491234006,"NRI_P052",50
"34287",-3847.34562123398,"NRI_P052",100
"34288",340.044108766015,"NRI_P052",25
"34289",-7222.50599123404,"NRI_P052",50
"34290",-7389.35379123403,"NRI_P052",100
"34291",-1952.638631234,"NRI_P052",25
"34292",7013.44173876598,"NRI_P052",50
"34293",7449.64330876601,"NRI_P052",100
"34294",190.302188766014,"NRI_P052",25
"34295",5301.93760876602,"NRI_P052",50
"34296",-5105.80064123403,"NRI_P052",100
"34297",-10554.746091234,"NRI_P052",25
"34298",-8126.99069123401,"NRI_P052",50
"34299",6408.29040876601,"NRI_P052",100
"34300",-6993.883991234,"NRI_P052",25
"34301",3682.20505876601,"NRI_P052",50
"34302",-2931.77896123403,"NRI_P052",100
"34303",1382.65180876601,"NRI_P052",25
"34304",-43.8069812339963,"NRI_P052",50
"34305",-4790.68709123402,"NRI_P052",100
"34306",1570.87480876601,"NRI_P052",25
"34307",867.538388765999,"NRI_P052",50
"34308",-8385.193311234,"NRI_P052",100
"34309",-5015.22619123402,"NRI_P052",25
"34310",-7218.61239123403,"NRI_P052",50
"34311",-1521.93394123402,"NRI_P052",100
"34312",5379.70450876601,"NRI_P052",25
"34313",728.969448765973,"NRI_P052",50
"34314",-8353.81666123401,"NRI_P052",100
"34315",-47.8708912340226,"NRI_P052",25
"34316",-10448.962711234,"NRI_P052",50
"34317",8133.97930876596,"NRI_P052",100
"34318",1178.61840876599,"NRI_P052",25
"34319",3183.21685876598,"NRI_P052",50
"34320",-8026.63659123401,"NRI_P052",100
"34321",49.1822087659966,"NRI_P052",25
"34322",4357.24620876601,"NRI_P052",50
"34323",-9330.49840123398,"NRI_P052",100
"34324",476.988348765997,"NRI_P052",25
"34325",-7793.92128123401,"NRI_P052",50
"34326",-1411.140091234,"NRI_P052",100
"34327",-1803.994091234,"NRI_P052",25
"34328",54.5608787660021,"NRI_P052",50
"34329",-2177.74842123402,"NRI_P052",100
"34330",-1710.727741234,"NRI_P052",25
"34331",-3631.01317123399,"NRI_P052",50
"34332",-6525.320091234,"NRI_P052",100
"34333",12911.199608766,"NRI_P052",25
"34334",-9939.384411234,"NRI_P052",50
"34335",-10200.578591234,"NRI_P052",100
"34336",-1835.60498123401,"NRI_P052",25
"34337",-5624.70493123401,"NRI_P052",50
"34338",3352.02350876597,"NRI_P052",100
"34339",691.05440876598,"NRI_P052",25
"34340",-3188.90279123402,"NRI_P052",50
"34341",-3264.27464123402,"NRI_P052",100
"34342",11681.503718766,"NRI_P052",25
"34343",2492.55465876596,"NRI_P052",50
"34344",-8811.18871123402,"NRI_P052",100
"34345",1914.68800876598,"NRI_P052",25
"34346",3070.649208766,"NRI_P052",50
"34347",-10932.244501234,"NRI_P052",100
"34348",-646.590691233985,"NRI_P052",25
"34349",3938.40580876597,"NRI_P052",50
"34350",-5372.62669123401,"NRI_P052",100
"34351",170.602008765971,"NRI_P052",25
"34352",5457.18755876599,"NRI_P052",50
"34353",-11359.324021234,"NRI_P052",100
"34354",-1047.09569123399,"NRI_P052",25
"34355",-9914.187891234,"NRI_P052",50
"34356",-3254.51349123399,"NRI_P052",100
"34357",-6535.55849123403,"NRI_P052",25
"34358",-9347.967551234,"NRI_P052",50
"34359",2271.303578766,"NRI_P052",100
"34360",4631.36130876601,"NRI_P052",25
"34361",4263.743508766,"NRI_P052",50
"34362",-3349.27970123402,"NRI_P052",100
"34363",620.385908766009,"NRI_P052",25
"34364",2030.40145876602,"NRI_P052",50
"34365",-10892.612801234,"NRI_P052",100
"34366",-7850.98459123401,"NRI_P052",25
"34367",-7408.15218123404,"NRI_P052",50
"34368",-7836.63263123401,"NRI_P052",100
"34369",-1020.975921234,"NRI_P052",25
"34370",2067.40680876601,"NRI_P052",50
"34371",-5830.80813123402,"NRI_P052",100
"34372",-247.274991234008,"NRI_P052",25
"34373",-8144.07573123398,"NRI_P052",50
"34374",-2008.51448123401,"NRI_P052",100
"34375",-294.977661234036,"NRI_P052",25
"34376",-7394.095861234,"NRI_P052",50
"34377",-2309.15895123401,"NRI_P052",100
"34378",-872.282361234014,"NRI_P052",25
"34379",3411.993998766,"NRI_P052",50
"34380",2346.66586876597,"NRI_P052",100
"34381",-8509.21249123401,"NRI_P052",25
"34382",-4314.54109123402,"NRI_P052",50
"34383",-3450.22934123402,"NRI_P052",100
"34384",-9424.98824123404,"NRI_P052",25
"34385",-1819.55744123401,"NRI_P052",50
"34386",-9590.183701234,"NRI_P052",100
"34387",-1201.04649123398,"NRI_P052",25
"34388",2038.09910876601,"NRI_P052",50
"34389",-10652.108271234,"NRI_P052",100
"34390",-684.709461233986,"NRI_P052",25
"34391",-9998.172411234,"NRI_P052",50
"34392",-123.797181233997,"NRI_P052",100
"34393",-1451.72019123402,"NRI_P052",25
"34394",1625.966508766,"NRI_P052",50
"34395",-5595.40746123402,"NRI_P052",100
"34396",1067.65513876599,"NRI_P052",25
"34397",3735.559808766,"NRI_P052",50
"34398",-4225.30229123402,"NRI_P052",100
"34399",-306.415091234026,"NRI_P052",25
"34400",-8972.16625123401,"NRI_P052",50
"34401",-5047.68910123402,"NRI_P052",100
"34402",3601.51240876596,"NRI_P052",25
"34403",-792.614451233996,"NRI_P052",50
"34404",-1087.76241123403,"NRI_P052",100
"34405",13120.558908766,"NRI_P052",25
"34406",-7479.36462123401,"NRI_P052",50
"34407",-8054.42155123403,"NRI_P052",100
"34408",-8917.875161234,"NRI_P052",25
"34409",-8239.29619123403,"NRI_P052",50
"34410",-1097.29894123401,"NRI_P052",100
"34411",6939.454408766,"NRI_P052",25
"34412",-475.607031234016,"NRI_P052",50
"34413",-10034.716731234,"NRI_P052",100
"34414",651.733338765975,"NRI_P052",25
"34415",-612.54153123399,"NRI_P052",50
"34416",6636.61670876597,"NRI_P052",100
"34417",-174.937111234001,"NRI_P052",25
"34418",-9700.50729123398,"NRI_P052",50
"34419",-4464.67571123398,"NRI_P052",100
"34420",3305.19750876597,"NRI_P052",25
"34421",-238.203331233992,"NRI_P052",50
"34422",-4690.73253123398,"NRI_P052",100
"34423",3853.243608766,"NRI_P052",25
"34424",-9406.723911234,"NRI_P052",50
"34425",-10092.030931234,"NRI_P052",100
"34426",340.948208766,"NRI_P052",25
"34427",-530.212091233989,"NRI_P052",50
"34428",-7030.98911123403,"NRI_P052",100
"34429",3651.36460876599,"NRI_P052",25
"34430",-1003.32288123399,"NRI_P052",50
"34431",-5745.10511123401,"NRI_P052",100
"34432",-8748.051691234,"NRI_P052",25
"34433",-8605.81959123403,"NRI_P052",50
"34434",-131.395151233999,"NRI_P052",100
"34435",-1496.65439123398,"NRI_P052",25
"34436",-9020.15859123401,"NRI_P052",50
"34437",-7789.33948123403,"NRI_P052",100
"34438",11302.895408766,"NRI_P052",25
"34439",-126.236391234037,"NRI_P052",50
"34440",4852.702818766,"NRI_P052",100
"34441",2370.08270876599,"NRI_P052",25
"34442",5725.01000876597,"NRI_P052",50
"34443",-5867.68388123403,"NRI_P052",100
"34444",-339.345391234034,"NRI_P052",25
"34445",-637.479261233995,"NRI_P052",50
"34446",-1212.23673123401,"NRI_P052",100
"34447",13219.709508766,"NRI_P052",25
"34448",2888.67346876598,"NRI_P052",50
"34449",-2621.61576123402,"NRI_P052",100
"34450",-1074.002791234,"NRI_P052",25
"34451",2633.77100876597,"NRI_P052",50
"34452",1771.292898766,"NRI_P052",100
"34453",-5968.02869123401,"NRI_P052",25
"34454",1028.54650876601,"NRI_P052",50
"34455",5693.38160876598,"NRI_P052",100
"34456",949.733008765965,"NRI_P052",25
"34457",2357.488868766,"NRI_P052",50
"34458",-4950.12326123402,"NRI_P052",100
"34459",-22.0593912340119,"NRI_P052",25
"34460",8217.61630876601,"NRI_P052",50
"34461",-5215.71935123403,"NRI_P052",100
"34462",-1427.74929123401,"NRI_P052",25
"34463",-10895.982491234,"NRI_P052",50
"34464",-5974.06040123402,"NRI_P052",100
"34465",-8234.79229123401,"NRI_P052",25
"34466",-10116.449211234,"NRI_P052",50
"34467",-8270.91129123402,"NRI_P052",100
"34468",9983.40360876598,"NRI_P052",25
"34469",1222.11827876599,"NRI_P052",50
"34470",-5011.30859123403,"NRI_P052",100
"34471",336.596108765982,"NRI_P052",25
"34472",-5951.39946123399,"NRI_P052",50
"34473",4531.13800876599,"NRI_P052",100
"34474",-1559.64389123401,"NRI_P052",25
"34475",-9621.05446123402,"NRI_P052",50
"34476",-2163.99463123403,"NRI_P052",100
"34477",1068.133308766,"NRI_P052",25
"34478",-9593.35135123401,"NRI_P052",50
"34479",-4826.48964123399,"NRI_P052",100
"34480",267.718008766009,"NRI_P052",25
"34481",-341.170251234027,"NRI_P052",50
"34482",-8466.66779123398,"NRI_P052",100
"34483",-34.548891234037,"NRI_P052",25
"34484",1669.61030876602,"NRI_P052",50
"34485",-5655.28113123402,"NRI_P052",100
"34486",74.6785087659955,"NRI_P052",25
"34487",-1662.87254123401,"NRI_P052",50
"34488",-1558.710931234,"NRI_P052",100
"34489",-8901.356891234,"NRI_P052",25
"34490",-1863.08639123401,"NRI_P052",50
"34491",654.049948766013,"NRI_P052",100
"34492",-1269.84944123402,"NRI_P052",25
"34493",2897.28584876598,"NRI_P052",50
"34494",-5448.85574123403,"NRI_P052",100
"34495",946.442208766006,"NRI_P052",25
"34496",2482.84531876602,"NRI_P052",50
"34497",-9777.06434123399,"NRI_P052",100
"34498",-7560.24939123401,"NRI_P052",25
"34499",-83.6833912340226,"NRI_P052",50
"34500",1551.97658876597,"NRI_P052",100
"34501",-6830.18157351803,"NRI_P053",25
"34502",-18865.745833518,"NRI_P053",50
"34503",-2094.52042351803,"NRI_P053",100
"34504",-5035.58429351804,"NRI_P053",25
"34505",-7718.10489351803,"NRI_P053",50
"34506",-23044.0447435181,"NRI_P053",100
"34507",-2922.66454351804,"NRI_P053",25
"34508",7039.05870648194,"NRI_P053",50
"34509",-1395.96416351805,"NRI_P053",100
"34510",-5831.45756351802,"NRI_P053",25
"34511",2550.21942648198,"NRI_P053",50
"34512",-7280.97553351801,"NRI_P053",100
"34513",-5486.74727351801,"NRI_P053",25
"34514",-17643.673013518,"NRI_P053",50
"34515",-11882.4901635181,"NRI_P053",100
"34516",651.878466481983,"NRI_P053",25
"34517",-14924.159593518,"NRI_P053",50
"34518",-20803.943733518,"NRI_P053",100
"34519",-12119.549543518,"NRI_P053",25
"34520",-5238.619773518,"NRI_P053",50
"34521",-21514.679613518,"NRI_P053",100
"34522",-4629.61044351803,"NRI_P053",25
"34523",-1523.94022351806,"NRI_P053",50
"34524",-13165.781393518,"NRI_P053",100
"34525",-3491.38915351802,"NRI_P053",25
"34526",3857.39950648195,"NRI_P053",50
"34527",-22613.883573518,"NRI_P053",100
"34528",-4485.50421351806,"NRI_P053",25
"34529",-5733.05853351805,"NRI_P053",50
"34530",-18385.883013518,"NRI_P053",100
"34531",-16112.445003518,"NRI_P053",25
"34532",-3647.14514351805,"NRI_P053",50
"34533",-15678.962363518,"NRI_P053",100
"34534",-3482.60521351802,"NRI_P053",25
"34535",-22342.740493518,"NRI_P053",50
"34536",6082.267946482,"NRI_P053",100
"34537",-3929.45016351802,"NRI_P053",25
"34538",-1796.15453351801,"NRI_P053",50
"34539",-8916.75454351801,"NRI_P053",100
"34540",9827.15416648198,"NRI_P053",25
"34541",-2408.63109351805,"NRI_P053",50
"34542",-11330.337143518,"NRI_P053",100
"34543",-4052.72760351805,"NRI_P053",25
"34544",1505.86955648195,"NRI_P053",50
"34545",-16690.986573518,"NRI_P053",100
"34546",-5571.13748351805,"NRI_P053",25
"34547",-11223.653903518,"NRI_P053",50
"34548",-7579.29278351803,"NRI_P053",100
"34549",2722.86934648198,"NRI_P053",25
"34550",3446.15698648198,"NRI_P053",50
"34551",-20706.2698535181,"NRI_P053",100
"34552",-2128.18619351805,"NRI_P053",25
"34553",-4129.49597351806,"NRI_P053",50
"34554",5807.76087648195,"NRI_P053",100
"34555",-2768.30464351806,"NRI_P053",25
"34556",5247.05348648195,"NRI_P053",50
"34557",-10050.177523518,"NRI_P053",100
"34558",2078.28444648196,"NRI_P053",25
"34559",-1031.18331351801,"NRI_P053",50
"34560",-10473.206193518,"NRI_P053",100
"34561",2452.84253648197,"NRI_P053",25
"34562",-21592.239693518,"NRI_P053",50
"34563",-4587.31617351802,"NRI_P053",100
"34564",-917.967753518024,"NRI_P053",25
"34565",-7359.42452351801,"NRI_P053",50
"34566",-17987.719153518,"NRI_P053",100
"34567",329.611146481941,"NRI_P053",25
"34568",-26230.206163518,"NRI_P053",50
"34569",-4162.26276351803,"NRI_P053",100
"34570",-5573.85191351804,"NRI_P053",25
"34571",-475.733743518009,"NRI_P053",50
"34572",625.257166481984,"NRI_P053",100
"34573",-1982.41243351804,"NRI_P053",25
"34574",-12152.187063518,"NRI_P053",50
"34575",-10156.3000335181,"NRI_P053",100
"34576",6275.59912648197,"NRI_P053",25
"34577",-5156.81406351802,"NRI_P053",50
"34578",-10275.778393518,"NRI_P053",100
"34579",508.489466481959,"NRI_P053",25
"34580",-5811.46699351806,"NRI_P053",50
"34581",-13101.0780735181,"NRI_P053",100
"34582",-1524.27399351803,"NRI_P053",25
"34583",2286.29525648197,"NRI_P053",50
"34584",-11560.179663518,"NRI_P053",100
"34585",-7095.28735351801,"NRI_P053",25
"34586",-10450.6977835181,"NRI_P053",50
"34587",-12426.702373518,"NRI_P053",100
"34588",-6980.79491351801,"NRI_P053",25
"34589",-13873.049303518,"NRI_P053",50
"34590",-8988.24627351802,"NRI_P053",100
"34591",3994.47905648197,"NRI_P053",25
"34592",-4133.98689351801,"NRI_P053",50
"34593",-20511.080693518,"NRI_P053",100
"34594",-11137.865763518,"NRI_P053",25
"34595",-12752.982153518,"NRI_P053",50
"34596",-10499.102833518,"NRI_P053",100
"34597",-5030.37200351804,"NRI_P053",25
"34598",-26913.196123518,"NRI_P053",50
"34599",-8919.53246351803,"NRI_P053",100
"34600",-8222.29412351805,"NRI_P053",25
"34601",4596.19123648194,"NRI_P053",50
"34602",-16680.9378535181,"NRI_P053",100
"34603",-8657.63813351805,"NRI_P053",25
"34604",0.412716481951065,"NRI_P053",50
"34605",-15651.635503518,"NRI_P053",100
"34606",3090.86501648196,"NRI_P053",25
"34607",-15827.540123518,"NRI_P053",50
"34608",-21191.713963518,"NRI_P053",100
"34609",3580.59301648196,"NRI_P053",25
"34610",-7919.07310351805,"NRI_P053",50
"34611",-19975.0414035181,"NRI_P053",100
"34612",-4224.59971351805,"NRI_P053",25
"34613",-15591.530873518,"NRI_P053",50
"34614",-8116.94734351803,"NRI_P053",100
"34615",-11880.731933518,"NRI_P053",25
"34616",-17025.985703518,"NRI_P053",50
"34617",-1533.70238351804,"NRI_P053",100
"34618",-12355.101873518,"NRI_P053",25
"34619",7388.18006648199,"NRI_P053",50
"34620",-12461.380603518,"NRI_P053",100
"34621",-3412.41159351805,"NRI_P053",25
"34622",-20385.220063518,"NRI_P053",50
"34623",-18447.1966135181,"NRI_P053",100
"34624",7014.24514648196,"NRI_P053",25
"34625",6980.69485648198,"NRI_P053",50
"34626",-13425.207023518,"NRI_P053",100
"34627",-6960.95621351805,"NRI_P053",25
"34628",-15966.630393518,"NRI_P053",50
"34629",-21818.296283518,"NRI_P053",100
"34630",-10086.7953935181,"NRI_P053",25
"34631",-18278.480333518,"NRI_P053",50
"34632",-8797.46826351801,"NRI_P053",100
"34633",-482.097043518035,"NRI_P053",25
"34634",2750.73502648197,"NRI_P053",50
"34635",-16789.680623518,"NRI_P053",100
"34636",2623.07239648199,"NRI_P053",25
"34637",-4894.26381351805,"NRI_P053",50
"34638",-12846.083063518,"NRI_P053",100
"34639",-525.287693518039,"NRI_P053",25
"34640",-22935.026633518,"NRI_P053",50
"34641",15501.013296482,"NRI_P053",100
"34642",-600.780033518036,"NRI_P053",25
"34643",-3648.27218351804,"NRI_P053",50
"34644",-6031.58753351803,"NRI_P053",100
"34645",-2972.06451351801,"NRI_P053",25
"34646",-9426.83145351801,"NRI_P053",50
"34647",-6157.96117351804,"NRI_P053",100
"34648",-2074.62844351801,"NRI_P053",25
"34649",3447.49837648199,"NRI_P053",50
"34650",-9669.478873518,"NRI_P053",100
"34651",-628.649933518027,"NRI_P053",25
"34652",-2611.05941351806,"NRI_P053",50
"34653",-10242.284513518,"NRI_P053",100
"34654",305.560146481963,"NRI_P053",25
"34655",-21980.694273518,"NRI_P053",50
"34656",6165.43279648194,"NRI_P053",100
"34657",-2352.21448351804,"NRI_P053",25
"34658",-7913.21891351801,"NRI_P053",50
"34659",-10447.387013518,"NRI_P053",100
"34660",4376.48344648199,"NRI_P053",25
"34661",-4851.30895351805,"NRI_P053",50
"34662",-21568.389903518,"NRI_P053",100
"34663",3243.07579648198,"NRI_P053",25
"34664",4808.95669648197,"NRI_P053",50
"34665",-17176.046153518,"NRI_P053",100
"34666",-617.94705351803,"NRI_P053",25
"34667",-10261.471953518,"NRI_P053",50
"34668",-20819.786553518,"NRI_P053",100
"34669",-7937.64777351805,"NRI_P053",25
"34670",-4237.41712351801,"NRI_P053",50
"34671",-8035.55303351802,"NRI_P053",100
"34672",-16764.2874735181,"NRI_P053",25
"34673",-3570.06098351802,"NRI_P053",50
"34674",-7725.30834351806,"NRI_P053",100
"34675",-12063.138313518,"NRI_P053",25
"34676",-13069.4249335181,"NRI_P053",50
"34677",297.294326481991,"NRI_P053",100
"34678",-2506.72346351802,"NRI_P053",25
"34679",-20493.919693518,"NRI_P053",50
"34680",-3735.64409351803,"NRI_P053",100
"34681",2252.42609648197,"NRI_P053",25
"34682",2994.04406648199,"NRI_P053",50
"34683",-10438.262113518,"NRI_P053",100
"34684",3441.37894648197,"NRI_P053",25
"34685",-3482.70648351801,"NRI_P053",50
"34686",-9250.62183351803,"NRI_P053",100
"34687",9991.66015648196,"NRI_P053",25
"34688",2935.09741648199,"NRI_P053",50
"34689",-14995.100673518,"NRI_P053",100
"34690",-350.213263518002,"NRI_P053",25
"34691",2700.623086482,"NRI_P053",50
"34692",-10207.797443518,"NRI_P053",100
"34693",13530.496036482,"NRI_P053",25
"34694",-789.525403518055,"NRI_P053",50
"34695",-7230.31810351805,"NRI_P053",100
"34696",-6313.01785351802,"NRI_P053",25
"34697",624.051266481983,"NRI_P053",50
"34698",-11098.790703518,"NRI_P053",100
"34699",-13552.905613518,"NRI_P053",25
"34700",-2000.59298351803,"NRI_P053",50
"34701",1607.43428648199,"NRI_P053",100
"34702",-7116.572623518,"NRI_P053",25
"34703",-11881.007443518,"NRI_P053",50
"34704",-5214.47658351803,"NRI_P053",100
"34705",-677.435443518043,"NRI_P053",25
"34706",-1140.82419351803,"NRI_P053",50
"34707",-15220.9481035181,"NRI_P053",100
"34708",9026.62667648197,"NRI_P053",25
"34709",-11122.332913518,"NRI_P053",50
"34710",-14832.265653518,"NRI_P053",100
"34711",749.685596481955,"NRI_P053",25
"34712",509.080166481959,"NRI_P053",50
"34713",2024.20834648196,"NRI_P053",100
"34714",-1394.53324351803,"NRI_P053",25
"34715",-7346.27130351803,"NRI_P053",50
"34716",-8317.02956351801,"NRI_P053",100
"34717",-767.836933518061,"NRI_P053",25
"34718",-5370.59493351803,"NRI_P053",50
"34719",-6051.47412351804,"NRI_P053",100
"34720",2084.49783648195,"NRI_P053",25
"34721",-17032.006173518,"NRI_P053",50
"34722",-18427.3040235181,"NRI_P053",100
"34723",-9651.96749351802,"NRI_P053",25
"34724",-1361.94308351801,"NRI_P053",50
"34725",-16951.819163518,"NRI_P053",100
"34726",383.077436481952,"NRI_P053",25
"34727",-7918.64409351803,"NRI_P053",50
"34728",-10697.911003518,"NRI_P053",100
"34729",-13478.277013518,"NRI_P053",25
"34730",-7852.15629351803,"NRI_P053",50
"34731",-4834.03121351806,"NRI_P053",100
"34732",517.576416481985,"NRI_P053",25
"34733",-7145.47585351806,"NRI_P053",50
"34734",-9430.60871351801,"NRI_P053",100
"34735",-14994.923913518,"NRI_P053",25
"34736",3534.82043648197,"NRI_P053",50
"34737",898.644406481995,"NRI_P053",100
"34738",6350.02078648197,"NRI_P053",25
"34739",-8891.90026351804,"NRI_P053",50
"34740",-14794.586683518,"NRI_P053",100
"34741",-373.992433518055,"NRI_P053",25
"34742",-11858.039763518,"NRI_P053",50
"34743",-7147.56262351805,"NRI_P053",100
"34744",7896.92693648196,"NRI_P053",25
"34745",3332.22998648195,"NRI_P053",50
"34746",-9007.42300351802,"NRI_P053",100
"34747",1862.76684648194,"NRI_P053",25
"34748",10528.388606482,"NRI_P053",50
"34749",-5592.30219351803,"NRI_P053",100
"34750",-727.480583518045,"NRI_P053",25
"34751",-1165.91565351805,"NRI_P053",50
"34752",-6976.90150351805,"NRI_P053",100
"34753",-16762.5089835181,"NRI_P053",25
"34754",-9998.04259351804,"NRI_P053",50
"34755",-21035.2289035181,"NRI_P053",100
"34756",-9402.51605351805,"NRI_P053",25
"34757",-1403.21257351805,"NRI_P053",50
"34758",-18459.035323518,"NRI_P053",100
"34759",1480.86178648198,"NRI_P053",25
"34760",5809.91908648197,"NRI_P053",50
"34761",-19210.228293518,"NRI_P053",100
"34762",-187.465363518044,"NRI_P053",25
"34763",-11200.3476035181,"NRI_P053",50
"34764",2144.60053648194,"NRI_P053",100
"34765",-8458.32023351802,"NRI_P053",25
"34766",-15997.194613518,"NRI_P053",50
"34767",9274.27581648197,"NRI_P053",100
"34768",-12532.175823518,"NRI_P053",25
"34769",6531.82802648196,"NRI_P053",50
"34770",-28610.441273518,"NRI_P053",100
"34771",3633.00445648195,"NRI_P053",25
"34772",10690.976106482,"NRI_P053",50
"34773",-3757.30872351804,"NRI_P053",100
"34774",-7133.80861351802,"NRI_P053",25
"34775",-16044.381473518,"NRI_P053",50
"34776",-8482.28371351806,"NRI_P053",100
"34777",-4129.08527351805,"NRI_P053",25
"34778",-14529.347173518,"NRI_P053",50
"34779",-23602.7029435181,"NRI_P053",100
"34780",-20171.462863518,"NRI_P053",25
"34781",75.0915964819724,"NRI_P053",50
"34782",-9902.50738351804,"NRI_P053",100
"34783",-14396.8303735181,"NRI_P053",25
"34784",-4788.92773351801,"NRI_P053",50
"34785",6642.91943648196,"NRI_P053",100
"34786",1053.87488648196,"NRI_P053",25
"34787",-6950.38572351803,"NRI_P053",50
"34788",-11275.839253518,"NRI_P053",100
"34789",-3633.42587351805,"NRI_P053",25
"34790",-2379.98402351805,"NRI_P053",50
"34791",12919.201496482,"NRI_P053",100
"34792",-11075.833733518,"NRI_P053",25
"34793",3456.03721648199,"NRI_P053",50
"34794",-9917.81354351802,"NRI_P053",100
"34795",-1156.16113351804,"NRI_P053",25
"34796",-6499.573693518,"NRI_P053",50
"34797",-19336.216593518,"NRI_P053",100
"34798",-14036.527463518,"NRI_P053",25
"34799",-6943.23024351802,"NRI_P053",50
"34800",-16132.970603518,"NRI_P053",100
"34801",6844.91744721599,"NRI_P056",25
"34802",7067.47374721599,"NRI_P056",50
"34803",29406.665297216,"NRI_P056",100
"34804",8031.50855721603,"NRI_P056",25
"34805",10545.827747216,"NRI_P056",50
"34806",20294.073877216,"NRI_P056",100
"34807",-2739.93899278401,"NRI_P056",25
"34808",4816.01754721603,"NRI_P056",50
"34809",47846.083737216,"NRI_P056",100
"34810",3137.12595721602,"NRI_P056",25
"34811",19565.395907216,"NRI_P056",50
"34812",7871.05550721602,"NRI_P056",100
"34813",3789.60545721604,"NRI_P056",25
"34814",-1580.73858278402,"NRI_P056",50
"34815",53269.982627216,"NRI_P056",100
"34816",5225.269737216,"NRI_P056",25
"34817",-2821.28849278396,"NRI_P056",50
"34818",29697.327637216,"NRI_P056",100
"34819",7017.93554721604,"NRI_P056",25
"34820",9767.27334721602,"NRI_P056",50
"34821",9273.635617216,"NRI_P056",100
"34822",20329.965747216,"NRI_P056",25
"34823",17418.473497216,"NRI_P056",50
"34824",12109.032617216,"NRI_P056",100
"34825",2160.29677721602,"NRI_P056",25
"34826",-184.927302783995,"NRI_P056",50
"34827",5227.54187721602,"NRI_P056",100
"34828",22792.286037216,"NRI_P056",25
"34829",15977.848577216,"NRI_P056",50
"34830",18948.789827216,"NRI_P056",100
"34831",22294.737247216,"NRI_P056",25
"34832",16292.397767216,"NRI_P056",50
"34833",17274.821557216,"NRI_P056",100
"34834",542.710927215987,"NRI_P056",25
"34835",4612.25865721604,"NRI_P056",50
"34836",6097.152587216,"NRI_P056",100
"34837",27641.600847216,"NRI_P056",25
"34838",23297.055277216,"NRI_P056",50
"34839",29769.629097216,"NRI_P056",100
"34840",-1600.62995278399,"NRI_P056",25
"34841",5170.31809721602,"NRI_P056",50
"34842",28282.299667216,"NRI_P056",100
"34843",9696.730467216,"NRI_P056",25
"34844",17312.576557216,"NRI_P056",50
"34845",9925.93669721601,"NRI_P056",100
"34846",1213.81083721603,"NRI_P056",25
"34847",4964.475567216,"NRI_P056",50
"34848",6118.67905721604,"NRI_P056",100
"34849",-2514.92699278396,"NRI_P056",25
"34850",13479.738867216,"NRI_P056",50
"34851",18327.353787216,"NRI_P056",100
"34852",8954.66030721599,"NRI_P056",25
"34853",27901.284007216,"NRI_P056",50
"34854",15569.307357216,"NRI_P056",100
"34855",7154.177217216,"NRI_P056",25
"34856",4333.90691721602,"NRI_P056",50
"34857",19846.236937216,"NRI_P056",100
"34858",388.194477215991,"NRI_P056",25
"34859",-592.878792784002,"NRI_P056",50
"34860",15403.345727216,"NRI_P056",100
"34861",497.417437216034,"NRI_P056",25
"34862",-1484.40208278398,"NRI_P056",50
"34863",2107.76729721599,"NRI_P056",100
"34864",1585.44014721602,"NRI_P056",25
"34865",15533.905897216,"NRI_P056",50
"34866",27069.843887216,"NRI_P056",100
"34867",3.23319721600274,"NRI_P056",25
"34868",19140.716817216,"NRI_P056",50
"34869",18031.755337216,"NRI_P056",100
"34870",292.607637215988,"NRI_P056",25
"34871",11493.782617216,"NRI_P056",50
"34872",35795.497157216,"NRI_P056",100
"34873",6937.36236721603,"NRI_P056",25
"34874",26780.831427216,"NRI_P056",50
"34875",40418.422537216,"NRI_P056",100
"34876",54.3383972159936,"NRI_P056",25
"34877",10288.955597216,"NRI_P056",50
"34878",25075.062837216,"NRI_P056",100
"34879",4288.04795721598,"NRI_P056",25
"34880",15303.623787216,"NRI_P056",50
"34881",34250.775227216,"NRI_P056",100
"34882",-1317.82177278399,"NRI_P056",25
"34883",12475.929837216,"NRI_P056",50
"34884",31520.291007216,"NRI_P056",100
"34885",12619.962847216,"NRI_P056",25
"34886",-237.576532783976,"NRI_P056",50
"34887",25562.600457216,"NRI_P056",100
"34888",-716.115322783997,"NRI_P056",25
"34889",24415.391627216,"NRI_P056",50
"34890",21594.466057216,"NRI_P056",100
"34891",8888.603557216,"NRI_P056",25
"34892",18794.485487216,"NRI_P056",50
"34893",28716.742837216,"NRI_P056",100
"34894",7666.44122721598,"NRI_P056",25
"34895",21335.031637216,"NRI_P056",50
"34896",21101.307887216,"NRI_P056",100
"34897",-396.144052784017,"NRI_P056",25
"34898",3382.76915721601,"NRI_P056",50
"34899",10305.086077216,"NRI_P056",100
"34900",36055.224977216,"NRI_P056",25
"34901",15611.116397216,"NRI_P056",50
"34902",39219.764317216,"NRI_P056",100
"34903",-1654.22631278401,"NRI_P056",25
"34904",851.010047216027,"NRI_P056",50
"34905",7359.36954721599,"NRI_P056",100
"34906",1439.72155721602,"NRI_P056",25
"34907",5878.30890721601,"NRI_P056",50
"34908",50864.395947216,"NRI_P056",100
"34909",398.512377216015,"NRI_P056",25
"34910",-654.872862784017,"NRI_P056",50
"34911",1197.42904721602,"NRI_P056",100
"34912",17166.677957216,"NRI_P056",25
"34913",17004.893297216,"NRI_P056",50
"34914",-813.789162784,"NRI_P056",100
"34915",7344.91228721599,"NRI_P056",25
"34916",8907.15957721602,"NRI_P056",50
"34917",58262.432417216,"NRI_P056",100
"34918",2705.69449721603,"NRI_P056",25
"34919",1402.48278721602,"NRI_P056",50
"34920",14879.398927216,"NRI_P056",100
"34921",10785.150707216,"NRI_P056",25
"34922",15954.539247216,"NRI_P056",50
"34923",9222.52269721602,"NRI_P056",100
"34924",15814.994657216,"NRI_P056",25
"34925",3184.83746721601,"NRI_P056",50
"34926",48465.688367216,"NRI_P056",100
"34927",15807.416367216,"NRI_P056",25
"34928",12219.283197216,"NRI_P056",50
"34929",21551.460967216,"NRI_P056",100
"34930",28843.013667216,"NRI_P056",25
"34931",5497.02715721598,"NRI_P056",50
"34932",24778.852507216,"NRI_P056",100
"34933",-231.159502783965,"NRI_P056",25
"34934",13847.654747216,"NRI_P056",50
"34935",4059.79514721601,"NRI_P056",100
"34936",10369.719527216,"NRI_P056",25
"34937",-2203.036922784,"NRI_P056",50
"34938",62315.794057216,"NRI_P056",100
"34939",7239.207787216,"NRI_P056",25
"34940",13171.741907216,"NRI_P056",50
"34941",9909.43723721599,"NRI_P056",100
"34942",342.239047216019,"NRI_P056",25
"34943",47484.800797216,"NRI_P056",50
"34944",8848.66849721601,"NRI_P056",100
"34945",2593.13620721601,"NRI_P056",25
"34946",31380.057157216,"NRI_P056",50
"34947",8403.615597216,"NRI_P056",100
"34948",4196.03094721603,"NRI_P056",25
"34949",5892.66577721603,"NRI_P056",50
"34950",9055.94662721601,"NRI_P056",100
"34951",10667.581867216,"NRI_P056",25
"34952",10573.836137216,"NRI_P056",50
"34953",37184.149027216,"NRI_P056",100
"34954",35356.040487216,"NRI_P056",25
"34955",11253.891967216,"NRI_P056",50
"34956",24647.360387216,"NRI_P056",100
"34957",4534.91049721598,"NRI_P056",25
"34958",8313.27290721599,"NRI_P056",50
"34959",2481.330677216,"NRI_P056",100
"34960",7855.201167216,"NRI_P056",25
"34961",5865.953407216,"NRI_P056",50
"34962",2310.89175721601,"NRI_P056",100
"34963",2510.43412721599,"NRI_P056",25
"34964",12282.843447216,"NRI_P056",50
"34965",23436.373417216,"NRI_P056",100
"34966",7127.03132721601,"NRI_P056",25
"34967",6205.846937216,"NRI_P056",50
"34968",40550.112077216,"NRI_P056",100
"34969",15812.276617216,"NRI_P056",25
"34970",-653.05353278399,"NRI_P056",50
"34971",13966.722527216,"NRI_P056",100
"34972",13804.863927216,"NRI_P056",25
"34973",22467.794787216,"NRI_P056",50
"34974",7271.35380721599,"NRI_P056",100
"34975",552.569017215981,"NRI_P056",25
"34976",11225.324997216,"NRI_P056",50
"34977",71415.338607216,"NRI_P056",100
"34978",3723.55706721602,"NRI_P056",25
"34979",9692.95266721601,"NRI_P056",50
"34980",31913.635057216,"NRI_P056",100
"34981",2429.87470721599,"NRI_P056",25
"34982",21982.984277216,"NRI_P056",50
"34983",10401.370227216,"NRI_P056",100
"34984",1979.13706721598,"NRI_P056",25
"34985",44541.311647216,"NRI_P056",50
"34986",27381.081667216,"NRI_P056",100
"34987",5627.30704721599,"NRI_P056",25
"34988",7179.60896721599,"NRI_P056",50
"34989",44326.996497216,"NRI_P056",100
"34990",3972.808417216,"NRI_P056",25
"34991",11388.359017216,"NRI_P056",50
"34992",-1749.40798278397,"NRI_P056",100
"34993",3950.12062721601,"NRI_P056",25
"34994",25560.423927216,"NRI_P056",50
"34995",-2539.38470278401,"NRI_P056",100
"34996",-838.899682783987,"NRI_P056",25
"34997",37512.690107216,"NRI_P056",50
"34998",13443.387717216,"NRI_P056",100
"34999",35780.302267216,"NRI_P056",25
"35000",88.8305272160214,"NRI_P056",50
"35001",14076.823057216,"NRI_P056",100
"35002",-160.998052784009,"NRI_P056",25
"35003",16264.279277216,"NRI_P056",50
"35004",3958.17271721602,"NRI_P056",100
"35005",7622.61895721604,"NRI_P056",25
"35006",10297.185167216,"NRI_P056",50
"35007",21703.279007216,"NRI_P056",100
"35008",8318.81930721604,"NRI_P056",25
"35009",2459.074317216,"NRI_P056",50
"35010",28767.702397216,"NRI_P056",100
"35011",-493.961452784017,"NRI_P056",25
"35012",1965.57347721601,"NRI_P056",50
"35013",25034.661877216,"NRI_P056",100
"35014",15497.744117216,"NRI_P056",25
"35015",11845.330917216,"NRI_P056",50
"35016",23962.365087216,"NRI_P056",100
"35017",4249.123737216,"NRI_P056",25
"35018",9477.64724721602,"NRI_P056",50
"35019",1928.430657216,"NRI_P056",100
"35020",9187.97674721602,"NRI_P056",25
"35021",18420.677477216,"NRI_P056",50
"35022",50258.123407216,"NRI_P056",100
"35023",44970.829867216,"NRI_P056",25
"35024",29721.376097216,"NRI_P056",50
"35025",6590.99980721599,"NRI_P056",100
"35026",6133.29636721598,"NRI_P056",25
"35027",-864.558172783989,"NRI_P056",50
"35028",23152.482637216,"NRI_P056",100
"35029",1000.09082721599,"NRI_P056",25
"35030",15854.510307216,"NRI_P056",50
"35031",55279.674597216,"NRI_P056",100
"35032",3235.48550721601,"NRI_P056",25
"35033",530.342037216004,"NRI_P056",50
"35034",29006.705277216,"NRI_P056",100
"35035",9415.45978721604,"NRI_P056",25
"35036",-2294.27134278399,"NRI_P056",50
"35037",23907.698357216,"NRI_P056",100
"35038",8891.58655721601,"NRI_P056",25
"35039",17202.257727216,"NRI_P056",50
"35040",52419.156527216,"NRI_P056",100
"35041",503.286127216008,"NRI_P056",25
"35042",3855.06297721603,"NRI_P056",50
"35043",17580.704017216,"NRI_P056",100
"35044",1969.87762721599,"NRI_P056",25
"35045",2101.46838721604,"NRI_P056",50
"35046",16489.137127216,"NRI_P056",100
"35047",-2268.19161278399,"NRI_P056",25
"35048",3254.79534721602,"NRI_P056",50
"35049",52082.102617216,"NRI_P056",100
"35050",16421.784897216,"NRI_P056",25
"35051",16279.177337216,"NRI_P056",50
"35052",17321.867467216,"NRI_P056",100
"35053",2767.45821721602,"NRI_P056",25
"35054",7857.739557216,"NRI_P056",50
"35055",25966.477247216,"NRI_P056",100
"35056",6728.57517721603,"NRI_P056",25
"35057",729.754887216026,"NRI_P056",50
"35058",18408.799607216,"NRI_P056",100
"35059",-770.013892784016,"NRI_P056",25
"35060",748.041507215996,"NRI_P056",50
"35061",40499.677727216,"NRI_P056",100
"35062",14465.322117216,"NRI_P056",25
"35063",28416.662077216,"NRI_P056",50
"35064",15250.525007216,"NRI_P056",100
"35065",6738.62896721601,"NRI_P056",25
"35066",7994.96332721598,"NRI_P056",50
"35067",28147.486367216,"NRI_P056",100
"35068",7545.82482721598,"NRI_P056",25
"35069",6625.21089721599,"NRI_P056",50
"35070",18289.665527216,"NRI_P056",100
"35071",18501.183027216,"NRI_P056",25
"35072",11612.010707216,"NRI_P056",50
"35073",6255.28204721602,"NRI_P056",100
"35074",2046.35614721599,"NRI_P056",25
"35075",16430.615137216,"NRI_P056",50
"35076",46390.296957216,"NRI_P056",100
"35077",1980.10878721601,"NRI_P056",25
"35078",9978.03190721601,"NRI_P056",50
"35079",31398.228877216,"NRI_P056",100
"35080",5714.707787216,"NRI_P056",25
"35081",9239.14292721602,"NRI_P056",50
"35082",22454.576797216,"NRI_P056",100
"35083",-1088.24171278399,"NRI_P056",25
"35084",21281.411917216,"NRI_P056",50
"35085",10829.768977216,"NRI_P056",100
"35086",4491.51764721604,"NRI_P056",25
"35087",14454.677247216,"NRI_P056",50
"35088",30016.204387216,"NRI_P056",100
"35089",13766.873407216,"NRI_P056",25
"35090",6249.84753721603,"NRI_P056",50
"35091",4770.452367216,"NRI_P056",100
"35092",1571.29567721603,"NRI_P056",25
"35093",5513.59674721601,"NRI_P056",50
"35094",29213.394787216,"NRI_P056",100
"35095",1834.09717721603,"NRI_P056",25
"35096",23232.184187216,"NRI_P056",50
"35097",2953.982577216,"NRI_P056",100
"35098",6648.00352721603,"NRI_P056",25
"35099",17689.457047216,"NRI_P056",50
"35100",12040.588257216,"NRI_P056",100
"35101",-3352.58100679301,"NRI_P057",25
"35102",4629.60975320701,"NRI_P057",50
"35103",5038.22116320697,"NRI_P057",100
"35104",1906.48138320696,"NRI_P057",25
"35105",8932.069023207,"NRI_P057",50
"35106",19103.541123207,"NRI_P057",100
"35107",4047.71318320697,"NRI_P057",25
"35108",2594.78645320697,"NRI_P057",50
"35109",11646.904813207,"NRI_P057",100
"35110",-746.281996792997,"NRI_P057",25
"35111",2786.06924320699,"NRI_P057",50
"35112",-347.392336793011,"NRI_P057",100
"35113",4848.208363207,"NRI_P057",25
"35114",6055.47391320701,"NRI_P057",50
"35115",3821.49045320699,"NRI_P057",100
"35116",333.735093206982,"NRI_P057",25
"35117",149.364923206973,"NRI_P057",50
"35118",28042.150233207,"NRI_P057",100
"35119",3014.98820320697,"NRI_P057",25
"35120",877.128953206993,"NRI_P057",50
"35121",7493.95306320698,"NRI_P057",100
"35122",983.669093206991,"NRI_P057",25
"35123",6425.19653320697,"NRI_P057",50
"35124",21484.370053207,"NRI_P057",100
"35125",-787.471836793004,"NRI_P057",25
"35126",-552.411216793,"NRI_P057",50
"35127",7017.97635320696,"NRI_P057",100
"35128",1757.47815320699,"NRI_P057",25
"35129",2192.837843207,"NRI_P057",50
"35130",5381.38550320698,"NRI_P057",100
"35131",3787.72862320696,"NRI_P057",25
"35132",9651.43219320697,"NRI_P057",50
"35133",9611.97314320697,"NRI_P057",100
"35134",3753.54130320699,"NRI_P057",25
"35135",3096.13680320699,"NRI_P057",50
"35136",24003.363733207,"NRI_P057",100
"35137",2202.62677320698,"NRI_P057",25
"35138",12478.591713207,"NRI_P057",50
"35139",48.1393332069856,"NRI_P057",100
"35140",340.132203207002,"NRI_P057",25
"35141",746.103033207008,"NRI_P057",50
"35142",22691.205603207,"NRI_P057",100
"35143",2876.04972320696,"NRI_P057",25
"35144",992.137193206989,"NRI_P057",50
"35145",9363.522453207,"NRI_P057",100
"35146",658.721653206972,"NRI_P057",25
"35147",2559.35042320698,"NRI_P057",50
"35148",6320.946813207,"NRI_P057",100
"35149",1101.69076320698,"NRI_P057",25
"35150",6356.626133207,"NRI_P057",50
"35151",9869.33640320698,"NRI_P057",100
"35152",12462.023273207,"NRI_P057",25
"35153",7755.48606320698,"NRI_P057",50
"35154",10021.311003207,"NRI_P057",100
"35155",3675.15875320701,"NRI_P057",25
"35156",3577.59056320699,"NRI_P057",50
"35157",5442.96009320696,"NRI_P057",100
"35158",4321.36648320698,"NRI_P057",25
"35159",19237.063953207,"NRI_P057",50
"35160",9571.74417320697,"NRI_P057",100
"35161",5357.410953207,"NRI_P057",25
"35162",809.163843207003,"NRI_P057",50
"35163",5142.40859320702,"NRI_P057",100
"35164",1381.064673207,"NRI_P057",25
"35165",7115.56740320701,"NRI_P057",50
"35166",19255.828433207,"NRI_P057",100
"35167",743.857143206988,"NRI_P057",25
"35168",18071.883893207,"NRI_P057",50
"35169",10386.785193207,"NRI_P057",100
"35170",-2856.769766793,"NRI_P057",25
"35171",3259.453173207,"NRI_P057",50
"35172",3583.79412320699,"NRI_P057",100
"35173",2756.29021320702,"NRI_P057",25
"35174",3431.27899320697,"NRI_P057",50
"35175",4769.39317320701,"NRI_P057",100
"35176",1418.07733320701,"NRI_P057",25
"35177",5262.26030320697,"NRI_P057",50
"35178",7123.32523320697,"NRI_P057",100
"35179",-2521.23531679303,"NRI_P057",25
"35180",13921.015503207,"NRI_P057",50
"35181",-3697.80227679299,"NRI_P057",100
"35182",11110.357683207,"NRI_P057",25
"35183",6266.99946320697,"NRI_P057",50
"35184",18874.198293207,"NRI_P057",100
"35185",-1643.08302679303,"NRI_P057",25
"35186",16913.162203207,"NRI_P057",50
"35187",2613.27114320698,"NRI_P057",100
"35188",1456.41023320699,"NRI_P057",25
"35189",6163.44281320699,"NRI_P057",50
"35190",7178.74460320699,"NRI_P057",100
"35191",746.212173206965,"NRI_P057",25
"35192",1058.39532320696,"NRI_P057",50
"35193",4486.43161320698,"NRI_P057",100
"35194",6579.71223320701,"NRI_P057",25
"35195",3583.92946320697,"NRI_P057",50
"35196",-114.384376792994,"NRI_P057",100
"35197",4254.67688320699,"NRI_P057",25
"35198",7369.15075320698,"NRI_P057",50
"35199",1246.99972320697,"NRI_P057",100
"35200",2015.18017320696,"NRI_P057",25
"35201",6741.65328320698,"NRI_P057",50
"35202",22131.560813207,"NRI_P057",100
"35203",1682.15230320697,"NRI_P057",25
"35204",20713.460133207,"NRI_P057",50
"35205",8655.20750320697,"NRI_P057",100
"35206",145.313863207004,"NRI_P057",25
"35207",10490.078873207,"NRI_P057",50
"35208",6589.58393320697,"NRI_P057",100
"35209",-2372.489486793,"NRI_P057",25
"35210",-180.065846793004,"NRI_P057",50
"35211",13151.607933207,"NRI_P057",100
"35212",829.116413206968,"NRI_P057",25
"35213",5699.60303320701,"NRI_P057",50
"35214",11694.126943207,"NRI_P057",100
"35215",4448.51605320699,"NRI_P057",25
"35216",1324.049193207,"NRI_P057",50
"35217",13824.853283207,"NRI_P057",100
"35218",-2314.07219679299,"NRI_P057",25
"35219",5254.67488320702,"NRI_P057",50
"35220",7208.98314320698,"NRI_P057",100
"35221",827.215953206993,"NRI_P057",25
"35222",-1934.37195679301,"NRI_P057",50
"35223",7367.54685320699,"NRI_P057",100
"35224",7149.35365320701,"NRI_P057",25
"35225",23647.469923207,"NRI_P057",50
"35226",11365.356213207,"NRI_P057",100
"35227",-26.0503267929889,"NRI_P057",25
"35228",8261.90775320696,"NRI_P057",50
"35229",5797.432373207,"NRI_P057",100
"35230",1797.42009320698,"NRI_P057",25
"35231",6237.29334320698,"NRI_P057",50
"35232",8496.19026320701,"NRI_P057",100
"35233",10729.591883207,"NRI_P057",25
"35234",3980.98762320698,"NRI_P057",50
"35235",6519.30037320696,"NRI_P057",100
"35236",752.418593206967,"NRI_P057",25
"35237",16701.777673207,"NRI_P057",50
"35238",12252.053733207,"NRI_P057",100
"35239",6293.06968320697,"NRI_P057",25
"35240",2930.34187320701,"NRI_P057",50
"35241",11259.973923207,"NRI_P057",100
"35242",116.550113206962,"NRI_P057",25
"35243",9315.557373207,"NRI_P057",50
"35244",9607.78307320701,"NRI_P057",100
"35245",2639.95261320699,"NRI_P057",25
"35246",3120.92773320701,"NRI_P057",50
"35247",7368.48875320697,"NRI_P057",100
"35248",-1970.45214679302,"NRI_P057",25
"35249",4300.21204320696,"NRI_P057",50
"35250",17005.888003207,"NRI_P057",100
"35251",-19.8988467929885,"NRI_P057",25
"35252",6672.00117320701,"NRI_P057",50
"35253",10289.223353207,"NRI_P057",100
"35254",4090.64021320699,"NRI_P057",25
"35255",2369.48634320701,"NRI_P057",50
"35256",4492.77261320699,"NRI_P057",100
"35257",5512.89922320697,"NRI_P057",25
"35258",384.658203207015,"NRI_P057",50
"35259",1918.056073207,"NRI_P057",100
"35260",4562.253763207,"NRI_P057",25
"35261",5945.50414320698,"NRI_P057",50
"35262",14649.411703207,"NRI_P057",100
"35263",8380.87779320701,"NRI_P057",25
"35264",4646.80810320697,"NRI_P057",50
"35265",5218.264373207,"NRI_P057",100
"35266",-1288.41978679301,"NRI_P057",25
"35267",5493.79651320697,"NRI_P057",50
"35268",2559.76063320698,"NRI_P057",100
"35269",-1331.67875679303,"NRI_P057",25
"35270",-6527.798826793,"NRI_P057",50
"35271",3593.65129320696,"NRI_P057",100
"35272",1079.75391320698,"NRI_P057",25
"35273",12359.798083207,"NRI_P057",50
"35274",35111.984743207,"NRI_P057",100
"35275",9751.93935320701,"NRI_P057",25
"35276",1524.51237320696,"NRI_P057",50
"35277",310.59302320698,"NRI_P057",100
"35278",2043.59980320698,"NRI_P057",25
"35279",4760.001653207,"NRI_P057",50
"35280",13299.404353207,"NRI_P057",100
"35281",-518.459436792997,"NRI_P057",25
"35282",-1638.29547679302,"NRI_P057",50
"35283",14358.553553207,"NRI_P057",100
"35284",1162.645993207,"NRI_P057",25
"35285",2863.62716320698,"NRI_P057",50
"35286",13573.377953207,"NRI_P057",100
"35287",12.7557832069579,"NRI_P057",25
"35288",4149.55102320696,"NRI_P057",50
"35289",4726.08779320697,"NRI_P057",100
"35290",4184.985133207,"NRI_P057",25
"35291",10770.416583207,"NRI_P057",50
"35292",14255.964113207,"NRI_P057",100
"35293",2171.14458320697,"NRI_P057",25
"35294",11839.923543207,"NRI_P057",50
"35295",7767.66180320701,"NRI_P057",100
"35296",1275.77442320698,"NRI_P057",25
"35297",2478.54518320697,"NRI_P057",50
"35298",12582.436413207,"NRI_P057",100
"35299",773.854223206989,"NRI_P057",25
"35300",2753.92850320699,"NRI_P057",50
"35301",17779.007143207,"NRI_P057",100
"35302",-423.167616793013,"NRI_P057",25
"35303",3138.73126320698,"NRI_P057",50
"35304",2744.63871320698,"NRI_P057",100
"35305",-330.567116793012,"NRI_P057",25
"35306",2846.51220320701,"NRI_P057",50
"35307",10668.429233207,"NRI_P057",100
"35308",5738.165593207,"NRI_P057",25
"35309",18127.995323207,"NRI_P057",50
"35310",19804.620943207,"NRI_P057",100
"35311",2689.59201320697,"NRI_P057",25
"35312",4855.99351320701,"NRI_P057",50
"35313",29080.262973207,"NRI_P057",100
"35314",518.121533207013,"NRI_P057",25
"35315",6238.18590320699,"NRI_P057",50
"35316",5895.85329320701,"NRI_P057",100
"35317",1155.93233320699,"NRI_P057",25
"35318",12662.863043207,"NRI_P057",50
"35319",21463.203923207,"NRI_P057",100
"35320",1063.95848320698,"NRI_P057",25
"35321",11800.923513207,"NRI_P057",50
"35322",-121.548246793041,"NRI_P057",100
"35323",900.259863207,"NRI_P057",25
"35324",2260.535693207,"NRI_P057",50
"35325",17978.885283207,"NRI_P057",100
"35326",-1740.08731679304,"NRI_P057",25
"35327",6058.30391320697,"NRI_P057",50
"35328",4179.61618320696,"NRI_P057",100
"35329",984.358453207009,"NRI_P057",25
"35330",2421.87287320697,"NRI_P057",50
"35331",13476.524983207,"NRI_P057",100
"35332",4306.09336320701,"NRI_P057",25
"35333",-742.769896793005,"NRI_P057",50
"35334",9750.646803207,"NRI_P057",100
"35335",4027.22071320697,"NRI_P057",25
"35336",841.721223206958,"NRI_P057",50
"35337",30253.122853207,"NRI_P057",100
"35338",3279.89012320701,"NRI_P057",25
"35339",-2730.75184679299,"NRI_P057",50
"35340",19559.401773207,"NRI_P057",100
"35341",-19.5540067930124,"NRI_P057",25
"35342",6841.66777320701,"NRI_P057",50
"35343",10218.461343207,"NRI_P057",100
"35344",-1757.14309679304,"NRI_P057",25
"35345",11921.462003207,"NRI_P057",50
"35346",6620.47461320698,"NRI_P057",100
"35347",2282.21029320697,"NRI_P057",25
"35348",2607.06303320697,"NRI_P057",50
"35349",2124.93752320699,"NRI_P057",100
"35350",-499.336836792994,"NRI_P057",25
"35351",14668.644043207,"NRI_P057",50
"35352",8347.178283207,"NRI_P057",100
"35353",834.587193207,"NRI_P057",25
"35354",2573.47185320698,"NRI_P057",50
"35355",17153.568323207,"NRI_P057",100
"35356",1915.44098320697,"NRI_P057",25
"35357",2941.19067320699,"NRI_P057",50
"35358",12492.351273207,"NRI_P057",100
"35359",1407.25614320696,"NRI_P057",25
"35360",1871.59282320697,"NRI_P057",50
"35361",5491.42150320701,"NRI_P057",100
"35362",4281.56212320697,"NRI_P057",25
"35363",29905.862143207,"NRI_P057",50
"35364",23271.515643207,"NRI_P057",100
"35365",3195.85018320696,"NRI_P057",25
"35366",138.923103206966,"NRI_P057",50
"35367",7599.35913320701,"NRI_P057",100
"35368",4137.89321320696,"NRI_P057",25
"35369",3958.63081320701,"NRI_P057",50
"35370",2268.95312320697,"NRI_P057",100
"35371",972.517083206971,"NRI_P057",25
"35372",1686.56176320696,"NRI_P057",50
"35373",9453.51733320701,"NRI_P057",100
"35374",213.299283206987,"NRI_P057",25
"35375",2383.98103320698,"NRI_P057",50
"35376",2563.90444320696,"NRI_P057",100
"35377",1615.150993207,"NRI_P057",25
"35378",27924.632863207,"NRI_P057",50
"35379",11307.572653207,"NRI_P057",100
"35380",-549.893756792997,"NRI_P057",25
"35381",3675.57566320698,"NRI_P057",50
"35382",13555.611893207,"NRI_P057",100
"35383",2418.27067320701,"NRI_P057",25
"35384",1899.88519320701,"NRI_P057",50
"35385",2550.44641320698,"NRI_P057",100
"35386",-1503.86358679301,"NRI_P057",25
"35387",3029.18646320701,"NRI_P057",50
"35388",27703.873173207,"NRI_P057",100
"35389",1880.28276320698,"NRI_P057",25
"35390",9425.21237320697,"NRI_P057",50
"35391",5187.39328320697,"NRI_P057",100
"35392",5946.09905320697,"NRI_P057",25
"35393",5738.45114320697,"NRI_P057",50
"35394",27179.392583207,"NRI_P057",100
"35395",3386.14457320701,"NRI_P057",25
"35396",6313.54289320699,"NRI_P057",50
"35397",7071.87721320702,"NRI_P057",100
"35398",-262.946506793029,"NRI_P057",25
"35399",14303.769993207,"NRI_P057",50
"35400",11947.731693207,"NRI_P057",100
"35401",4851.23546176299,"NRI_P058",25
"35402",-10988.698228237,"NRI_P058",50
"35403",6157.790311763,"NRI_P058",100
"35404",11656.682271763,"NRI_P058",25
"35405",-4452.82778823696,"NRI_P058",50
"35406",-2743.34996823699,"NRI_P058",100
"35407",-8291.59636823699,"NRI_P058",25
"35408",19460.489881763,"NRI_P058",50
"35409",-961.430038236955,"NRI_P058",100
"35410",-11645.972668237,"NRI_P058",25
"35411",2652.24377176299,"NRI_P058",50
"35412",1387.75690176303,"NRI_P058",100
"35413",1530.99265176302,"NRI_P058",25
"35414",5047.48583176301,"NRI_P058",50
"35415",668.390181763039,"NRI_P058",100
"35416",-24296.217758237,"NRI_P058",25
"35417",-4905.932528237,"NRI_P058",50
"35418",538.50360176299,"NRI_P058",100
"35419",-5457.92838823696,"NRI_P058",25
"35420",-959.421478236967,"NRI_P058",50
"35421",-8324.68332823698,"NRI_P058",100
"35422",15251.519471763,"NRI_P058",25
"35423",1847.89183176303,"NRI_P058",50
"35424",4015.820941763,"NRI_P058",100
"35425",-17267.880968237,"NRI_P058",25
"35426",-5611.53751823696,"NRI_P058",50
"35427",-7892.51398823695,"NRI_P058",100
"35428",2923.941141763,"NRI_P058",25
"35429",18965.460871763,"NRI_P058",50
"35430",10786.497321763,"NRI_P058",100
"35431",3469.52677176299,"NRI_P058",25
"35432",8657.867931763,"NRI_P058",50
"35433",4130.88375176303,"NRI_P058",100
"35434",-20069.414618237,"NRI_P058",25
"35435",-1963.50363823696,"NRI_P058",50
"35436",-10812.588158237,"NRI_P058",100
"35437",2962.60978176299,"NRI_P058",25
"35438",-19956.276278237,"NRI_P058",50
"35439",7632.15010176302,"NRI_P058",100
"35440",3820.05127176299,"NRI_P058",25
"35441",-8523.92060823698,"NRI_P058",50
"35442",-10239.743028237,"NRI_P058",100
"35443",3747.81478176301,"NRI_P058",25
"35444",13494.776051763,"NRI_P058",50
"35445",-15966.410758237,"NRI_P058",100
"35446",2155.40955176303,"NRI_P058",25
"35447",-12517.545868237,"NRI_P058",50
"35448",-3240.31003823696,"NRI_P058",100
"35449",-11339.308478237,"NRI_P058",25
"35450",3716.61597176304,"NRI_P058",50
"35451",-6978.48591823695,"NRI_P058",100
"35452",-2351.38677823701,"NRI_P058",25
"35453",8486.78297176299,"NRI_P058",50
"35454",-2362.84355823696,"NRI_P058",100
"35455",-1542.06396823697,"NRI_P058",25
"35456",1679.50027176301,"NRI_P058",50
"35457",-8036.90968823701,"NRI_P058",100
"35458",-4440.786438237,"NRI_P058",25
"35459",-5367.08248823701,"NRI_P058",50
"35460",-7973.95584823698,"NRI_P058",100
"35461",-286.989838237001,"NRI_P058",25
"35462",4832.19941176299,"NRI_P058",50
"35463",-5621.428248237,"NRI_P058",100
"35464",9772.67745176301,"NRI_P058",25
"35465",-4360.01464823697,"NRI_P058",50
"35466",-13938.420558237,"NRI_P058",100
"35467",1580.15247176302,"NRI_P058",25
"35468",7121.364781763,"NRI_P058",50
"35469",15204.310101763,"NRI_P058",100
"35470",246.275761763041,"NRI_P058",25
"35471",13259.185301763,"NRI_P058",50
"35472",-10343.876918237,"NRI_P058",100
"35473",10559.740371763,"NRI_P058",25
"35474",-16588.262538237,"NRI_P058",50
"35475",9943.739391763,"NRI_P058",100
"35476",-6308.82950823696,"NRI_P058",25
"35477",11819.853091763,"NRI_P058",50
"35478",2348.37172176299,"NRI_P058",100
"35479",-1946.54242823698,"NRI_P058",25
"35480",-2041.29875823698,"NRI_P058",50
"35481",-7973.85734823695,"NRI_P058",100
"35482",-11563.028908237,"NRI_P058",25
"35483",3700.35293176305,"NRI_P058",50
"35484",-3645.750808237,"NRI_P058",100
"35485",-8783.51026823698,"NRI_P058",25
"35486",3691.39244176302,"NRI_P058",50
"35487",6295.440651763,"NRI_P058",100
"35488",-7485.27564823697,"NRI_P058",25
"35489",-3430.93471823697,"NRI_P058",50
"35490",-2217.25915823696,"NRI_P058",100
"35491",1751.926601763,"NRI_P058",25
"35492",4582.79590176302,"NRI_P058",50
"35493",-6197.46450823697,"NRI_P058",100
"35494",-1470.24470823701,"NRI_P058",25
"35495",-3211.23154823697,"NRI_P058",50
"35496",12500.329811763,"NRI_P058",100
"35497",8310.52858176304,"NRI_P058",25
"35498",-2721.61059823696,"NRI_P058",50
"35499",4738.84604176303,"NRI_P058",100
"35500",-768.084658237,"NRI_P058",25
"35501",1447.90840176301,"NRI_P058",50
"35502",-8986.15495823696,"NRI_P058",100
"35503",9717.540341763,"NRI_P058",25
"35504",-7586.76153823698,"NRI_P058",50
"35505",-6751.17816823698,"NRI_P058",100
"35506",3615.33943176304,"NRI_P058",25
"35507",-13431.792468237,"NRI_P058",50
"35508",-3988.35067823698,"NRI_P058",100
"35509",-1440.81804823701,"NRI_P058",25
"35510",11183.615351763,"NRI_P058",50
"35511",5812.88244176301,"NRI_P058",100
"35512",-14362.981198237,"NRI_P058",25
"35513",-854.627618236991,"NRI_P058",50
"35514",-5069.65376823698,"NRI_P058",100
"35515",10820.044201763,"NRI_P058",25
"35516",11067.566701763,"NRI_P058",50
"35517",245.080751763016,"NRI_P058",100
"35518",-9494.00536823698,"NRI_P058",25
"35519",-6460.557918237,"NRI_P058",50
"35520",-6324.44068823697,"NRI_P058",100
"35521",-5404.42133823701,"NRI_P058",25
"35522",-4907.01334823697,"NRI_P058",50
"35523",-4913.28128823696,"NRI_P058",100
"35524",12255.590971763,"NRI_P058",25
"35525",-15075.107408237,"NRI_P058",50
"35526",11958.553341763,"NRI_P058",100
"35527",-10874.726668237,"NRI_P058",25
"35528",-6250.36239823699,"NRI_P058",50
"35529",3796.54172176303,"NRI_P058",100
"35530",-525.326418237004,"NRI_P058",25
"35531",-10346.702428237,"NRI_P058",50
"35532",1136.52104176302,"NRI_P058",100
"35533",1853.25211176299,"NRI_P058",25
"35534",-7800.61638823699,"NRI_P058",50
"35535",-1032.37652823696,"NRI_P058",100
"35536",-20028.387338237,"NRI_P058",25
"35537",-5638.46487823699,"NRI_P058",50
"35538",-11775.553358237,"NRI_P058",100
"35539",10769.746311763,"NRI_P058",25
"35540",-3001.61747823696,"NRI_P058",50
"35541",-2080.26509823697,"NRI_P058",100
"35542",2423.10265176301,"NRI_P058",25
"35543",-4989.53496823699,"NRI_P058",50
"35544",-7162.98461823701,"NRI_P058",100
"35545",6851.59773176303,"NRI_P058",25
"35546",-17480.210358237,"NRI_P058",50
"35547",3045.40468176303,"NRI_P058",100
"35548",1495.279241763,"NRI_P058",25
"35549",-11851.496988237,"NRI_P058",50
"35550",7731.29692176305,"NRI_P058",100
"35551",55.9394417630392,"NRI_P058",25
"35552",-11867.995468237,"NRI_P058",50
"35553",-12698.397298237,"NRI_P058",100
"35554",-9460.38148823701,"NRI_P058",25
"35555",-4175.82519823697,"NRI_P058",50
"35556",-7525.85888823698,"NRI_P058",100
"35557",7091.26550176303,"NRI_P058",25
"35558",10333.966651763,"NRI_P058",50
"35559",-8583.25855823699,"NRI_P058",100
"35560",5841.23299176304,"NRI_P058",25
"35561",5216.46039176302,"NRI_P058",50
"35562",-6556.98745823698,"NRI_P058",100
"35563",11004.488571763,"NRI_P058",25
"35564",2675.18617176299,"NRI_P058",50
"35565",-3068.88982823701,"NRI_P058",100
"35566",8935.45494176302,"NRI_P058",25
"35567",-6936.68143823696,"NRI_P058",50
"35568",4070.74868176301,"NRI_P058",100
"35569",9238.618841763,"NRI_P058",25
"35570",9844.132111763,"NRI_P058",50
"35571",772.476531763037,"NRI_P058",100
"35572",-7099.82445823698,"NRI_P058",25
"35573",9584.67802176304,"NRI_P058",50
"35574",-5344.233868237,"NRI_P058",100
"35575",4014.35267176304,"NRI_P058",25
"35576",-13616.794428237,"NRI_P058",50
"35577",5002.59442176303,"NRI_P058",100
"35578",1499.36609176302,"NRI_P058",25
"35579",-21823.443518237,"NRI_P058",50
"35580",-2507.795488237,"NRI_P058",100
"35581",16236.971911763,"NRI_P058",25
"35582",23031.593161763,"NRI_P058",50
"35583",3437.21047176304,"NRI_P058",100
"35584",-4096.98119823699,"NRI_P058",25
"35585",10250.237911763,"NRI_P058",50
"35586",-9085.81167823699,"NRI_P058",100
"35587",-7490.76856823696,"NRI_P058",25
"35588",-13497.102418237,"NRI_P058",50
"35589",-4176.07697823696,"NRI_P058",100
"35590",-3888.75643823697,"NRI_P058",25
"35591",-12755.334088237,"NRI_P058",50
"35592",-7545.065088237,"NRI_P058",100
"35593",6129.29475176299,"NRI_P058",25
"35594",746.169791763008,"NRI_P058",50
"35595",-6267.99816823698,"NRI_P058",100
"35596",3409.994521763,"NRI_P058",25
"35597",-11665.000608237,"NRI_P058",50
"35598",-2218.120548237,"NRI_P058",100
"35599",-7228.53891823697,"NRI_P058",25
"35600",-311.488608237007,"NRI_P058",50
"35601",-3052.68253823696,"NRI_P058",100
"35602",-9236.51293823699,"NRI_P058",25
"35603",-6461.50692823698,"NRI_P058",50
"35604",1250.04538176302,"NRI_P058",100
"35605",-4593.29134823696,"NRI_P058",25
"35606",25815.724621763,"NRI_P058",50
"35607",781.630741763045,"NRI_P058",100
"35608",2676.18982176302,"NRI_P058",25
"35609",8801.17951176304,"NRI_P058",50
"35610",8188.13439176301,"NRI_P058",100
"35611",-5481.03832823696,"NRI_P058",25
"35612",-10729.475818237,"NRI_P058",50
"35613",-10870.692428237,"NRI_P058",100
"35614",4283.84842176305,"NRI_P058",25
"35615",11675.172751763,"NRI_P058",50
"35616",7493.58488176303,"NRI_P058",100
"35617",-5622.22761823697,"NRI_P058",25
"35618",-6721.862598237,"NRI_P058",50
"35619",-2167.383788237,"NRI_P058",100
"35620",7661.74589176301,"NRI_P058",25
"35621",-7580.92645823699,"NRI_P058",50
"35622",3952.496371763,"NRI_P058",100
"35623",-8857.27928823698,"NRI_P058",25
"35624",-7892.20278823696,"NRI_P058",50
"35625",186.807311762997,"NRI_P058",100
"35626",9223.53097176302,"NRI_P058",25
"35627",-4980.943888237,"NRI_P058",50
"35628",-11391.939828237,"NRI_P058",100
"35629",4005.50115176302,"NRI_P058",25
"35630",22533.951401763,"NRI_P058",50
"35631",-10218.644068237,"NRI_P058",100
"35632",2668.24655176303,"NRI_P058",25
"35633",-22182.773198237,"NRI_P058",50
"35634",-2522.95438823698,"NRI_P058",100
"35635",-10797.670378237,"NRI_P058",25
"35636",-13550.908758237,"NRI_P058",50
"35637",-9875.96164823696,"NRI_P058",100
"35638",1102.71453176299,"NRI_P058",25
"35639",6926.14440176304,"NRI_P058",50
"35640",-3394.773328237,"NRI_P058",100
"35641",-3308.21488823701,"NRI_P058",25
"35642",1505.14743176301,"NRI_P058",50
"35643",12689.772161763,"NRI_P058",100
"35644",1067.41205176304,"NRI_P058",25
"35645",-1802.77782823698,"NRI_P058",50
"35646",187.665491763037,"NRI_P058",100
"35647",4820.77450176299,"NRI_P058",25
"35648",7060.70043176302,"NRI_P058",50
"35649",6279.39399176301,"NRI_P058",100
"35650",-6427.007458237,"NRI_P058",25
"35651",-9929.76454823697,"NRI_P058",50
"35652",-3867.839788237,"NRI_P058",100
"35653",-7579.94795823697,"NRI_P058",25
"35654",-10477.360568237,"NRI_P058",50
"35655",5269.431891763,"NRI_P058",100
"35656",3435.08576176304,"NRI_P058",25
"35657",6453.20232176303,"NRI_P058",50
"35658",10218.472061763,"NRI_P058",100
"35659",1754.875201763,"NRI_P058",25
"35660",-20984.020968237,"NRI_P058",50
"35661",697.803141763026,"NRI_P058",100
"35662",-7957.74276823696,"NRI_P058",25
"35663",-18733.982308237,"NRI_P058",50
"35664",-12110.506928237,"NRI_P058",100
"35665",6088.18565176299,"NRI_P058",25
"35666",-19687.918338237,"NRI_P058",50
"35667",4155.367151763,"NRI_P058",100
"35668",3128.91747176304,"NRI_P058",25
"35669",8148.061011763,"NRI_P058",50
"35670",6138.80191176303,"NRI_P058",100
"35671",12108.876521763,"NRI_P058",25
"35672",14503.611081763,"NRI_P058",50
"35673",-1087.803798237,"NRI_P058",100
"35674",7509.39886176301,"NRI_P058",25
"35675",-21193.951008237,"NRI_P058",50
"35676",435.870231762994,"NRI_P058",100
"35677",-5805.543058237,"NRI_P058",25
"35678",-3612.97843823698,"NRI_P058",50
"35679",-13960.854348237,"NRI_P058",100
"35680",-7574.696708237,"NRI_P058",25
"35681",7890.654081763,"NRI_P058",50
"35682",-11658.757668237,"NRI_P058",100
"35683",4956.30892176303,"NRI_P058",25
"35684",-4067.51665823697,"NRI_P058",50
"35685",-349.718638236984,"NRI_P058",100
"35686",-6382.90032823698,"NRI_P058",25
"35687",-3142.88636823697,"NRI_P058",50
"35688",2119.08118176303,"NRI_P058",100
"35689",931.353461763007,"NRI_P058",25
"35690",10509.498351763,"NRI_P058",50
"35691",-5497.43630823697,"NRI_P058",100
"35692",1378.43259176303,"NRI_P058",25
"35693",-12353.830418237,"NRI_P058",50
"35694",-13743.649728237,"NRI_P058",100
"35695",14368.159521763,"NRI_P058",25
"35696",-6136.386808237,"NRI_P058",50
"35697",-3213.471958237,"NRI_P058",100
"35698",-8354.26225823699,"NRI_P058",25
"35699",-16762.544098237,"NRI_P058",50
"35700",-1768.80031823699,"NRI_P058",100
"35701",-11587.035554901,"NRI_P059",25
"35702",-33.3317349010031,"NRI_P059",50
"35703",-22926.405544901,"NRI_P059",100
"35704",-18444.470674901,"NRI_P059",25
"35705",-10488.250434901,"NRI_P059",50
"35706",-22050.878504901,"NRI_P059",100
"35707",6828.64332509896,"NRI_P059",25
"35708",-18492.226924901,"NRI_P059",50
"35709",-12930.802214901,"NRI_P059",100
"35710",-6513.883134901,"NRI_P059",25
"35711",-20013.172964901,"NRI_P059",50
"35712",-16389.912004901,"NRI_P059",100
"35713",-545.835814900987,"NRI_P059",25
"35714",7580.90956509899,"NRI_P059",50
"35715",-18414.695694901,"NRI_P059",100
"35716",-18.0859349010279,"NRI_P059",25
"35717",-7704.43140490103,"NRI_P059",50
"35718",5535.23201509897,"NRI_P059",100
"35719",-12937.813734901,"NRI_P059",25
"35720",221.925285098958,"NRI_P059",50
"35721",-21621.121464901,"NRI_P059",100
"35722",-12007.554374901,"NRI_P059",25
"35723",-9158.22621490102,"NRI_P059",50
"35724",-17785.726264901,"NRI_P059",100
"35725",5699.09070509899,"NRI_P059",25
"35726",-1025.79471490101,"NRI_P059",50
"35727",993.583805099013,"NRI_P059",100
"35728",13066.317915099,"NRI_P059",25
"35729",-16211.553144901,"NRI_P059",50
"35730",-18558.395504901,"NRI_P059",100
"35731",-2283.29187490104,"NRI_P059",25
"35732",-16763.172304901,"NRI_P059",50
"35733",-15915.603484901,"NRI_P059",100
"35734",-3323.851494901,"NRI_P059",25
"35735",6165.07560509897,"NRI_P059",50
"35736",-26251.186194901,"NRI_P059",100
"35737",-17279.585974901,"NRI_P059",25
"35738",-9613.54858490103,"NRI_P059",50
"35739",-16007.693024901,"NRI_P059",100
"35740",-2821.919254901,"NRI_P059",25
"35741",-22253.284084901,"NRI_P059",50
"35742",-25703.545224901,"NRI_P059",100
"35743",-7365.78436490102,"NRI_P059",25
"35744",-8368.74089490104,"NRI_P059",50
"35745",-14648.529684901,"NRI_P059",100
"35746",1023.10387509898,"NRI_P059",25
"35747",-20400.196814901,"NRI_P059",50
"35748",-29050.489914901,"NRI_P059",100
"35749",5092.475705099,"NRI_P059",25
"35750",-14201.937494901,"NRI_P059",50
"35751",850.671575098997,"NRI_P059",100
"35752",-3436.54581490101,"NRI_P059",25
"35753",16869.329935099,"NRI_P059",50
"35754",-27131.631504901,"NRI_P059",100
"35755",-6250.94991490099,"NRI_P059",25
"35756",-9441.86495490099,"NRI_P059",50
"35757",-29247.468724901,"NRI_P059",100
"35758",5852.35941509897,"NRI_P059",25
"35759",-18386.303094901,"NRI_P059",50
"35760",-31040.493174901,"NRI_P059",100
"35761",-20240.721754901,"NRI_P059",25
"35762",-1201.39732490102,"NRI_P059",50
"35763",-16517.474404901,"NRI_P059",100
"35764",9219.73516509897,"NRI_P059",25
"35765",-11366.233854901,"NRI_P059",50
"35766",-19972.388134901,"NRI_P059",100
"35767",3472.52832509897,"NRI_P059",25
"35768",-12896.905184901,"NRI_P059",50
"35769",-23456.729984901,"NRI_P059",100
"35770",-3895.24824490101,"NRI_P059",25
"35771",-14261.855674901,"NRI_P059",50
"35772",-23723.848714901,"NRI_P059",100
"35773",-10667.709444901,"NRI_P059",25
"35774",3274.30708509899,"NRI_P059",50
"35775",-30822.178044901,"NRI_P059",100
"35776",-17471.167564901,"NRI_P059",25
"35777",3337.47182509897,"NRI_P059",50
"35778",-31368.945454901,"NRI_P059",100
"35779",-7308.54508490104,"NRI_P059",25
"35780",922.398615098966,"NRI_P059",50
"35781",-25442.526214901,"NRI_P059",100
"35782",-10734.335144901,"NRI_P059",25
"35783",-14589.275434901,"NRI_P059",50
"35784",-3014.09404490102,"NRI_P059",100
"35785",7738.03893509897,"NRI_P059",25
"35786",-22436.518924901,"NRI_P059",50
"35787",-14052.891634901,"NRI_P059",100
"35788",-21046.941094901,"NRI_P059",25
"35789",-24387.568654901,"NRI_P059",50
"35790",-23939.126154901,"NRI_P059",100
"35791",3431.63897509896,"NRI_P059",25
"35792",-5242.33563490101,"NRI_P059",50
"35793",-14053.343654901,"NRI_P059",100
"35794",10112.817085099,"NRI_P059",25
"35795",6383.641265099,"NRI_P059",50
"35796",14149.225645099,"NRI_P059",100
"35797",-15548.681984901,"NRI_P059",25
"35798",-9186.99020490103,"NRI_P059",50
"35799",-13343.598584901,"NRI_P059",100
"35800",-14191.367414901,"NRI_P059",25
"35801",-22291.160254901,"NRI_P059",50
"35802",-22587.142624901,"NRI_P059",100
"35803",-23508.315984901,"NRI_P059",25
"35804",1143.41726509901,"NRI_P059",50
"35805",5904.86464509898,"NRI_P059",100
"35806",2220.37394509901,"NRI_P059",25
"35807",-859.037674901017,"NRI_P059",50
"35808",-5953.28826490103,"NRI_P059",100
"35809",-4177.93827490101,"NRI_P059",25
"35810",-4422.19652490102,"NRI_P059",50
"35811",-38118.403554901,"NRI_P059",100
"35812",-9325.20555490104,"NRI_P059",25
"35813",-17231.320104901,"NRI_P059",50
"35814",-24293.384584901,"NRI_P059",100
"35815",-5975.04303490103,"NRI_P059",25
"35816",-23854.211104901,"NRI_P059",50
"35817",-22586.943254901,"NRI_P059",100
"35818",-9852.48090490099,"NRI_P059",25
"35819",-1046.71818490099,"NRI_P059",50
"35820",-26593.454184901,"NRI_P059",100
"35821",-3357.10953490104,"NRI_P059",25
"35822",-22437.010254901,"NRI_P059",50
"35823",-9873.00889490102,"NRI_P059",100
"35824",-8034.35886490101,"NRI_P059",25
"35825",-36567.585234901,"NRI_P059",50
"35826",-9918.17609490099,"NRI_P059",100
"35827",4887.74736509897,"NRI_P059",25
"35828",-3085.477044901,"NRI_P059",50
"35829",-9942.65016490099,"NRI_P059",100
"35830",-7076.29380490101,"NRI_P059",25
"35831",-21509.775574901,"NRI_P059",50
"35832",-31327.802694901,"NRI_P059",100
"35833",-2677.744344901,"NRI_P059",25
"35834",-8102.98744490102,"NRI_P059",50
"35835",-24786.146654901,"NRI_P059",100
"35836",10098.455695099,"NRI_P059",25
"35837",-10544.256534901,"NRI_P059",50
"35838",-28934.018234901,"NRI_P059",100
"35839",-17079.912914901,"NRI_P059",25
"35840",-5989.98728490103,"NRI_P059",50
"35841",-28339.324784901,"NRI_P059",100
"35842",3441.70856509899,"NRI_P059",25
"35843",-895.664774901001,"NRI_P059",50
"35844",-6622.672724901,"NRI_P059",100
"35845",-13950.267024901,"NRI_P059",25
"35846",-953.82168490102,"NRI_P059",50
"35847",-25391.926124901,"NRI_P059",100
"35848",-13625.371714901,"NRI_P059",25
"35849",-12932.564424901,"NRI_P059",50
"35850",-11704.798554901,"NRI_P059",100
"35851",-3508.317194901,"NRI_P059",25
"35852",-16247.947074901,"NRI_P059",50
"35853",-16717.553154901,"NRI_P059",100
"35854",-11280.108114901,"NRI_P059",25
"35855",-19735.714714901,"NRI_P059",50
"35856",-22452.304014901,"NRI_P059",100
"35857",-1547.29407490103,"NRI_P059",25
"35858",-18721.951674901,"NRI_P059",50
"35859",-9933.851754901,"NRI_P059",100
"35860",-7569.187134901,"NRI_P059",25
"35861",-12189.216234901,"NRI_P059",50
"35862",-15808.588204901,"NRI_P059",100
"35863",-475.750204901036,"NRI_P059",25
"35864",44.7433450989774,"NRI_P059",50
"35865",-22980.102404901,"NRI_P059",100
"35866",-2403.85213490104,"NRI_P059",25
"35867",-8837.44695490104,"NRI_P059",50
"35868",-13451.453384901,"NRI_P059",100
"35869",-9436.09914490103,"NRI_P059",25
"35870",5030.314035099,"NRI_P059",50
"35871",-28624.891404901,"NRI_P059",100
"35872",-17769.543994901,"NRI_P059",25
"35873",-13771.512884901,"NRI_P059",50
"35874",-8713.46594490099,"NRI_P059",100
"35875",-14151.770944901,"NRI_P059",25
"35876",-5856.87581490102,"NRI_P059",50
"35877",-14741.782224901,"NRI_P059",100
"35878",-5926.13419490104,"NRI_P059",25
"35879",6244.07285509899,"NRI_P059",50
"35880",-9570.66330490104,"NRI_P059",100
"35881",-14406.818774901,"NRI_P059",25
"35882",-12075.968834901,"NRI_P059",50
"35883",-22264.606404901,"NRI_P059",100
"35884",-2185.21894490102,"NRI_P059",25
"35885",-18304.238494901,"NRI_P059",50
"35886",-26696.357864901,"NRI_P059",100
"35887",-6659.52591490099,"NRI_P059",25
"35888",13469.099885099,"NRI_P059",50
"35889",6326.37180509901,"NRI_P059",100
"35890",-2569.277704901,"NRI_P059",25
"35891",1442.52592509898,"NRI_P059",50
"35892",-12214.187224901,"NRI_P059",100
"35893",-4568.15222490102,"NRI_P059",25
"35894",3294.06752509897,"NRI_P059",50
"35895",-28056.772544901,"NRI_P059",100
"35896",-12843.266434901,"NRI_P059",25
"35897",-18289.803244901,"NRI_P059",50
"35898",-30668.730094901,"NRI_P059",100
"35899",-3409.16609490104,"NRI_P059",25
"35900",-168.872224900988,"NRI_P059",50
"35901",-8241.09201490099,"NRI_P059",100
"35902",-2262.84786490101,"NRI_P059",25
"35903",-5596.72684490099,"NRI_P059",50
"35904",-25770.067044901,"NRI_P059",100
"35905",2932.52229509898,"NRI_P059",25
"35906",-6118.87131490104,"NRI_P059",50
"35907",-20107.160804901,"NRI_P059",100
"35908",-17213.834734901,"NRI_P059",25
"35909",-19709.024134901,"NRI_P059",50
"35910",-23232.232104901,"NRI_P059",100
"35911",8776.927095099,"NRI_P059",25
"35912",-16597.208564901,"NRI_P059",50
"35913",-32088.929184901,"NRI_P059",100
"35914",-5243.19828490104,"NRI_P059",25
"35915",-28834.788594901,"NRI_P059",50
"35916",-21636.029264901,"NRI_P059",100
"35917",-9899.746614901,"NRI_P059",25
"35918",-6736.22494490101,"NRI_P059",50
"35919",-22676.041264901,"NRI_P059",100
"35920",-11574.742974901,"NRI_P059",25
"35921",-13631.685654901,"NRI_P059",50
"35922",-2665.26708490099,"NRI_P059",100
"35923",-7160.63106490101,"NRI_P059",25
"35924",-14125.402854901,"NRI_P059",50
"35925",-17011.456374901,"NRI_P059",100
"35926",-19378.570634901,"NRI_P059",25
"35927",-22022.492354901,"NRI_P059",50
"35928",-20357.807274901,"NRI_P059",100
"35929",-4533.62396490102,"NRI_P059",25
"35930",-21489.335254901,"NRI_P059",50
"35931",-38635.442854901,"NRI_P059",100
"35932",1183.33279509901,"NRI_P059",25
"35933",-13081.981084901,"NRI_P059",50
"35934",14258.075205099,"NRI_P059",100
"35935",-7414.765564901,"NRI_P059",25
"35936",-4550.17821490101,"NRI_P059",50
"35937",-23150.408374901,"NRI_P059",100
"35938",-18236.893504901,"NRI_P059",25
"35939",280.148795098998,"NRI_P059",50
"35940",-23798.274674901,"NRI_P059",100
"35941",2613.13085509901,"NRI_P059",25
"35942",-12240.631154901,"NRI_P059",50
"35943",-23220.038544901,"NRI_P059",100
"35944",-731.288824901043,"NRI_P059",25
"35945",-15967.396854901,"NRI_P059",50
"35946",-14503.622764901,"NRI_P059",100
"35947",-10969.903024901,"NRI_P059",25
"35948",-10051.829864901,"NRI_P059",50
"35949",-24181.712974901,"NRI_P059",100
"35950",-1893.74218490103,"NRI_P059",25
"35951",-3585.922074901,"NRI_P059",50
"35952",-9656.58552490099,"NRI_P059",100
"35953",-22637.174774901,"NRI_P059",25
"35954",9001.09225509898,"NRI_P059",50
"35955",-26974.813764901,"NRI_P059",100
"35956",-1508.67388490104,"NRI_P059",25
"35957",3559.68515509897,"NRI_P059",50
"35958",-22514.612414901,"NRI_P059",100
"35959",-8938.74052490102,"NRI_P059",25
"35960",-11198.150304901,"NRI_P059",50
"35961",-8480.34235490102,"NRI_P059",100
"35962",4191.73555509897,"NRI_P059",25
"35963",-17390.187394901,"NRI_P059",50
"35964",-17394.763044901,"NRI_P059",100
"35965",1629.49294509896,"NRI_P059",25
"35966",-24006.154614901,"NRI_P059",50
"35967",-11741.303604901,"NRI_P059",100
"35968",-11877.565674901,"NRI_P059",25
"35969",-16740.143894901,"NRI_P059",50
"35970",-9578.86675490101,"NRI_P059",100
"35971",-8334.47574490099,"NRI_P059",25
"35972",-624.381384901004,"NRI_P059",50
"35973",-29814.073274901,"NRI_P059",100
"35974",-20651.438664901,"NRI_P059",25
"35975",14124.391415099,"NRI_P059",50
"35976",872.807395098964,"NRI_P059",100
"35977",651.444445098983,"NRI_P059",25
"35978",-11404.058414901,"NRI_P059",50
"35979",-15620.980004901,"NRI_P059",100
"35980",-5950.026014901,"NRI_P059",25
"35981",-34147.578514901,"NRI_P059",50
"35982",-28003.355014901,"NRI_P059",100
"35983",1576.02078509901,"NRI_P059",25
"35984",250.326785098994,"NRI_P059",50
"35985",-24205.549674901,"NRI_P059",100
"35986",-14695.412204901,"NRI_P059",25
"35987",6727.24866509897,"NRI_P059",50
"35988",-24419.491734901,"NRI_P059",100
"35989",9360.95972509898,"NRI_P059",25
"35990",-25880.848984901,"NRI_P059",50
"35991",-29598.331564901,"NRI_P059",100
"35992",5075.10393509897,"NRI_P059",25
"35993",-11529.365164901,"NRI_P059",50
"35994",-16450.167284901,"NRI_P059",100
"35995",4699.78537509899,"NRI_P059",25
"35996",-3154.945734901,"NRI_P059",50
"35997",-28428.814014901,"NRI_P059",100
"35998",-7943.39378490101,"NRI_P059",25
"35999",-846.637204901024,"NRI_P059",50
"36000",-28292.197294901,"NRI_P059",100
"36001",4471.04366614204,"NRI_P061",25
"36002",1820.68872614205,"NRI_P061",50
"36003",30669.911446142,"NRI_P061",100
"36004",-1203.26553385798,"NRI_P061",25
"36005",12601.958456142,"NRI_P061",50
"36006",32810.441616142,"NRI_P061",100
"36007",9563.556526142,"NRI_P061",25
"36008",4312.21017614205,"NRI_P061",50
"36009",7534.72268614202,"NRI_P061",100
"36010",402.582366142015,"NRI_P061",25
"36011",2152.38933614205,"NRI_P061",50
"36012",-966.226203857979,"NRI_P061",100
"36013",3766.21294614201,"NRI_P061",25
"36014",-6660.058053858,"NRI_P061",50
"36015",17472.985606142,"NRI_P061",100
"36016",4055.85492614203,"NRI_P061",25
"36017",2174.29214614205,"NRI_P061",50
"36018",14080.282256142,"NRI_P061",100
"36019",16196.126996142,"NRI_P061",25
"36020",-2866.480533858,"NRI_P061",50
"36021",16101.375496142,"NRI_P061",100
"36022",4778.35459614202,"NRI_P061",25
"36023",20888.153856142,"NRI_P061",50
"36024",12053.979146142,"NRI_P061",100
"36025",-1499.34987385798,"NRI_P061",25
"36026",12741.217046142,"NRI_P061",50
"36027",1083.73413614201,"NRI_P061",100
"36028",810.373266142036,"NRI_P061",25
"36029",20575.676656142,"NRI_P061",50
"36030",25680.347716142,"NRI_P061",100
"36031",-3865.725663858,"NRI_P061",25
"36032",4837.68185614201,"NRI_P061",50
"36033",6556.89155614201,"NRI_P061",100
"36034",8181.010316142,"NRI_P061",25
"36035",4522.89794614201,"NRI_P061",50
"36036",-1813.96519385796,"NRI_P061",100
"36037",9209.29131614201,"NRI_P061",25
"36038",-2051.67399385798,"NRI_P061",50
"36039",8133.95236614201,"NRI_P061",100
"36040",1550.557986142,"NRI_P061",25
"36041",11151.147306142,"NRI_P061",50
"36042",-1667.59559385799,"NRI_P061",100
"36043",384.207276142028,"NRI_P061",25
"36044",23023.982206142,"NRI_P061",50
"36045",6523.11627614201,"NRI_P061",100
"36046",1457.53461614205,"NRI_P061",25
"36047",-3.90198385796975,"NRI_P061",50
"36048",5339.25887614203,"NRI_P061",100
"36049",8464.265866142,"NRI_P061",25
"36050",16732.832106142,"NRI_P061",50
"36051",1012.84953614202,"NRI_P061",100
"36052",2753.70491614204,"NRI_P061",25
"36053",-2403.243773858,"NRI_P061",50
"36054",-1225.24809385795,"NRI_P061",100
"36055",5520.02489614201,"NRI_P061",25
"36056",9386.14412614203,"NRI_P061",50
"36057",20711.873536142,"NRI_P061",100
"36058",-1024.84743385797,"NRI_P061",25
"36059",-2341.03117385798,"NRI_P061",50
"36060",5762.64431614202,"NRI_P061",100
"36061",1476.63939614204,"NRI_P061",25
"36062",10102.818116142,"NRI_P061",50
"36063",-2587.094463858,"NRI_P061",100
"36064",12041.178446142,"NRI_P061",25
"36065",19303.896956142,"NRI_P061",50
"36066",-6790.79878385796,"NRI_P061",100
"36067",-2136.61770385801,"NRI_P061",25
"36068",-10911.447873858,"NRI_P061",50
"36069",-2798.030993858,"NRI_P061",100
"36070",-3772.44074385799,"NRI_P061",25
"36071",26536.956246142,"NRI_P061",50
"36072",-2734.83007385797,"NRI_P061",100
"36073",6509.57754614204,"NRI_P061",25
"36074",8164.11656614201,"NRI_P061",50
"36075",7458.51118614204,"NRI_P061",100
"36076",4141.80061614205,"NRI_P061",25
"36077",-6800.86772385798,"NRI_P061",50
"36078",14560.580526142,"NRI_P061",100
"36079",-4211.96302385797,"NRI_P061",25
"36080",19864.656416142,"NRI_P061",50
"36081",4002.35434614203,"NRI_P061",100
"36082",-2183.78573385801,"NRI_P061",25
"36083",933.749756142031,"NRI_P061",50
"36084",3141.74870614201,"NRI_P061",100
"36085",-3276.03741385799,"NRI_P061",25
"36086",6211.15683614201,"NRI_P061",50
"36087",-274.526833857992,"NRI_P061",100
"36088",-4350.74850385799,"NRI_P061",25
"36089",9209.42378614203,"NRI_P061",50
"36090",-86.6761238579638,"NRI_P061",100
"36091",-127.078133857984,"NRI_P061",25
"36092",20169.107676142,"NRI_P061",50
"36093",14872.378226142,"NRI_P061",100
"36094",3065.94295614201,"NRI_P061",25
"36095",9235.96383614204,"NRI_P061",50
"36096",3332.39197614201,"NRI_P061",100
"36097",-8809.580673858,"NRI_P061",25
"36098",5758.25394614204,"NRI_P061",50
"36099",-1243.07568385795,"NRI_P061",100
"36100",-11568.771133858,"NRI_P061",25
"36101",-5203.87184385798,"NRI_P061",50
"36102",-1564.61547385796,"NRI_P061",100
"36103",-1528.75471385795,"NRI_P061",25
"36104",447.01803614205,"NRI_P061",50
"36105",4726.62904614204,"NRI_P061",100
"36106",7702.10965614201,"NRI_P061",25
"36107",13247.014066142,"NRI_P061",50
"36108",18820.792186142,"NRI_P061",100
"36109",-2837.23790385795,"NRI_P061",25
"36110",3617.25845614204,"NRI_P061",50
"36111",1975.35228614201,"NRI_P061",100
"36112",901.694936142012,"NRI_P061",25
"36113",3499.43406614201,"NRI_P061",50
"36114",1489.08950614202,"NRI_P061",100
"36115",6094.15418614203,"NRI_P061",25
"36116",2806.98118614202,"NRI_P061",50
"36117",-2205.26192385796,"NRI_P061",100
"36118",1475.687626142,"NRI_P061",25
"36119",11097.651496142,"NRI_P061",50
"36120",11464.967816142,"NRI_P061",100
"36121",12605.134396142,"NRI_P061",25
"36122",7452.84638614202,"NRI_P061",50
"36123",20535.854976142,"NRI_P061",100
"36124",1994.08570614201,"NRI_P061",25
"36125",3361.26029614202,"NRI_P061",50
"36126",24384.885006142,"NRI_P061",100
"36127",1440.05434614205,"NRI_P061",25
"36128",-1170.56848385796,"NRI_P061",50
"36129",-2508.94395385799,"NRI_P061",100
"36130",-5896.71554385795,"NRI_P061",25
"36131",16128.244846142,"NRI_P061",50
"36132",6087.15836614202,"NRI_P061",100
"36133",6407.955996142,"NRI_P061",25
"36134",9898.61012614204,"NRI_P061",50
"36135",4343.050846142,"NRI_P061",100
"36136",-169.889903857955,"NRI_P061",25
"36137",2601.04847614199,"NRI_P061",50
"36138",15298.264526142,"NRI_P061",100
"36139",1174.54211614199,"NRI_P061",25
"36140",-5560.39536385797,"NRI_P061",50
"36141",23045.950176142,"NRI_P061",100
"36142",927.922586142027,"NRI_P061",25
"36143",5914.65535614203,"NRI_P061",50
"36144",8763.75226614199,"NRI_P061",100
"36145",2302.27241614205,"NRI_P061",25
"36146",27271.562206142,"NRI_P061",50
"36147",27469.320906142,"NRI_P061",100
"36148",-4399.69641385798,"NRI_P061",25
"36149",11851.214636142,"NRI_P061",50
"36150",-1718.28866385797,"NRI_P061",100
"36151",-2426.38514385797,"NRI_P061",25
"36152",-1300.53142385796,"NRI_P061",50
"36153",4925.26890614204,"NRI_P061",100
"36154",2402.23663614201,"NRI_P061",25
"36155",22085.157246142,"NRI_P061",50
"36156",10602.125216142,"NRI_P061",100
"36157",781.641046142031,"NRI_P061",25
"36158",18197.231496142,"NRI_P061",50
"36159",-1387.15421385795,"NRI_P061",100
"36160",-763.570663857972,"NRI_P061",25
"36161",2712.11528614204,"NRI_P061",50
"36162",16306.983076142,"NRI_P061",100
"36163",2744.75711614202,"NRI_P061",25
"36164",6279.09438614204,"NRI_P061",50
"36165",11309.342986142,"NRI_P061",100
"36166",-8564.08371385798,"NRI_P061",25
"36167",8246.71451614203,"NRI_P061",50
"36168",17877.124176142,"NRI_P061",100
"36169",2190.08927614201,"NRI_P061",25
"36170",25007.402766142,"NRI_P061",50
"36171",14021.702266142,"NRI_P061",100
"36172",5118.15837614203,"NRI_P061",25
"36173",-7303.77230385796,"NRI_P061",50
"36174",18410.336836142,"NRI_P061",100
"36175",-2128.48703385796,"NRI_P061",25
"36176",8986.239776142,"NRI_P061",50
"36177",1435.58242614201,"NRI_P061",100
"36178",-4071.19301385799,"NRI_P061",25
"36179",-956.799993857974,"NRI_P061",50
"36180",12692.957746142,"NRI_P061",100
"36181",-3590.72596385796,"NRI_P061",25
"36182",-662.43985385797,"NRI_P061",50
"36183",30990.598076142,"NRI_P061",100
"36184",2797.99718614202,"NRI_P061",25
"36185",9100.348326142,"NRI_P061",50
"36186",8604.85279614205,"NRI_P061",100
"36187",-144.345253857959,"NRI_P061",25
"36188",200.650726142048,"NRI_P061",50
"36189",6418.13624614204,"NRI_P061",100
"36190",9053.89974614204,"NRI_P061",25
"36191",-4496.23684385797,"NRI_P061",50
"36192",4848.18914614205,"NRI_P061",100
"36193",1446.331156142,"NRI_P061",25
"36194",-1559.27736385795,"NRI_P061",50
"36195",-7697.63784385798,"NRI_P061",100
"36196",10766.067236142,"NRI_P061",25
"36197",-2905.83701385796,"NRI_P061",50
"36198",11487.721886142,"NRI_P061",100
"36199",-503.561173858005,"NRI_P061",25
"36200",12229.948026142,"NRI_P061",50
"36201",21546.120916142,"NRI_P061",100
"36202",6220.45662614203,"NRI_P061",25
"36203",5164.698176142,"NRI_P061",50
"36204",15389.305616142,"NRI_P061",100
"36205",-3196.77514385799,"NRI_P061",25
"36206",17593.243876142,"NRI_P061",50
"36207",5601.03764614201,"NRI_P061",100
"36208",2184.39528614201,"NRI_P061",25
"36209",1501.49726614205,"NRI_P061",50
"36210",5482.37322614202,"NRI_P061",100
"36211",4215.02713614202,"NRI_P061",25
"36212",3662.88267614204,"NRI_P061",50
"36213",-6137.24300385796,"NRI_P061",100
"36214",1060.991756142,"NRI_P061",25
"36215",-5094.17994385801,"NRI_P061",50
"36216",-3606.06598385796,"NRI_P061",100
"36217",-1805.79814385797,"NRI_P061",25
"36218",-3801.95413385797,"NRI_P061",50
"36219",1892.17699614202,"NRI_P061",100
"36220",-639.652603857976,"NRI_P061",25
"36221",-1215.222873858,"NRI_P061",50
"36222",21421.186196142,"NRI_P061",100
"36223",8691.62941614201,"NRI_P061",25
"36224",-3824.80561385799,"NRI_P061",50
"36225",-9845.75085385796,"NRI_P061",100
"36226",2993.44474614202,"NRI_P061",25
"36227",516.342316142051,"NRI_P061",50
"36228",-2055.25989385799,"NRI_P061",100
"36229",5835.532026142,"NRI_P061",25
"36230",10641.181156142,"NRI_P061",50
"36231",4797.51647614205,"NRI_P061",100
"36232",4591.86098614201,"NRI_P061",25
"36233",-1437.08057385799,"NRI_P061",50
"36234",13059.362506142,"NRI_P061",100
"36235",3832.85907614202,"NRI_P061",25
"36236",943.863626142032,"NRI_P061",50
"36237",20927.165216142,"NRI_P061",100
"36238",5405.78427614202,"NRI_P061",25
"36239",10257.676206142,"NRI_P061",50
"36240",-5060.42876385798,"NRI_P061",100
"36241",13465.2436661421,"NRI_P061",25
"36242",-3130.54347385798,"NRI_P061",50
"36243",-4998.95297385799,"NRI_P061",100
"36244",6627.52572614205,"NRI_P061",25
"36245",7037.45556614205,"NRI_P061",50
"36246",7048.83402614202,"NRI_P061",100
"36247",-4017.78601385799,"NRI_P061",25
"36248",-1103.02134385798,"NRI_P061",50
"36249",23832.321516142,"NRI_P061",100
"36250",1924.096376142,"NRI_P061",25
"36251",-559.66284385795,"NRI_P061",50
"36252",7005.57936614205,"NRI_P061",100
"36253",1846.10446614202,"NRI_P061",25
"36254",7848.85030614201,"NRI_P061",50
"36255",17974.188606142,"NRI_P061",100
"36256",7422.00832614204,"NRI_P061",25
"36257",2292.19333614199,"NRI_P061",50
"36258",19440.422916142,"NRI_P061",100
"36259",-1823.77338385797,"NRI_P061",25
"36260",310.074296142033,"NRI_P061",50
"36261",-8605.46341385797,"NRI_P061",100
"36262",2434.91560614202,"NRI_P061",25
"36263",8971.66139614204,"NRI_P061",50
"36264",5989.93132614205,"NRI_P061",100
"36265",-3468.014993858,"NRI_P061",25
"36266",12757.183746142,"NRI_P061",50
"36267",12254.045906142,"NRI_P061",100
"36268",19510.449026142,"NRI_P061",25
"36269",5076.80303614202,"NRI_P061",50
"36270",20717.263136142,"NRI_P061",100
"36271",-3629.03721385798,"NRI_P061",25
"36272",10053.915436142,"NRI_P061",50
"36273",11575.948326142,"NRI_P061",100
"36274",16243.144276142,"NRI_P061",25
"36275",1927.21758614201,"NRI_P061",50
"36276",19137.526646142,"NRI_P061",100
"36277",2655.20199614204,"NRI_P061",25
"36278",11597.384616142,"NRI_P061",50
"36279",884.167026142008,"NRI_P061",100
"36280",-4988.190453858,"NRI_P061",25
"36281",7220.96650614199,"NRI_P061",50
"36282",12833.236256142,"NRI_P061",100
"36283",4818.135706142,"NRI_P061",25
"36284",-395.723703857977,"NRI_P061",50
"36285",29527.782556142,"NRI_P061",100
"36286",-792.131043857953,"NRI_P061",25
"36287",1438.76899614203,"NRI_P061",50
"36288",34850.325036142,"NRI_P061",100
"36289",5531.197036142,"NRI_P061",25
"36290",1095.66788614204,"NRI_P061",50
"36291",11021.863536142,"NRI_P061",100
"36292",10325.504086142,"NRI_P061",25
"36293",-970.124433857971,"NRI_P061",50
"36294",16587.529976142,"NRI_P061",100
"36295",2464.06159614201,"NRI_P061",25
"36296",528.74367614201,"NRI_P061",50
"36297",1376.07976614201,"NRI_P061",100
"36298",-11639.197863858,"NRI_P061",25
"36299",-3663.46519385796,"NRI_P061",50
"36300",14859.778366142,"NRI_P061",100
"36301",425.746929657995,"NRI_P062",25
"36302",1038.37865965796,"NRI_P062",50
"36303",8153.407529658,"NRI_P062",100
"36304",-772.568870341987,"NRI_P062",25
"36305",-1894.32031034201,"NRI_P062",50
"36306",1110.95260965801,"NRI_P062",100
"36307",-210.581120342016,"NRI_P062",25
"36308",157.211039657996,"NRI_P062",50
"36309",-2833.53918634204,"NRI_P062",100
"36310",8366.81480965798,"NRI_P062",25
"36311",-3769.96349034202,"NRI_P062",50
"36312",-6264.539586342,"NRI_P062",100
"36313",-5102.17080034199,"NRI_P062",25
"36314",15266.074209658,"NRI_P062",50
"36315",12373.368949658,"NRI_P062",100
"36316",-3612.36608034204,"NRI_P062",25
"36317",7689.386859658,"NRI_P062",50
"36318",7639.606129658,"NRI_P062",100
"36319",-4564.010660342,"NRI_P062",25
"36320",-1395.60869034199,"NRI_P062",50
"36321",14838.306833658,"NRI_P062",100
"36322",-184.322110342036,"NRI_P062",25
"36323",-704.495240341988,"NRI_P062",50
"36324",1797.52620965801,"NRI_P062",100
"36325",4724.89397965797,"NRI_P062",25
"36326",-2243.62266034202,"NRI_P062",50
"36327",-1267.413600342,"NRI_P062",100
"36328",-4286.69939034199,"NRI_P062",25
"36329",740.534419658012,"NRI_P062",50
"36330",18083.539469658,"NRI_P062",100
"36331",11763.999599658,"NRI_P062",25
"36332",-5736.26362034201,"NRI_P062",50
"36333",-4193.88015034201,"NRI_P062",100
"36334",3985.13757965801,"NRI_P062",25
"36335",692.275309657969,"NRI_P062",50
"36336",18990.229439658,"NRI_P062",100
"36337",-643.366750342015,"NRI_P062",25
"36338",-2378.05798034201,"NRI_P062",50
"36339",16954.659069658,"NRI_P062",100
"36340",1877.62490965798,"NRI_P062",25
"36341",106.170679658011,"NRI_P062",50
"36342",23598.379319658,"NRI_P062",100
"36343",-2625.696050342,"NRI_P062",25
"36344",3621.124949658,"NRI_P062",50
"36345",7437.83962965797,"NRI_P062",100
"36346",-6496.03644034202,"NRI_P062",25
"36347",-512.443040342012,"NRI_P062",50
"36348",412.188289657992,"NRI_P062",100
"36349",2057.41880965797,"NRI_P062",25
"36350",2383.77569965797,"NRI_P062",50
"36351",-4069.31996934203,"NRI_P062",100
"36352",346.849409657996,"NRI_P062",25
"36353",-3204.841530342,"NRI_P062",50
"36354",11794.815643658,"NRI_P062",100
"36355",-1766.33120034204,"NRI_P062",25
"36356",388.862420657999,"NRI_P062",50
"36357",9319.84038365801,"NRI_P062",100
"36358",-565.64208034199,"NRI_P062",25
"36359",6119.95076965797,"NRI_P062",50
"36360",9224.73345065798,"NRI_P062",100
"36361",4243.89395965799,"NRI_P062",25
"36362",7503.04515965801,"NRI_P062",50
"36363",20517.227299658,"NRI_P062",100
"36364",3160.47456965799,"NRI_P062",25
"36365",21709.423019658,"NRI_P062",50
"36366",-3879.38645034202,"NRI_P062",100
"36367",-2200.76649034204,"NRI_P062",25
"36368",4777.799569658,"NRI_P062",50
"36369",9890.07939965796,"NRI_P062",100
"36370",-2414.45244034199,"NRI_P062",25
"36371",-5958.61244034203,"NRI_P062",50
"36372",12809.934149658,"NRI_P062",100
"36373",-3433.50262034201,"NRI_P062",25
"36374",-2816.244149342,"NRI_P062",50
"36375",-2203.86133034201,"NRI_P062",100
"36376",-1076.296520342,"NRI_P062",25
"36377",7821.31142065796,"NRI_P062",50
"36378",2489.93745965796,"NRI_P062",100
"36379",-5053.073940342,"NRI_P062",25
"36380",5339.890329658,"NRI_P062",50
"36381",1660.65055965801,"NRI_P062",100
"36382",-1889.32373034203,"NRI_P062",25
"36383",-5867.66339034203,"NRI_P062",50
"36384",7333.22530065797,"NRI_P062",100
"36385",9709.21743965801,"NRI_P062",25
"36386",12456.274839658,"NRI_P062",50
"36387",6869.04023965797,"NRI_P062",100
"36388",-2478.73615034204,"NRI_P062",25
"36389",13327.004089658,"NRI_P062",50
"36390",-209.969100342016,"NRI_P062",100
"36391",510.985829657991,"NRI_P062",25
"36392",8775.12386965798,"NRI_P062",50
"36393",5554.05295965797,"NRI_P062",100
"36394",4920.88944965799,"NRI_P062",25
"36395",-1116.404220342,"NRI_P062",50
"36396",32287.408879658,"NRI_P062",100
"36397",1105.067709658,"NRI_P062",25
"36398",413.759243657987,"NRI_P062",50
"36399",-6880.27981634199,"NRI_P062",100
"36400",-1086.86238634202,"NRI_P062",25
"36401",-6121.86974034202,"NRI_P062",50
"36402",8803.23052965797,"NRI_P062",100
"36403",4166.72892965801,"NRI_P062",25
"36404",-5697.59962034202,"NRI_P062",50
"36405",-1272.800250342,"NRI_P062",100
"36406",1461.93782965798,"NRI_P062",25
"36407",14252.205609658,"NRI_P062",50
"36408",6775.848439658,"NRI_P062",100
"36409",-4600.52920034202,"NRI_P062",25
"36410",-5572.19652034203,"NRI_P062",50
"36411",2704.402339658,"NRI_P062",100
"36412",-2194.121060342,"NRI_P062",25
"36413",8534.92945965799,"NRI_P062",50
"36414",-2445.47504034202,"NRI_P062",100
"36415",-5662.54952034203,"NRI_P062",25
"36416",9523.80311965797,"NRI_P062",50
"36417",15181.231489658,"NRI_P062",100
"36418",-1897.041880342,"NRI_P062",25
"36419",7576.05203165801,"NRI_P062",50
"36420",10072.867919658,"NRI_P062",100
"36421",7279.49022965797,"NRI_P062",25
"36422",6656.79551965796,"NRI_P062",50
"36423",-221.092580342025,"NRI_P062",100
"36424",-1323.08631034201,"NRI_P062",25
"36425",8551.13361965801,"NRI_P062",50
"36426",1587.32097965799,"NRI_P062",100
"36427",-1026.294830342,"NRI_P062",25
"36428",-4845.62973034201,"NRI_P062",50
"36429",5384.89884365798,"NRI_P062",100
"36430",1274.78108965798,"NRI_P062",25
"36431",-6152.76711034199,"NRI_P062",50
"36432",10553.882509658,"NRI_P062",100
"36433",1634.71657965798,"NRI_P062",25
"36434",-639.978750342038,"NRI_P062",50
"36435",886.441779657966,"NRI_P062",100
"36436",1648.52206965798,"NRI_P062",25
"36437",-2117.72109034203,"NRI_P062",50
"36438",15035.083369658,"NRI_P062",100
"36439",-3073.84257034201,"NRI_P062",25
"36440",-4903.378230342,"NRI_P062",50
"36441",3091.24111965799,"NRI_P062",100
"36442",-2367.38783034199,"NRI_P062",25
"36443",1569.73820965801,"NRI_P062",50
"36444",-351.72979034204,"NRI_P062",100
"36445",224.664289657958,"NRI_P062",25
"36446",2448.39924965799,"NRI_P062",50
"36447",4649.84624965797,"NRI_P062",100
"36448",662.779759657977,"NRI_P062",25
"36449",-2497.65459634201,"NRI_P062",50
"36450",-2846.95659034199,"NRI_P062",100
"36451",985.192809658009,"NRI_P062",25
"36452",-1459.83434034203,"NRI_P062",50
"36453",5863.47497965797,"NRI_P062",100
"36454",8175.19223965798,"NRI_P062",25
"36455",12013.147519658,"NRI_P062",50
"36456",-1509.66165034199,"NRI_P062",100
"36457",-629.14902034204,"NRI_P062",25
"36458",2741.898639658,"NRI_P062",50
"36459",4768.37419965799,"NRI_P062",100
"36460",5651.267929658,"NRI_P062",25
"36461",3171.58969965798,"NRI_P062",50
"36462",12033.794639658,"NRI_P062",100
"36463",4679.981549658,"NRI_P062",25
"36464",18280.549719658,"NRI_P062",50
"36465",22040.866160658,"NRI_P062",100
"36466",934.430729657994,"NRI_P062",25
"36467",14204.247389658,"NRI_P062",50
"36468",19230.894159658,"NRI_P062",100
"36469",309.575669657963,"NRI_P062",25
"36470",-4783.22185934201,"NRI_P062",50
"36471",7988.07631965796,"NRI_P062",100
"36472",-4529.42750034202,"NRI_P062",25
"36473",20246.864020658,"NRI_P062",50
"36474",-8022.597270342,"NRI_P062",100
"36475",10137.738790658,"NRI_P062",25
"36476",6773.96057965799,"NRI_P062",50
"36477",10922.947669658,"NRI_P062",100
"36478",5458.637639658,"NRI_P062",25
"36479",5984.026200658,"NRI_P062",50
"36480",4157.25056365796,"NRI_P062",100
"36481",1785.155419658,"NRI_P062",25
"36482",11180.493609658,"NRI_P062",50
"36483",-9620.18563034199,"NRI_P062",100
"36484",9485.18246965797,"NRI_P062",25
"36485",21923.794719658,"NRI_P062",50
"36486",-1278.37649634201,"NRI_P062",100
"36487",2625.60833965801,"NRI_P062",25
"36488",-6934.00069034199,"NRI_P062",50
"36489",3903.59559965797,"NRI_P062",100
"36490",617.373020657978,"NRI_P062",25
"36491",-413.992530342017,"NRI_P062",50
"36492",2390.64870965801,"NRI_P062",100
"36493",761.413249658013,"NRI_P062",25
"36494",1621.448839658,"NRI_P062",50
"36495",6188.27202965796,"NRI_P062",100
"36496",1300.09270965797,"NRI_P062",25
"36497",4855.46883965796,"NRI_P062",50
"36498",1260.31133965799,"NRI_P062",100
"36499",8136.32355965796,"NRI_P062",25
"36500",2382.377709658,"NRI_P062",50
"36501",-2399.642540342,"NRI_P062",100
"36502",657.138829657983,"NRI_P062",25
"36503",3208.66585965798,"NRI_P062",50
"36504",-7740.65163034201,"NRI_P062",100
"36505",4016.622129658,"NRI_P062",25
"36506",2972.35211965797,"NRI_P062",50
"36507",2921.66159365798,"NRI_P062",100
"36508",-1808.712700342,"NRI_P062",25
"36509",977.28880965797,"NRI_P062",50
"36510",4491.69152065797,"NRI_P062",100
"36511",348.18876965798,"NRI_P062",25
"36512",6406.05573965801,"NRI_P062",50
"36513",23588.227399658,"NRI_P062",100
"36514",-943.768470342038,"NRI_P062",25
"36515",1157.10932965798,"NRI_P062",50
"36516",15581.259869658,"NRI_P062",100
"36517",-1730.97150534199,"NRI_P062",25
"36518",9291.92311965796,"NRI_P062",50
"36519",602.016769657959,"NRI_P062",100
"36520",5209.18075965799,"NRI_P062",25
"36521",-2167.10378034203,"NRI_P062",50
"36522",6516.46098965796,"NRI_P062",100
"36523",1435.497189658,"NRI_P062",25
"36524",-1040.02463034203,"NRI_P062",50
"36525",3497.50021965796,"NRI_P062",100
"36526",-3497.12575034203,"NRI_P062",25
"36527",22686.987463658,"NRI_P062",50
"36528",-3857.95707034203,"NRI_P062",100
"36529",1701.75886965799,"NRI_P062",25
"36530",2104.22224965796,"NRI_P062",50
"36531",10507.635979658,"NRI_P062",100
"36532",5575.06412965799,"NRI_P062",25
"36533",-3234.85544034204,"NRI_P062",50
"36534",27814.412519658,"NRI_P062",100
"36535",-4307.63678034203,"NRI_P062",25
"36536",-985.418830342009,"NRI_P062",50
"36537",5261.31028965797,"NRI_P062",100
"36538",-2213.72713034204,"NRI_P062",25
"36539",6930.54812965798,"NRI_P062",50
"36540",24357.005893658,"NRI_P062",100
"36541",-3770.49350034201,"NRI_P062",25
"36542",147.01721965801,"NRI_P062",50
"36543",-754.281619341986,"NRI_P062",100
"36544",3411.27317965799,"NRI_P062",25
"36545",2025.52094965801,"NRI_P062",50
"36546",1395.77449965797,"NRI_P062",100
"36547",-1241.039326342,"NRI_P062",25
"36548",-1562.98119034199,"NRI_P062",50
"36549",-5042.84565934201,"NRI_P062",100
"36550",9857.24597965798,"NRI_P062",25
"36551",-454.176020342042,"NRI_P062",50
"36552",9548.891209658,"NRI_P062",100
"36553",8895.637379658,"NRI_P062",25
"36554",24585.324419658,"NRI_P062",50
"36555",-4188.68121034204,"NRI_P062",100
"36556",1630.395489658,"NRI_P062",25
"36557",-2018.29296034202,"NRI_P062",50
"36558",-1340.43087034201,"NRI_P062",100
"36559",5138.85328965797,"NRI_P062",25
"36560",2041.37304965797,"NRI_P062",50
"36561",7713.65574965801,"NRI_P062",100
"36562",2343.86914965801,"NRI_P062",25
"36563",93.6557896579616,"NRI_P062",50
"36564",-6243.10870034201,"NRI_P062",100
"36565",4006.96439965797,"NRI_P062",25
"36566",-1284.68248034199,"NRI_P062",50
"36567",4132.861579658,"NRI_P062",100
"36568",6867.37422965799,"NRI_P062",25
"36569",-232.156530342007,"NRI_P062",50
"36570",-4225.58454934199,"NRI_P062",100
"36571",15323.170959658,"NRI_P062",25
"36572",6555.46998965798,"NRI_P062",50
"36573",10214.652719658,"NRI_P062",100
"36574",8754.36681965797,"NRI_P062",25
"36575",2474.24694965797,"NRI_P062",50
"36576",27728.758399658,"NRI_P062",100
"36577",-2366.96786634199,"NRI_P062",25
"36578",1437.20378965797,"NRI_P062",50
"36579",-1861.19649034203,"NRI_P062",100
"36580",261.100819657964,"NRI_P062",25
"36581",800.438739657984,"NRI_P062",50
"36582",9355.45846965798,"NRI_P062",100
"36583",-5563.75825034204,"NRI_P062",25
"36584",-3829.060960342,"NRI_P062",50
"36585",32389.693609658,"NRI_P062",100
"36586",-1689.41939034202,"NRI_P062",25
"36587",6624.22118965798,"NRI_P062",50
"36588",988.174969657965,"NRI_P062",100
"36589",3325.75955965801,"NRI_P062",25
"36590",12078.623669658,"NRI_P062",50
"36591",16776.878689658,"NRI_P062",100
"36592",1411.36596965801,"NRI_P062",25
"36593",5395.27716965799,"NRI_P062",50
"36594",2776.60596965801,"NRI_P062",100
"36595",4795.63878965797,"NRI_P062",25
"36596",2649.221879658,"NRI_P062",50
"36597",25.243669657968,"NRI_P062",100
"36598",2052.419829658,"NRI_P062",25
"36599",1737.83394965797,"NRI_P062",50
"36600",16541.553279658,"NRI_P062",100
"36601",-13277.760048883,"NRI_P063",25
"36602",-6903.22682888299,"NRI_P063",50
"36603",11695.574361117,"NRI_P063",100
"36604",-5372.546308883,"NRI_P063",25
"36605",-9115.32216888299,"NRI_P063",50
"36606",-10166.175008883,"NRI_P063",100
"36607",-10935.510298883,"NRI_P063",25
"36608",-4350.00397888297,"NRI_P063",50
"36609",7502.443211117,"NRI_P063",100
"36610",-8927.39897888299,"NRI_P063",25
"36611",-8870.75889888301,"NRI_P063",50
"36612",-18629.404068883,"NRI_P063",100
"36613",-4752.00398888299,"NRI_P063",25
"36614",-10833.278828883,"NRI_P063",50
"36615",-15721.747028883,"NRI_P063",100
"36616",1948.58469111699,"NRI_P063",25
"36617",-10633.017188883,"NRI_P063",50
"36618",-25924.087258883,"NRI_P063",100
"36619",-7321.98934888298,"NRI_P063",25
"36620",-14428.959818883,"NRI_P063",50
"36621",-31057.305908883,"NRI_P063",100
"36622",-5248.23105888302,"NRI_P063",25
"36623",-17865.828038883,"NRI_P063",50
"36624",-4036.310228883,"NRI_P063",100
"36625",-18822.935828883,"NRI_P063",25
"36626",-4613.79756888299,"NRI_P063",50
"36627",-26041.784318883,"NRI_P063",100
"36628",-7079.17484888301,"NRI_P063",25
"36629",13798.978311117,"NRI_P063",50
"36630",-1677.46593888302,"NRI_P063",100
"36631",14616.069351117,"NRI_P063",25
"36632",-15362.722368883,"NRI_P063",50
"36633",-5912.50734888297,"NRI_P063",100
"36634",4800.58731111698,"NRI_P063",25
"36635",-8023.096118883,"NRI_P063",50
"36636",-4287.37502888299,"NRI_P063",100
"36637",4368.300591117,"NRI_P063",25
"36638",-13154.481338883,"NRI_P063",50
"36639",-24621.929618883,"NRI_P063",100
"36640",-8818.26785888302,"NRI_P063",25
"36641",-22215.237458883,"NRI_P063",50
"36642",11443.767711117,"NRI_P063",100
"36643",-1336.47516888299,"NRI_P063",25
"36644",-12904.955298883,"NRI_P063",50
"36645",-5942.530958883,"NRI_P063",100
"36646",-3874.544458883,"NRI_P063",25
"36647",6523.23724111699,"NRI_P063",50
"36648",-24614.416508883,"NRI_P063",100
"36649",-4440.503638883,"NRI_P063",25
"36650",-14963.221758883,"NRI_P063",50
"36651",-11148.428228883,"NRI_P063",100
"36652",6606.57906111702,"NRI_P063",25
"36653",333.074231117032,"NRI_P063",50
"36654",6011.25439111702,"NRI_P063",100
"36655",-10314.466818883,"NRI_P063",25
"36656",-20878.331378883,"NRI_P063",50
"36657",9604.23490111699,"NRI_P063",100
"36658",5393.624671117,"NRI_P063",25
"36659",4306.427631117,"NRI_P063",50
"36660",-13616.812338883,"NRI_P063",100
"36661",-5453.09126888297,"NRI_P063",25
"36662",-19239.682758883,"NRI_P063",50
"36663",-30843.477098883,"NRI_P063",100
"36664",-19221.193818883,"NRI_P063",25
"36665",-15354.905128883,"NRI_P063",50
"36666",-26950.396168883,"NRI_P063",100
"36667",39019.630831117,"NRI_P063",25
"36668",-26198.929518883,"NRI_P063",50
"36669",-9281.37221888301,"NRI_P063",100
"36670",-8557.39022888301,"NRI_P063",25
"36671",-1147.16341888299,"NRI_P063",50
"36672",2578.76242111699,"NRI_P063",100
"36673",-3421.66528888297,"NRI_P063",25
"36674",-24375.510528883,"NRI_P063",50
"36675",12308.726061117,"NRI_P063",100
"36676",-2720.98760888301,"NRI_P063",25
"36677",-12287.018768883,"NRI_P063",50
"36678",-27634.147928883,"NRI_P063",100
"36679",-10807.131978883,"NRI_P063",25
"36680",-1191.54301888298,"NRI_P063",50
"36681",-21981.892458883,"NRI_P063",100
"36682",-6957.83124888298,"NRI_P063",25
"36683",-2856.64642888302,"NRI_P063",50
"36684",-20335.627528883,"NRI_P063",100
"36685",-5328.29673888301,"NRI_P063",25
"36686",-13564.270258883,"NRI_P063",50
"36687",-27393.721178883,"NRI_P063",100
"36688",-9526.973328883,"NRI_P063",25
"36689",-22021.951748883,"NRI_P063",50
"36690",-24499.348198883,"NRI_P063",100
"36691",1239.69305111701,"NRI_P063",25
"36692",-4685.90464888298,"NRI_P063",50
"36693",-8458.52713888302,"NRI_P063",100
"36694",3768.33817111701,"NRI_P063",25
"36695",-24847.684368883,"NRI_P063",50
"36696",4216.80971111701,"NRI_P063",100
"36697",-740.216168882966,"NRI_P063",25
"36698",-6313.12896888301,"NRI_P063",50
"36699",-22009.078858883,"NRI_P063",100
"36700",-2340.98826888297,"NRI_P063",25
"36701",-18671.867038883,"NRI_P063",50
"36702",-11035.217188883,"NRI_P063",100
"36703",-664.437998883019,"NRI_P063",25
"36704",12291.781891117,"NRI_P063",50
"36705",-25948.549568883,"NRI_P063",100
"36706",-5396.21185888298,"NRI_P063",25
"36707",1347.22737111698,"NRI_P063",50
"36708",2998.88717111701,"NRI_P063",100
"36709",-17880.372078883,"NRI_P063",25
"36710",-1323.36382888298,"NRI_P063",50
"36711",-29048.763368883,"NRI_P063",100
"36712",-7517.07059888297,"NRI_P063",25
"36713",-9166.79955888301,"NRI_P063",50
"36714",-26968.185238883,"NRI_P063",100
"36715",3364.68363111699,"NRI_P063",25
"36716",-12270.815618883,"NRI_P063",50
"36717",-16356.299668883,"NRI_P063",100
"36718",2371.14831111702,"NRI_P063",25
"36719",-26960.686928883,"NRI_P063",50
"36720",-29368.363188883,"NRI_P063",100
"36721",2048.94481111702,"NRI_P063",25
"36722",-23469.973078883,"NRI_P063",50
"36723",-14770.425638883,"NRI_P063",100
"36724",-4762.23133888299,"NRI_P063",25
"36725",25688.385751117,"NRI_P063",50
"36726",-22155.139608883,"NRI_P063",100
"36727",5121.68510111701,"NRI_P063",25
"36728",441.594601117016,"NRI_P063",50
"36729",-1213.49163888302,"NRI_P063",100
"36730",21693.918971117,"NRI_P063",25
"36731",-9685.54372888297,"NRI_P063",50
"36732",-24034.393438883,"NRI_P063",100
"36733",-17274.154218883,"NRI_P063",25
"36734",-4754.04498888302,"NRI_P063",50
"36735",-19988.093608883,"NRI_P063",100
"36736",-813.26558888302,"NRI_P063",25
"36737",14124.934901117,"NRI_P063",50
"36738",-26566.046198883,"NRI_P063",100
"36739",5090.04791111703,"NRI_P063",25
"36740",-11576.821998883,"NRI_P063",50
"36741",-10651.026358883,"NRI_P063",100
"36742",-396.253908882965,"NRI_P063",25
"36743",112.279541117023,"NRI_P063",50
"36744",-33508.209598883,"NRI_P063",100
"36745",-4738.53408888297,"NRI_P063",25
"36746",-8685.239258883,"NRI_P063",50
"36747",-31172.816018883,"NRI_P063",100
"36748",2579.24067111703,"NRI_P063",25
"36749",-12258.647198883,"NRI_P063",50
"36750",5921.45647111698,"NRI_P063",100
"36751",-19670.599058883,"NRI_P063",25
"36752",-9939.13972888299,"NRI_P063",50
"36753",-13071.571918883,"NRI_P063",100
"36754",-8462.02573888301,"NRI_P063",25
"36755",-8001.95264888299,"NRI_P063",50
"36756",-19942.764568883,"NRI_P063",100
"36757",-19993.251528883,"NRI_P063",25
"36758",-6132.76227888302,"NRI_P063",50
"36759",-17192.917308883,"NRI_P063",100
"36760",-6085.79822888301,"NRI_P063",25
"36761",-4817.84882888297,"NRI_P063",50
"36762",-37651.666948883,"NRI_P063",100
"36763",-3956.25059888297,"NRI_P063",25
"36764",-10677.418508883,"NRI_P063",50
"36765",-21104.612988883,"NRI_P063",100
"36766",-11025.829308883,"NRI_P063",25
"36767",-17236.822998883,"NRI_P063",50
"36768",-14553.892758883,"NRI_P063",100
"36769",-3754.54494888301,"NRI_P063",25
"36770",-11711.111818883,"NRI_P063",50
"36771",-21733.554528883,"NRI_P063",100
"36772",-23264.105458883,"NRI_P063",25
"36773",-6518.989128883,"NRI_P063",50
"36774",-12944.548438883,"NRI_P063",100
"36775",-1044.56748888298,"NRI_P063",25
"36776",3895.20058111701,"NRI_P063",50
"36777",-15043.806278883,"NRI_P063",100
"36778",-2462.931008883,"NRI_P063",25
"36779",-5078.75902888301,"NRI_P063",50
"36780",-8866.80027888302,"NRI_P063",100
"36781",-5772.24183888297,"NRI_P063",25
"36782",-6297.548838883,"NRI_P063",50
"36783",-22079.212928883,"NRI_P063",100
"36784",244.541241116996,"NRI_P063",25
"36785",-31550.430518883,"NRI_P063",50
"36786",-27186.751298883,"NRI_P063",100
"36787",346.474611116981,"NRI_P063",25
"36788",-18061.290618883,"NRI_P063",50
"36789",-31390.155438883,"NRI_P063",100
"36790",19195.390001117,"NRI_P063",25
"36791",-751.053108882974,"NRI_P063",50
"36792",-28490.184688883,"NRI_P063",100
"36793",-6323.00170888298,"NRI_P063",25
"36794",-20421.255438883,"NRI_P063",50
"36795",-16413.651078883,"NRI_P063",100
"36796",-1603.66943888302,"NRI_P063",25
"36797",7286.10128111701,"NRI_P063",50
"36798",-11234.886658883,"NRI_P063",100
"36799",-7759.71132888302,"NRI_P063",25
"36800",-23211.257948883,"NRI_P063",50
"36801",-19862.167898883,"NRI_P063",100
"36802",-2757.49531888298,"NRI_P063",25
"36803",-8475.43322888302,"NRI_P063",50
"36804",-6745.774338883,"NRI_P063",100
"36805",2971.60919111699,"NRI_P063",25
"36806",-5642.04533888301,"NRI_P063",50
"36807",14747.671661117,"NRI_P063",100
"36808",-10592.125488883,"NRI_P063",25
"36809",-14526.962778883,"NRI_P063",50
"36810",9238.40449111699,"NRI_P063",100
"36811",-7580.88638888299,"NRI_P063",25
"36812",-12430.203748883,"NRI_P063",50
"36813",-7039.63150888297,"NRI_P063",100
"36814",-6438.90546888299,"NRI_P063",25
"36815",2346.26561111701,"NRI_P063",50
"36816",-19213.290698883,"NRI_P063",100
"36817",-3827.21337888297,"NRI_P063",25
"36818",2538.34740111703,"NRI_P063",50
"36819",-26932.102148883,"NRI_P063",100
"36820",-14689.539948883,"NRI_P063",25
"36821",7636.59732111701,"NRI_P063",50
"36822",-12835.829998883,"NRI_P063",100
"36823",-9432.97915888298,"NRI_P063",25
"36824",-23283.811768883,"NRI_P063",50
"36825",-27458.357118883,"NRI_P063",100
"36826",6712.68416111701,"NRI_P063",25
"36827",-12283.395328883,"NRI_P063",50
"36828",-30401.492418883,"NRI_P063",100
"36829",10681.021191117,"NRI_P063",25
"36830",-11537.809888883,"NRI_P063",50
"36831",-13601.633668883,"NRI_P063",100
"36832",5446.94645111699,"NRI_P063",25
"36833",-11485.287198883,"NRI_P063",50
"36834",-14977.864408883,"NRI_P063",100
"36835",-2497.27732888301,"NRI_P063",25
"36836",13916.647301117,"NRI_P063",50
"36837",-26839.992308883,"NRI_P063",100
"36838",318.444241116988,"NRI_P063",25
"36839",-3239.12015888299,"NRI_P063",50
"36840",6961.13475111703,"NRI_P063",100
"36841",-9855.084958883,"NRI_P063",25
"36842",1535.88044111698,"NRI_P063",50
"36843",11820.761601117,"NRI_P063",100
"36844",-19675.760648883,"NRI_P063",25
"36845",-26527.479378883,"NRI_P063",50
"36846",-4460.02244888298,"NRI_P063",100
"36847",2967.539131117,"NRI_P063",25
"36848",-21652.807908883,"NRI_P063",50
"36849",-33692.705898883,"NRI_P063",100
"36850",1415.89255111699,"NRI_P063",25
"36851",146.007231116993,"NRI_P063",50
"36852",-8781.41457888298,"NRI_P063",100
"36853",-1322.37199888297,"NRI_P063",25
"36854",-1902.04856888298,"NRI_P063",50
"36855",-24499.067638883,"NRI_P063",100
"36856",-29.5250688829692,"NRI_P063",25
"36857",-11571.802398883,"NRI_P063",50
"36858",-22992.388068883,"NRI_P063",100
"36859",1436.444051117,"NRI_P063",25
"36860",-25038.575378883,"NRI_P063",50
"36861",-15803.819908883,"NRI_P063",100
"36862",-56.6311188829714,"NRI_P063",25
"36863",-7842.431008883,"NRI_P063",50
"36864",-23483.075788883,"NRI_P063",100
"36865",1384.63983111701,"NRI_P063",25
"36866",1461.38740111701,"NRI_P063",50
"36867",19673.416471117,"NRI_P063",100
"36868",-3163.67641888297,"NRI_P063",25
"36869",-28671.859828883,"NRI_P063",50
"36870",-25820.576788883,"NRI_P063",100
"36871",4442.889601117,"NRI_P063",25
"36872",-8227.65655888297,"NRI_P063",50
"36873",-15668.452728883,"NRI_P063",100
"36874",-3203.167318883,"NRI_P063",25
"36875",-11414.630558883,"NRI_P063",50
"36876",-16686.019678883,"NRI_P063",100
"36877",-4254.080968883,"NRI_P063",25
"36878",10887.589041117,"NRI_P063",50
"36879",-17980.468878883,"NRI_P063",100
"36880",-10474.482388883,"NRI_P063",25
"36881",-9281.07399888302,"NRI_P063",50
"36882",-21652.170088883,"NRI_P063",100
"36883",-13503.522198883,"NRI_P063",25
"36884",-10897.541078883,"NRI_P063",50
"36885",-22712.650078883,"NRI_P063",100
"36886",4123.13526111702,"NRI_P063",25
"36887",14556.221751117,"NRI_P063",50
"36888",-23733.972858883,"NRI_P063",100
"36889",204.943281117012,"NRI_P063",25
"36890",-5709.617438883,"NRI_P063",50
"36891",-21820.580008883,"NRI_P063",100
"36892",-2011.38481888297,"NRI_P063",25
"36893",-8639.709438883,"NRI_P063",50
"36894",-14629.273318883,"NRI_P063",100
"36895",-3802.27015888301,"NRI_P063",25
"36896",-20086.258838883,"NRI_P063",50
"36897",-4941.08812888298,"NRI_P063",100
"36898",-238.185228882998,"NRI_P063",25
"36899",-13011.277668883,"NRI_P063",50
"36900",5869.33685111703,"NRI_P063",100
"36901",-0.000844146008603275,"NRI_P066",25
"36902",841.080505853999,"NRI_P066",50
"36903",735.767005853995,"NRI_P066",100
"36904",-0.000844146008603275,"NRI_P066",25
"36905",102.28895585399,"NRI_P066",50
"36906",-138.949564146009,"NRI_P066",100
"36907",-0.000844146008603275,"NRI_P066",25
"36908",-168.903894146002,"NRI_P066",50
"36909",465.226805853992,"NRI_P066",100
"36910",-0.000844146008603275,"NRI_P066",25
"36911",334.644805853997,"NRI_P066",50
"36912",638.21824585399,"NRI_P066",100
"36913",-0.000844146008603275,"NRI_P066",25
"36914",21.3327558540041,"NRI_P066",50
"36915",-187.130284145998,"NRI_P066",100
"36916",-0.000844146008603275,"NRI_P066",25
"36917",-187.781124146,"NRI_P066",50
"36918",-120.052444146,"NRI_P066",100
"36919",-0.000844146008603275,"NRI_P066",25
"36920",-25.268374146006,"NRI_P066",50
"36921",732.668995853994,"NRI_P066",100
"36922",-0.000844146008603275,"NRI_P066",25
"36923",-120.740044146005,"NRI_P066",50
"36924",1129.799815854,"NRI_P066",100
"36925",-0.000844146008603275,"NRI_P066",25
"36926",-45.8355841459997,"NRI_P066",50
"36927",694.800705853995,"NRI_P066",100
"36928",-0.000844146008603275,"NRI_P066",25
"36929",-21.9687941459997,"NRI_P066",50
"36930",327.116905853996,"NRI_P066",100
"36931",-0.000844146008603275,"NRI_P066",25
"36932",883.810005854,"NRI_P066",50
"36933",-227.374884146004,"NRI_P066",100
"36934",-0.000844146008603275,"NRI_P066",25
"36935",998.442605853998,"NRI_P066",50
"36936",146.821255853996,"NRI_P066",100
"36937",-0.000844146008603275,"NRI_P066",25
"36938",-169.949254146006,"NRI_P066",50
"36939",-159.41410414601,"NRI_P066",100
"36940",-0.000844146008603275,"NRI_P066",25
"36941",470.642605853995,"NRI_P066",50
"36942",-156.193344145999,"NRI_P066",100
"36943",-0.000844146008603275,"NRI_P066",25
"36944",245.372555854003,"NRI_P066",50
"36945",1206.857405854,"NRI_P066",100
"36946",-0.000844146008603275,"NRI_P066",25
"36947",-26.292084146,"NRI_P066",50
"36948",1273.820705854,"NRI_P066",100
"36949",-0.000844146008603275,"NRI_P066",25
"36950",-110.156444146007,"NRI_P066",50
"36951",121.309005853996,"NRI_P066",100
"36952",-0.000844146008603275,"NRI_P066",25
"36953",455.999755853991,"NRI_P066",50
"36954",750.359805853994,"NRI_P066",100
"36955",-0.000844146008603275,"NRI_P066",25
"36956",-126.027944146001,"NRI_P066",50
"36957",12.8430158539995,"NRI_P066",100
"36958",-0.000844146008603275,"NRI_P066",25
"36959",75.0706058539945,"NRI_P066",50
"36960",271.007005854,"NRI_P066",100
"36961",-0.000844146008603275,"NRI_P066",25
"36962",-184.293284145999,"NRI_P066",50
"36963",28.5600658539915,"NRI_P066",100
"36964",-0.000844146008603275,"NRI_P066",25
"36965",-126.027944146001,"NRI_P066",50
"36966",980.067115853992,"NRI_P066",100
"36967",-0.000844146008603275,"NRI_P066",25
"36968",-16.4695041460072,"NRI_P066",50
"36969",52.4212558540021,"NRI_P066",100
"36970",-0.000844146008603275,"NRI_P066",25
"36971",120.281705853995,"NRI_P066",50
"36972",236.918005853993,"NRI_P066",100
"36973",-0.000844146008603275,"NRI_P066",25
"36974",1176.465605854,"NRI_P066",50
"36975",675.337935853997,"NRI_P066",100
"36976",-0.000844146008603275,"NRI_P066",25
"36977",235.134555853991,"NRI_P066",50
"36978",3719.16280585399,"NRI_P066",100
"36979",-0.000844146008603275,"NRI_P066",25
"36980",188.283355854001,"NRI_P066",50
"36981",100.347005853997,"NRI_P066",100
"36982",-0.000844146008603275,"NRI_P066",25
"36983",160.712455853994,"NRI_P066",50
"36984",-205.117884146006,"NRI_P066",100
"36985",-0.000844146008603275,"NRI_P066",25
"36986",638.442205853993,"NRI_P066",50
"36987",17.3816658540018,"NRI_P066",100
"36988",-0.000844146008603275,"NRI_P066",25
"36989",-37.9181441460096,"NRI_P066",50
"36990",539.511255853999,"NRI_P066",100
"36991",-0.000844146008603275,"NRI_P066",25
"36992",939.879605854003,"NRI_P066",50
"36993",-96.5596041460085,"NRI_P066",100
"36994",-0.000844146008603275,"NRI_P066",25
"36995",-104.116344146008,"NRI_P066",50
"36996",9.84480585399433,"NRI_P066",100
"36997",-0.000844146008603275,"NRI_P066",25
"36998",895.740355853995,"NRI_P066",50
"36999",168.179195853998,"NRI_P066",100
"37000",-0.000844146008603275,"NRI_P066",25
"37001",-180.663214146,"NRI_P066",50
"37002",677.296155853997,"NRI_P066",100
"37003",-0.000844146008603275,"NRI_P066",25
"37004",44.6361058539915,"NRI_P066",50
"37005",541.097305853997,"NRI_P066",100
"37006",-0.000844146008603275,"NRI_P066",25
"37007",-28.7300241460034,"NRI_P066",50
"37008",-134.083214145998,"NRI_P066",100
"37009",-0.000844146008603275,"NRI_P066",25
"37010",1331.30060585399,"NRI_P066",50
"37011",413.59109585399,"NRI_P066",100
"37012",-0.000844146008603275,"NRI_P066",25
"37013",549.394555854,"NRI_P066",50
"37014",202.173225854,"NRI_P066",100
"37015",-0.000844146008603275,"NRI_P066",25
"37016",-206.394634145996,"NRI_P066",50
"37017",212.798715853991,"NRI_P066",100
"37018",-0.000844146008603275,"NRI_P066",25
"37019",-123.619344146005,"NRI_P066",50
"37020",-119.171194146009,"NRI_P066",100
"37021",-0.000844146008603275,"NRI_P066",25
"37022",-131.173544146004,"NRI_P066",50
"37023",110.149835853998,"NRI_P066",100
"37024",-0.000844146008603275,"NRI_P066",25
"37025",-168.903894146002,"NRI_P066",50
"37026",457.203955853998,"NRI_P066",100
"37027",-0.000844146008603275,"NRI_P066",25
"37028",437.261855853998,"NRI_P066",50
"37029",-93.669294146006,"NRI_P066",100
"37030",-0.000844146008603275,"NRI_P066",25
"37031",148.937355853996,"NRI_P066",50
"37032",468.019205853998,"NRI_P066",100
"37033",-0.000844146008603275,"NRI_P066",25
"37034",-4.9071941459988,"NRI_P066",50
"37035",-61.1445041460101,"NRI_P066",100
"37036",-0.000844146008603275,"NRI_P066",25
"37037",725.077805854002,"NRI_P066",50
"37038",-9.05970414599869,"NRI_P066",100
"37039",-0.000844146008603275,"NRI_P066",25
"37040",190.654405854002,"NRI_P066",50
"37041",1050.06716585399,"NRI_P066",100
"37042",-0.000844146008603275,"NRI_P066",25
"37043",713.702755853999,"NRI_P066",50
"37044",761.657605853994,"NRI_P066",100
"37045",-0.000844146008603275,"NRI_P066",25
"37046",341.874005853999,"NRI_P066",50
"37047",-2.64719414600404,"NRI_P066",100
"37048",-0.000844146008603275,"NRI_P066",25
"37049",-187.75467414601,"NRI_P066",50
"37050",3133.08800585399,"NRI_P066",100
"37051",-0.000844146008603275,"NRI_P066",25
"37052",-148.83763414601,"NRI_P066",50
"37053",-163.357774146003,"NRI_P066",100
"37054",-0.000844146008603275,"NRI_P066",25
"37055",65.9909058539924,"NRI_P066",50
"37056",749.85231585399,"NRI_P066",100
"37057",-0.000844146008603275,"NRI_P066",25
"37058",330.819705853995,"NRI_P066",50
"37059",541.339285854003,"NRI_P066",100
"37060",-0.000844146008603275,"NRI_P066",25
"37061",665.022555853997,"NRI_P066",50
"37062",-29.7281241460005,"NRI_P066",100
"37063",-0.000844146008603275,"NRI_P066",25
"37064",3.97475585399661,"NRI_P066",50
"37065",-203.737114146003,"NRI_P066",100
"37066",-0.000844146008603275,"NRI_P066",25
"37067",200.49820585399,"NRI_P066",50
"37068",528.509955853995,"NRI_P066",100
"37069",-0.000844146008603275,"NRI_P066",25
"37070",197.459105853995,"NRI_P066",50
"37071",17.8942058539978,"NRI_P066",100
"37072",-0.000844146008603275,"NRI_P066",25
"37073",-34.834064146009,"NRI_P066",50
"37074",-169.284964146005,"NRI_P066",100
"37075",-0.000844146008603275,"NRI_P066",25
"37076",87.5426558539912,"NRI_P066",50
"37077",1194.63460585399,"NRI_P066",100
"37078",-0.000844146008603275,"NRI_P066",25
"37079",-0.647044145996915,"NRI_P066",50
"37080",121.196995853999,"NRI_P066",100
"37081",-0.000844146008603275,"NRI_P066",25
"37082",-164.689394146,"NRI_P066",50
"37083",781.475305853994,"NRI_P066",100
"37084",-0.000844146008603275,"NRI_P066",25
"37085",-21.2415541460068,"NRI_P066",50
"37086",638.884665853999,"NRI_P066",100
"37087",-0.000844146008603275,"NRI_P066",25
"37088",190.654405854002,"NRI_P066",50
"37089",-14.2426941459998,"NRI_P066",100
"37090",-0.000844146008603275,"NRI_P066",25
"37091",141.987955853998,"NRI_P066",50
"37092",-70.9562941460026,"NRI_P066",100
"37093",-0.000844146008603275,"NRI_P066",25
"37094",16.7641558539908,"NRI_P066",50
"37095",59.8968058539904,"NRI_P066",100
"37096",-0.000844146008603275,"NRI_P066",25
"37097",65.9909058539924,"NRI_P066",50
"37098",1209.85781585399,"NRI_P066",100
"37099",-0.000844146008603275,"NRI_P066",25
"37100",-204.94131414601,"NRI_P066",50
"37101",297.659505853997,"NRI_P066",100
"37102",-0.000844146008603275,"NRI_P066",25
"37103",35.5820058539975,"NRI_P066",50
"37104",-92.162344145996,"NRI_P066",100
"37105",-0.000844146008603275,"NRI_P066",25
"37106",1006.358355854,"NRI_P066",50
"37107",382.318565854002,"NRI_P066",100
"37108",-0.000844146008603275,"NRI_P066",25
"37109",-158.836854146008,"NRI_P066",50
"37110",-169.185294146009,"NRI_P066",100
"37111",-0.000844146008603275,"NRI_P066",25
"37112",-147.944584145996,"NRI_P066",50
"37113",316.080905854004,"NRI_P066",100
"37114",-0.000844146008603275,"NRI_P066",25
"37115",30.4572958539939,"NRI_P066",50
"37116",529.987305853996,"NRI_P066",100
"37117",-0.000844146008603275,"NRI_P066",25
"37118",-168.903894146002,"NRI_P066",50
"37119",-222.658104146001,"NRI_P066",100
"37120",-0.000844146008603275,"NRI_P066",25
"37121",-194.336734145996,"NRI_P066",50
"37122",129.325005854,"NRI_P066",100
"37123",-0.000844146008603275,"NRI_P066",25
"37124",16.7641558539908,"NRI_P066",50
"37125",2891.61813585399,"NRI_P066",100
"37126",-0.000844146008603275,"NRI_P066",25
"37127",-201.29271414601,"NRI_P066",50
"37128",269.219905853999,"NRI_P066",100
"37129",-0.000844146008603275,"NRI_P066",25
"37130",-1.52380414599611,"NRI_P066",50
"37131",-163.95829414601,"NRI_P066",100
"37132",-0.000844146008603275,"NRI_P066",25
"37133",39.1871058539982,"NRI_P066",50
"37134",7.97205585399934,"NRI_P066",100
"37135",-0.000844146008603275,"NRI_P066",25
"37136",5.41785585400066,"NRI_P066",50
"37137",-192.402034145998,"NRI_P066",100
"37138",-0.000844146008603275,"NRI_P066",25
"37139",76.4217058539944,"NRI_P066",50
"37140",138.938665854002,"NRI_P066",100
"37141",-0.000844146008603275,"NRI_P066",25
"37142",40.0186058539985,"NRI_P066",50
"37143",-142.999544146005,"NRI_P066",100
"37144",-0.000844146008603275,"NRI_P066",25
"37145",238.515105853992,"NRI_P066",50
"37146",-174.503014146001,"NRI_P066",100
"37147",-0.000844146008603275,"NRI_P066",25
"37148",-172.970044146001,"NRI_P066",50
"37149",-94.9554441460059,"NRI_P066",100
"37150",-0.000844146008603275,"NRI_P066",25
"37151",130.848855853998,"NRI_P066",50
"37152",88.7537358539994,"NRI_P066",100
"37153",-0.000844146008603275,"NRI_P066",25
"37154",-46.3985941459978,"NRI_P066",50
"37155",313.16941585399,"NRI_P066",100
"37156",-0.000844146008603275,"NRI_P066",25
"37157",-37.9181441460096,"NRI_P066",50
"37158",22.4455058539897,"NRI_P066",100
"37159",-0.000844146008603275,"NRI_P066",25
"37160",1371.33160585399,"NRI_P066",50
"37161",412.70083585399,"NRI_P066",100
"37162",-0.000844146008603275,"NRI_P066",25
"37163",1.2033558539988,"NRI_P066",50
"37164",295.086205853993,"NRI_P066",100
"37165",-0.000844146008603275,"NRI_P066",25
"37166",538.307055853991,"NRI_P066",50
"37167",788.002605853995,"NRI_P066",100
"37168",-0.000844146008603275,"NRI_P066",25
"37169",-34.8539041460026,"NRI_P066",50
"37170",84.2777058539941,"NRI_P066",100
"37171",-0.000844146008603275,"NRI_P066",25
"37172",367.847555853994,"NRI_P066",50
"37173",-215.577444146009,"NRI_P066",100
"37174",-0.000844146008603275,"NRI_P066",25
"37175",799.532005853995,"NRI_P066",50
"37176",-199.562174146005,"NRI_P066",100
"37177",-0.000844146008603275,"NRI_P066",25
"37178",-187.781124146,"NRI_P066",50
"37179",194.985105853993,"NRI_P066",100
"37180",-0.000844146008603275,"NRI_P066",25
"37181",46.4879058539955,"NRI_P066",50
"37182",40.7146058539947,"NRI_P066",100
"37183",-0.000844146008603275,"NRI_P066",25
"37184",-192.213174146003,"NRI_P066",50
"37185",398.451595854,"NRI_P066",100
"37186",-0.000844146008603275,"NRI_P066",25
"37187",156.907955853996,"NRI_P066",50
"37188",518.387015853994,"NRI_P066",100
"37189",-0.000844146008603275,"NRI_P066",25
"37190",122.778105853999,"NRI_P066",50
"37191",835.769405853993,"NRI_P066",100
"37192",-0.000844146008603275,"NRI_P066",25
"37193",272.396205853991,"NRI_P066",50
"37194",924.552405854003,"NRI_P066",100
"37195",-0.000844146008603275,"NRI_P066",25
"37196",127.827905853992,"NRI_P066",50
"37197",934.678205853997,"NRI_P066",100
"37198",-0.000844146008603275,"NRI_P066",25
"37199",-5.49187414599874,"NRI_P066",50
"37200",-136.048204146005,"NRI_P066",100
"37201",14421.396546171,"NRI_P067",25
"37202",13213.077446171,"NRI_P067",50
"37203",287.847866170981,"NRI_P067",100
"37204",-5774.23361382901,"NRI_P067",25
"37205",15394.513896171,"NRI_P067",50
"37206",1397.775416171,"NRI_P067",100
"37207",16545.151826171,"NRI_P067",25
"37208",2424.06126617099,"NRI_P067",50
"37209",1197.93472617096,"NRI_P067",100
"37210",9072.61505617097,"NRI_P067",25
"37211",-5695.87838382903,"NRI_P067",50
"37212",15064.240266171,"NRI_P067",100
"37213",-892.638633829018,"NRI_P067",25
"37214",7647.88644617097,"NRI_P067",50
"37215",4758.60219617101,"NRI_P067",100
"37216",7003.592846171,"NRI_P067",25
"37217",-2546.406863829,"NRI_P067",50
"37218",18135.272106171,"NRI_P067",100
"37219",151.129886170966,"NRI_P067",25
"37220",11676.943756171,"NRI_P067",50
"37221",14144.738436171,"NRI_P067",100
"37222",-5038.92397382902,"NRI_P067",25
"37223",-15764.183923829,"NRI_P067",50
"37224",14982.961616171,"NRI_P067",100
"37225",1233.81856617099,"NRI_P067",25
"37226",4520.51677617099,"NRI_P067",50
"37227",24312.592816171,"NRI_P067",100
"37228",6456.72279617097,"NRI_P067",25
"37229",3130.326426171,"NRI_P067",50
"37230",30946.159346171,"NRI_P067",100
"37231",12810.084196171,"NRI_P067",25
"37232",-2179.76970382902,"NRI_P067",50
"37233",-11953.313833829,"NRI_P067",100
"37234",-1540.50024382904,"NRI_P067",25
"37235",5543.17616617098,"NRI_P067",50
"37236",19874.495966171,"NRI_P067",100
"37237",6713.541476171,"NRI_P067",25
"37238",6330.11696617096,"NRI_P067",50
"37239",55496.952476171,"NRI_P067",100
"37240",-4915.54108382901,"NRI_P067",25
"37241",-179.816733829037,"NRI_P067",50
"37242",14503.716366171,"NRI_P067",100
"37243",12259.582066171,"NRI_P067",25
"37244",-4720.99825382902,"NRI_P067",50
"37245",25827.166156171,"NRI_P067",100
"37246",-16824.274163829,"NRI_P067",25
"37247",-5188.38052382902,"NRI_P067",50
"37248",14734.836776171,"NRI_P067",100
"37249",6246.72795617097,"NRI_P067",25
"37250",5207.26466617099,"NRI_P067",50
"37251",-13033.374083829,"NRI_P067",100
"37252",23921.127196171,"NRI_P067",25
"37253",-18785.847353829,"NRI_P067",50
"37254",16538.771306171,"NRI_P067",100
"37255",2294.58917617099,"NRI_P067",25
"37256",12058.240946171,"NRI_P067",50
"37257",-7174.593223829,"NRI_P067",100
"37258",-4804.560383829,"NRI_P067",25
"37259",-18390.488653829,"NRI_P067",50
"37260",17883.352966171,"NRI_P067",100
"37261",-2481.29028382903,"NRI_P067",25
"37262",14089.524796171,"NRI_P067",50
"37263",-4708.95703382901,"NRI_P067",100
"37264",182.903196170984,"NRI_P067",25
"37265",-10661.882803829,"NRI_P067",50
"37266",14632.832056171,"NRI_P067",100
"37267",3846.525606171,"NRI_P067",25
"37268",10538.4822261709,"NRI_P067",50
"37269",16009.940856171,"NRI_P067",100
"37270",555.867836171004,"NRI_P067",25
"37271",4005.385846171,"NRI_P067",50
"37272",8746.79920617095,"NRI_P067",100
"37273",-793.945483829011,"NRI_P067",25
"37274",6326.19569617097,"NRI_P067",50
"37275",-5592.92962382903,"NRI_P067",100
"37276",5455.28486617096,"NRI_P067",25
"37277",-11222.240923829,"NRI_P067",50
"37278",11993.177326171,"NRI_P067",100
"37279",-1257.32896382903,"NRI_P067",25
"37280",-226.173953829042,"NRI_P067",50
"37281",11282.682746171,"NRI_P067",100
"37282",-15571.965303829,"NRI_P067",25
"37283",4374.331746171,"NRI_P067",50
"37284",14373.650796171,"NRI_P067",100
"37285",-13886.972383829,"NRI_P067",25
"37286",7520.24983617099,"NRI_P067",50
"37287",-15213.198493829,"NRI_P067",100
"37288",-6734.097963829,"NRI_P067",25
"37289",6535.47603617096,"NRI_P067",50
"37290",18922.929486171,"NRI_P067",100
"37291",6188.867446171,"NRI_P067",25
"37292",-5963.475623829,"NRI_P067",50
"37293",8317.415536171,"NRI_P067",100
"37294",-1193.76322382904,"NRI_P067",25
"37295",7740.02166617097,"NRI_P067",50
"37296",-2486.421043829,"NRI_P067",100
"37297",268.831956170965,"NRI_P067",25
"37298",20164.512716171,"NRI_P067",50
"37299",-1109.30121382902,"NRI_P067",100
"37300",-2690.63204382901,"NRI_P067",25
"37301",-4451.33292382903,"NRI_P067",50
"37302",379.887126170972,"NRI_P067",100
"37303",-2074.89786382904,"NRI_P067",25
"37304",1646.12642617099,"NRI_P067",50
"37305",-10377.346833829,"NRI_P067",100
"37306",-9825.47817382903,"NRI_P067",25
"37307",-12106.9237638291,"NRI_P067",50
"37308",-13663.623353829,"NRI_P067",100
"37309",-10050.181303829,"NRI_P067",25
"37310",-1163.03937382903,"NRI_P067",50
"37311",-857.509023829014,"NRI_P067",100
"37312",9350.10457617097,"NRI_P067",25
"37313",18456.616966171,"NRI_P067",50
"37314",-9133.377883829,"NRI_P067",100
"37315",-18981.149713829,"NRI_P067",25
"37316",5856.25792617101,"NRI_P067",50
"37317",4880.79640617099,"NRI_P067",100
"37318",2561.71124617098,"NRI_P067",25
"37319",-5051.97034382902,"NRI_P067",50
"37320",-12938.251403829,"NRI_P067",100
"37321",15625.001856171,"NRI_P067",25
"37322",1955.14939617098,"NRI_P067",50
"37323",7557.203506171,"NRI_P067",100
"37324",7613.91247617098,"NRI_P067",25
"37325",7354.70790617098,"NRI_P067",50
"37326",-14023.897653829,"NRI_P067",100
"37327",8106.59054617101,"NRI_P067",25
"37328",11958.436586171,"NRI_P067",50
"37329",31427.903786171,"NRI_P067",100
"37330",12618.218916171,"NRI_P067",25
"37331",10238.285096171,"NRI_P067",50
"37332",-1912.34704382904,"NRI_P067",100
"37333",9826.39591617096,"NRI_P067",25
"37334",11890.852926171,"NRI_P067",50
"37335",-12990.194933829,"NRI_P067",100
"37336",-4704.35793382901,"NRI_P067",25
"37337",-3749.682043829,"NRI_P067",50
"37338",18351.732066171,"NRI_P067",100
"37339",-3891.986233829,"NRI_P067",25
"37340",7058.060106171,"NRI_P067",50
"37341",-10356.302133829,"NRI_P067",100
"37342",7671.53371617099,"NRI_P067",25
"37343",9083.856056171,"NRI_P067",50
"37344",4137.705806171,"NRI_P067",100
"37345",-1489.37399382901,"NRI_P067",25
"37346",-17868.453563829,"NRI_P067",50
"37347",-12131.549833829,"NRI_P067",100
"37348",-9058.32006382901,"NRI_P067",25
"37349",10100.834226171,"NRI_P067",50
"37350",737.309856170963,"NRI_P067",100
"37351",4020.38300617097,"NRI_P067",25
"37352",2069.027456171,"NRI_P067",50
"37353",-5734.44006382901,"NRI_P067",100
"37354",-8445.37981382903,"NRI_P067",25
"37355",-15443.937343829,"NRI_P067",50
"37356",17762.984326171,"NRI_P067",100
"37357",-13866.433083829,"NRI_P067",25
"37358",3621.36010617099,"NRI_P067",50
"37359",20161.786186171,"NRI_P067",100
"37360",-1429.56070382905,"NRI_P067",25
"37361",-3087.31903382903,"NRI_P067",50
"37362",17075.393376171,"NRI_P067",100
"37363",12870.871326171,"NRI_P067",25
"37364",19412.840306171,"NRI_P067",50
"37365",-4434.33349382901,"NRI_P067",100
"37366",11340.885646171,"NRI_P067",25
"37367",16089.971406171,"NRI_P067",50
"37368",-14461.9419038291,"NRI_P067",100
"37369",4242.50720617099,"NRI_P067",25
"37370",-5423.78352382901,"NRI_P067",50
"37371",2178.44115617097,"NRI_P067",100
"37372",-4320.30383382901,"NRI_P067",25
"37373",8002.72213617095,"NRI_P067",50
"37374",10426.964396171,"NRI_P067",100
"37375",-3194.49671382899,"NRI_P067",25
"37376",2682.93765617098,"NRI_P067",50
"37377",1197.93092617096,"NRI_P067",100
"37378",-762.689283829008,"NRI_P067",25
"37379",3438.919366171,"NRI_P067",50
"37380",-7999.99086382904,"NRI_P067",100
"37381",5876.85005617095,"NRI_P067",25
"37382",5592.20011617098,"NRI_P067",50
"37383",-6044.79060382902,"NRI_P067",100
"37384",1118.91175617097,"NRI_P067",25
"37385",-11294.721523829,"NRI_P067",50
"37386",-7245.72822382901,"NRI_P067",100
"37387",20645.454626171,"NRI_P067",25
"37388",25259.180356171,"NRI_P067",50
"37389",36084.063876171,"NRI_P067",100
"37390",1888.26518617099,"NRI_P067",25
"37391",22831.063276171,"NRI_P067",50
"37392",9927.42717617098,"NRI_P067",100
"37393",-1477.50802382902,"NRI_P067",25
"37394",7784.13745617098,"NRI_P067",50
"37395",11412.610376171,"NRI_P067",100
"37396",-3256.12520382903,"NRI_P067",25
"37397",23284.2883661709,"NRI_P067",50
"37398",23034.411176171,"NRI_P067",100
"37399",-9233.761353829,"NRI_P067",25
"37400",-6173.43601382902,"NRI_P067",50
"37401",21126.352986171,"NRI_P067",100
"37402",1377.48381617095,"NRI_P067",25
"37403",5140.36844617099,"NRI_P067",50
"37404",5228.99783617095,"NRI_P067",100
"37405",-2580.64648382901,"NRI_P067",25
"37406",-7855.124733829,"NRI_P067",50
"37407",1124.85554617096,"NRI_P067",100
"37408",5676.22324617096,"NRI_P067",25
"37409",8117.44346617098,"NRI_P067",50
"37410",25169.831536171,"NRI_P067",100
"37411",19110.006246171,"NRI_P067",25
"37412",3464.05386617099,"NRI_P067",50
"37413",-527.579923829006,"NRI_P067",100
"37414",-1867.24365382903,"NRI_P067",25
"37415",-5666.45578382903,"NRI_P067",50
"37416",4474.86473617097,"NRI_P067",100
"37417",6389.30952617095,"NRI_P067",25
"37418",9035.92208617099,"NRI_P067",50
"37419",8095.37011617096,"NRI_P067",100
"37420",-6177.96062382904,"NRI_P067",25
"37421",-10640.403273829,"NRI_P067",50
"37422",20347.151926171,"NRI_P067",100
"37423",6331.23980617098,"NRI_P067",25
"37424",6909.886006171,"NRI_P067",50
"37425",262.453286170959,"NRI_P067",100
"37426",8075.30586617097,"NRI_P067",25
"37427",3030.08057617099,"NRI_P067",50
"37428",5834.86667617096,"NRI_P067",100
"37429",3370.03793617099,"NRI_P067",25
"37430",622.606936170952,"NRI_P067",50
"37431",15425.196506171,"NRI_P067",100
"37432",-3262.53449382901,"NRI_P067",25
"37433",6009.78247617098,"NRI_P067",50
"37434",-10052.079323829,"NRI_P067",100
"37435",1926.584086171,"NRI_P067",25
"37436",-2067.64082382905,"NRI_P067",50
"37437",-4212.97527382901,"NRI_P067",100
"37438",9524.31311617099,"NRI_P067",25
"37439",15891.203846171,"NRI_P067",50
"37440",7363.74021617096,"NRI_P067",100
"37441",-2406.15020382905,"NRI_P067",25
"37442",-2971.87712382904,"NRI_P067",50
"37443",-12914.306673829,"NRI_P067",100
"37444",-10263.901043829,"NRI_P067",25
"37445",-2144.75121382903,"NRI_P067",50
"37446",2152.23239617096,"NRI_P067",100
"37447",-835.304813829018,"NRI_P067",25
"37448",-10378.258973829,"NRI_P067",50
"37449",1716.39832617098,"NRI_P067",100
"37450",-10559.777833829,"NRI_P067",25
"37451",2035.32257617096,"NRI_P067",50
"37452",-4046.49569382903,"NRI_P067",100
"37453",8964.86902617099,"NRI_P067",25
"37454",-13010.248193829,"NRI_P067",50
"37455",-7869.85609382903,"NRI_P067",100
"37456",-553.516233829025,"NRI_P067",25
"37457",-12054.063273829,"NRI_P067",50
"37458",18382.923666171,"NRI_P067",100
"37459",-910.85121382901,"NRI_P067",25
"37460",6049.432506171,"NRI_P067",50
"37461",1024.98975617095,"NRI_P067",100
"37462",1708.61454617098,"NRI_P067",25
"37463",14466.333846171,"NRI_P067",50
"37464",-4558.88538382901,"NRI_P067",100
"37465",255.857776171004,"NRI_P067",25
"37466",-2980.91104382899,"NRI_P067",50
"37467",10633.174826171,"NRI_P067",100
"37468",4143.91185617098,"NRI_P067",25
"37469",2476.49827617098,"NRI_P067",50
"37470",-13398.622003829,"NRI_P067",100
"37471",139.241886170988,"NRI_P067",25
"37472",32363.630546171,"NRI_P067",50
"37473",-897.326143829036,"NRI_P067",100
"37474",-11600.2410338291,"NRI_P067",25
"37475",-9155.53499382903,"NRI_P067",50
"37476",572.285456170968,"NRI_P067",100
"37477",9857.00194617099,"NRI_P067",25
"37478",-8518.54382382904,"NRI_P067",50
"37479",14485.279196171,"NRI_P067",100
"37480",3172.31432617095,"NRI_P067",25
"37481",20639.694296171,"NRI_P067",50
"37482",7954.02056617098,"NRI_P067",100
"37483",5921.267466171,"NRI_P067",25
"37484",6709.121336171,"NRI_P067",50
"37485",11101.922246171,"NRI_P067",100
"37486",10206.925766171,"NRI_P067",25
"37487",2778.60945617099,"NRI_P067",50
"37488",2674.844826171,"NRI_P067",100
"37489",6441.14669617097,"NRI_P067",25
"37490",5793.00839617098,"NRI_P067",50
"37491",-13082.948153829,"NRI_P067",100
"37492",14167.592136171,"NRI_P067",25
"37493",-1116.22329382901,"NRI_P067",50
"37494",-4922.06180382904,"NRI_P067",100
"37495",-3288.67137382901,"NRI_P067",25
"37496",22834.750686171,"NRI_P067",50
"37497",16237.935486171,"NRI_P067",100
"37498",-4399.18344382901,"NRI_P067",25
"37499",-12001.749043829,"NRI_P067",50
"37500",14875.722966171,"NRI_P067",100
"37501",-1950.21635160601,"NRI_P068",25
"37502",-4466.24770160601,"NRI_P068",50
"37503",-10741.890371606,"NRI_P068",100
"37504",-212.646981605998,"NRI_P068",25
"37505",21313.643378394,"NRI_P068",50
"37506",-12143.517011606,"NRI_P068",100
"37507",-2598.96134160602,"NRI_P068",25
"37508",-2008.017131606,"NRI_P068",50
"37509",7329.78961839399,"NRI_P068",100
"37510",-7077.86598160601,"NRI_P068",25
"37511",-2401.41948160602,"NRI_P068",50
"37512",-6673.11223160601,"NRI_P068",100
"37513",-3141.748991606,"NRI_P068",25
"37514",-1965.733561606,"NRI_P068",50
"37515",-11986.264941606,"NRI_P068",100
"37516",612.610768393992,"NRI_P068",25
"37517",5529.611258394,"NRI_P068",50
"37518",-7993.92860160602,"NRI_P068",100
"37519",-7634.721911606,"NRI_P068",25
"37520",-5978.151881606,"NRI_P068",50
"37521",-6151.55361160601,"NRI_P068",100
"37522",31299.175318394,"NRI_P068",25
"37523",-6819.08834160602,"NRI_P068",50
"37524",-11184.323331606,"NRI_P068",100
"37525",3943.019458394,"NRI_P068",25
"37526",-6608.965421606,"NRI_P068",50
"37527",-3792.64720160601,"NRI_P068",100
"37528",-383.533071606013,"NRI_P068",25
"37529",1892.96595839399,"NRI_P068",50
"37530",-11382.851461606,"NRI_P068",100
"37531",1590.65139839399,"NRI_P068",25
"37532",-8753.563781606,"NRI_P068",50
"37533",-8264.628341606,"NRI_P068",100
"37534",-696.998781606002,"NRI_P068",25
"37535",-2586.459841606,"NRI_P068",50
"37536",-7392.60776160602,"NRI_P068",100
"37537",-2196.799661606,"NRI_P068",25
"37538",-6176.289491606,"NRI_P068",50
"37539",4463.36011839399,"NRI_P068",100
"37540",-4513.23147160601,"NRI_P068",25
"37541",-5187.52024160602,"NRI_P068",50
"37542",3496.574998394,"NRI_P068",100
"37543",-1347.76655160601,"NRI_P068",25
"37544",830.451538394002,"NRI_P068",50
"37545",-6799.87950160602,"NRI_P068",100
"37546",11336.920778394,"NRI_P068",25
"37547",-6960.367401606,"NRI_P068",50
"37548",-9388.354781606,"NRI_P068",100
"37549",-2587.68548160602,"NRI_P068",25
"37550",-9009.71885160601,"NRI_P068",50
"37551",-11187.906771606,"NRI_P068",100
"37552",-2134.799791606,"NRI_P068",25
"37553",-2761.398521606,"NRI_P068",50
"37554",8495.159448394,"NRI_P068",100
"37555",-3794.362761606,"NRI_P068",25
"37556",-784.204551606002,"NRI_P068",50
"37557",-10135.112161606,"NRI_P068",100
"37558",-3772.816361606,"NRI_P068",25
"37559",1634.55040839399,"NRI_P068",50
"37560",606.412938394002,"NRI_P068",100
"37561",-6250.795201606,"NRI_P068",25
"37562",-4557.622401606,"NRI_P068",50
"37563",-3616.29320160602,"NRI_P068",100
"37564",-2282.204321606,"NRI_P068",25
"37565",-5691.29083160602,"NRI_P068",50
"37566",-9894.86356160601,"NRI_P068",100
"37567",-586.810851606017,"NRI_P068",25
"37568",-5448.526461606,"NRI_P068",50
"37569",-8371.056671606,"NRI_P068",100
"37570",4828.07393839399,"NRI_P068",25
"37571",-5672.10454160601,"NRI_P068",50
"37572",7273.10159839399,"NRI_P068",100
"37573",-8119.11370160602,"NRI_P068",25
"37574",9565.02546839399,"NRI_P068",50
"37575",5422.67783839398,"NRI_P068",100
"37576",12957.832318394,"NRI_P068",25
"37577",-6780.07844160602,"NRI_P068",50
"37578",-2229.76962160601,"NRI_P068",100
"37579",1491.83723839399,"NRI_P068",25
"37580",-1303.55572160601,"NRI_P068",50
"37581",-10975.721111606,"NRI_P068",100
"37582",253.725678393996,"NRI_P068",25
"37583",-3.7863016060146,"NRI_P068",50
"37584",-12897.850881606,"NRI_P068",100
"37585",-4339.73843160601,"NRI_P068",25
"37586",-6088.80898160601,"NRI_P068",50
"37587",-9560.60823160602,"NRI_P068",100
"37588",-3412.26895160601,"NRI_P068",25
"37589",-3831.47000160601,"NRI_P068",50
"37590",-11367.866281606,"NRI_P068",100
"37591",-115.182951606024,"NRI_P068",25
"37592",-3470.297911606,"NRI_P068",50
"37593",-11021.960861606,"NRI_P068",100
"37594",-5609.50302160601,"NRI_P068",25
"37595",-502.68510160601,"NRI_P068",50
"37596",-9758.234451606,"NRI_P068",100
"37597",-4814.489191606,"NRI_P068",25
"37598",-2534.10860160601,"NRI_P068",50
"37599",30577.469118394,"NRI_P068",100
"37600",-1632.03701160601,"NRI_P068",25
"37601",-2500.22606160602,"NRI_P068",50
"37602",5846.34583839399,"NRI_P068",100
"37603",507.64507839398,"NRI_P068",25
"37604",6779.604558394,"NRI_P068",50
"37605",10170.952338394,"NRI_P068",100
"37606",-5122.95829160602,"NRI_P068",25
"37607",-2998.68418160602,"NRI_P068",50
"37608",6215.143498394,"NRI_P068",100
"37609",-2300.765151606,"NRI_P068",25
"37610",-3622.21739160601,"NRI_P068",50
"37611",-12071.172071606,"NRI_P068",100
"37612",3962.023608394,"NRI_P068",25
"37613",-1992.62844160601,"NRI_P068",50
"37614",1981.144908394,"NRI_P068",100
"37615",-2727.55124160601,"NRI_P068",25
"37616",-4160.679581606,"NRI_P068",50
"37617",-7036.643511606,"NRI_P068",100
"37618",-3937.561931606,"NRI_P068",25
"37619",-1876.214461606,"NRI_P068",50
"37620",-9383.41941160601,"NRI_P068",100
"37621",-4038.612631606,"NRI_P068",25
"37622",2451.866048394,"NRI_P068",50
"37623",-11218.277691606,"NRI_P068",100
"37624",19962.457798394,"NRI_P068",25
"37625",-2558.497581606,"NRI_P068",50
"37626",-10197.160281606,"NRI_P068",100
"37627",-636.504621606,"NRI_P068",25
"37628",2179.74023839398,"NRI_P068",50
"37629",-9374.67360160602,"NRI_P068",100
"37630",2663.26886839399,"NRI_P068",25
"37631",-7399.831141606,"NRI_P068",50
"37632",-8283.12687160601,"NRI_P068",100
"37633",-685.427271606022,"NRI_P068",25
"37634",471.714548393997,"NRI_P068",50
"37635",-6386.54279160601,"NRI_P068",100
"37636",466.248948394001,"NRI_P068",25
"37637",9352.583678394,"NRI_P068",50
"37638",-5756.194411606,"NRI_P068",100
"37639",31874.980248394,"NRI_P068",25
"37640",-5077.96655160602,"NRI_P068",50
"37641",16297.545168394,"NRI_P068",100
"37642",-4891.24824160602,"NRI_P068",25
"37643",-1755.51342160601,"NRI_P068",50
"37644",-7174.68973160602,"NRI_P068",100
"37645",-4525.03854160602,"NRI_P068",25
"37646",-1359.33572160601,"NRI_P068",50
"37647",-8864.11125160602,"NRI_P068",100
"37648",-1346.48801160601,"NRI_P068",25
"37649",-5364.52879160602,"NRI_P068",50
"37650",-5550.00223160602,"NRI_P068",100
"37651",15116.823148394,"NRI_P068",25
"37652",32.7330283939955,"NRI_P068",50
"37653",15462.706738394,"NRI_P068",100
"37654",-734.161061606021,"NRI_P068",25
"37655",-7909.47171160602,"NRI_P068",50
"37656",-10384.841361606,"NRI_P068",100
"37657",-3622.71231160601,"NRI_P068",25
"37658",-6350.833981606,"NRI_P068",50
"37659",4350.818568394,"NRI_P068",100
"37660",495.276068393985,"NRI_P068",25
"37661",-5406.17360160602,"NRI_P068",50
"37662",-8616.221881606,"NRI_P068",100
"37663",805.766068393976,"NRI_P068",25
"37664",-884.210221606016,"NRI_P068",50
"37665",-158.799171606021,"NRI_P068",100
"37666",2924.71676839399,"NRI_P068",25
"37667",946.601928393997,"NRI_P068",50
"37668",854.402658393985,"NRI_P068",100
"37669",-4270.42637160601,"NRI_P068",25
"37670",-2056.38325160602,"NRI_P068",50
"37671",9573.63758839399,"NRI_P068",100
"37672",-684.311961605999,"NRI_P068",25
"37673",-5331.522031606,"NRI_P068",50
"37674",-291.121401606011,"NRI_P068",100
"37675",6476.90987839398,"NRI_P068",25
"37676",-1967.99489160601,"NRI_P068",50
"37677",-8489.818111606,"NRI_P068",100
"37678",277.891178393998,"NRI_P068",25
"37679",-4069.81078160601,"NRI_P068",50
"37680",14866.272068394,"NRI_P068",100
"37681",-2826.16686160601,"NRI_P068",25
"37682",-830.384181606001,"NRI_P068",50
"37683",-5132.905401606,"NRI_P068",100
"37684",-3072.10826160602,"NRI_P068",25
"37685",-3242.88448160602,"NRI_P068",50
"37686",21154.394568394,"NRI_P068",100
"37687",6337.52311839399,"NRI_P068",25
"37688",-191.018301606004,"NRI_P068",50
"37689",-8927.18170160602,"NRI_P068",100
"37690",-4269.65380160601,"NRI_P068",25
"37691",-6874.46934160602,"NRI_P068",50
"37692",-10359.177961606,"NRI_P068",100
"37693",-531.474501606019,"NRI_P068",25
"37694",-1950.38422160601,"NRI_P068",50
"37695",-7755.673221606,"NRI_P068",100
"37696",-816.00799160602,"NRI_P068",25
"37697",-644.370471606002,"NRI_P068",50
"37698",-6503.067561606,"NRI_P068",100
"37699",-1285.240521606,"NRI_P068",25
"37700",-1173.04324160601,"NRI_P068",50
"37701",-1154.53073160601,"NRI_P068",100
"37702",-51.1513316060009,"NRI_P068",25
"37703",-6588.387231606,"NRI_P068",50
"37704",-9168.54665160601,"NRI_P068",100
"37705",-2796.743051606,"NRI_P068",25
"37706",-910.164531606017,"NRI_P068",50
"37707",-9347.389521606,"NRI_P068",100
"37708",-1751.541061606,"NRI_P068",25
"37709",-4566.182451606,"NRI_P068",50
"37710",15588.689278394,"NRI_P068",100
"37711",-2804.49635160601,"NRI_P068",25
"37712",1344.87223839399,"NRI_P068",50
"37713",14534.160038394,"NRI_P068",100
"37714",-1595.11981160601,"NRI_P068",25
"37715",-6365.23870160602,"NRI_P068",50
"37716",9386.43622839398,"NRI_P068",100
"37717",-2241.84622160601,"NRI_P068",25
"37718",-4035.77426160601,"NRI_P068",50
"37719",-3539.16677160602,"NRI_P068",100
"37720",-1538.02050160602,"NRI_P068",25
"37721",14510.488288394,"NRI_P068",50
"37722",-3944.11567160601,"NRI_P068",100
"37723",-6798.22846160602,"NRI_P068",25
"37724",-4637.03695160602,"NRI_P068",50
"37725",-12558.139261606,"NRI_P068",100
"37726",4824.648528394,"NRI_P068",25
"37727",323.298668393982,"NRI_P068",50
"37728",-9773.20014160601,"NRI_P068",100
"37729",2952.569188394,"NRI_P068",25
"37730",-4223.31797160601,"NRI_P068",50
"37731",-2193.08572160601,"NRI_P068",100
"37732",-2314.35094160601,"NRI_P068",25
"37733",17726.027098394,"NRI_P068",50
"37734",24555.420798394,"NRI_P068",100
"37735",1439.51506839399,"NRI_P068",25
"37736",-4895.80012160601,"NRI_P068",50
"37737",-802.309191606008,"NRI_P068",100
"37738",-880.650571606006,"NRI_P068",25
"37739",-5940.395101606,"NRI_P068",50
"37740",-9097.98410160601,"NRI_P068",100
"37741",-324.411161605996,"NRI_P068",25
"37742",-7376.007151606,"NRI_P068",50
"37743",7913.763418394,"NRI_P068",100
"37744",-829.208621605998,"NRI_P068",25
"37745",-2530.73360160601,"NRI_P068",50
"37746",-205.728361606016,"NRI_P068",100
"37747",9968.39371839399,"NRI_P068",25
"37748",-5627.263041606,"NRI_P068",50
"37749",11882.200908394,"NRI_P068",100
"37750",-2454.27227160602,"NRI_P068",25
"37751",-3232.46822160602,"NRI_P068",50
"37752",7316.18638839398,"NRI_P068",100
"37753",1706.28154839398,"NRI_P068",25
"37754",-6919.26535160601,"NRI_P068",50
"37755",1939.01331839399,"NRI_P068",100
"37756",1129.98358839398,"NRI_P068",25
"37757",-6248.066361606,"NRI_P068",50
"37758",7104.155768394,"NRI_P068",100
"37759",-1011.31698160601,"NRI_P068",25
"37760",-3418.21486160601,"NRI_P068",50
"37761",-8351.35695160602,"NRI_P068",100
"37762",-1610.051741606,"NRI_P068",25
"37763",9556.46856839399,"NRI_P068",50
"37764",-12192.084891606,"NRI_P068",100
"37765",-3697.26331160602,"NRI_P068",25
"37766",-5315.603011606,"NRI_P068",50
"37767",-5902.57928160601,"NRI_P068",100
"37768",-2076.282431606,"NRI_P068",25
"37769",-8392.77473160601,"NRI_P068",50
"37770",7272.013358394,"NRI_P068",100
"37771",-378.642571606004,"NRI_P068",25
"37772",-8727.610201606,"NRI_P068",50
"37773",-8924.74055160602,"NRI_P068",100
"37774",-1880.18236160601,"NRI_P068",25
"37775",15614.516448394,"NRI_P068",50
"37776",-11930.219821606,"NRI_P068",100
"37777",754.943958393997,"NRI_P068",25
"37778",-5733.83076160602,"NRI_P068",50
"37779",-2259.69274160601,"NRI_P068",100
"37780",-1373.44829160601,"NRI_P068",25
"37781",1452.652828394,"NRI_P068",50
"37782",-9263.868201606,"NRI_P068",100
"37783",-3140.772631606,"NRI_P068",25
"37784",-3713.595661606,"NRI_P068",50
"37785",-8987.02027160602,"NRI_P068",100
"37786",-993.341061606014,"NRI_P068",25
"37787",-5181.04091160602,"NRI_P068",50
"37788",-4190.818141606,"NRI_P068",100
"37789",1302.80230839399,"NRI_P068",25
"37790",-1809.83770160601,"NRI_P068",50
"37791",-6263.347951606,"NRI_P068",100
"37792",-556.833061606012,"NRI_P068",25
"37793",-4945.83808160602,"NRI_P068",50
"37794",-5254.46551160602,"NRI_P068",100
"37795",127.99789839398,"NRI_P068",25
"37796",17306.191538394,"NRI_P068",50
"37797",14520.567778394,"NRI_P068",100
"37798",-3485.92535160601,"NRI_P068",25
"37799",-6158.37033160601,"NRI_P068",50
"37800",-12140.398721606,"NRI_P068",100
"37801",1468.24163595721,"NRI_P069",25
"37802",-401.918204042799,"NRI_P069",50
"37803",-1544.8881940428,"NRI_P069",100
"37804",-1609.0715640428,"NRI_P069",25
"37805",1119.9786759572,"NRI_P069",50
"37806",770.624655957203,"NRI_P069",100
"37807",31.3915459572017,"NRI_P069",25
"37808",-246.859624042801,"NRI_P069",50
"37809",-567.435914042799,"NRI_P069",100
"37810",2149.95282595721,"NRI_P069",25
"37811",-747.542294042796,"NRI_P069",50
"37812",1452.1746359572,"NRI_P069",100
"37813",140.074315957201,"NRI_P069",25
"37814",-2431.4024340428,"NRI_P069",50
"37815",1691.27043595721,"NRI_P069",100
"37816",79.4708759572095,"NRI_P069",25
"37817",238.119495957202,"NRI_P069",50
"37818",2413.67250595721,"NRI_P069",100
"37819",306.667075957201,"NRI_P069",25
"37820",-610.233424042803,"NRI_P069",50
"37821",-2356.60533404279,"NRI_P069",100
"37822",1089.0434559572,"NRI_P069",25
"37823",-2750.0009040428,"NRI_P069",50
"37824",-3119.1306340428,"NRI_P069",100
"37825",-749.292984042797,"NRI_P069",25
"37826",-2945.84110404279,"NRI_P069",50
"37827",2160.26923595721,"NRI_P069",100
"37828",400.861195957201,"NRI_P069",25
"37829",-2850.2362040428,"NRI_P069",50
"37830",6530.1415859572,"NRI_P069",100
"37831",667.531365957198,"NRI_P069",25
"37832",-71.3069740427891,"NRI_P069",50
"37833",-2792.21130404279,"NRI_P069",100
"37834",-2412.2752340428,"NRI_P069",25
"37835",149.040485957201,"NRI_P069",50
"37836",322.934025957205,"NRI_P069",100
"37837",2365.79425595721,"NRI_P069",25
"37838",-94.6343240427959,"NRI_P069",50
"37839",4211.9634959572,"NRI_P069",100
"37840",344.795965957208,"NRI_P069",25
"37841",-517.100904042789,"NRI_P069",50
"37842",-2240.01249404279,"NRI_P069",100
"37843",574.859395957203,"NRI_P069",25
"37844",-1663.2187040428,"NRI_P069",50
"37845",-2800.9824340428,"NRI_P069",100
"37846",1632.3316559572,"NRI_P069",25
"37847",-1509.01916404279,"NRI_P069",50
"37848",-2328.1853640428,"NRI_P069",100
"37849",-18.1744540427899,"NRI_P069",25
"37850",-1249.5305740428,"NRI_P069",50
"37851",-1810.03566404279,"NRI_P069",100
"37852",178.713395957209,"NRI_P069",25
"37853",-1521.80079404279,"NRI_P069",50
"37854",-887.414944042801,"NRI_P069",100
"37855",-593.516974042795,"NRI_P069",25
"37856",-1124.18120404279,"NRI_P069",50
"37857",-1582.5608740428,"NRI_P069",100
"37858",-737.341834042789,"NRI_P069",25
"37859",1305.1171759572,"NRI_P069",50
"37860",-1280.54972404279,"NRI_P069",100
"37861",-469.080764042796,"NRI_P069",25
"37862",1639.5109959572,"NRI_P069",50
"37863",-1289.3165440428,"NRI_P069",100
"37864",-701.130364042794,"NRI_P069",25
"37865",-55.7736140428024,"NRI_P069",50
"37866",-1991.0348740428,"NRI_P069",100
"37867",168.5635659572,"NRI_P069",25
"37868",1890.7886759572,"NRI_P069",50
"37869",3331.0664159572,"NRI_P069",100
"37870",335.619565957211,"NRI_P069",25
"37871",-95.3981240427966,"NRI_P069",50
"37872",7596.5614659572,"NRI_P069",100
"37873",-327.938094042795,"NRI_P069",25
"37874",-639.698164042798,"NRI_P069",50
"37875",-2351.08131404279,"NRI_P069",100
"37876",202.950655957204,"NRI_P069",25
"37877",-2128.53201404279,"NRI_P069",50
"37878",-1555.56519404279,"NRI_P069",100
"37879",-1215.0394740428,"NRI_P069",25
"37880",1171.28074595721,"NRI_P069",50
"37881",1070.7452559572,"NRI_P069",100
"37882",247.624925957207,"NRI_P069",25
"37883",-1712.57164404279,"NRI_P069",50
"37884",-2216.7601940428,"NRI_P069",100
"37885",1554.6796259572,"NRI_P069",25
"37886",598.297525957198,"NRI_P069",50
"37887",2557.60679595721,"NRI_P069",100
"37888",-549.157594042801,"NRI_P069",25
"37889",1902.2828259572,"NRI_P069",50
"37890",-1807.64578404279,"NRI_P069",100
"37891",-665.107194042794,"NRI_P069",25
"37892",-1017.1557840428,"NRI_P069",50
"37893",2241.5049459572,"NRI_P069",100
"37894",3306.4085159572,"NRI_P069",25
"37895",1403.1442859572,"NRI_P069",50
"37896",-1219.13293404279,"NRI_P069",100
"37897",-111.318384042796,"NRI_P069",25
"37898",-3240.2698740428,"NRI_P069",50
"37899",-943.342304042802,"NRI_P069",100
"37900",946.183915957197,"NRI_P069",25
"37901",2760.5409159572,"NRI_P069",50
"37902",1220.53856595721,"NRI_P069",100
"37903",-572.514324042801,"NRI_P069",25
"37904",495.680195957204,"NRI_P069",50
"37905",3886.76943595721,"NRI_P069",100
"37906",-1613.4965240428,"NRI_P069",25
"37907",-1562.92691404279,"NRI_P069",50
"37908",2329.4839259572,"NRI_P069",100
"37909",3344.1875759572,"NRI_P069",25
"37910",4842.9634059572,"NRI_P069",50
"37911",-7.04034404279082,"NRI_P069",100
"37912",120.049175957203,"NRI_P069",25
"37913",-1641.4954040428,"NRI_P069",50
"37914",-1881.4470040428,"NRI_P069",100
"37915",-399.775214042791,"NRI_P069",25
"37916",3095.8780559572,"NRI_P069",50
"37917",-294.8458640428,"NRI_P069",100
"37918",-268.14045404279,"NRI_P069",25
"37919",1080.0834659572,"NRI_P069",50
"37920",-2259.7119540428,"NRI_P069",100
"37921",-594.453664042798,"NRI_P069",25
"37922",689.750225957207,"NRI_P069",50
"37923",-776.616464042789,"NRI_P069",100
"37924",-2475.11096404279,"NRI_P069",25
"37925",-1015.3211540428,"NRI_P069",50
"37926",-2485.81488404279,"NRI_P069",100
"37927",-1472.44707404279,"NRI_P069",25
"37928",-278.799364042789,"NRI_P069",50
"37929",-3783.5533940428,"NRI_P069",100
"37930",-1499.5354240428,"NRI_P069",25
"37931",801.483975957206,"NRI_P069",50
"37932",-1043.03450404279,"NRI_P069",100
"37933",-1422.2876940428,"NRI_P069",25
"37934",162.2766859572,"NRI_P069",50
"37935",-309.931574042799,"NRI_P069",100
"37936",2767.6637659572,"NRI_P069",25
"37937",1469.5863959572,"NRI_P069",50
"37938",-1376.4902840428,"NRI_P069",100
"37939",-212.542654042802,"NRI_P069",25
"37940",-1871.2789440428,"NRI_P069",50
"37941",4478.91099595721,"NRI_P069",100
"37942",-1216.0080340428,"NRI_P069",25
"37943",-409.205784042802,"NRI_P069",50
"37944",-756.935734042796,"NRI_P069",100
"37945",2354.30112595721,"NRI_P069",25
"37946",1430.6473459572,"NRI_P069",50
"37947",-1738.1430940428,"NRI_P069",100
"37948",-752.743964042791,"NRI_P069",25
"37949",-937.578334042802,"NRI_P069",50
"37950",4754.7156059572,"NRI_P069",100
"37951",-2462.4029340428,"NRI_P069",25
"37952",-135.00522404279,"NRI_P069",50
"37953",-1703.2717640428,"NRI_P069",100
"37954",402.883695957207,"NRI_P069",25
"37955",-3460.83921404279,"NRI_P069",50
"37956",490.328595957209,"NRI_P069",100
"37957",628.1865459572,"NRI_P069",25
"37958",-155.743544042794,"NRI_P069",50
"37959",-1040.6316740428,"NRI_P069",100
"37960",-1559.21512404279,"NRI_P069",25
"37961",2136.5290859572,"NRI_P069",50
"37962",119.423915957203,"NRI_P069",100
"37963",623.305325957204,"NRI_P069",25
"37964",-754.323074042797,"NRI_P069",50
"37965",-327.662054042798,"NRI_P069",100
"37966",-859.805864042792,"NRI_P069",25
"37967",-677.796204042796,"NRI_P069",50
"37968",-2824.6803340428,"NRI_P069",100
"37969",-641.313824042794,"NRI_P069",25
"37970",-660.842694042789,"NRI_P069",50
"37971",610.029405957204,"NRI_P069",100
"37972",439.086815957198,"NRI_P069",25
"37973",1618.7890359572,"NRI_P069",50
"37974",1080.9147559572,"NRI_P069",100
"37975",281.474425957203,"NRI_P069",25
"37976",-2225.8728540428,"NRI_P069",50
"37977",-3065.9237940428,"NRI_P069",100
"37978",-28.7686840427923,"NRI_P069",25
"37979",-72.464694042792,"NRI_P069",50
"37980",-2751.34924404279,"NRI_P069",100
"37981",317.262275957211,"NRI_P069",25
"37982",-351.739774042799,"NRI_P069",50
"37983",3371.35373595721,"NRI_P069",100
"37984",540.30912595721,"NRI_P069",25
"37985",-2817.41293404279,"NRI_P069",50
"37986",308.052795957206,"NRI_P069",100
"37987",70.1914559572033,"NRI_P069",25
"37988",-2142.2716740428,"NRI_P069",50
"37989",-1282.45475404279,"NRI_P069",100
"37990",823.311505957201,"NRI_P069",25
"37991",1637.9795659572,"NRI_P069",50
"37992",-3621.4908140428,"NRI_P069",100
"37993",-216.081114042798,"NRI_P069",25
"37994",-356.886044042796,"NRI_P069",50
"37995",-2892.9089240428,"NRI_P069",100
"37996",-149.604434042791,"NRI_P069",25
"37997",700.424185957207,"NRI_P069",50
"37998",6973.7405759572,"NRI_P069",100
"37999",-1865.32838404279,"NRI_P069",25
"38000",-2200.0204240428,"NRI_P069",50
"38001",35.9812359572097,"NRI_P069",100
"38002",193.243545957201,"NRI_P069",25
"38003",-1049.5076140428,"NRI_P069",50
"38004",-809.103304042801,"NRI_P069",100
"38005",-1401.9796340428,"NRI_P069",25
"38006",-1496.1739140428,"NRI_P069",50
"38007",1028.30413595721,"NRI_P069",100
"38008",352.229485957199,"NRI_P069",25
"38009",1223.66730595721,"NRI_P069",50
"38010",-1226.31064404279,"NRI_P069",100
"38011",2202.18776595721,"NRI_P069",25
"38012",-1813.20475404279,"NRI_P069",50
"38013",-1633.9318240428,"NRI_P069",100
"38014",445.700585957209,"NRI_P069",25
"38015",-1689.54598404279,"NRI_P069",50
"38016",2295.54209595721,"NRI_P069",100
"38017",2053.04786595721,"NRI_P069",25
"38018",-497.573524042789,"NRI_P069",50
"38019",-1854.7361640428,"NRI_P069",100
"38020",-27.8552140427928,"NRI_P069",25
"38021",-1725.1678240428,"NRI_P069",50
"38022",613.115335957205,"NRI_P069",100
"38023",1916.18893595721,"NRI_P069",25
"38024",-780.191704042794,"NRI_P069",50
"38025",-2136.07060404279,"NRI_P069",100
"38026",580.533695957201,"NRI_P069",25
"38027",-51.2749940427893,"NRI_P069",50
"38028",-1004.14178404279,"NRI_P069",100
"38029",2667.86031595721,"NRI_P069",25
"38030",-1506.9673740428,"NRI_P069",50
"38031",1412.70225595721,"NRI_P069",100
"38032",-1332.86957404279,"NRI_P069",25
"38033",-1461.15919404279,"NRI_P069",50
"38034",3463.8000359572,"NRI_P069",100
"38035",-103.927684042792,"NRI_P069",25
"38036",-3015.80019404279,"NRI_P069",50
"38037",4288.0001659572,"NRI_P069",100
"38038",1242.74645595721,"NRI_P069",25
"38039",-549.434594042788,"NRI_P069",50
"38040",-174.978794042792,"NRI_P069",100
"38041",1430.07901595721,"NRI_P069",25
"38042",1339.6074059572,"NRI_P069",50
"38043",5647.7741159572,"NRI_P069",100
"38044",-1419.6811840428,"NRI_P069",25
"38045",-936.313194042799,"NRI_P069",50
"38046",3644.0738859572,"NRI_P069",100
"38047",-1107.75132404279,"NRI_P069",25
"38048",2922.77734595721,"NRI_P069",50
"38049",4343.27094595721,"NRI_P069",100
"38050",-663.986944042801,"NRI_P069",25
"38051",-505.707954042795,"NRI_P069",50
"38052",-807.162464042791,"NRI_P069",100
"38053",-377.650604042792,"NRI_P069",25
"38054",254.029395957201,"NRI_P069",50
"38055",-1616.3760040428,"NRI_P069",100
"38056",-978.782454042797,"NRI_P069",25
"38057",1337.22881595721,"NRI_P069",50
"38058",174.784905957204,"NRI_P069",100
"38059",-1555.2573240428,"NRI_P069",25
"38060",-2254.9603240428,"NRI_P069",50
"38061",-102.810074042791,"NRI_P069",100
"38062",-2203.7987940428,"NRI_P069",25
"38063",-1280.77826404279,"NRI_P069",50
"38064",-188.226244042802,"NRI_P069",100
"38065",-1340.7845140428,"NRI_P069",25
"38066",-152.877444042795,"NRI_P069",50
"38067",-312.76300404279,"NRI_P069",100
"38068",1111.5273359572,"NRI_P069",25
"38069",-763.981914042801,"NRI_P069",50
"38070",-544.601434042794,"NRI_P069",100
"38071",4403.18630595721,"NRI_P069",25
"38072",-43.2619740427908,"NRI_P069",50
"38073",-2169.52929404279,"NRI_P069",100
"38074",-978.141374042796,"NRI_P069",25
"38075",-717.737914042795,"NRI_P069",50
"38076",651.158715957208,"NRI_P069",100
"38077",-1731.9944540428,"NRI_P069",25
"38078",4535.72972595721,"NRI_P069",50
"38079",89.4236159572029,"NRI_P069",100
"38080",-208.600614042793,"NRI_P069",25
"38081",-1270.9084040428,"NRI_P069",50
"38082",-1995.1842340428,"NRI_P069",100
"38083",-108.362394042793,"NRI_P069",25
"38084",4246.57918595721,"NRI_P069",50
"38085",-1125.44548404279,"NRI_P069",100
"38086",1142.70075595721,"NRI_P069",25
"38087",-821.186484042802,"NRI_P069",50
"38088",-1521.08969404279,"NRI_P069",100
"38089",159.9616059572,"NRI_P069",25
"38090",-305.30693404279,"NRI_P069",50
"38091",-1739.55878404279,"NRI_P069",100
"38092",-390.650334042803,"NRI_P069",25
"38093",973.522855957199,"NRI_P069",50
"38094",2549.43884595721,"NRI_P069",100
"38095",-408.572134042799,"NRI_P069",25
"38096",2100.5583159572,"NRI_P069",50
"38097",2403.13536595721,"NRI_P069",100
"38098",1654.06435595721,"NRI_P069",25
"38099",-465.488744042799,"NRI_P069",50
"38100",-3457.1619640428,"NRI_P069",100
"38101",-2698.01960159303,"NRI_P070",25
"38102",-10416.754021593,"NRI_P070",50
"38103",-5995.89309159303,"NRI_P070",100
"38104",175.948828406981,"NRI_P070",25
"38105",343.483718406991,"NRI_P070",50
"38106",-6058.714601593,"NRI_P070",100
"38107",-4263.71213159303,"NRI_P070",25
"38108",-5801.92062159302,"NRI_P070",50
"38109",-5709.711971593,"NRI_P070",100
"38110",-710.113991593011,"NRI_P070",25
"38111",-4949.40003159302,"NRI_P070",50
"38112",-12198.286181593,"NRI_P070",100
"38113",-2323.79006159303,"NRI_P070",25
"38114",140.716268406977,"NRI_P070",50
"38115",3574.77256840697,"NRI_P070",100
"38116",-6314.06700159301,"NRI_P070",25
"38117",7644.76161840698,"NRI_P070",50
"38118",-1696.59303159302,"NRI_P070",100
"38119",-1387.96556159301,"NRI_P070",25
"38120",7978.86663840699,"NRI_P070",50
"38121",-4736.29973159303,"NRI_P070",100
"38122",3147.57575840698,"NRI_P070",25
"38123",-4161.96220159301,"NRI_P070",50
"38124",-9885.280021593,"NRI_P070",100
"38125",-5756.33669159302,"NRI_P070",25
"38126",-8409.69950159302,"NRI_P070",50
"38127",-12648.077371593,"NRI_P070",100
"38128",1503.99362840698,"NRI_P070",25
"38129",-4358.87428159302,"NRI_P070",50
"38130",-4257.58210159303,"NRI_P070",100
"38131",1951.69068840699,"NRI_P070",25
"38132",-4609.38806159302,"NRI_P070",50
"38133",2488.77586840698,"NRI_P070",100
"38134",-5172.547171593,"NRI_P070",25
"38135",-5809.04017159302,"NRI_P070",50
"38136",-3474.88908159302,"NRI_P070",100
"38137",-3768.77329159301,"NRI_P070",25
"38138",-7466.73465159303,"NRI_P070",50
"38139",-5723.35721159301,"NRI_P070",100
"38140",8319.884828407,"NRI_P070",25
"38141",-3630.59588159301,"NRI_P070",50
"38142",2647.15894840698,"NRI_P070",100
"38143",-8350.16061159302,"NRI_P070",25
"38144",19442.025178407,"NRI_P070",50
"38145",-4346.99238159301,"NRI_P070",100
"38146",-1068.41775159302,"NRI_P070",25
"38147",1452.53285840698,"NRI_P070",50
"38148",-4841.14781159302,"NRI_P070",100
"38149",-6993.06381159302,"NRI_P070",25
"38150",4196.49354840699,"NRI_P070",50
"38151",-13113.294621593,"NRI_P070",100
"38152",-1853.18604159303,"NRI_P070",25
"38153",-9047.31997159301,"NRI_P070",50
"38154",-11714.062421593,"NRI_P070",100
"38155",-1777.45997159302,"NRI_P070",25
"38156",-3198.475601593,"NRI_P070",50
"38157",1172.154218407,"NRI_P070",100
"38158",-1073.62736159301,"NRI_P070",25
"38159",-7152.48207159303,"NRI_P070",50
"38160",-11089.279801593,"NRI_P070",100
"38161",3293.05520840699,"NRI_P070",25
"38162",-2481.23763159302,"NRI_P070",50
"38163",-11705.322741593,"NRI_P070",100
"38164",-367.253311593027,"NRI_P070",25
"38165",-8363.347241593,"NRI_P070",50
"38166",-11049.014131593,"NRI_P070",100
"38167",-4617.023691593,"NRI_P070",25
"38168",1144.34500840699,"NRI_P070",50
"38169",447.064598406985,"NRI_P070",100
"38170",-3044.27096159302,"NRI_P070",25
"38171",-11377.232361593,"NRI_P070",50
"38172",5769.42499840699,"NRI_P070",100
"38173",-3352.32488159303,"NRI_P070",25
"38174",-7890.63428159303,"NRI_P070",50
"38175",-10516.172181593,"NRI_P070",100
"38176",3803.60973840699,"NRI_P070",25
"38177",-3684.31738159302,"NRI_P070",50
"38178",-4002.08698159302,"NRI_P070",100
"38179",6894.87806840698,"NRI_P070",25
"38180",-7092.831761593,"NRI_P070",50
"38181",-1267.98606159302,"NRI_P070",100
"38182",3257.97476840697,"NRI_P070",25
"38183",-3300.50850159302,"NRI_P070",50
"38184",-12471.592141593,"NRI_P070",100
"38185",-780.722571593011,"NRI_P070",25
"38186",-6744.13875159301,"NRI_P070",50
"38187",-6134.15451159302,"NRI_P070",100
"38188",-1312.34759159302,"NRI_P070",25
"38189",-4960.81746159302,"NRI_P070",50
"38190",-11894.015681593,"NRI_P070",100
"38191",-1061.11988159301,"NRI_P070",25
"38192",-10028.393931593,"NRI_P070",50
"38193",-1076.97088159301,"NRI_P070",100
"38194",-2960.20708159302,"NRI_P070",25
"38195",1950.468778407,"NRI_P070",50
"38196",-4863.60398159301,"NRI_P070",100
"38197",2755.26971840698,"NRI_P070",25
"38198",-2077.74758159302,"NRI_P070",50
"38199",-7951.090831593,"NRI_P070",100
"38200",-3785.75174159301,"NRI_P070",25
"38201",-2794.033931593,"NRI_P070",50
"38202",-10414.905031593,"NRI_P070",100
"38203",-2732.65608159301,"NRI_P070",25
"38204",-3711.87706159303,"NRI_P070",50
"38205",-12194.581221593,"NRI_P070",100
"38206",-4053.68525159301,"NRI_P070",25
"38207",-1888.200971593,"NRI_P070",50
"38208",-13919.117311593,"NRI_P070",100
"38209",-3153.79424159302,"NRI_P070",25
"38210",-6243.75081159302,"NRI_P070",50
"38211",2986.98904840698,"NRI_P070",100
"38212",-4002.39304159302,"NRI_P070",25
"38213",-6601.108081593,"NRI_P070",50
"38214",5983.66761840699,"NRI_P070",100
"38215",-6258.21458159303,"NRI_P070",25
"38216",196.483928406989,"NRI_P070",50
"38217",-5814.86957159301,"NRI_P070",100
"38218",-4196.35627159302,"NRI_P070",25
"38219",-2256.59971159301,"NRI_P070",50
"38220",-6580.624451593,"NRI_P070",100
"38221",4970.875678407,"NRI_P070",25
"38222",4894.71738840698,"NRI_P070",50
"38223",-3373.57145159302,"NRI_P070",100
"38224",-1648.71617159303,"NRI_P070",25
"38225",3103.210518407,"NRI_P070",50
"38226",2077.07531840698,"NRI_P070",100
"38227",17624.397448407,"NRI_P070",25
"38228",-5833.24524159302,"NRI_P070",50
"38229",-9735.144051593,"NRI_P070",100
"38230",3371.99894840698,"NRI_P070",25
"38231",-8984.12696159302,"NRI_P070",50
"38232",-7715.44074159302,"NRI_P070",100
"38233",-4897.62859159301,"NRI_P070",25
"38234",-5548.433171593,"NRI_P070",50
"38235",-10412.446181593,"NRI_P070",100
"38236",-5584.53024159302,"NRI_P070",25
"38237",-8599.51371159303,"NRI_P070",50
"38238",-7826.78524159302,"NRI_P070",100
"38239",-257.469651593012,"NRI_P070",25
"38240",-4019.13273159301,"NRI_P070",50
"38241",-12932.651331593,"NRI_P070",100
"38242",3998.68524840698,"NRI_P070",25
"38243",-6620.85056159302,"NRI_P070",50
"38244",-12515.708301593,"NRI_P070",100
"38245",-5480.103261593,"NRI_P070",25
"38246",-5938.99969159302,"NRI_P070",50
"38247",-9458.01590159303,"NRI_P070",100
"38248",-3866.43324159301,"NRI_P070",25
"38249",2183.51987840698,"NRI_P070",50
"38250",-8851.68311159301,"NRI_P070",100
"38251",-3930.51998159301,"NRI_P070",25
"38252",257.262228406995,"NRI_P070",50
"38253",-12123.810881593,"NRI_P070",100
"38254",-1406.73777159301,"NRI_P070",25
"38255",-2422.31796159301,"NRI_P070",50
"38256",-11144.551541593,"NRI_P070",100
"38257",-3883.35301159302,"NRI_P070",25
"38258",-4153.333191593,"NRI_P070",50
"38259",-9379.06654159303,"NRI_P070",100
"38260",-4948.285341593,"NRI_P070",25
"38261",-2983.65427159303,"NRI_P070",50
"38262",-6071.18838159301,"NRI_P070",100
"38263",-4232.38751159303,"NRI_P070",25
"38264",-4582.81887159302,"NRI_P070",50
"38265",-3995.12968159301,"NRI_P070",100
"38266",1848.32248840699,"NRI_P070",25
"38267",-6872.95085159302,"NRI_P070",50
"38268",-14008.320061593,"NRI_P070",100
"38269",-3819.32737159301,"NRI_P070",25
"38270",-874.120891593018,"NRI_P070",50
"38271",-15540.311541593,"NRI_P070",100
"38272",-7281.68438159302,"NRI_P070",25
"38273",3719.74161840699,"NRI_P070",50
"38274",736.492518406973,"NRI_P070",100
"38275",-1056.68699159301,"NRI_P070",25
"38276",-4063.13182159301,"NRI_P070",50
"38277",-15784.388621593,"NRI_P070",100
"38278",-646.89471159302,"NRI_P070",25
"38279",-2828.74121159301,"NRI_P070",50
"38280",-14014.063491593,"NRI_P070",100
"38281",5089.02059840699,"NRI_P070",25
"38282",0.960478406981565,"NRI_P070",50
"38283",-8763.320031593,"NRI_P070",100
"38284",-7653.04908159302,"NRI_P070",25
"38285",6647.14670840697,"NRI_P070",50
"38286",-2212.31111159301,"NRI_P070",100
"38287",3577.84472840698,"NRI_P070",25
"38288",-8195.209391593,"NRI_P070",50
"38289",-4314.95641159301,"NRI_P070",100
"38290",14525.946748407,"NRI_P070",25
"38291",-2045.01094159301,"NRI_P070",50
"38292",-7698.55772159301,"NRI_P070",100
"38293",-3524.645561593,"NRI_P070",25
"38294",-11228.679401593,"NRI_P070",50
"38295",-17.5109015930211,"NRI_P070",100
"38296",-3223.284191593,"NRI_P070",25
"38297",-10189.596901593,"NRI_P070",50
"38298",-12699.945121593,"NRI_P070",100
"38299",-4620.331341593,"NRI_P070",25
"38300",-2986.38223159302,"NRI_P070",50
"38301",-11969.697371593,"NRI_P070",100
"38302",-5954.46243159301,"NRI_P070",25
"38303",-7986.55685159302,"NRI_P070",50
"38304",-5171.19618159303,"NRI_P070",100
"38305",-1528.392301593,"NRI_P070",25
"38306",-5204.567291593,"NRI_P070",50
"38307",-12777.787871593,"NRI_P070",100
"38308",-1462.87431159301,"NRI_P070",25
"38309",797.198198406986,"NRI_P070",50
"38310",-13772.892271593,"NRI_P070",100
"38311",3476.57287840699,"NRI_P070",25
"38312",-11502.258381593,"NRI_P070",50
"38313",-9175.729461593,"NRI_P070",100
"38314",360.326148406981,"NRI_P070",25
"38315",-4935.23676159303,"NRI_P070",50
"38316",-12163.362511593,"NRI_P070",100
"38317",-5929.61407159301,"NRI_P070",25
"38318",-8358.77232159302,"NRI_P070",50
"38319",9411.888868407,"NRI_P070",100
"38320",-2117.55031159302,"NRI_P070",25
"38321",-2581.734671593,"NRI_P070",50
"38322",-10124.360091593,"NRI_P070",100
"38323",-3881.56848159301,"NRI_P070",25
"38324",-6489.74540159301,"NRI_P070",50
"38325",-16126.693191593,"NRI_P070",100
"38326",-1718.254141593,"NRI_P070",25
"38327",-3421.30355159301,"NRI_P070",50
"38328",-8736.81564159301,"NRI_P070",100
"38329",-584.074531593011,"NRI_P070",25
"38330",-5078.06663159301,"NRI_P070",50
"38331",-11458.328661593,"NRI_P070",100
"38332",-1983.78335159301,"NRI_P070",25
"38333",-5567.801501593,"NRI_P070",50
"38334",3501.00766840699,"NRI_P070",100
"38335",-2636.10286159301,"NRI_P070",25
"38336",5235.38538840698,"NRI_P070",50
"38337",-16780.768641593,"NRI_P070",100
"38338",-4857.03342159302,"NRI_P070",25
"38339",-10827.486701593,"NRI_P070",50
"38340",-5712.62887159301,"NRI_P070",100
"38341",-961.194361593021,"NRI_P070",25
"38342",-9918.22194159302,"NRI_P070",50
"38343",-9871.889201593,"NRI_P070",100
"38344",-7970.88467159303,"NRI_P070",25
"38345",-7229.44890159302,"NRI_P070",50
"38346",-1223.73404159301,"NRI_P070",100
"38347",-3222.54473159302,"NRI_P070",25
"38348",1551.126538407,"NRI_P070",50
"38349",4823.51268840698,"NRI_P070",100
"38350",1224.81284840699,"NRI_P070",25
"38351",2266.55454840697,"NRI_P070",50
"38352",6121.43742840699,"NRI_P070",100
"38353",-2586.58733159301,"NRI_P070",25
"38354",-11182.392591593,"NRI_P070",50
"38355",-2178.74886159302,"NRI_P070",100
"38356",-1048.856231593,"NRI_P070",25
"38357",350.609008406987,"NRI_P070",50
"38358",-5972.17626159301,"NRI_P070",100
"38359",897.076148406981,"NRI_P070",25
"38360",-7522.77549159303,"NRI_P070",50
"38361",-12519.388011593,"NRI_P070",100
"38362",-2196.06014159301,"NRI_P070",25
"38363",-9123.35870159301,"NRI_P070",50
"38364",-180.154461593018,"NRI_P070",100
"38365",-5680.701311593,"NRI_P070",25
"38366",-8324.163621593,"NRI_P070",50
"38367",6755.21582840697,"NRI_P070",100
"38368",-1511.00128159302,"NRI_P070",25
"38369",-12635.064441593,"NRI_P070",50
"38370",-10511.796711593,"NRI_P070",100
"38371",-5301.013501593,"NRI_P070",25
"38372",-10840.008671593,"NRI_P070",50
"38373",-13348.192461593,"NRI_P070",100
"38374",-4843.08918159301,"NRI_P070",25
"38375",5132.79788840699,"NRI_P070",50
"38376",899.495148406975,"NRI_P070",100
"38377",-2942.37542159302,"NRI_P070",25
"38378",1712.23432840698,"NRI_P070",50
"38379",10055.203238407,"NRI_P070",100
"38380",-4090.96613159301,"NRI_P070",25
"38381",-9135.341061593,"NRI_P070",50
"38382",-6754.72729159301,"NRI_P070",100
"38383",-430.865961593023,"NRI_P070",25
"38384",1924.682888407,"NRI_P070",50
"38385",-12664.786751593,"NRI_P070",100
"38386",-6556.77498159301,"NRI_P070",25
"38387",-8580.02367159302,"NRI_P070",50
"38388",-6149.39377159302,"NRI_P070",100
"38389",-4461.69564159302,"NRI_P070",25
"38390",6604.753288407,"NRI_P070",50
"38391",-4509.43009159301,"NRI_P070",100
"38392",-3919.55407159301,"NRI_P070",25
"38393",-4366.32137159302,"NRI_P070",50
"38394",-12474.552911593,"NRI_P070",100
"38395",-8418.99790159301,"NRI_P070",25
"38396",10248.794578407,"NRI_P070",50
"38397",-10054.958071593,"NRI_P070",100
"38398",1343.92060840697,"NRI_P070",25
"38399",1179.263008407,"NRI_P070",50
"38400",2265.32019840699,"NRI_P070",100
"38401",-7220.386587738,"NRI_P071",25
"38402",-16988.125207738,"NRI_P071",50
"38403",-12718.059707738,"NRI_P071",100
"38404",1480.60298226197,"NRI_P071",25
"38405",-4803.59331773804,"NRI_P071",50
"38406",-11213.291927738,"NRI_P071",100
"38407",-5217.18333773804,"NRI_P071",25
"38408",-5643.10797773802,"NRI_P071",50
"38409",-26308.131457738,"NRI_P071",100
"38410",-15252.856167738,"NRI_P071",25
"38411",-6273.97960773803,"NRI_P071",50
"38412",-17921.084617738,"NRI_P071",100
"38413",-4493.23892773804,"NRI_P071",25
"38414",-5399.05471773801,"NRI_P071",50
"38415",-16654.513247738,"NRI_P071",100
"38416",-12368.177727738,"NRI_P071",25
"38417",-9042.69561773801,"NRI_P071",50
"38418",-25242.168677738,"NRI_P071",100
"38419",-5482.16558773804,"NRI_P071",25
"38420",-10835.112067738,"NRI_P071",50
"38421",-22623.425827738,"NRI_P071",100
"38422",-3318.12362773804,"NRI_P071",25
"38423",-7471.52522773802,"NRI_P071",50
"38424",-22121.518147738,"NRI_P071",100
"38425",-5440.51112773799,"NRI_P071",25
"38426",-15901.447647738,"NRI_P071",50
"38427",-24040.034487738,"NRI_P071",100
"38428",-2847.14019773802,"NRI_P071",25
"38429",4003.42748226196,"NRI_P071",50
"38430",-20035.299537738,"NRI_P071",100
"38431",-1684.30781773804,"NRI_P071",25
"38432",1007.136292262,"NRI_P071",50
"38433",-15824.054177738,"NRI_P071",100
"38434",14462.119502262,"NRI_P071",25
"38435",-4848.01302773802,"NRI_P071",50
"38436",-23786.004537738,"NRI_P071",100
"38437",-8821.70549773803,"NRI_P071",25
"38438",4217.39434226201,"NRI_P071",50
"38439",-15432.118947738,"NRI_P071",100
"38440",-15692.586827738,"NRI_P071",25
"38441",-5867.96225773799,"NRI_P071",50
"38442",-25852.371427738,"NRI_P071",100
"38443",-4792.41073773801,"NRI_P071",25
"38444",-9388.92261773802,"NRI_P071",50
"38445",-16341.239867738,"NRI_P071",100
"38446",-2984.85117773805,"NRI_P071",25
"38447",-13136.382627738,"NRI_P071",50
"38448",-23993.683897738,"NRI_P071",100
"38449",-2262.85099773802,"NRI_P071",25
"38450",-5101.214177738,"NRI_P071",50
"38451",-18056.490147738,"NRI_P071",100
"38452",-5879.48629773804,"NRI_P071",25
"38453",-10346.479527738,"NRI_P071",50
"38454",-19411.112967738,"NRI_P071",100
"38455",6844.608772262,"NRI_P071",25
"38456",-1906.475337738,"NRI_P071",50
"38457",-26220.474217738,"NRI_P071",100
"38458",-2121.77091773803,"NRI_P071",25
"38459",-15632.628667738,"NRI_P071",50
"38460",-13392.536467738,"NRI_P071",100
"38461",-7763.26512773801,"NRI_P071",25
"38462",-4996.10874773801,"NRI_P071",50
"38463",-16779.719187738,"NRI_P071",100
"38464",-4798.88758773805,"NRI_P071",25
"38465",-12527.885677738,"NRI_P071",50
"38466",-17908.582237738,"NRI_P071",100
"38467",-6901.564707738,"NRI_P071",25
"38468",1583.084532262,"NRI_P071",50
"38469",-7488.749677738,"NRI_P071",100
"38470",6537.030402262,"NRI_P071",25
"38471",-7828.41524773801,"NRI_P071",50
"38472",-23248.344197738,"NRI_P071",100
"38473",-6208.69199773803,"NRI_P071",25
"38474",-9620.99764773803,"NRI_P071",50
"38475",-20919.070697738,"NRI_P071",100
"38476",2316.44933226198,"NRI_P071",25
"38477",-15455.721257738,"NRI_P071",50
"38478",-27469.750477738,"NRI_P071",100
"38479",-11819.385617738,"NRI_P071",25
"38480",-14946.630477738,"NRI_P071",50
"38481",-11166.945527738,"NRI_P071",100
"38482",-6119.74809773802,"NRI_P071",25
"38483",-9299.11403773801,"NRI_P071",50
"38484",-22866.206247738,"NRI_P071",100
"38485",-5616.72644773801,"NRI_P071",25
"38486",-6278.32329773804,"NRI_P071",50
"38487",-7503.34444773803,"NRI_P071",100
"38488",-10420.383237738,"NRI_P071",25
"38489",3215.03958226199,"NRI_P071",50
"38490",-16237.188547738,"NRI_P071",100
"38491",2828.71437226195,"NRI_P071",25
"38492",-2098.26124773803,"NRI_P071",50
"38493",-20712.382867738,"NRI_P071",100
"38494",-1430.38334773801,"NRI_P071",25
"38495",-8008.00998773804,"NRI_P071",50
"38496",-7165.91872773803,"NRI_P071",100
"38497",-14417.371697738,"NRI_P071",25
"38498",-21837.770237738,"NRI_P071",50
"38499",-16722.762787738,"NRI_P071",100
"38500",2547.21796226199,"NRI_P071",25
"38501",-17597.532097738,"NRI_P071",50
"38502",-11988.224527738,"NRI_P071",100
"38503",-11712.802857738,"NRI_P071",25
"38504",-15695.729007738,"NRI_P071",50
"38505",-10038.460257738,"NRI_P071",100
"38506",-1544.09245773801,"NRI_P071",25
"38507",-13223.923947738,"NRI_P071",50
"38508",-26760.570687738,"NRI_P071",100
"38509",-1398.43461773801,"NRI_P071",25
"38510",-19025.336607738,"NRI_P071",50
"38511",-19447.095917738,"NRI_P071",100
"38512",-3423.43202773802,"NRI_P071",25
"38513",-20570.423227738,"NRI_P071",50
"38514",-20989.726897738,"NRI_P071",100
"38515",-3212.00429773802,"NRI_P071",25
"38516",-14235.442237738,"NRI_P071",50
"38517",-15859.114417738,"NRI_P071",100
"38518",-3195.39356773801,"NRI_P071",25
"38519",-1186.183867738,"NRI_P071",50
"38520",-6217.846897738,"NRI_P071",100
"38521",-10917.576297738,"NRI_P071",25
"38522",475.163812262006,"NRI_P071",50
"38523",-25866.837667738,"NRI_P071",100
"38524",-6764.873607738,"NRI_P071",25
"38525",-8337.326977738,"NRI_P071",50
"38526",-19628.413057738,"NRI_P071",100
"38527",-3338.37966773805,"NRI_P071",25
"38528",-3034.77289773803,"NRI_P071",50
"38529",-18526.436627738,"NRI_P071",100
"38530",-3996.79840773804,"NRI_P071",25
"38531",-9257.23021773802,"NRI_P071",50
"38532",-24915.549667738,"NRI_P071",100
"38533",-17444.328397738,"NRI_P071",25
"38534",-9691.44201773801,"NRI_P071",50
"38535",-19534.733607738,"NRI_P071",100
"38536",-2238.827297738,"NRI_P071",25
"38537",-10236.933037738,"NRI_P071",50
"38538",-23229.287897738,"NRI_P071",100
"38539",-14599.281407738,"NRI_P071",25
"38540",-8472.82135773799,"NRI_P071",50
"38541",-26583.130067738,"NRI_P071",100
"38542",-4617.72893773799,"NRI_P071",25
"38543",-7568.619677738,"NRI_P071",50
"38544",-22222.998637738,"NRI_P071",100
"38545",-12950.016927738,"NRI_P071",25
"38546",-9698.38948773802,"NRI_P071",50
"38547",-21321.679607738,"NRI_P071",100
"38548",-5473.02673773799,"NRI_P071",25
"38549",-12635.123667738,"NRI_P071",50
"38550",-14872.125547738,"NRI_P071",100
"38551",-11835.253297738,"NRI_P071",25
"38552",-17741.660167738,"NRI_P071",50
"38553",-20101.796947738,"NRI_P071",100
"38554",-8129.36329773802,"NRI_P071",25
"38555",-454.284407738014,"NRI_P071",50
"38556",-20760.222507738,"NRI_P071",100
"38557",-7259.73436773801,"NRI_P071",25
"38558",2588.61924226198,"NRI_P071",50
"38559",-24535.097587738,"NRI_P071",100
"38560",-8803.45782773802,"NRI_P071",25
"38561",-13342.628607738,"NRI_P071",50
"38562",-14260.783837738,"NRI_P071",100
"38563",-3773.24220773805,"NRI_P071",25
"38564",-8132.74046773801,"NRI_P071",50
"38565",-8319.43051773804,"NRI_P071",100
"38566",-6761.43089773803,"NRI_P071",25
"38567",-13231.557157738,"NRI_P071",50
"38568",-24418.400687738,"NRI_P071",100
"38569",-14386.314367738,"NRI_P071",25
"38570",-2012.86076773802,"NRI_P071",50
"38571",-7310.25820773799,"NRI_P071",100
"38572",-1871.78742773802,"NRI_P071",25
"38573",-21422.858267738,"NRI_P071",50
"38574",-16598.211387738,"NRI_P071",100
"38575",-5909.46676773799,"NRI_P071",25
"38576",-732.653547738038,"NRI_P071",50
"38577",-9762.00201773801,"NRI_P071",100
"38578",-10726.051497738,"NRI_P071",25
"38579",-7599.57853773801,"NRI_P071",50
"38580",-16161.825907738,"NRI_P071",100
"38581",-3846.48519773805,"NRI_P071",25
"38582",-5026.00862773805,"NRI_P071",50
"38583",-21889.803027738,"NRI_P071",100
"38584",5352.334402262,"NRI_P071",25
"38585",4742.030502262,"NRI_P071",50
"38586",-22568.733277738,"NRI_P071",100
"38587",-3278.08012773801,"NRI_P071",25
"38588",-14056.562057738,"NRI_P071",50
"38589",-25273.706617738,"NRI_P071",100
"38590",-10111.462677738,"NRI_P071",25
"38591",-5748.68760773801,"NRI_P071",50
"38592",-22618.351987738,"NRI_P071",100
"38593",-13518.257167738,"NRI_P071",25
"38594",-4638.18527773803,"NRI_P071",50
"38595",-19850.613727738,"NRI_P071",100
"38596",-5664.39525773801,"NRI_P071",25
"38597",-7118.23452773801,"NRI_P071",50
"38598",-25276.214037738,"NRI_P071",100
"38599",-11144.434627738,"NRI_P071",25
"38600",-5459.05245773803,"NRI_P071",50
"38601",-22398.228477738,"NRI_P071",100
"38602",-2947.21233773802,"NRI_P071",25
"38603",-4514.53688773804,"NRI_P071",50
"38604",-25875.611737738,"NRI_P071",100
"38605",-5173.288487738,"NRI_P071",25
"38606",-18151.132727738,"NRI_P071",50
"38607",-13796.435907738,"NRI_P071",100
"38608",-4537.72574773803,"NRI_P071",25
"38609",-3616.21017773804,"NRI_P071",50
"38610",-24131.993857738,"NRI_P071",100
"38611",-12019.619477738,"NRI_P071",25
"38612",-15863.017717738,"NRI_P071",50
"38613",-10291.548157738,"NRI_P071",100
"38614",-9092.51494773803,"NRI_P071",25
"38615",-13590.116747738,"NRI_P071",50
"38616",-5777.59219773801,"NRI_P071",100
"38617",-6226.09434773802,"NRI_P071",25
"38618",-15880.243307738,"NRI_P071",50
"38619",-11375.809607738,"NRI_P071",100
"38620",6719.69510226196,"NRI_P071",25
"38621",-14007.401677738,"NRI_P071",50
"38622",-20348.601157738,"NRI_P071",100
"38623",741.250642261992,"NRI_P071",25
"38624",-9606.633177738,"NRI_P071",50
"38625",-27588.633857738,"NRI_P071",100
"38626",-6492.94539773802,"NRI_P071",25
"38627",-5429.25430773804,"NRI_P071",50
"38628",-20709.651237738,"NRI_P071",100
"38629",1517.16717226198,"NRI_P071",25
"38630",-12142.842217738,"NRI_P071",50
"38631",-15372.032827738,"NRI_P071",100
"38632",1451.30061226198,"NRI_P071",25
"38633",-8383.20858773805,"NRI_P071",50
"38634",-19721.258957738,"NRI_P071",100
"38635",-3203.77002773801,"NRI_P071",25
"38636",-7816.66885773803,"NRI_P071",50
"38637",-21231.526387738,"NRI_P071",100
"38638",-14009.448297738,"NRI_P071",25
"38639",-7995.56731773802,"NRI_P071",50
"38640",-24020.821767738,"NRI_P071",100
"38641",800.417422261962,"NRI_P071",25
"38642",6646.85367226199,"NRI_P071",50
"38643",-23334.523877738,"NRI_P071",100
"38644",586.000202261959,"NRI_P071",25
"38645",-16732.390687738,"NRI_P071",50
"38646",-21602.423157738,"NRI_P071",100
"38647",-9410.91511773801,"NRI_P071",25
"38648",6635.554512262,"NRI_P071",50
"38649",-23795.833827738,"NRI_P071",100
"38650",-1354.52997773804,"NRI_P071",25
"38651",-16046.828037738,"NRI_P071",50
"38652",-18401.890437738,"NRI_P071",100
"38653",-786.140617738012,"NRI_P071",25
"38654",-110.59269773803,"NRI_P071",50
"38655",86.0369722619653,"NRI_P071",100
"38656",-5246.13086773804,"NRI_P071",25
"38657",-17521.715837738,"NRI_P071",50
"38658",-21362.681157738,"NRI_P071",100
"38659",-7268.534527738,"NRI_P071",25
"38660",-4382.29280773801,"NRI_P071",50
"38661",-11235.288457738,"NRI_P071",100
"38662",-3099.63573773805,"NRI_P071",25
"38663",-4535.07741773804,"NRI_P071",50
"38664",-27158.465087738,"NRI_P071",100
"38665",-4853.22511773801,"NRI_P071",25
"38666",-586.185477738036,"NRI_P071",50
"38667",-9244.07608773804,"NRI_P071",100
"38668",-12796.805707738,"NRI_P071",25
"38669",-11318.916597738,"NRI_P071",50
"38670",-18085.686387738,"NRI_P071",100
"38671",-4082.40453773801,"NRI_P071",25
"38672",-7698.47840773803,"NRI_P071",50
"38673",-22344.124017738,"NRI_P071",100
"38674",-1750.43559773802,"NRI_P071",25
"38675",-1081.995557738,"NRI_P071",50
"38676",-23654.623797738,"NRI_P071",100
"38677",-11101.627377738,"NRI_P071",25
"38678",-10982.371747738,"NRI_P071",50
"38679",-26684.841657738,"NRI_P071",100
"38680",-4965.41158773802,"NRI_P071",25
"38681",-9580.03603773803,"NRI_P071",50
"38682",-12922.531487738,"NRI_P071",100
"38683",-2671.61700773804,"NRI_P071",25
"38684",-19386.180807738,"NRI_P071",50
"38685",-22694.139937738,"NRI_P071",100
"38686",-3122.60457773804,"NRI_P071",25
"38687",-15253.044957738,"NRI_P071",50
"38688",-8864.97284773801,"NRI_P071",100
"38689",-6635.63209773804,"NRI_P071",25
"38690",63.3359022619552,"NRI_P071",50
"38691",-14566.643687738,"NRI_P071",100
"38692",-8195.50996773801,"NRI_P071",25
"38693",-15987.717237738,"NRI_P071",50
"38694",-23814.204247738,"NRI_P071",100
"38695",3506.991072262,"NRI_P071",25
"38696",-7589.56202773802,"NRI_P071",50
"38697",-27159.739197738,"NRI_P071",100
"38698",-11869.297497738,"NRI_P071",25
"38699",-3464.52149773802,"NRI_P071",50
"38700",-16417.795737738,"NRI_P071",100
"38701",4906.4947017447,"NRI_P072",25
"38702",-741.538082255298,"NRI_P072",50
"38703",-296.064866255299,"NRI_P072",100
"38704",758.1801147447,"NRI_P072",25
"38705",2243.2188417447,"NRI_P072",50
"38706",-4499.3563762553,"NRI_P072",100
"38707",10700.7564027447,"NRI_P072",25
"38708",-992.681243255298,"NRI_P072",50
"38709",2659.0926837447,"NRI_P072",100
"38710",2103.8394937447,"NRI_P072",25
"38711",4154.2016097447,"NRI_P072",50
"38712",1997.4989037447,"NRI_P072",100
"38713",-402.186358255298,"NRI_P072",25
"38714",-2687.0797542553,"NRI_P072",50
"38715",4460.6792037447,"NRI_P072",100
"38716",-2142.3699932553,"NRI_P072",25
"38717",4039.4240297447,"NRI_P072",50
"38718",8341.5922637447,"NRI_P072",100
"38719",4605.5991367447,"NRI_P072",25
"38720",-701.627369255297,"NRI_P072",50
"38721",432.601013744701,"NRI_P072",100
"38722",8562.2589467447,"NRI_P072",25
"38723",7801.6693207447,"NRI_P072",50
"38724",14326.1028737447,"NRI_P072",100
"38725",10135.1976937447,"NRI_P072",25
"38726",2365.3437957447,"NRI_P072",50
"38727",7778.7088737447,"NRI_P072",100
"38728",1319.2731937447,"NRI_P072",25
"38729",4591.4990927447,"NRI_P072",50
"38730",7561.5772737447,"NRI_P072",100
"38731",805.542588744702,"NRI_P072",25
"38732",578.3315057447,"NRI_P072",50
"38733",-1329.8334462553,"NRI_P072",100
"38734",-1745.3891002553,"NRI_P072",25
"38735",-598.0748722553,"NRI_P072",50
"38736",7938.2518037447,"NRI_P072",100
"38737",3761.1754167447,"NRI_P072",25
"38738",2314.7389697447,"NRI_P072",50
"38739",-2763.0914862553,"NRI_P072",100
"38740",-145.095165255298,"NRI_P072",25
"38741",-1301.1930972553,"NRI_P072",50
"38742",227.4060637447,"NRI_P072",100
"38743",545.6552267447,"NRI_P072",25
"38744",-2087.6077322553,"NRI_P072",50
"38745",-2537.9956162553,"NRI_P072",100
"38746",-3197.4604552553,"NRI_P072",25
"38747",3856.85986974471,"NRI_P072",50
"38748",3895.5785037447,"NRI_P072",100
"38749",-1742.5550762553,"NRI_P072",25
"38750",4025.3417627447,"NRI_P072",50
"38751",-415.044066255297,"NRI_P072",100
"38752",-84.0931482552987,"NRI_P072",25
"38753",2125.5101807447,"NRI_P072",50
"38754",-3442.3299662553,"NRI_P072",100
"38755",9325.3403317447,"NRI_P072",25
"38756",5908.8430147447,"NRI_P072",50
"38757",355.225693744702,"NRI_P072",100
"38758",-1266.1407522553,"NRI_P072",25
"38759",-826.574064255299,"NRI_P072",50
"38760",180.412763744702,"NRI_P072",100
"38761",5290.8360367447,"NRI_P072",25
"38762",5539.7103177447,"NRI_P072",50
"38763",-4010.3857862553,"NRI_P072",100
"38764",-2566.3531202553,"NRI_P072",25
"38765",-5179.4681122553,"NRI_P072",50
"38766",-3036.9962662553,"NRI_P072",100
"38767",7986.5595777447,"NRI_P072",25
"38768",-3542.8106652553,"NRI_P072",50
"38769",7986.4733237447,"NRI_P072",100
"38770",-1924.7827422553,"NRI_P072",25
"38771",-561.028558255297,"NRI_P072",50
"38772",5684.0584837447,"NRI_P072",100
"38773",1094.8718667447,"NRI_P072",25
"38774",-2743.8436282553,"NRI_P072",50
"38775",6014.3601837447,"NRI_P072",100
"38776",4259.3955947447,"NRI_P072",25
"38777",2999.2665207447,"NRI_P072",50
"38778",23363.0123937447,"NRI_P072",100
"38779",-1634.1473472553,"NRI_P072",25
"38780",7153.0080517447,"NRI_P072",50
"38781",-3177.4857862553,"NRI_P072",100
"38782",-1136.9437512553,"NRI_P072",25
"38783",4536.0872727447,"NRI_P072",50
"38784",15090.5685237447,"NRI_P072",100
"38785",-1608.4969212553,"NRI_P072",25
"38786",7322.3055557447,"NRI_P072",50
"38787",15952.0987037447,"NRI_P072",100
"38788",-435.107936255299,"NRI_P072",25
"38789",-3876.2735052553,"NRI_P072",50
"38790",1432.2502237447,"NRI_P072",100
"38791",-548.6298382553,"NRI_P072",25
"38792",1738.7717187447,"NRI_P072",50
"38793",1363.1348537447,"NRI_P072",100
"38794",9340.2165787447,"NRI_P072",25
"38795",-1575.5404002553,"NRI_P072",50
"38796",608.982433744703,"NRI_P072",100
"38797",1239.4467227447,"NRI_P072",25
"38798",625.565057744701,"NRI_P072",50
"38799",-5758.6854962553,"NRI_P072",100
"38800",-1722.8018112553,"NRI_P072",25
"38801",1997.1462517447,"NRI_P072",50
"38802",9805.0757537447,"NRI_P072",100
"38803",-408.291486255297,"NRI_P072",25
"38804",-4283.7799402553,"NRI_P072",50
"38805",-1845.7813762553,"NRI_P072",100
"38806",3735.3760577447,"NRI_P072",25
"38807",1870.0263977447,"NRI_P072",50
"38808",6232.3041037447,"NRI_P072",100
"38809",502.4305017447,"NRI_P072",25
"38810",3087.7912727447,"NRI_P072",50
"38811",-4344.6211262553,"NRI_P072",100
"38812",294.024494744703,"NRI_P072",25
"38813",6011.0578407447,"NRI_P072",50
"38814",1649.3307337447,"NRI_P072",100
"38815",1319.8290287447,"NRI_P072",25
"38816",10463.1638167447,"NRI_P072",50
"38817",8448.1278437447,"NRI_P072",100
"38818",-1646.2979812553,"NRI_P072",25
"38819",6304.2035297447,"NRI_P072",50
"38820",449.4409037447,"NRI_P072",100
"38821",3154.8703287447,"NRI_P072",25
"38822",4652.1942197447,"NRI_P072",50
"38823",10753.6087337447,"NRI_P072",100
"38824",2946.4769837447,"NRI_P072",25
"38825",-3317.7194032553,"NRI_P072",50
"38826",11983.1538937447,"NRI_P072",100
"38827",-2044.1034262553,"NRI_P072",25
"38828",-2755.6218842553,"NRI_P072",50
"38829",-3234.6705962553,"NRI_P072",100
"38830",-339.716341255298,"NRI_P072",25
"38831",5606.0773077447,"NRI_P072",50
"38832",-5464.7764362553,"NRI_P072",100
"38833",4936.3681747447,"NRI_P072",25
"38834",-2851.5109112553,"NRI_P072",50
"38835",13719.1915437447,"NRI_P072",100
"38836",4401.7683537447,"NRI_P072",25
"38837",5897.5453987447,"NRI_P072",50
"38838",1544.6570137447,"NRI_P072",100
"38839",4708.3633827447,"NRI_P072",25
"38840",1530.6665267447,"NRI_P072",50
"38841",-2132.5933862553,"NRI_P072",100
"38842",7859.5380467447,"NRI_P072",25
"38843",-1809.4544622553,"NRI_P072",50
"38844",-4225.1053862553,"NRI_P072",100
"38845",-935.420025255298,"NRI_P072",25
"38846",-1766.0374442553,"NRI_P072",50
"38847",2284.4852137447,"NRI_P072",100
"38848",-3202.0399082553,"NRI_P072",25
"38849",3971.8973277447,"NRI_P072",50
"38850",-5864.6314562553,"NRI_P072",100
"38851",-3353.3309632553,"NRI_P072",25
"38852",-2146.9827952553,"NRI_P072",50
"38853",4637.4682337447,"NRI_P072",100
"38854",-1639.4202862553,"NRI_P072",25
"38855",-1206.8191142553,"NRI_P072",50
"38856",-455.5193462553,"NRI_P072",100
"38857",-87.763323255298,"NRI_P072",25
"38858",938.7612057447,"NRI_P072",50
"38859",2872.76977374471,"NRI_P072",100
"38860",-194.181256255299,"NRI_P072",25
"38861",1440.2513767447,"NRI_P072",50
"38862",8225.5829137447,"NRI_P072",100
"38863",-3102.0919882553,"NRI_P072",25
"38864",-3819.9557482553,"NRI_P072",50
"38865",-4145.2313062553,"NRI_P072",100
"38866",-131.061685255299,"NRI_P072",25
"38867",6236.1783407447,"NRI_P072",50
"38868",-504.3682862553,"NRI_P072",100
"38869",-3685.4769052553,"NRI_P072",25
"38870",3319.4102177447,"NRI_P072",50
"38871",4478.2083537447,"NRI_P072",100
"38872",-1945.2658182553,"NRI_P072",25
"38873",1525.2533397447,"NRI_P072",50
"38874",6152.6696537447,"NRI_P072",100
"38875",7736.6797947447,"NRI_P072",25
"38876",-947.801319255297,"NRI_P072",50
"38877",986.440263744702,"NRI_P072",100
"38878",-1685.0029932553,"NRI_P072",25
"38879",3958.4266737447,"NRI_P072",50
"38880",5764.7856737447,"NRI_P072",100
"38881",-1113.6191032553,"NRI_P072",25
"38882",-2452.7818102553,"NRI_P072",50
"38883",11569.5777337447,"NRI_P072",100
"38884",-403.171275255299,"NRI_P072",25
"38885",6813.2844447447,"NRI_P072",50
"38886",543.8575437447,"NRI_P072",100
"38887",5010.3968817447,"NRI_P072",25
"38888",-1401.3641122553,"NRI_P072",50
"38889",7570.5077237447,"NRI_P072",100
"38890",103.132294744701,"NRI_P072",25
"38891",-3919.7165722553,"NRI_P072",50
"38892",7583.5837937447,"NRI_P072",100
"38893",-1403.2465022553,"NRI_P072",25
"38894",2873.9737177447,"NRI_P072",50
"38895",13707.4426737447,"NRI_P072",100
"38896",-2907.5541012553,"NRI_P072",25
"38897",4439.2511757447,"NRI_P072",50
"38898",2544.5743037447,"NRI_P072",100
"38899",-1742.4694382553,"NRI_P072",25
"38900",-66.3095062553002,"NRI_P072",50
"38901",6143.6892337447,"NRI_P072",100
"38902",579.5037367447,"NRI_P072",25
"38903",-2034.1303712553,"NRI_P072",50
"38904",-1183.9211262553,"NRI_P072",100
"38905",-3442.5081662553,"NRI_P072",25
"38906",-2698.7605332553,"NRI_P072",50
"38907",219.731173744702,"NRI_P072",100
"38908",-270.799321255297,"NRI_P072",25
"38909",15197.5200997447,"NRI_P072",50
"38910",1338.3726637447,"NRI_P072",100
"38911",2987.6126417447,"NRI_P072",25
"38912",-1094.0201542553,"NRI_P072",50
"38913",3431.2175637447,"NRI_P072",100
"38914",-961.7838332553,"NRI_P072",25
"38915",1400.9404317447,"NRI_P072",50
"38916",4905.5421937447,"NRI_P072",100
"38917",-314.396153255297,"NRI_P072",25
"38918",4553.2912397447,"NRI_P072",50
"38919",4793.8784737447,"NRI_P072",100
"38920",353.3229747447,"NRI_P072",25
"38921",423.012389744701,"NRI_P072",50
"38922",-295.045886255299,"NRI_P072",100
"38923",-1548.7154262553,"NRI_P072",25
"38924",-3056.8820452553,"NRI_P072",50
"38925",6503.7785137447,"NRI_P072",100
"38926",-774.385110255298,"NRI_P072",25
"38927",1875.0005117447,"NRI_P072",50
"38928",-5644.2747862553,"NRI_P072",100
"38929",-1877.1748062553,"NRI_P072",25
"38930",139.273995744701,"NRI_P072",50
"38931",-3122.5107562553,"NRI_P072",100
"38932",-1455.8098922553,"NRI_P072",25
"38933",4410.0544527447,"NRI_P072",50
"38934",3114.5765337447,"NRI_P072",100
"38935",609.515828744701,"NRI_P072",25
"38936",-1976.4463212553,"NRI_P072",50
"38937",-4082.5102162553,"NRI_P072",100
"38938",-176.369256255297,"NRI_P072",25
"38939",-2390.4271432553,"NRI_P072",50
"38940",11358.2256537447,"NRI_P072",100
"38941",4954.3503837447,"NRI_P072",25
"38942",-1730.4313072553,"NRI_P072",50
"38943",22373.6904937447,"NRI_P072",100
"38944",-159.156816255298,"NRI_P072",25
"38945",-2573.4834042553,"NRI_P072",50
"38946",6132.3565737447,"NRI_P072",100
"38947",4.75106474470158,"NRI_P072",25
"38948",9578.4563417447,"NRI_P072",50
"38949",-3480.3299662553,"NRI_P072",100
"38950",-79.424616255299,"NRI_P072",25
"38951",4361.3431407447,"NRI_P072",50
"38952",15790.6212637447,"NRI_P072",100
"38953",-974.9773072553,"NRI_P072",25
"38954",8115.9728027447,"NRI_P072",50
"38955",485.9834037447,"NRI_P072",100
"38956",-1806.8506142553,"NRI_P072",25
"38957",9232.8614027447,"NRI_P072",50
"38958",-954.825426255298,"NRI_P072",100
"38959",-512.562566255299,"NRI_P072",25
"38960",1182.6923587447,"NRI_P072",50
"38961",-2013.4194162553,"NRI_P072",100
"38962",-486.370123255299,"NRI_P072",25
"38963",-2830.1463202553,"NRI_P072",50
"38964",4471.3780137447,"NRI_P072",100
"38965",-117.441353255297,"NRI_P072",25
"38966",2955.9153047447,"NRI_P072",50
"38967",5212.3317437447,"NRI_P072",100
"38968",5420.5437867447,"NRI_P072",25
"38969",-1806.6026022553,"NRI_P072",50
"38970",2556.8330537447,"NRI_P072",100
"38971",6143.8898067447,"NRI_P072",25
"38972",-347.418079255298,"NRI_P072",50
"38973",18327.7361037447,"NRI_P072",100
"38974",-987.7493262553,"NRI_P072",25
"38975",2030.3513947447,"NRI_P072",50
"38976",3586.0746737447,"NRI_P072",100
"38977",6352.5614767447,"NRI_P072",25
"38978",4852.7476277447,"NRI_P072",50
"38979",11369.7715337447,"NRI_P072",100
"38980",326.826013744703,"NRI_P072",25
"38981",1869.1847697447,"NRI_P072",50
"38982",-774.255336255297,"NRI_P072",100
"38983",-639.223057255298,"NRI_P072",25
"38984",-3011.5840522553,"NRI_P072",50
"38985",14673.1159937447,"NRI_P072",100
"38986",-1576.8217162553,"NRI_P072",25
"38987",1273.2165177447,"NRI_P072",50
"38988",1459.5437937447,"NRI_P072",100
"38989",3603.8279547447,"NRI_P072",25
"38990",-2100.6853142553,"NRI_P072",50
"38991",22225.2073637447,"NRI_P072",100
"38992",543.5914997447,"NRI_P072",25
"38993",-2917.2816872553,"NRI_P072",50
"38994",3965.2949837447,"NRI_P072",100
"38995",-1452.7180602553,"NRI_P072",25
"38996",605.5037907447,"NRI_P072",50
"38997",6429.1918037447,"NRI_P072",100
"38998",-54.2410232552975,"NRI_P072",25
"38999",10123.1912427447,"NRI_P072",50
"39000",511.802333744701,"NRI_P072",100
"39001",-832.154865030985,"NRI_P073",25
"39002",-746.564625030995,"NRI_P073",50
"39003",596.157424969017,"NRI_P073",100
"39004",1684.408764969,"NRI_P073",25
"39005",3364.99307496901,"NRI_P073",50
"39006",-8857.15411503101,"NRI_P073",100
"39007",1639.212194969,"NRI_P073",25
"39008",-856.696795030992,"NRI_P073",50
"39009",5135.70822496901,"NRI_P073",100
"39010",-2738.32990503099,"NRI_P073",25
"39011",-3529.91817503099,"NRI_P073",50
"39012",-1886.373995031,"NRI_P073",100
"39013",-1327.49786503101,"NRI_P073",25
"39014",2913.67431496902,"NRI_P073",50
"39015",-10983.351675031,"NRI_P073",100
"39016",-3383.05224503099,"NRI_P073",25
"39017",1578.32660496901,"NRI_P073",50
"39018",-1002.22005503101,"NRI_P073",100
"39019",-366.934975031007,"NRI_P073",25
"39020",-2367.083545031,"NRI_P073",50
"39021",-5913.23905503101,"NRI_P073",100
"39022",-8511.13137503099,"NRI_P073",25
"39023",-5622.48772503098,"NRI_P073",50
"39024",-3678.18371503099,"NRI_P073",100
"39025",2467.865034969,"NRI_P073",25
"39026",-3685.14790503099,"NRI_P073",50
"39027",355.035284968995,"NRI_P073",100
"39028",2675.52740496901,"NRI_P073",25
"39029",4644.42308496899,"NRI_P073",50
"39030",437.781064968993,"NRI_P073",100
"39031",1563.450754969,"NRI_P073",25
"39032",-8985.72998503101,"NRI_P073",50
"39033",-1285.057735031,"NRI_P073",100
"39034",-1954.639655031,"NRI_P073",25
"39035",9172.19016496901,"NRI_P073",50
"39036",-8831.71254503098,"NRI_P073",100
"39037",842.166054969013,"NRI_P073",25
"39038",9302.65744496899,"NRI_P073",50
"39039",32.713024969009,"NRI_P073",100
"39040",1816.38123496901,"NRI_P073",25
"39041",3849.48887496901,"NRI_P073",50
"39042",-706.816255031008,"NRI_P073",100
"39043",1847.39772496899,"NRI_P073",25
"39044",-8533.42336503099,"NRI_P073",50
"39045",-11213.050615031,"NRI_P073",100
"39046",6761.74470496899,"NRI_P073",25
"39047",-3742.262985031,"NRI_P073",50
"39048",-3607.81517503099,"NRI_P073",100
"39049",-1572.24634503099,"NRI_P073",25
"39050",5734.06456496901,"NRI_P073",50
"39051",-2524.18189503098,"NRI_P073",100
"39052",-3207.140625031,"NRI_P073",25
"39053",-2749.82477503098,"NRI_P073",50
"39054",-11503.039845031,"NRI_P073",100
"39055",-806.545085030986,"NRI_P073",25
"39056",3541.09520496899,"NRI_P073",50
"39057",-5023.59587503099,"NRI_P073",100
"39058",-6432.81117503101,"NRI_P073",25
"39059",-9883.073845031,"NRI_P073",50
"39060",-5001.802295031,"NRI_P073",100
"39061",2016.98163496901,"NRI_P073",25
"39062",3324.05351496901,"NRI_P073",50
"39063",12065.012974969,"NRI_P073",100
"39064",-2208.985255031,"NRI_P073",25
"39065",-1112.22429503099,"NRI_P073",50
"39066",-11073.657035031,"NRI_P073",100
"39067",-6259.73711503099,"NRI_P073",25
"39068",-6884.66305503101,"NRI_P073",50
"39069",-10250.482595031,"NRI_P073",100
"39070",-1238.44067503099,"NRI_P073",25
"39071",1383.58293496902,"NRI_P073",50
"39072",-11715.899885031,"NRI_P073",100
"39073",980.004734968999,"NRI_P073",25
"39074",-5222.62851503098,"NRI_P073",50
"39075",-8603.24154503099,"NRI_P073",100
"39076",1963.71942496899,"NRI_P073",25
"39077",-4286.76980503098,"NRI_P073",50
"39078",-2035.43434503098,"NRI_P073",100
"39079",-2538.474515031,"NRI_P073",25
"39080",11551.943464969,"NRI_P073",50
"39081",-2498.918845031,"NRI_P073",100
"39082",-5510.29122503099,"NRI_P073",25
"39083",-3341.80811503099,"NRI_P073",50
"39084",990.154654968996,"NRI_P073",100
"39085",378.249874969013,"NRI_P073",25
"39086",-7279.09645503099,"NRI_P073",50
"39087",-7501.856945031,"NRI_P073",100
"39088",10029.476174969,"NRI_P073",25
"39089",3740.72625496902,"NRI_P073",50
"39090",-2181.566495031,"NRI_P073",100
"39091",2468.87163496899,"NRI_P073",25
"39092",7928.65352496901,"NRI_P073",50
"39093",-4228.91305503101,"NRI_P073",100
"39094",-2540.62019503099,"NRI_P073",25
"39095",-5445.67741503101,"NRI_P073",50
"39096",-9303.83480503099,"NRI_P073",100
"39097",6454.841704969,"NRI_P073",25
"39098",-5915.87064503098,"NRI_P073",50
"39099",-8893.19318503101,"NRI_P073",100
"39100",1266.859484969,"NRI_P073",25
"39101",1193.856484969,"NRI_P073",50
"39102",-9137.40434503098,"NRI_P073",100
"39103",-6152.73472503098,"NRI_P073",25
"39104",4515.85052496902,"NRI_P073",50
"39105",2323.79138496899,"NRI_P073",100
"39106",71.8696249689965,"NRI_P073",25
"39107",-6112.969645031,"NRI_P073",50
"39108",-7689.19463503099,"NRI_P073",100
"39109",4231.96306496899,"NRI_P073",25
"39110",-1244.03323503101,"NRI_P073",50
"39111",-7587.65389503099,"NRI_P073",100
"39112",-3288.68351503101,"NRI_P073",25
"39113",-3990.840475031,"NRI_P073",50
"39114",-3165.798275031,"NRI_P073",100
"39115",2679.15823496901,"NRI_P073",25
"39116",6918.04194496901,"NRI_P073",50
"39117",-9940.03244503099,"NRI_P073",100
"39118",-7266.58494503101,"NRI_P073",25
"39119",-1642.281595031,"NRI_P073",50
"39120",-12915.437565031,"NRI_P073",100
"39121",-2004.27597503099,"NRI_P073",25
"39122",2413.85037496901,"NRI_P073",50
"39123",-2722.20925503099,"NRI_P073",100
"39124",-290.040155030991,"NRI_P073",25
"39125",-1427.29584503098,"NRI_P073",50
"39126",-9054.060265031,"NRI_P073",100
"39127",-4698.47541503099,"NRI_P073",25
"39128",13.5909349690191,"NRI_P073",50
"39129",-7517.19914503099,"NRI_P073",100
"39130",4322.57968496901,"NRI_P073",25
"39131",-4871.43186503099,"NRI_P073",50
"39132",-5405.59586503101,"NRI_P073",100
"39133",3987.48814496901,"NRI_P073",25
"39134",18026.835094969,"NRI_P073",50
"39135",-6579.78992503099,"NRI_P073",100
"39136",163.468754969013,"NRI_P073",25
"39137",-51.451825030992,"NRI_P073",50
"39138",-12642.482655031,"NRI_P073",100
"39139",-2059.95623503099,"NRI_P073",25
"39140",-2200.43191503099,"NRI_P073",50
"39141",-8547.76409503099,"NRI_P073",100
"39142",-5628.15801503099,"NRI_P073",25
"39143",-7443.14008503099,"NRI_P073",50
"39144",-6167.67074503101,"NRI_P073",100
"39145",144.114164969011,"NRI_P073",25
"39146",-8820.08077503101,"NRI_P073",50
"39147",-2806.244925031,"NRI_P073",100
"39148",4706.32863496902,"NRI_P073",25
"39149",-6430.507435031,"NRI_P073",50
"39150",540.49638496901,"NRI_P073",100
"39151",-441.393615031004,"NRI_P073",25
"39152",3538.258984969,"NRI_P073",50
"39153",2247.52048496902,"NRI_P073",100
"39154",2602.91285496901,"NRI_P073",25
"39155",-1698.118285031,"NRI_P073",50
"39156",1321.042184969,"NRI_P073",100
"39157",2181.23285496901,"NRI_P073",25
"39158",7273.01868496899,"NRI_P073",50
"39159",-3719.539075031,"NRI_P073",100
"39160",3591.18206496901,"NRI_P073",25
"39161",6374.31833496899,"NRI_P073",50
"39162",-3003.295545031,"NRI_P073",100
"39163",7560.462924969,"NRI_P073",25
"39164",-6578.60399503101,"NRI_P073",50
"39165",-3064.060035031,"NRI_P073",100
"39166",735.233494968998,"NRI_P073",25
"39167",1787.678184969,"NRI_P073",50
"39168",-8934.601165031,"NRI_P073",100
"39169",-2058.28069503099,"NRI_P073",25
"39170",-525.403035030991,"NRI_P073",50
"39171",-2901.38690503099,"NRI_P073",100
"39172",2330.158194969,"NRI_P073",25
"39173",6550.42692496901,"NRI_P073",50
"39174",4079.43797496901,"NRI_P073",100
"39175",3730.025274969,"NRI_P073",25
"39176",-7936.690665031,"NRI_P073",50
"39177",-11965.748075031,"NRI_P073",100
"39178",-20.9134250310017,"NRI_P073",25
"39179",1495.07108496901,"NRI_P073",50
"39180",6345.16172496902,"NRI_P073",100
"39181",3678.787154969,"NRI_P073",25
"39182",-9836.05446503099,"NRI_P073",50
"39183",-6530.807665031,"NRI_P073",100
"39184",-2426.37262503098,"NRI_P073",25
"39185",-124.794265031,"NRI_P073",50
"39186",-8861.448745031,"NRI_P073",100
"39187",1466.66600496901,"NRI_P073",25
"39188",-8628.96094503099,"NRI_P073",50
"39189",-1503.18041503101,"NRI_P073",100
"39190",641.935864969011,"NRI_P073",25
"39191",-4789.699055031,"NRI_P073",50
"39192",-12975.057465031,"NRI_P073",100
"39193",2085.80057496901,"NRI_P073",25
"39194",5676.22497496899,"NRI_P073",50
"39195",-7059.58887503098,"NRI_P073",100
"39196",-89.1539350310049,"NRI_P073",25
"39197",381.521974969015,"NRI_P073",50
"39198",-5539.37733503099,"NRI_P073",100
"39199",710.546484969003,"NRI_P073",25
"39200",11162.326634969,"NRI_P073",50
"39201",-8524.940795031,"NRI_P073",100
"39202",-6228.81364503098,"NRI_P073",25
"39203",-43.6730750309944,"NRI_P073",50
"39204",-2584.043225031,"NRI_P073",100
"39205",-6714.35482503098,"NRI_P073",25
"39206",2949.59786496899,"NRI_P073",50
"39207",-3920.43082503098,"NRI_P073",100
"39208",-4943.514965031,"NRI_P073",25
"39209",-13723.580455031,"NRI_P073",50
"39210",-1266.909725031,"NRI_P073",100
"39211",-2590.897505031,"NRI_P073",25
"39212",-8088.67586503099,"NRI_P073",50
"39213",-774.870915031002,"NRI_P073",100
"39214",-684.169605030998,"NRI_P073",25
"39215",-8717.38320503099,"NRI_P073",50
"39216",2244.50780496901,"NRI_P073",100
"39217",3018.05591496901,"NRI_P073",25
"39218",-1992.11619503101,"NRI_P073",50
"39219",-5176.91683503101,"NRI_P073",100
"39220",-903.453785030986,"NRI_P073",25
"39221",-1825.60328503099,"NRI_P073",50
"39222",1183.46026496901,"NRI_P073",100
"39223",-4334.187375031,"NRI_P073",25
"39224",-11262.985635031,"NRI_P073",50
"39225",-6039.120265031,"NRI_P073",100
"39226",-1831.81720503099,"NRI_P073",25
"39227",-1586.23952503101,"NRI_P073",50
"39228",-495.703635031008,"NRI_P073",100
"39229",6239.62536496902,"NRI_P073",25
"39230",-4517.56932503099,"NRI_P073",50
"39231",-7645.88357503098,"NRI_P073",100
"39232",-238.533955030987,"NRI_P073",25
"39233",6102.577944969,"NRI_P073",50
"39234",-8465.729755031,"NRI_P073",100
"39235",1378.629764969,"NRI_P073",25
"39236",-4201.46283503101,"NRI_P073",50
"39237",-12961.783295031,"NRI_P073",100
"39238",2642.616674969,"NRI_P073",25
"39239",-3027.01208503099,"NRI_P073",50
"39240",-6104.15064503098,"NRI_P073",100
"39241",-4267.77934503098,"NRI_P073",25
"39242",-5509.53083503101,"NRI_P073",50
"39243",6439.16904496899,"NRI_P073",100
"39244",-10101.665055031,"NRI_P073",25
"39245",478.602484969015,"NRI_P073",50
"39246",1563.74466496901,"NRI_P073",100
"39247",-1971.459145031,"NRI_P073",25
"39248",-2293.803645031,"NRI_P073",50
"39249",47.9799349690147,"NRI_P073",100
"39250",917.293124969001,"NRI_P073",25
"39251",3742.56190496901,"NRI_P073",50
"39252",-6546.910795031,"NRI_P073",100
"39253",1328.89147496902,"NRI_P073",25
"39254",4600.022114969,"NRI_P073",50
"39255",-4661.56517503099,"NRI_P073",100
"39256",9348.62189496899,"NRI_P073",25
"39257",532.226094968995,"NRI_P073",50
"39258",8566.350434969,"NRI_P073",100
"39259",4367.692934969,"NRI_P073",25
"39260",-5064.24953503101,"NRI_P073",50
"39261",-10966.367815031,"NRI_P073",100
"39262",-2554.839695031,"NRI_P073",25
"39263",-944.004075031,"NRI_P073",50
"39264",-6698.50867503099,"NRI_P073",100
"39265",1185.22164496902,"NRI_P073",25
"39266",-8039.99699503099,"NRI_P073",50
"39267",-8430.414785031,"NRI_P073",100
"39268",-4072.77168503098,"NRI_P073",25
"39269",1320.445414969,"NRI_P073",50
"39270",-1278.62707503099,"NRI_P073",100
"39271",-4537.780845031,"NRI_P073",25
"39272",-3733.546535031,"NRI_P073",50
"39273",1441.17348496901,"NRI_P073",100
"39274",-1562.572545031,"NRI_P073",25
"39275",6807.868344969,"NRI_P073",50
"39276",4316.88770496901,"NRI_P073",100
"39277",3495.95783496901,"NRI_P073",25
"39278",1363.95923496899,"NRI_P073",50
"39279",-1497.33000503099,"NRI_P073",100
"39280",-6348.65330503098,"NRI_P073",25
"39281",6026.61856496902,"NRI_P073",50
"39282",-11621.363575031,"NRI_P073",100
"39283",-1564.527535031,"NRI_P073",25
"39284",-9514.82915503098,"NRI_P073",50
"39285",4981.691844969,"NRI_P073",100
"39286",1057.07358496901,"NRI_P073",25
"39287",894.174174968997,"NRI_P073",50
"39288",-5962.150785031,"NRI_P073",100
"39289",3455.60310496899,"NRI_P073",25
"39290",-1673.90562503098,"NRI_P073",50
"39291",-2148.609315031,"NRI_P073",100
"39292",597.188864969008,"NRI_P073",25
"39293",-5254.17057503099,"NRI_P073",50
"39294",-8638.82362503099,"NRI_P073",100
"39295",1140.69141496901,"NRI_P073",25
"39296",5675.16443496902,"NRI_P073",50
"39297",-1390.57261503101,"NRI_P073",100
"39298",-1431.050785031,"NRI_P073",25
"39299",-2015.169555031,"NRI_P073",50
"39300",2117.122544969,"NRI_P073",100
"39301",-13452.221643385,"NRI_P074",25
"39302",-26007.329973385,"NRI_P074",50
"39303",19670.410786615,"NRI_P074",100
"39304",-7050.50510338502,"NRI_P074",25
"39305",-9841.76430338505,"NRI_P074",50
"39306",-28834.267933385,"NRI_P074",100
"39307",-9468.19234338502,"NRI_P074",25
"39308",-10098.774793385,"NRI_P074",50
"39309",787.065986614965,"NRI_P074",100
"39310",7356.233776615,"NRI_P074",25
"39311",-16472.272433385,"NRI_P074",50
"39312",-14394.167493385,"NRI_P074",100
"39313",-2784.26003338501,"NRI_P074",25
"39314",-10046.604203385,"NRI_P074",50
"39315",-28762.763773385,"NRI_P074",100
"39316",744.658716614998,"NRI_P074",25
"39317",-8220.49609338504,"NRI_P074",50
"39318",-33490.905513385,"NRI_P074",100
"39319",-6010.32425338501,"NRI_P074",25
"39320",-6385.17031338502,"NRI_P074",50
"39321",-17017.885193385,"NRI_P074",100
"39322",-10394.102743385,"NRI_P074",25
"39323",-8386.04344338505,"NRI_P074",50
"39324",-14658.222073385,"NRI_P074",100
"39325",-15754.497733385,"NRI_P074",25
"39326",-13095.869353385,"NRI_P074",50
"39327",-30310.698103385,"NRI_P074",100
"39328",-10103.772893385,"NRI_P074",25
"39329",-13489.395613385,"NRI_P074",50
"39330",6630.80090661498,"NRI_P074",100
"39331",-12757.938603385,"NRI_P074",25
"39332",-11034.261343385,"NRI_P074",50
"39333",1826.62362661498,"NRI_P074",100
"39334",-7497.25102338503,"NRI_P074",25
"39335",-2746.12248338503,"NRI_P074",50
"39336",-31884.779493385,"NRI_P074",100
"39337",596.377446614963,"NRI_P074",25
"39338",35124.938256615,"NRI_P074",50
"39339",-30439.979543385,"NRI_P074",100
"39340",-3332.32787338505,"NRI_P074",25
"39341",-11759.634893385,"NRI_P074",50
"39342",-32924.486053385,"NRI_P074",100
"39343",-2308.04092338501,"NRI_P074",25
"39344",-8293.15688338503,"NRI_P074",50
"39345",-34776.292253385,"NRI_P074",100
"39346",-735.337643384992,"NRI_P074",25
"39347",-12144.004593385,"NRI_P074",50
"39348",-34004.891233385,"NRI_P074",100
"39349",-3719.33932338504,"NRI_P074",25
"39350",-8267.95640338503,"NRI_P074",50
"39351",-24173.586963385,"NRI_P074",100
"39352",-11489.855243385,"NRI_P074",25
"39353",-15798.509183385,"NRI_P074",50
"39354",-26783.550783385,"NRI_P074",100
"39355",-18325.514443385,"NRI_P074",25
"39356",-9433.004673385,"NRI_P074",50
"39357",-18710.362553385,"NRI_P074",100
"39358",6163.362476615,"NRI_P074",25
"39359",-15242.072483385,"NRI_P074",50
"39360",20396.335166615,"NRI_P074",100
"39361",-9608.16274338501,"NRI_P074",25
"39362",-25264.144653385,"NRI_P074",50
"39363",-28781.260543385,"NRI_P074",100
"39364",2279.33480661496,"NRI_P074",25
"39365",-21276.488683385,"NRI_P074",50
"39366",-32810.654253385,"NRI_P074",100
"39367",-10633.121533385,"NRI_P074",25
"39368",-9545.70298338501,"NRI_P074",50
"39369",-33586.350083385,"NRI_P074",100
"39370",-9759.00273338502,"NRI_P074",25
"39371",-10853.402353385,"NRI_P074",50
"39372",-18302.281173385,"NRI_P074",100
"39373",4691.289106615,"NRI_P074",25
"39374",-14962.836173385,"NRI_P074",50
"39375",-15435.579193385,"NRI_P074",100
"39376",2980.00052661495,"NRI_P074",25
"39377",-3165.37246338499,"NRI_P074",50
"39378",-32542.375893385,"NRI_P074",100
"39379",-4899.75627338502,"NRI_P074",25
"39380",-14577.732343385,"NRI_P074",50
"39381",-31178.954153385,"NRI_P074",100
"39382",-8797.34360338503,"NRI_P074",25
"39383",-13833.201923385,"NRI_P074",50
"39384",-27791.853373385,"NRI_P074",100
"39385",-298.221163385024,"NRI_P074",25
"39386",-6667.91232338501,"NRI_P074",50
"39387",-24546.322603385,"NRI_P074",100
"39388",11283.345376615,"NRI_P074",25
"39389",2289.50267661497,"NRI_P074",50
"39390",-14863.611983385,"NRI_P074",100
"39391",-3542.06132338505,"NRI_P074",25
"39392",7572.63659661496,"NRI_P074",50
"39393",-34306.232043385,"NRI_P074",100
"39394",30211.070136615,"NRI_P074",25
"39395",-22343.175173385,"NRI_P074",50
"39396",-23606.015243385,"NRI_P074",100
"39397",-10085.748523385,"NRI_P074",25
"39398",-8826.43297338503,"NRI_P074",50
"39399",-26500.620103385,"NRI_P074",100
"39400",-10332.394283385,"NRI_P074",25
"39401",-6802.08386338502,"NRI_P074",50
"39402",-32796.744503385,"NRI_P074",100
"39403",-3937.11425338499,"NRI_P074",25
"39404",-13603.573333385,"NRI_P074",50
"39405",-35025.044643385,"NRI_P074",100
"39406",-3749.26884338504,"NRI_P074",25
"39407",-10158.545293385,"NRI_P074",50
"39408",-30769.879963385,"NRI_P074",100
"39409",-7552.49466338503,"NRI_P074",25
"39410",-16186.045233385,"NRI_P074",50
"39411",-10952.454013385,"NRI_P074",100
"39412",-9291.18489338504,"NRI_P074",25
"39413",-13325.995523385,"NRI_P074",50
"39414",-9157.80927338504,"NRI_P074",100
"39415",-6989.045593385,"NRI_P074",25
"39416",2777.878276615,"NRI_P074",50
"39417",-20136.467123385,"NRI_P074",100
"39418",-5290.999383385,"NRI_P074",25
"39419",-20026.082393385,"NRI_P074",50
"39420",-18695.296433385,"NRI_P074",100
"39421",-8073.03122338501,"NRI_P074",25
"39422",-13988.992743385,"NRI_P074",50
"39423",-33148.175433385,"NRI_P074",100
"39424",-5757.88386338501,"NRI_P074",25
"39425",834.645476614998,"NRI_P074",50
"39426",-10538.856953385,"NRI_P074",100
"39427",12646.705876615,"NRI_P074",25
"39428",-18997.420113385,"NRI_P074",50
"39429",-35281.360333385,"NRI_P074",100
"39430",-14526.867723385,"NRI_P074",25
"39431",-13589.925613385,"NRI_P074",50
"39432",-30648.235143385,"NRI_P074",100
"39433",-11599.845183385,"NRI_P074",25
"39434",-12184.571453385,"NRI_P074",50
"39435",28481.167506615,"NRI_P074",100
"39436",-7419.613543385,"NRI_P074",25
"39437",-16500.849703385,"NRI_P074",50
"39438",-9860.70166338503,"NRI_P074",100
"39439",-10470.650923385,"NRI_P074",25
"39440",-15954.922433385,"NRI_P074",50
"39441",-34670.831573385,"NRI_P074",100
"39442",-9372.92272338504,"NRI_P074",25
"39443",-20295.359753385,"NRI_P074",50
"39444",-20434.094883385,"NRI_P074",100
"39445",-1309.96383338503,"NRI_P074",25
"39446",-3068.04607338499,"NRI_P074",50
"39447",-25120.183643385,"NRI_P074",100
"39448",-11518.258663385,"NRI_P074",25
"39449",-12353.967283385,"NRI_P074",50
"39450",-35068.179403385,"NRI_P074",100
"39451",-3956.22592338501,"NRI_P074",25
"39452",2397.02194661496,"NRI_P074",50
"39453",-31079.514613385,"NRI_P074",100
"39454",-7999.17162338505,"NRI_P074",25
"39455",-20292.594623385,"NRI_P074",50
"39456",-27558.513713385,"NRI_P074",100
"39457",-10515.530883385,"NRI_P074",25
"39458",-12234.991043385,"NRI_P074",50
"39459",19559.407966615,"NRI_P074",100
"39460",-5281.86272338504,"NRI_P074",25
"39461",3939.22158661496,"NRI_P074",50
"39462",-27814.145113385,"NRI_P074",100
"39463",-9841.54250338505,"NRI_P074",25
"39464",-11620.263933385,"NRI_P074",50
"39465",-25238.340703385,"NRI_P074",100
"39466",-16003.074813385,"NRI_P074",25
"39467",-18048.534623385,"NRI_P074",50
"39468",-31858.313683385,"NRI_P074",100
"39469",-717.974333385006,"NRI_P074",25
"39470",-4515.772583385,"NRI_P074",50
"39471",-33692.827643385,"NRI_P074",100
"39472",-15617.636253385,"NRI_P074",25
"39473",-18404.527003385,"NRI_P074",50
"39474",-31303.354593385,"NRI_P074",100
"39475",-11722.165133385,"NRI_P074",25
"39476",-24766.493503385,"NRI_P074",50
"39477",-27263.242923385,"NRI_P074",100
"39478",-12060.819963385,"NRI_P074",25
"39479",6295.99044661497,"NRI_P074",50
"39480",-20824.418203385,"NRI_P074",100
"39481",-13202.186583385,"NRI_P074",25
"39482",-11342.438503385,"NRI_P074",50
"39483",-35242.988243385,"NRI_P074",100
"39484",8962.35540661495,"NRI_P074",25
"39485",-10239.020203385,"NRI_P074",50
"39486",-19140.301563385,"NRI_P074",100
"39487",873.212066615,"NRI_P074",25
"39488",-2144.28651338501,"NRI_P074",50
"39489",-17113.883083385,"NRI_P074",100
"39490",-16006.302493385,"NRI_P074",25
"39491",-18052.663723385,"NRI_P074",50
"39492",-33791.753753385,"NRI_P074",100
"39493",669.69254661497,"NRI_P074",25
"39494",-15796.968163385,"NRI_P074",50
"39495",-22635.584473385,"NRI_P074",100
"39496",-10920.607163385,"NRI_P074",25
"39497",-6249.693403385,"NRI_P074",50
"39498",-28854.862903385,"NRI_P074",100
"39499",12353.404376615,"NRI_P074",25
"39500",-25817.820333385,"NRI_P074",50
"39501",-27867.178413385,"NRI_P074",100
"39502",-647.418743385002,"NRI_P074",25
"39503",-14096.851393385,"NRI_P074",50
"39504",-17790.767463385,"NRI_P074",100
"39505",-7997.52872338501,"NRI_P074",25
"39506",-9190.54148338502,"NRI_P074",50
"39507",-27265.710033385,"NRI_P074",100
"39508",-3779.71574338502,"NRI_P074",25
"39509",-6376.75057338504,"NRI_P074",50
"39510",-35795.476683385,"NRI_P074",100
"39511",-7431.60732338502,"NRI_P074",25
"39512",-20420.483123385,"NRI_P074",50
"39513",2533.519666615,"NRI_P074",100
"39514",-1358.67078338499,"NRI_P074",25
"39515",20868.474266615,"NRI_P074",50
"39516",-27641.412913385,"NRI_P074",100
"39517",-5107.70237338502,"NRI_P074",25
"39518",-7598.11202338501,"NRI_P074",50
"39519",-8212.28719338501,"NRI_P074",100
"39520",-8732.42522338504,"NRI_P074",25
"39521",31065.395576615,"NRI_P074",50
"39522",-9262.58413338504,"NRI_P074",100
"39523",9234.49191661499,"NRI_P074",25
"39524",-26803.604593385,"NRI_P074",50
"39525",-11308.287063385,"NRI_P074",100
"39526",-15578.670993385,"NRI_P074",25
"39527",-15208.108863385,"NRI_P074",50
"39528",-7645.96241338504,"NRI_P074",100
"39529",-5761.99826338503,"NRI_P074",25
"39530",-16933.145473385,"NRI_P074",50
"39531",-35236.256913385,"NRI_P074",100
"39532",-12541.080033385,"NRI_P074",25
"39533",-19474.802523385,"NRI_P074",50
"39534",-31848.299323385,"NRI_P074",100
"39535",-7716.65260338504,"NRI_P074",25
"39536",-2730.485333385,"NRI_P074",50
"39537",-30750.634403385,"NRI_P074",100
"39538",-11491.263643385,"NRI_P074",25
"39539",-19244.917053385,"NRI_P074",50
"39540",-8573.95944338501,"NRI_P074",100
"39541",-4865.69807338499,"NRI_P074",25
"39542",-4981.07873338502,"NRI_P074",50
"39543",-33454.867843385,"NRI_P074",100
"39544",-5133.809483385,"NRI_P074",25
"39545",-15964.601813385,"NRI_P074",50
"39546",-17193.704893385,"NRI_P074",100
"39547",-3489.72203338501,"NRI_P074",25
"39548",-13022.188073385,"NRI_P074",50
"39549",-23359.670653385,"NRI_P074",100
"39550",-13599.435093385,"NRI_P074",25
"39551",-12737.410733385,"NRI_P074",50
"39552",6606.33104661497,"NRI_P074",100
"39553",-6874.02866338502,"NRI_P074",25
"39554",-12110.440223385,"NRI_P074",50
"39555",-26489.576733385,"NRI_P074",100
"39556",-5913.162903385,"NRI_P074",25
"39557",-15245.409303385,"NRI_P074",50
"39558",-19696.860223385,"NRI_P074",100
"39559",-7604.33100338501,"NRI_P074",25
"39560",-5781.99935338501,"NRI_P074",50
"39561",-28765.768973385,"NRI_P074",100
"39562",4434.48901661497,"NRI_P074",25
"39563",-2484.15440338501,"NRI_P074",50
"39564",-33592.865613385,"NRI_P074",100
"39565",-11358.306513385,"NRI_P074",25
"39566",-13474.957893385,"NRI_P074",50
"39567",-2066.09335338505,"NRI_P074",100
"39568",-6317.83121338504,"NRI_P074",25
"39569",-20737.699783385,"NRI_P074",50
"39570",-22851.474873385,"NRI_P074",100
"39571",-12766.276403385,"NRI_P074",25
"39572",-16333.864213385,"NRI_P074",50
"39573",-12687.729123385,"NRI_P074",100
"39574",13544.392646615,"NRI_P074",25
"39575",-15975.264333385,"NRI_P074",50
"39576",-27303.656233385,"NRI_P074",100
"39577",-654.054653385014,"NRI_P074",25
"39578",-13765.694603385,"NRI_P074",50
"39579",-18428.435483385,"NRI_P074",100
"39580",2772.81377661496,"NRI_P074",25
"39581",-11508.067133385,"NRI_P074",50
"39582",-30895.024453385,"NRI_P074",100
"39583",-1811.69539338502,"NRI_P074",25
"39584",-13695.867923385,"NRI_P074",50
"39585",-22305.334873385,"NRI_P074",100
"39586",-3556.72776338505,"NRI_P074",25
"39587",-13168.039423385,"NRI_P074",50
"39588",-24116.751063385,"NRI_P074",100
"39589",-15796.723043385,"NRI_P074",25
"39590",-8817.19382338499,"NRI_P074",50
"39591",-21463.471193385,"NRI_P074",100
"39592",-12931.956833385,"NRI_P074",25
"39593",-8425.52780338505,"NRI_P074",50
"39594",-28727.932393385,"NRI_P074",100
"39595",-4047.22565338505,"NRI_P074",25
"39596",-25272.171143385,"NRI_P074",50
"39597",-34425.050113385,"NRI_P074",100
"39598",-6874.71749338502,"NRI_P074",25
"39599",9581.66224661499,"NRI_P074",50
"39600",-13584.586873385,"NRI_P074",100
"39601",-1802.23574694397,"NRI_P075",25
"39602",-18540.163876944,"NRI_P075",50
"39603",-3238.377926944,"NRI_P075",100
"39604",5747.325893056,"NRI_P075",25
"39605",-627.155646944011,"NRI_P075",50
"39606",-17337.931946944,"NRI_P075",100
"39607",-8779.28224694403,"NRI_P075",25
"39608",-677.875606944028,"NRI_P075",50
"39609",-34832.153516944,"NRI_P075",100
"39610",8330.97944305599,"NRI_P075",25
"39611",3150.731823056,"NRI_P075",50
"39612",-28623.266436944,"NRI_P075",100
"39613",-9410.83226694399,"NRI_P075",25
"39614",5452.95924305602,"NRI_P075",50
"39615",-13189.627916944,"NRI_P075",100
"39616",-15752.454726944,"NRI_P075",25
"39617",6386.33509305603,"NRI_P075",50
"39618",-5824.159696944,"NRI_P075",100
"39619",-7829.83959694399,"NRI_P075",25
"39620",-20697.330856944,"NRI_P075",50
"39621",-25823.263636944,"NRI_P075",100
"39622",-10142.208186944,"NRI_P075",25
"39623",-5409.45961694402,"NRI_P075",50
"39624",-37634.268146944,"NRI_P075",100
"39625",-2617.21630694403,"NRI_P075",25
"39626",-6337.146166944,"NRI_P075",50
"39627",-30827.374086944,"NRI_P075",100
"39628",-14579.600136944,"NRI_P075",25
"39629",-16193.622826944,"NRI_P075",50
"39630",-30390.646406944,"NRI_P075",100
"39631",-2407.56265694398,"NRI_P075",25
"39632",-9336.46400694398,"NRI_P075",50
"39633",-31739.231036944,"NRI_P075",100
"39634",544.524543055973,"NRI_P075",25
"39635",1398.13670305599,"NRI_P075",50
"39636",-16475.625586944,"NRI_P075",100
"39637",-11365.173396944,"NRI_P075",25
"39638",-17474.221526944,"NRI_P075",50
"39639",-8535.32481694402,"NRI_P075",100
"39640",-12734.777846944,"NRI_P075",25
"39641",-3553.00522694399,"NRI_P075",50
"39642",-22472.641896944,"NRI_P075",100
"39643",-7156.41976694402,"NRI_P075",25
"39644",2815.25634305598,"NRI_P075",50
"39645",-32401.803366944,"NRI_P075",100
"39646",-5064.433026944,"NRI_P075",25
"39647",-6037.09381694399,"NRI_P075",50
"39648",-32616.129936944,"NRI_P075",100
"39649",-10070.753046944,"NRI_P075",25
"39650",-29376.564966944,"NRI_P075",50
"39651",-32509.021926944,"NRI_P075",100
"39652",-7422.75722694403,"NRI_P075",25
"39653",-10170.968886944,"NRI_P075",50
"39654",2878.11248305597,"NRI_P075",100
"39655",-9418.60761694401,"NRI_P075",25
"39656",-19820.486906944,"NRI_P075",50
"39657",-30927.324886944,"NRI_P075",100
"39658",-2875.26209694397,"NRI_P075",25
"39659",-23915.898796944,"NRI_P075",50
"39660",-8500.43743694399,"NRI_P075",100
"39661",-4330.90879694402,"NRI_P075",25
"39662",-14174.401956944,"NRI_P075",50
"39663",-37383.875926944,"NRI_P075",100
"39664",-8228.16558694403,"NRI_P075",25
"39665",-20085.021656944,"NRI_P075",50
"39666",-29378.070976944,"NRI_P075",100
"39667",-9960.963206944,"NRI_P075",25
"39668",-7589.302996944,"NRI_P075",50
"39669",-17127.338666944,"NRI_P075",100
"39670",-1233.65154694399,"NRI_P075",25
"39671",-18482.569346944,"NRI_P075",50
"39672",-15862.694266944,"NRI_P075",100
"39673",4601.79378305603,"NRI_P075",25
"39674",-16525.109806944,"NRI_P075",50
"39675",-21747.918836944,"NRI_P075",100
"39676",-5896.80902694399,"NRI_P075",25
"39677",-4975.01491694403,"NRI_P075",50
"39678",-32220.959536944,"NRI_P075",100
"39679",-7044.34257694398,"NRI_P075",25
"39680",-15362.936476944,"NRI_P075",50
"39681",-14912.034596944,"NRI_P075",100
"39682",-4771.77604694403,"NRI_P075",25
"39683",-14485.475226944,"NRI_P075",50
"39684",-17339.749296944,"NRI_P075",100
"39685",-10848.679036944,"NRI_P075",25
"39686",-6803.64041694399,"NRI_P075",50
"39687",-33476.499626944,"NRI_P075",100
"39688",-5355.70605694398,"NRI_P075",25
"39689",-21149.107116944,"NRI_P075",50
"39690",-33180.402876944,"NRI_P075",100
"39691",-5916.046766944,"NRI_P075",25
"39692",-28889.734436944,"NRI_P075",50
"39693",-4073.42390694399,"NRI_P075",100
"39694",5494.35438305599,"NRI_P075",25
"39695",-3775.38644694397,"NRI_P075",50
"39696",-23842.025626944,"NRI_P075",100
"39697",-4665.72390694398,"NRI_P075",25
"39698",1015.181913056,"NRI_P075",50
"39699",-24298.330356944,"NRI_P075",100
"39700",-8300.78399694402,"NRI_P075",25
"39701",-5412.34127694397,"NRI_P075",50
"39702",-22487.050016944,"NRI_P075",100
"39703",-12283.858636944,"NRI_P075",25
"39704",-21665.498216944,"NRI_P075",50
"39705",-27494.085076944,"NRI_P075",100
"39706",-4857.98305694398,"NRI_P075",25
"39707",-12039.035506944,"NRI_P075",50
"39708",-24919.000286944,"NRI_P075",100
"39709",-7486.250106944,"NRI_P075",25
"39710",7218.39572305599,"NRI_P075",50
"39711",-4318.34689694399,"NRI_P075",100
"39712",3045.13780305599,"NRI_P075",25
"39713",-2684.86667694402,"NRI_P075",50
"39714",-36986.906346944,"NRI_P075",100
"39715",-8736.35796694399,"NRI_P075",25
"39716",-4121.38118694403,"NRI_P075",50
"39717",-29532.719686944,"NRI_P075",100
"39718",-23521.076566944,"NRI_P075",25
"39719",-17661.883926944,"NRI_P075",50
"39720",-18054.529376944,"NRI_P075",100
"39721",-1885.56035694398,"NRI_P075",25
"39722",-19772.955236944,"NRI_P075",50
"39723",-1876.86596694402,"NRI_P075",100
"39724",-17707.727386944,"NRI_P075",25
"39725",-1498.99289694399,"NRI_P075",50
"39726",-10184.238726944,"NRI_P075",100
"39727",-8837.96005694399,"NRI_P075",25
"39728",-6626.62150694401,"NRI_P075",50
"39729",-35690.142276944,"NRI_P075",100
"39730",15859.337493056,"NRI_P075",25
"39731",-7360.30878694402,"NRI_P075",50
"39732",-33204.658296944,"NRI_P075",100
"39733",1648.47138305602,"NRI_P075",25
"39734",-20205.099676944,"NRI_P075",50
"39735",-27282.768886944,"NRI_P075",100
"39736",2923.27546305599,"NRI_P075",25
"39737",-6466.26621694403,"NRI_P075",50
"39738",-14205.881406944,"NRI_P075",100
"39739",-11883.735346944,"NRI_P075",25
"39740",-12075.378456944,"NRI_P075",50
"39741",-19771.127856944,"NRI_P075",100
"39742",-1799.96315694402,"NRI_P075",25
"39743",-14139.388816944,"NRI_P075",50
"39744",-34383.278496944,"NRI_P075",100
"39745",-1189.84487694403,"NRI_P075",25
"39746",-21457.183096944,"NRI_P075",50
"39747",-33328.547566944,"NRI_P075",100
"39748",7343.576543056,"NRI_P075",25
"39749",-29717.039706944,"NRI_P075",50
"39750",-14531.880446944,"NRI_P075",100
"39751",-12575.407956944,"NRI_P075",25
"39752",-13057.312266944,"NRI_P075",50
"39753",-25025.286016944,"NRI_P075",100
"39754",-5840.899216944,"NRI_P075",25
"39755",-10075.754556944,"NRI_P075",50
"39756",-29872.648266944,"NRI_P075",100
"39757",-3549.813936944,"NRI_P075",25
"39758",-11216.319806944,"NRI_P075",50
"39759",-17251.909366944,"NRI_P075",100
"39760",-6061.18305694399,"NRI_P075",25
"39761",-11937.936656944,"NRI_P075",50
"39762",-22124.034036944,"NRI_P075",100
"39763",-11777.521956944,"NRI_P075",25
"39764",-3520.64469694399,"NRI_P075",50
"39765",-23468.266156944,"NRI_P075",100
"39766",-12055.473046944,"NRI_P075",25
"39767",-10172.002766944,"NRI_P075",50
"39768",-28715.695736944,"NRI_P075",100
"39769",-3069.47355694399,"NRI_P075",25
"39770",-7402.72464694403,"NRI_P075",50
"39771",-20254.377256944,"NRI_P075",100
"39772",-7619.17751694401,"NRI_P075",25
"39773",-3748.43947694398,"NRI_P075",50
"39774",-21134.835156944,"NRI_P075",100
"39775",-3569.65043694398,"NRI_P075",25
"39776",-23949.635896944,"NRI_P075",50
"39777",-29248.519246944,"NRI_P075",100
"39778",-17808.604416944,"NRI_P075",25
"39779",-14716.517156944,"NRI_P075",50
"39780",-24245.682386944,"NRI_P075",100
"39781",-13041.057776944,"NRI_P075",25
"39782",-11125.690366944,"NRI_P075",50
"39783",-16096.662046944,"NRI_P075",100
"39784",-5156.40634694399,"NRI_P075",25
"39785",-5172.79878694401,"NRI_P075",50
"39786",-27061.040636944,"NRI_P075",100
"39787",-14178.889856944,"NRI_P075",25
"39788",-15530.359006944,"NRI_P075",50
"39789",-23901.264156944,"NRI_P075",100
"39790",-6913.94303694402,"NRI_P075",25
"39791",-2779.594406944,"NRI_P075",50
"39792",-25637.113656944,"NRI_P075",100
"39793",-11771.688326944,"NRI_P075",25
"39794",640.986943055992,"NRI_P075",50
"39795",-30473.352456944,"NRI_P075",100
"39796",6131.23875305598,"NRI_P075",25
"39797",-11631.669196944,"NRI_P075",50
"39798",-32787.680336944,"NRI_P075",100
"39799",-13121.416696944,"NRI_P075",25
"39800",15276.113333056,"NRI_P075",50
"39801",-27467.747736944,"NRI_P075",100
"39802",-6946.25785694399,"NRI_P075",25
"39803",-12554.137196944,"NRI_P075",50
"39804",-33176.133516944,"NRI_P075",100
"39805",-4222.560756944,"NRI_P075",25
"39806",-15534.884376944,"NRI_P075",50
"39807",-17327.834656944,"NRI_P075",100
"39808",-14586.089566944,"NRI_P075",25
"39809",3504.03579305601,"NRI_P075",50
"39810",-30930.308256944,"NRI_P075",100
"39811",-10904.941726944,"NRI_P075",25
"39812",-14679.987856944,"NRI_P075",50
"39813",-21287.567976944,"NRI_P075",100
"39814",3489.48760305601,"NRI_P075",25
"39815",13699.493323056,"NRI_P075",50
"39816",-21701.601336944,"NRI_P075",100
"39817",-14005.440556944,"NRI_P075",25
"39818",-33049.062106944,"NRI_P075",50
"39819",-18087.965346944,"NRI_P075",100
"39820",3929.92367305601,"NRI_P075",25
"39821",-18869.480756944,"NRI_P075",50
"39822",-22415.764296944,"NRI_P075",100
"39823",-4649.73315694398,"NRI_P075",25
"39824",5635.40368305601,"NRI_P075",50
"39825",-21709.232236944,"NRI_P075",100
"39826",-2666.03191694402,"NRI_P075",25
"39827",3015.58432305598,"NRI_P075",50
"39828",-7868.356606944,"NRI_P075",100
"39829",-7582.60454694403,"NRI_P075",25
"39830",-17242.940956944,"NRI_P075",50
"39831",-14375.335346944,"NRI_P075",100
"39832",-14545.838456944,"NRI_P075",25
"39833",-29317.652286944,"NRI_P075",50
"39834",-25750.838956944,"NRI_P075",100
"39835",-357.32335694402,"NRI_P075",25
"39836",-12749.597286944,"NRI_P075",50
"39837",-29968.663806944,"NRI_P075",100
"39838",-14836.825326944,"NRI_P075",25
"39839",-16476.487706944,"NRI_P075",50
"39840",-20730.426646944,"NRI_P075",100
"39841",-10436.612246944,"NRI_P075",25
"39842",-12868.428586944,"NRI_P075",50
"39843",-21676.208916944,"NRI_P075",100
"39844",-5356.99005694402,"NRI_P075",25
"39845",-25666.336446944,"NRI_P075",50
"39846",-30010.215226944,"NRI_P075",100
"39847",101.410593056004,"NRI_P075",25
"39848",-13811.095796944,"NRI_P075",50
"39849",-26842.048196944,"NRI_P075",100
"39850",-13160.831066944,"NRI_P075",25
"39851",-9240.39929694397,"NRI_P075",50
"39852",-8662.38426694402,"NRI_P075",100
"39853",-8403.88005694398,"NRI_P075",25
"39854",4017.31345305598,"NRI_P075",50
"39855",-35256.901346944,"NRI_P075",100
"39856",-6456.23255694401,"NRI_P075",25
"39857",-5347.890746944,"NRI_P075",50
"39858",-14468.333046944,"NRI_P075",100
"39859",-10901.198236944,"NRI_P075",25
"39860",-14599.283186944,"NRI_P075",50
"39861",-11030.532626944,"NRI_P075",100
"39862",12802.155693056,"NRI_P075",25
"39863",-4732.211716944,"NRI_P075",50
"39864",-20994.871596944,"NRI_P075",100
"39865",-147.070856944018,"NRI_P075",25
"39866",-15156.090576944,"NRI_P075",50
"39867",-30138.400346944,"NRI_P075",100
"39868",10761.473743056,"NRI_P075",25
"39869",-23036.467326944,"NRI_P075",50
"39870",-30214.029686944,"NRI_P075",100
"39871",-3378.97963694402,"NRI_P075",25
"39872",-18289.868716944,"NRI_P075",50
"39873",-19826.839546944,"NRI_P075",100
"39874",-230.505606943974,"NRI_P075",25
"39875",-1272.52520694397,"NRI_P075",50
"39876",-20583.696906944,"NRI_P075",100
"39877",-2723.676406944,"NRI_P075",25
"39878",-13633.013486944,"NRI_P075",50
"39879",-17422.790266944,"NRI_P075",100
"39880",-22742.794856944,"NRI_P075",25
"39881",-11533.515636944,"NRI_P075",50
"39882",-40233.826356944,"NRI_P075",100
"39883",-1434.52350694401,"NRI_P075",25
"39884",-14677.209096944,"NRI_P075",50
"39885",-19028.031366944,"NRI_P075",100
"39886",-210.534316944017,"NRI_P075",25
"39887",-11853.482546944,"NRI_P075",50
"39888",-36741.620236944,"NRI_P075",100
"39889",-12167.306226944,"NRI_P075",25
"39890",-19128.004336944,"NRI_P075",50
"39891",-27549.935546944,"NRI_P075",100
"39892",-3401.64887694397,"NRI_P075",25
"39893",2001.63074305601,"NRI_P075",50
"39894",-34335.745416944,"NRI_P075",100
"39895",-12312.967606944,"NRI_P075",25
"39896",-6552.91344694397,"NRI_P075",50
"39897",-26393.824466944,"NRI_P075",100
"39898",1612.03558305599,"NRI_P075",25
"39899",-22896.297086944,"NRI_P075",50
"39900",-28729.927226944,"NRI_P075",100
"39901",1361.14370803401,"NRI_P076",25
"39902",-9859.28865196597,"NRI_P076",50
"39903",-2850.37516196602,"NRI_P076",100
"39904",3808.03669803403,"NRI_P076",25
"39905",-7215.34555196599,"NRI_P076",50
"39906",3962.511268034,"NRI_P076",100
"39907",-2397.01950196602,"NRI_P076",25
"39908",11113.070208034,"NRI_P076",50
"39909",1276.344278034,"NRI_P076",100
"39910",-7860.50493196602,"NRI_P076",25
"39911",-11468.692011966,"NRI_P076",50
"39912",-12970.676281966,"NRI_P076",100
"39913",-6832.05279196601,"NRI_P076",25
"39914",-2837.81344196602,"NRI_P076",50
"39915",3196.81064803404,"NRI_P076",100
"39916",8840.97460803401,"NRI_P076",25
"39917",-642.102621965983,"NRI_P076",50
"39918",25298.165898034,"NRI_P076",100
"39919",-7135.54591196601,"NRI_P076",25
"39920",1920.84432803403,"NRI_P076",50
"39921",-4330.97043196601,"NRI_P076",100
"39922",4628.71967803402,"NRI_P076",25
"39923",-10931.683401966,"NRI_P076",50
"39924",1635.60801803402,"NRI_P076",100
"39925",-7592.12219196599,"NRI_P076",25
"39926",-13485.798571966,"NRI_P076",50
"39927",4597.44745803403,"NRI_P076",100
"39928",13401.095738034,"NRI_P076",25
"39929",-3311.402051966,"NRI_P076",50
"39930",-14119.731141966,"NRI_P076",100
"39931",608.910768033995,"NRI_P076",25
"39932",22614.565998034,"NRI_P076",50
"39933",-113.776641966018,"NRI_P076",100
"39934",-12048.853221966,"NRI_P076",25
"39935",3490.438518034,"NRI_P076",50
"39936",-2451.25284196599,"NRI_P076",100
"39937",-7995.32449196599,"NRI_P076",25
"39938",-8114.183691966,"NRI_P076",50
"39939",-4966.38890196598,"NRI_P076",100
"39940",-4495.89856196597,"NRI_P076",25
"39941",-6682.31834196602,"NRI_P076",50
"39942",-5110.329461966,"NRI_P076",100
"39943",-299.814251966018,"NRI_P076",25
"39944",2989.31016803399,"NRI_P076",50
"39945",21096.380738034,"NRI_P076",100
"39946",-11715.265611966,"NRI_P076",25
"39947",-6796.03751196602,"NRI_P076",50
"39948",-7049.43828196597,"NRI_P076",100
"39949",2972.171738034,"NRI_P076",25
"39950",-4977.69312196597,"NRI_P076",50
"39951",-1827.91431196599,"NRI_P076",100
"39952",-3652.832481966,"NRI_P076",25
"39953",7435.33435803402,"NRI_P076",50
"39954",-11080.702421966,"NRI_P076",100
"39955",-5872.70119196601,"NRI_P076",25
"39956",-8208.813691966,"NRI_P076",50
"39957",-9183.55210196599,"NRI_P076",100
"39958",-7899.93490196601,"NRI_P076",25
"39959",4996.82552803401,"NRI_P076",50
"39960",-17500.399061966,"NRI_P076",100
"39961",3933.75507803401,"NRI_P076",25
"39962",-592.862091965973,"NRI_P076",50
"39963",-12367.230191966,"NRI_P076",100
"39964",-5004.779291966,"NRI_P076",25
"39965",-10761.584451966,"NRI_P076",50
"39966",9259.80008803401,"NRI_P076",100
"39967",6440.90283803403,"NRI_P076",25
"39968",-7472.56597196602,"NRI_P076",50
"39969",-15505.715541966,"NRI_P076",100
"39970",-53.1646719659911,"NRI_P076",25
"39971",-690.999101965979,"NRI_P076",50
"39972",-1679.49057196599,"NRI_P076",100
"39973",-8106.25730196602,"NRI_P076",25
"39974",-3378.069561966,"NRI_P076",50
"39975",-4193.506671966,"NRI_P076",100
"39976",3084.76033803402,"NRI_P076",25
"39977",-12023.819991966,"NRI_P076",50
"39978",-11961.507981966,"NRI_P076",100
"39979",-7902.03213196597,"NRI_P076",25
"39980",-5690.794671966,"NRI_P076",50
"39981",1689.916028034,"NRI_P076",100
"39982",-258.704261965991,"NRI_P076",25
"39983",4399.27297803399,"NRI_P076",50
"39984",-3821.69892196602,"NRI_P076",100
"39985",261.368488034001,"NRI_P076",25
"39986",7300.40209803398,"NRI_P076",50
"39987",-1942.43016196601,"NRI_P076",100
"39988",1105.72753803403,"NRI_P076",25
"39989",-4636.362591966,"NRI_P076",50
"39990",-11750.064631966,"NRI_P076",100
"39991",-3839.621841966,"NRI_P076",25
"39992",-678.937931965978,"NRI_P076",50
"39993",-2796.20181196602,"NRI_P076",100
"39994",-147.149991965969,"NRI_P076",25
"39995",-9434.361001966,"NRI_P076",50
"39996",-1315.82944196597,"NRI_P076",100
"39997",3796.64326803398,"NRI_P076",25
"39998",4453.05192803399,"NRI_P076",50
"39999",-3452.04810196598,"NRI_P076",100
"40000",-5208.74542196601,"NRI_P076",25
"40001",10798.725508034,"NRI_P076",50
"40002",3721.57974803401,"NRI_P076",100
"40003",-3690.53963196598,"NRI_P076",25
"40004",10234.338348034,"NRI_P076",50
"40005",-12841.915641966,"NRI_P076",100
"40006",2665.05988803401,"NRI_P076",25
"40007",-794.188471966016,"NRI_P076",50
"40008",-10961.285631966,"NRI_P076",100
"40009",-5291.80663196597,"NRI_P076",25
"40010",3510.901848034,"NRI_P076",50
"40011",-4184.35703196598,"NRI_P076",100
"40012",-2758.17646196601,"NRI_P076",25
"40013",-4781.742231966,"NRI_P076",50
"40014",-9684.57207196602,"NRI_P076",100
"40015",12808.446558034,"NRI_P076",25
"40016",-2472.35004196601,"NRI_P076",50
"40017",-16941.024921966,"NRI_P076",100
"40018",6600.43929803401,"NRI_P076",25
"40019",-10421.561381966,"NRI_P076",50
"40020",-89.1235219659866,"NRI_P076",100
"40021",4417.11489803402,"NRI_P076",25
"40022",1124.52586803399,"NRI_P076",50
"40023",7735.870238034,"NRI_P076",100
"40024",374.243338034023,"NRI_P076",25
"40025",-5830.710981966,"NRI_P076",50
"40026",-17162.286851966,"NRI_P076",100
"40027",-3914.59937196597,"NRI_P076",25
"40028",-1070.95874196599,"NRI_P076",50
"40029",-15945.335331966,"NRI_P076",100
"40030",-1106.03560196597,"NRI_P076",25
"40031",14512.774978034,"NRI_P076",50
"40032",8744.00205803401,"NRI_P076",100
"40033",-546.133801965974,"NRI_P076",25
"40034",-4562.85819196602,"NRI_P076",50
"40035",7011.50225803402,"NRI_P076",100
"40036",988.395608033985,"NRI_P076",25
"40037",-3723.539711966,"NRI_P076",50
"40038",1537.866928034,"NRI_P076",100
"40039",3300.57582803402,"NRI_P076",25
"40040",577.358338034013,"NRI_P076",50
"40041",-9442.79705196602,"NRI_P076",100
"40042",-1796.43185196602,"NRI_P076",25
"40043",-77.8931519659818,"NRI_P076",50
"40044",8345.030678034,"NRI_P076",100
"40045",-4666.05164196598,"NRI_P076",25
"40046",-7300.06530196598,"NRI_P076",50
"40047",5138.191858034,"NRI_P076",100
"40048",-6972.45153196598,"NRI_P076",25
"40049",16691.600288034,"NRI_P076",50
"40050",-4614.875441966,"NRI_P076",100
"40051",3775.64119803399,"NRI_P076",25
"40052",12173.705548034,"NRI_P076",50
"40053",3779.78465803398,"NRI_P076",100
"40054",-658.927211966016,"NRI_P076",25
"40055",9449.14849803399,"NRI_P076",50
"40056",-17270.377951966,"NRI_P076",100
"40057",-7435.31899196596,"NRI_P076",25
"40058",7718.10186803399,"NRI_P076",50
"40059",-7241.73362196598,"NRI_P076",100
"40060",3550.49911803403,"NRI_P076",25
"40061",-7789.644851966,"NRI_P076",50
"40062",-1085.946541966,"NRI_P076",100
"40063",2599.97376803402,"NRI_P076",25
"40064",-15738.248951966,"NRI_P076",50
"40065",29022.725198034,"NRI_P076",100
"40066",9611.93801803398,"NRI_P076",25
"40067",-7516.46745196602,"NRI_P076",50
"40068",-4465.264981966,"NRI_P076",100
"40069",-2106.20395196602,"NRI_P076",25
"40070",-1632.23202196602,"NRI_P076",50
"40071",-8340.95715196599,"NRI_P076",100
"40072",1086.13570803398,"NRI_P076",25
"40073",2804.96552803402,"NRI_P076",50
"40074",-12219.662521966,"NRI_P076",100
"40075",2689.76936803403,"NRI_P076",25
"40076",10611.116248034,"NRI_P076",50
"40077",-610.376531965972,"NRI_P076",100
"40078",-1016.560671966,"NRI_P076",25
"40079",-4710.29258196597,"NRI_P076",50
"40080",-1101.79582196602,"NRI_P076",100
"40081",-1384.08042196598,"NRI_P076",25
"40082",-6277.28576196602,"NRI_P076",50
"40083",-4707.209621966,"NRI_P076",100
"40084",-27.4219919659663,"NRI_P076",25
"40085",4550.645228034,"NRI_P076",50
"40086",-12577.233791966,"NRI_P076",100
"40087",3430.54149803403,"NRI_P076",25
"40088",-8765.78679196601,"NRI_P076",50
"40089",-6970.99727196601,"NRI_P076",100
"40090",3175.211588034,"NRI_P076",25
"40091",9391.44647803402,"NRI_P076",50
"40092",1895.56090803404,"NRI_P076",100
"40093",1222.94745803403,"NRI_P076",25
"40094",3880.77537803398,"NRI_P076",50
"40095",-10970.328381966,"NRI_P076",100
"40096",-3754.57708196598,"NRI_P076",25
"40097",-8975.77484196599,"NRI_P076",50
"40098",-5980.70835196599,"NRI_P076",100
"40099",7517.25731803401,"NRI_P076",25
"40100",-9608.75077196601,"NRI_P076",50
"40101",-1914.94743196596,"NRI_P076",100
"40102",-3945.73739196599,"NRI_P076",25
"40103",10106.786538034,"NRI_P076",50
"40104",-12867.881111966,"NRI_P076",100
"40105",958.906338034023,"NRI_P076",25
"40106",-2675.50219196599,"NRI_P076",50
"40107",2319.22554803401,"NRI_P076",100
"40108",7858.82272803399,"NRI_P076",25
"40109",-3615.381611966,"NRI_P076",50
"40110",-1825.93404196599,"NRI_P076",100
"40111",-7249.18458196596,"NRI_P076",25
"40112",-5998.24014196597,"NRI_P076",50
"40113",22283.929518034,"NRI_P076",100
"40114",-795.735301965964,"NRI_P076",25
"40115",-618.477961966011,"NRI_P076",50
"40116",-4153.55488196597,"NRI_P076",100
"40117",-1908.35408196598,"NRI_P076",25
"40118",-6670.97301196598,"NRI_P076",50
"40119",13518.346828034,"NRI_P076",100
"40120",1834.42431803403,"NRI_P076",25
"40121",-4656.223511966,"NRI_P076",50
"40122",3081.477748034,"NRI_P076",100
"40123",782.916058033996,"NRI_P076",25
"40124",-4571.10985196597,"NRI_P076",50
"40125",-9977.03651196597,"NRI_P076",100
"40126",-9105.46031196602,"NRI_P076",25
"40127",5801.92950803402,"NRI_P076",50
"40128",-3247.05104196601,"NRI_P076",100
"40129",699.655108034029,"NRI_P076",25
"40130",-6280.01054196601,"NRI_P076",50
"40131",6742.26538803399,"NRI_P076",100
"40132",6162.28058803402,"NRI_P076",25
"40133",7313.34319803398,"NRI_P076",50
"40134",-818.288721965975,"NRI_P076",100
"40135",-3334.34940196597,"NRI_P076",25
"40136",-19686.010661966,"NRI_P076",50
"40137",-10663.227791966,"NRI_P076",100
"40138",8236.07813803403,"NRI_P076",25
"40139",-625.119411966007,"NRI_P076",50
"40140",4955.56897803402,"NRI_P076",100
"40141",2474.27670803398,"NRI_P076",25
"40142",10302.452028034,"NRI_P076",50
"40143",-7905.02892196598,"NRI_P076",100
"40144",-1174.647151966,"NRI_P076",25
"40145",1274.952828034,"NRI_P076",50
"40146",-1415.13799196598,"NRI_P076",100
"40147",-4943.47080196597,"NRI_P076",25
"40148",5133.57674803399,"NRI_P076",50
"40149",5030.95349803398,"NRI_P076",100
"40150",-4395.162211966,"NRI_P076",25
"40151",5164.79358803399,"NRI_P076",50
"40152",-11586.203501966,"NRI_P076",100
"40153",-10233.972131966,"NRI_P076",25
"40154",-5797.211991966,"NRI_P076",50
"40155",-9655.184891966,"NRI_P076",100
"40156",-7031.964261966,"NRI_P076",25
"40157",-4922.20906196599,"NRI_P076",50
"40158",-11540.404131966,"NRI_P076",100
"40159",-5431.63690196601,"NRI_P076",25
"40160",-7642.80829196598,"NRI_P076",50
"40161",-8259.55322196597,"NRI_P076",100
"40162",954.856748034013,"NRI_P076",25
"40163",-2077.43873196602,"NRI_P076",50
"40164",15241.760808034,"NRI_P076",100
"40165",-468.230261966004,"NRI_P076",25
"40166",-14941.314451966,"NRI_P076",50
"40167",-14874.834361966,"NRI_P076",100
"40168",12625.579738034,"NRI_P076",25
"40169",1923.63578803401,"NRI_P076",50
"40170",370.449118033983,"NRI_P076",100
"40171",687.630308034015,"NRI_P076",25
"40172",-5584.52109196602,"NRI_P076",50
"40173",-5858.88656196598,"NRI_P076",100
"40174",-1855.964031966,"NRI_P076",25
"40175",20773.729488034,"NRI_P076",50
"40176",2091.69851803401,"NRI_P076",100
"40177",-5389.835531966,"NRI_P076",25
"40178",8626.17993803398,"NRI_P076",50
"40179",1823.76398803398,"NRI_P076",100
"40180",957.432538033987,"NRI_P076",25
"40181",-11615.469991966,"NRI_P076",50
"40182",417.434058034036,"NRI_P076",100
"40183",-11250.878201966,"NRI_P076",25
"40184",-8487.61610196601,"NRI_P076",50
"40185",7715.39701803401,"NRI_P076",100
"40186",248.061078033992,"NRI_P076",25
"40187",557.134468034026,"NRI_P076",50
"40188",7146.62939803401,"NRI_P076",100
"40189",-2177.45525196602,"NRI_P076",25
"40190",-11137.906351966,"NRI_P076",50
"40191",-2761.434341966,"NRI_P076",100
"40192",7558.766688034,"NRI_P076",25
"40193",10462.828558034,"NRI_P076",50
"40194",-3776.58132196602,"NRI_P076",100
"40195",7313.91609803401,"NRI_P076",25
"40196",5824.66858803399,"NRI_P076",50
"40197",10130.206948034,"NRI_P076",100
"40198",9269.73441803403,"NRI_P076",25
"40199",-1154.82584196597,"NRI_P076",50
"40200",16142.827498034,"NRI_P076",100
"40201",-2117.226172631,"NRI_P077",25
"40202",-14175.006972631,"NRI_P077",50
"40203",-22528.299192631,"NRI_P077",100
"40204",-12789.785132631,"NRI_P077",25
"40205",-15887.865462631,"NRI_P077",50
"40206",-14813.315602631,"NRI_P077",100
"40207",-3122.433162631,"NRI_P077",25
"40208",-3803.38430263099,"NRI_P077",50
"40209",-21190.920602631,"NRI_P077",100
"40210",-1652.241492631,"NRI_P077",25
"40211",-7987.914082631,"NRI_P077",50
"40212",-19784.208602631,"NRI_P077",100
"40213",-5412.549382631,"NRI_P077",25
"40214",17101.086867369,"NRI_P077",50
"40215",-22327.293312631,"NRI_P077",100
"40216",-5530.467172631,"NRI_P077",25
"40217",18781.903347369,"NRI_P077",50
"40218",-22047.848662631,"NRI_P077",100
"40219",-2323.92593263098,"NRI_P077",25
"40220",-13323.438142631,"NRI_P077",50
"40221",-25418.260322631,"NRI_P077",100
"40222",-1055.149622631,"NRI_P077",25
"40223",-15907.726792631,"NRI_P077",50
"40224",18869.062247369,"NRI_P077",100
"40225",-9115.79567263101,"NRI_P077",25
"40226",-12699.874042631,"NRI_P077",50
"40227",-23068.388692631,"NRI_P077",100
"40228",-9607.98463263101,"NRI_P077",25
"40229",-13843.393122631,"NRI_P077",50
"40230",-21080.398932631,"NRI_P077",100
"40231",-1482.92364263098,"NRI_P077",25
"40232",-15066.653052631,"NRI_P077",50
"40233",-21880.435902631,"NRI_P077",100
"40234",-7394.160622631,"NRI_P077",25
"40235",-17453.684482631,"NRI_P077",50
"40236",-15707.159352631,"NRI_P077",100
"40237",-8688.971242631,"NRI_P077",25
"40238",-966.046732630988,"NRI_P077",50
"40239",-26867.396772631,"NRI_P077",100
"40240",-7808.10918263099,"NRI_P077",25
"40241",-12945.284392631,"NRI_P077",50
"40242",-17678.250092631,"NRI_P077",100
"40243",-2117.79897263099,"NRI_P077",25
"40244",-17288.149802631,"NRI_P077",50
"40245",-24087.842842631,"NRI_P077",100
"40246",-6327.19292263099,"NRI_P077",25
"40247",-12413.912472631,"NRI_P077",50
"40248",-21409.971902631,"NRI_P077",100
"40249",-7651.665262631,"NRI_P077",25
"40250",-15906.482092631,"NRI_P077",50
"40251",-25123.724472631,"NRI_P077",100
"40252",-1922.783952631,"NRI_P077",25
"40253",-17615.623722631,"NRI_P077",50
"40254",-21540.225862631,"NRI_P077",100
"40255",-2249.836472631,"NRI_P077",25
"40256",-13611.492392631,"NRI_P077",50
"40257",-24320.781542631,"NRI_P077",100
"40258",-4515.51105263099,"NRI_P077",25
"40259",-7741.09901263099,"NRI_P077",50
"40260",-4465.348482631,"NRI_P077",100
"40261",-82.9293726309843,"NRI_P077",25
"40262",-14864.249312631,"NRI_P077",50
"40263",-21132.177832631,"NRI_P077",100
"40264",-12572.286012631,"NRI_P077",25
"40265",-13592.588082631,"NRI_P077",50
"40266",-23893.150402631,"NRI_P077",100
"40267",-9123.561342631,"NRI_P077",25
"40268",-11611.149362631,"NRI_P077",50
"40269",-21143.087912631,"NRI_P077",100
"40270",-12797.359882631,"NRI_P077",25
"40271",-10933.169762631,"NRI_P077",50
"40272",16767.124317369,"NRI_P077",100
"40273",-11130.234832631,"NRI_P077",25
"40274",-20530.049732631,"NRI_P077",50
"40275",-18899.300612631,"NRI_P077",100
"40276",1786.240237369,"NRI_P077",25
"40277",1967.508947369,"NRI_P077",50
"40278",-21654.205172631,"NRI_P077",100
"40279",-4659.548752631,"NRI_P077",25
"40280",-13157.928512631,"NRI_P077",50
"40281",-19095.102472631,"NRI_P077",100
"40282",-6182.51944263099,"NRI_P077",25
"40283",-3300.341442631,"NRI_P077",50
"40284",-24307.391012631,"NRI_P077",100
"40285",-7191.691242631,"NRI_P077",25
"40286",-10095.782912631,"NRI_P077",50
"40287",-17765.590152631,"NRI_P077",100
"40288",-4900.78065263099,"NRI_P077",25
"40289",-18985.347802631,"NRI_P077",50
"40290",-19258.454342631,"NRI_P077",100
"40291",-2251.168252631,"NRI_P077",25
"40292",-6558.049352631,"NRI_P077",50
"40293",-19502.067212631,"NRI_P077",100
"40294",-6951.923672631,"NRI_P077",25
"40295",-8525.147402631,"NRI_P077",50
"40296",-25527.545302631,"NRI_P077",100
"40297",-5070.06737263099,"NRI_P077",25
"40298",-8560.435042631,"NRI_P077",50
"40299",-21639.580112631,"NRI_P077",100
"40300",-4539.95108263099,"NRI_P077",25
"40301",-11316.317192631,"NRI_P077",50
"40302",-23661.692172631,"NRI_P077",100
"40303",-5936.23545263099,"NRI_P077",25
"40304",-11952.665092631,"NRI_P077",50
"40305",-22398.489692631,"NRI_P077",100
"40306",-1570.454122631,"NRI_P077",25
"40307",-5812.73470263099,"NRI_P077",50
"40308",-13701.722372631,"NRI_P077",100
"40309",-9546.37865263099,"NRI_P077",25
"40310",-14096.064352631,"NRI_P077",50
"40311",-22559.605382631,"NRI_P077",100
"40312",-2550.06217263101,"NRI_P077",25
"40313",-12595.299832631,"NRI_P077",50
"40314",-17348.217982631,"NRI_P077",100
"40315",-2339.355912631,"NRI_P077",25
"40316",-20104.689312631,"NRI_P077",50
"40317",-21330.154482631,"NRI_P077",100
"40318",-7138.74416263099,"NRI_P077",25
"40319",-1623.000902631,"NRI_P077",50
"40320",-25839.395452631,"NRI_P077",100
"40321",-10524.038792631,"NRI_P077",25
"40322",-5385.21473263099,"NRI_P077",50
"40323",-19520.542372631,"NRI_P077",100
"40324",188.665157369018,"NRI_P077",25
"40325",-17239.473512631,"NRI_P077",50
"40326",-13336.040482631,"NRI_P077",100
"40327",-2707.18154263101,"NRI_P077",25
"40328",-13537.659482631,"NRI_P077",50
"40329",9403.07886736901,"NRI_P077",100
"40330",-2935.31141263098,"NRI_P077",25
"40331",-13399.652322631,"NRI_P077",50
"40332",-19056.406062631,"NRI_P077",100
"40333",-4856.260962631,"NRI_P077",25
"40334",-12245.904202631,"NRI_P077",50
"40335",-14398.331062631,"NRI_P077",100
"40336",300.177317369002,"NRI_P077",25
"40337",-3042.093222631,"NRI_P077",50
"40338",-22083.400522631,"NRI_P077",100
"40339",-5011.066112631,"NRI_P077",25
"40340",-12115.300142631,"NRI_P077",50
"40341",-14314.377612631,"NRI_P077",100
"40342",-12597.404782631,"NRI_P077",25
"40343",-2403.03321263098,"NRI_P077",50
"40344",-19801.578392631,"NRI_P077",100
"40345",-6655.072342631,"NRI_P077",25
"40346",-15633.991062631,"NRI_P077",50
"40347",-14715.992442631,"NRI_P077",100
"40348",-9835.350672631,"NRI_P077",25
"40349",-9554.67986263099,"NRI_P077",50
"40350",-22256.066112631,"NRI_P077",100
"40351",353.72002736901,"NRI_P077",25
"40352",-12288.501012631,"NRI_P077",50
"40353",-26799.672692631,"NRI_P077",100
"40354",-2951.072552631,"NRI_P077",25
"40355",-10886.110892631,"NRI_P077",50
"40356",-23000.094712631,"NRI_P077",100
"40357",-4984.34464263098,"NRI_P077",25
"40358",-16018.328532631,"NRI_P077",50
"40359",-14413.493672631,"NRI_P077",100
"40360",-2874.33031263101,"NRI_P077",25
"40361",-18227.179952631,"NRI_P077",50
"40362",4184.88033736902,"NRI_P077",100
"40363",-11784.407512631,"NRI_P077",25
"40364",-11919.207182631,"NRI_P077",50
"40365",-20381.834562631,"NRI_P077",100
"40366",-3120.52718263099,"NRI_P077",25
"40367",-11575.394542631,"NRI_P077",50
"40368",-20620.836062631,"NRI_P077",100
"40369",1448.60214736901,"NRI_P077",25
"40370",-13069.591352631,"NRI_P077",50
"40371",-16699.726412631,"NRI_P077",100
"40372",-5922.25182263099,"NRI_P077",25
"40373",-7949.06730263098,"NRI_P077",50
"40374",-23600.691782631,"NRI_P077",100
"40375",-481.368012630992,"NRI_P077",25
"40376",-18840.444502631,"NRI_P077",50
"40377",-13132.609162631,"NRI_P077",100
"40378",-5672.663742631,"NRI_P077",25
"40379",15739.458017369,"NRI_P077",50
"40380",23591.163247369,"NRI_P077",100
"40381",-1505.202162631,"NRI_P077",25
"40382",-9670.69297263099,"NRI_P077",50
"40383",-15874.532132631,"NRI_P077",100
"40384",24041.306007369,"NRI_P077",25
"40385",-5446.21563263101,"NRI_P077",50
"40386",-16587.304542631,"NRI_P077",100
"40387",-3172.89426263099,"NRI_P077",25
"40388",-2985.86437263098,"NRI_P077",50
"40389",-20969.673152631,"NRI_P077",100
"40390",-12050.482262631,"NRI_P077",25
"40391",-4524.947162631,"NRI_P077",50
"40392",-17999.622562631,"NRI_P077",100
"40393",-320.721972631,"NRI_P077",25
"40394",-11044.859682631,"NRI_P077",50
"40395",-20740.870142631,"NRI_P077",100
"40396",-5924.40605263101,"NRI_P077",25
"40397",-20447.252552631,"NRI_P077",50
"40398",-24192.249322631,"NRI_P077",100
"40399",-1947.72087263101,"NRI_P077",25
"40400",14092.281737369,"NRI_P077",50
"40401",-24775.473102631,"NRI_P077",100
"40402",-1269.32105263098,"NRI_P077",25
"40403",-21084.630692631,"NRI_P077",50
"40404",-18902.665922631,"NRI_P077",100
"40405",-2572.09099263098,"NRI_P077",25
"40406",-8229.946062631,"NRI_P077",50
"40407",-23067.751642631,"NRI_P077",100
"40408",-4457.78500263099,"NRI_P077",25
"40409",-6940.86619263099,"NRI_P077",50
"40410",-18173.335492631,"NRI_P077",100
"40411",-3544.04670263099,"NRI_P077",25
"40412",-11596.347832631,"NRI_P077",50
"40413",-25274.332382631,"NRI_P077",100
"40414",-1254.374492631,"NRI_P077",25
"40415",-11592.829652631,"NRI_P077",50
"40416",-13475.516042631,"NRI_P077",100
"40417",-8014.81318263098,"NRI_P077",25
"40418",-17963.539232631,"NRI_P077",50
"40419",-22867.421782631,"NRI_P077",100
"40420",-8386.27976263099,"NRI_P077",25
"40421",-9955.10417263099,"NRI_P077",50
"40422",-21681.194822631,"NRI_P077",100
"40423",-3658.736802631,"NRI_P077",25
"40424",-8911.03075263099,"NRI_P077",50
"40425",11304.472097369,"NRI_P077",100
"40426",-1812.27823263098,"NRI_P077",25
"40427",-14368.518322631,"NRI_P077",50
"40428",-22425.148472631,"NRI_P077",100
"40429",-447.856182630989,"NRI_P077",25
"40430",-20419.290962631,"NRI_P077",50
"40431",-20589.058502631,"NRI_P077",100
"40432",-9301.28782263098,"NRI_P077",25
"40433",-12212.627002631,"NRI_P077",50
"40434",-16454.367492631,"NRI_P077",100
"40435",-5755.139582631,"NRI_P077",25
"40436",-12574.401162631,"NRI_P077",50
"40437",-13224.592662631,"NRI_P077",100
"40438",-1059.040912631,"NRI_P077",25
"40439",-16682.505092631,"NRI_P077",50
"40440",-17716.611012631,"NRI_P077",100
"40441",-2448.147982631,"NRI_P077",25
"40442",-17019.008172631,"NRI_P077",50
"40443",-19157.473682631,"NRI_P077",100
"40444",-10371.938282631,"NRI_P077",25
"40445",-11799.473712631,"NRI_P077",50
"40446",-27281.301142631,"NRI_P077",100
"40447",-1095.29820263101,"NRI_P077",25
"40448",-17427.967072631,"NRI_P077",50
"40449",-25345.834452631,"NRI_P077",100
"40450",-5656.50367263099,"NRI_P077",25
"40451",-12711.458352631,"NRI_P077",50
"40452",-24935.041162631,"NRI_P077",100
"40453",-5917.73913263099,"NRI_P077",25
"40454",-15068.275312631,"NRI_P077",50
"40455",-16436.633922631,"NRI_P077",100
"40456",-9800.73007263101,"NRI_P077",25
"40457",-17195.968902631,"NRI_P077",50
"40458",-23577.475532631,"NRI_P077",100
"40459",-2358.32483263098,"NRI_P077",25
"40460",-15604.448142631,"NRI_P077",50
"40461",-22507.599962631,"NRI_P077",100
"40462",-2887.14697263099,"NRI_P077",25
"40463",-13062.204112631,"NRI_P077",50
"40464",-23578.282192631,"NRI_P077",100
"40465",-11061.822082631,"NRI_P077",25
"40466",-12400.061352631,"NRI_P077",50
"40467",-13997.177992631,"NRI_P077",100
"40468",-1548.15570263099,"NRI_P077",25
"40469",-6419.17022263099,"NRI_P077",50
"40470",-18163.275412631,"NRI_P077",100
"40471",-10819.424472631,"NRI_P077",25
"40472",-15342.945442631,"NRI_P077",50
"40473",-23272.367982631,"NRI_P077",100
"40474",-10014.041522631,"NRI_P077",25
"40475",-10402.140242631,"NRI_P077",50
"40476",-18975.462322631,"NRI_P077",100
"40477",-975.033832630987,"NRI_P077",25
"40478",-14132.281472631,"NRI_P077",50
"40479",-18028.779312631,"NRI_P077",100
"40480",-4877.31647263101,"NRI_P077",25
"40481",-7074.628252631,"NRI_P077",50
"40482",-26568.759492631,"NRI_P077",100
"40483",-1888.499052631,"NRI_P077",25
"40484",-11704.936762631,"NRI_P077",50
"40485",-21444.152382631,"NRI_P077",100
"40486",-15769.326502631,"NRI_P077",25
"40487",-12037.114522631,"NRI_P077",50
"40488",10516.595667369,"NRI_P077",100
"40489",-2497.961882631,"NRI_P077",25
"40490",-16964.163682631,"NRI_P077",50
"40491",-26711.015412631,"NRI_P077",100
"40492",-2838.27452263099,"NRI_P077",25
"40493",-11509.592072631,"NRI_P077",50
"40494",-25889.480822631,"NRI_P077",100
"40495",-6145.81639263101,"NRI_P077",25
"40496",-6456.49080263099,"NRI_P077",50
"40497",-21525.463262631,"NRI_P077",100
"40498",-3279.63765263101,"NRI_P077",25
"40499",-8735.758642631,"NRI_P077",50
"40500",-24090.564502631,"NRI_P077",100
"40501",13154.529006418,"NRI_P078",25
"40502",225.51711641805,"NRI_P078",50
"40503",4900.33097641804,"NRI_P078",100
"40504",-3995.37617358199,"NRI_P078",25
"40505",14409.7384964181,"NRI_P078",50
"40506",11744.5516764181,"NRI_P078",100
"40507",2431.98803641804,"NRI_P078",25
"40508",22442.5882164181,"NRI_P078",50
"40509",4251.37352641806,"NRI_P078",100
"40510",443.542356418038,"NRI_P078",25
"40511",-12568.937163582,"NRI_P078",50
"40512",-8477.56440358196,"NRI_P078",100
"40513",1764.00144641806,"NRI_P078",25
"40514",-1059.93606358196,"NRI_P078",50
"40515",-1217.17836358194,"NRI_P078",100
"40516",-1381.47954358195,"NRI_P078",25
"40517",2422.92757641803,"NRI_P078",50
"40518",-3229.94583358197,"NRI_P078",100
"40519",2045.23763641802,"NRI_P078",25
"40520",506.650066418049,"NRI_P078",50
"40521",9547.88849641802,"NRI_P078",100
"40522",1482.64347641804,"NRI_P078",25
"40523",-6998.97945358197,"NRI_P078",50
"40524",-18564.0101735819,"NRI_P078",100
"40525",6726.67070641805,"NRI_P078",25
"40526",22798.262826418,"NRI_P078",50
"40527",-1789.83827358199,"NRI_P078",100
"40528",696.760056418017,"NRI_P078",25
"40529",-6228.49006358196,"NRI_P078",50
"40530",-1846.92869358195,"NRI_P078",100
"40531",1385.11060641805,"NRI_P078",25
"40532",-6496.88203358196,"NRI_P078",50
"40533",-15613.857433582,"NRI_P078",100
"40534",-1445.53136358195,"NRI_P078",25
"40535",-2827.83777358197,"NRI_P078",50
"40536",4056.406466418,"NRI_P078",100
"40537",11443.166736418,"NRI_P078",25
"40538",-6229.45153358195,"NRI_P078",50
"40539",7422.30835641804,"NRI_P078",100
"40540",7531.106976418,"NRI_P078",25
"40541",-8600.59033358196,"NRI_P078",50
"40542",20641.263336418,"NRI_P078",100
"40543",2287.40111641801,"NRI_P078",25
"40544",-2684.62236358196,"NRI_P078",50
"40545",-13135.5700135819,"NRI_P078",100
"40546",-1956.79738358199,"NRI_P078",25
"40547",11329.344646418,"NRI_P078",50
"40548",-1228.63949358196,"NRI_P078",100
"40549",9471.30541641801,"NRI_P078",25
"40550",8145.29948641802,"NRI_P078",50
"40551",-6205.60848358198,"NRI_P078",100
"40552",-7613.11782358197,"NRI_P078",25
"40553",-8902.82310358196,"NRI_P078",50
"40554",-1479.916063582,"NRI_P078",100
"40555",280.879406418011,"NRI_P078",25
"40556",-2246.31766358198,"NRI_P078",50
"40557",18939.546336418,"NRI_P078",100
"40558",-5353.96194358199,"NRI_P078",25
"40559",-15168.086383582,"NRI_P078",50
"40560",4453.61935641803,"NRI_P078",100
"40561",-2094.550503582,"NRI_P078",25
"40562",25145.729196418,"NRI_P078",50
"40563",-17041.391493582,"NRI_P078",100
"40564",29025.758276418,"NRI_P078",25
"40565",5062.95497641806,"NRI_P078",50
"40566",9029.74289641803,"NRI_P078",100
"40567",-12417.136173582,"NRI_P078",25
"40568",1562.23863641801,"NRI_P078",50
"40569",14102.709146418,"NRI_P078",100
"40570",-4475.75613358198,"NRI_P078",25
"40571",-1476.19749358197,"NRI_P078",50
"40572",-8188.66439358197,"NRI_P078",100
"40573",6620.36762641801,"NRI_P078",25
"40574",-3419.08337358199,"NRI_P078",50
"40575",-9440.03528358199,"NRI_P078",100
"40576",6424.62723641802,"NRI_P078",25
"40577",8241.26019641804,"NRI_P078",50
"40578",38480.1438064181,"NRI_P078",100
"40579",5392.74098641804,"NRI_P078",25
"40580",1634.32431641803,"NRI_P078",50
"40581",-4702.31049358199,"NRI_P078",100
"40582",334.931096418004,"NRI_P078",25
"40583",-5357.54496358195,"NRI_P078",50
"40584",13539.419526418,"NRI_P078",100
"40585",-3168.63516358199,"NRI_P078",25
"40586",-2348.70281358197,"NRI_P078",50
"40587",10600.985616418,"NRI_P078",100
"40588",3225.97597641801,"NRI_P078",25
"40589",-1244.36595358199,"NRI_P078",50
"40590",-479.531433581957,"NRI_P078",100
"40591",-1040.67225358199,"NRI_P078",25
"40592",8863.00933641801,"NRI_P078",50
"40593",19320.2767564181,"NRI_P078",100
"40594",-2405.65815358196,"NRI_P078",25
"40595",-11580.614053582,"NRI_P078",50
"40596",5059.912046418,"NRI_P078",100
"40597",16327.124666418,"NRI_P078",25
"40598",23123.0113764181,"NRI_P078",50
"40599",5683.381606418,"NRI_P078",100
"40600",386.313636418025,"NRI_P078",25
"40601",-3049.33823358198,"NRI_P078",50
"40602",23957.697876418,"NRI_P078",100
"40603",3446.53402641806,"NRI_P078",25
"40604",-6444.30002358195,"NRI_P078",50
"40605",-7220.21633358195,"NRI_P078",100
"40606",-4948.35765358194,"NRI_P078",25
"40607",1085.16790641804,"NRI_P078",50
"40608",-5128.06078358198,"NRI_P078",100
"40609",5151.108566418,"NRI_P078",25
"40610",-10284.485863582,"NRI_P078",50
"40611",1597.72119641805,"NRI_P078",100
"40612",-4415.90427358198,"NRI_P078",25
"40613",-3711.78267358197,"NRI_P078",50
"40614",-4867.11388358194,"NRI_P078",100
"40615",12449.385366418,"NRI_P078",25
"40616",-2360.154443582,"NRI_P078",50
"40617",2824.53309641802,"NRI_P078",100
"40618",-3376.36454358196,"NRI_P078",25
"40619",-6132.66524358199,"NRI_P078",50
"40620",3485.63409641804,"NRI_P078",100
"40621",-4324.67679358198,"NRI_P078",25
"40622",-5848.15716358199,"NRI_P078",50
"40623",-4448.60430358199,"NRI_P078",100
"40624",6114.74264641805,"NRI_P078",25
"40625",-6796.98350358196,"NRI_P078",50
"40626",-4052.21802358195,"NRI_P078",100
"40627",3340.81059641804,"NRI_P078",25
"40628",926.916916418006,"NRI_P078",50
"40629",-6443.11481358198,"NRI_P078",100
"40630",-3836.08815358195,"NRI_P078",25
"40631",-4438.96439358196,"NRI_P078",50
"40632",3796.55543641804,"NRI_P078",100
"40633",-799.606763581978,"NRI_P078",25
"40634",5554.969226418,"NRI_P078",50
"40635",8531.12751641806,"NRI_P078",100
"40636",-7583.85797358199,"NRI_P078",25
"40637",-1942.26957358199,"NRI_P078",50
"40638",4269.99107641802,"NRI_P078",100
"40639",-1981.10883358197,"NRI_P078",25
"40640",-8984.53785358195,"NRI_P078",50
"40641",-3320.82758358197,"NRI_P078",100
"40642",-913.556913581968,"NRI_P078",25
"40643",-7474.78656358196,"NRI_P078",50
"40644",5575.45637641801,"NRI_P078",100
"40645",4604.98738641804,"NRI_P078",25
"40646",-2687.15812358196,"NRI_P078",50
"40647",13462.806556418,"NRI_P078",100
"40648",-1306.712013582,"NRI_P078",25
"40649",3369.05357641802,"NRI_P078",50
"40650",-4260.29483358195,"NRI_P078",100
"40651",-3600.55577358196,"NRI_P078",25
"40652",3264.34613641805,"NRI_P078",50
"40653",-88.9731935819727,"NRI_P078",100
"40654",-7914.76505358197,"NRI_P078",25
"40655",-71.1101235819515,"NRI_P078",50
"40656",1534.51821641804,"NRI_P078",100
"40657",3376.75960641803,"NRI_P078",25
"40658",-780.434373581957,"NRI_P078",50
"40659",496.384896418022,"NRI_P078",100
"40660",1962.14826641802,"NRI_P078",25
"40661",20697.092646418,"NRI_P078",50
"40662",-6388.83117358194,"NRI_P078",100
"40663",2114.24224641803,"NRI_P078",25
"40664",-3852.36573358194,"NRI_P078",50
"40665",-6129.65852358198,"NRI_P078",100
"40666",3174.137806418,"NRI_P078",25
"40667",789.74672641803,"NRI_P078",50
"40668",7654.43378641806,"NRI_P078",100
"40669",6042.74184641801,"NRI_P078",25
"40670",-519.655583581945,"NRI_P078",50
"40671",-10212.5899035819,"NRI_P078",100
"40672",6646.77097641805,"NRI_P078",25
"40673",-8256.95503358199,"NRI_P078",50
"40674",956.769146418024,"NRI_P078",100
"40675",43397.798746418,"NRI_P078",25
"40676",8542.82136641804,"NRI_P078",50
"40677",2455.462506418,"NRI_P078",100
"40678",-2660.79566358199,"NRI_P078",25
"40679",-8029.33272358199,"NRI_P078",50
"40680",4822.41361641802,"NRI_P078",100
"40681",-500.366483581951,"NRI_P078",25
"40682",31162.139466418,"NRI_P078",50
"40683",-2539.63956358196,"NRI_P078",100
"40684",1400.01760641806,"NRI_P078",25
"40685",-6217.04765358195,"NRI_P078",50
"40686",13177.661586418,"NRI_P078",100
"40687",-4013.315333582,"NRI_P078",25
"40688",13200.357836418,"NRI_P078",50
"40689",-6387.16004358197,"NRI_P078",100
"40690",-3027.29153358197,"NRI_P078",25
"40691",1221.38364641805,"NRI_P078",50
"40692",-4394.26262358198,"NRI_P078",100
"40693",-575.796413581993,"NRI_P078",25
"40694",-17601.246033582,"NRI_P078",50
"40695",-302.050133581972,"NRI_P078",100
"40696",-2833.81216358196,"NRI_P078",25
"40697",17532.025616418,"NRI_P078",50
"40698",-1204.49335358199,"NRI_P078",100
"40699",-1940.38894358196,"NRI_P078",25
"40700",-10252.691763582,"NRI_P078",50
"40701",-1271.735053582,"NRI_P078",100
"40702",7381.96702641802,"NRI_P078",25
"40703",-8774.75152358197,"NRI_P078",50
"40704",-7669.81685358199,"NRI_P078",100
"40705",4357.86874641804,"NRI_P078",25
"40706",-3035.27668358199,"NRI_P078",50
"40707",-477.730753581971,"NRI_P078",100
"40708",-7448.91724358196,"NRI_P078",25
"40709",-7012.31236358196,"NRI_P078",50
"40710",37366.140336418,"NRI_P078",100
"40711",-2791.06701358198,"NRI_P078",25
"40712",-1702.39616358199,"NRI_P078",50
"40713",-1026.88736358198,"NRI_P078",100
"40714",-393.748843581998,"NRI_P078",25
"40715",-4794.569033582,"NRI_P078",50
"40716",-3413.788303582,"NRI_P078",100
"40717",15600.592806418,"NRI_P078",25
"40718",12438.270286418,"NRI_P078",50
"40719",2832.26547641802,"NRI_P078",100
"40720",13360.559006418,"NRI_P078",25
"40721",-3253.19802358199,"NRI_P078",50
"40722",8648.29400641803,"NRI_P078",100
"40723",-6166.25672358199,"NRI_P078",25
"40724",2772.347436418,"NRI_P078",50
"40725",8550.47637641802,"NRI_P078",100
"40726",1723.93595641805,"NRI_P078",25
"40727",-8959.065433582,"NRI_P078",50
"40728",51557.979316418,"NRI_P078",100
"40729",12184.918546418,"NRI_P078",25
"40730",-3640.80384358199,"NRI_P078",50
"40731",2327.01616641803,"NRI_P078",100
"40732",2718.244826418,"NRI_P078",25
"40733",-1626.70129358198,"NRI_P078",50
"40734",-13325.293783582,"NRI_P078",100
"40735",-37.0444835819653,"NRI_P078",25
"40736",-3535.84291358199,"NRI_P078",50
"40737",-10615.378623582,"NRI_P078",100
"40738",11584.422066418,"NRI_P078",25
"40739",-6559.46460358199,"NRI_P078",50
"40740",-86.0216135819792,"NRI_P078",100
"40741",-1154.02733358199,"NRI_P078",25
"40742",7627.23583641805,"NRI_P078",50
"40743",1935.36993641802,"NRI_P078",100
"40744",4832.69597641804,"NRI_P078",25
"40745",-4452.57435358199,"NRI_P078",50
"40746",6913.40219641803,"NRI_P078",100
"40747",5278.56429641804,"NRI_P078",25
"40748",-9658.74653358199,"NRI_P078",50
"40749",3853.641246418,"NRI_P078",100
"40750",-2333.22851358197,"NRI_P078",25
"40751",17751.426916418,"NRI_P078",50
"40752",-1088.20043358195,"NRI_P078",100
"40753",3164.449656418,"NRI_P078",25
"40754",-1007.41484358197,"NRI_P078",50
"40755",2130.81248641806,"NRI_P078",100
"40756",-6321.608463582,"NRI_P078",25
"40757",4134.85800641804,"NRI_P078",50
"40758",5033.04107641801,"NRI_P078",100
"40759",4591.00979641802,"NRI_P078",25
"40760",16949.811616418,"NRI_P078",50
"40761",-2003.835063582,"NRI_P078",100
"40762",-3709.68324358197,"NRI_P078",25
"40763",2953.44293641805,"NRI_P078",50
"40764",10661.400496418,"NRI_P078",100
"40765",-699.745093581965,"NRI_P078",25
"40766",10176.568506418,"NRI_P078",50
"40767",20891.349586418,"NRI_P078",100
"40768",-2218.142763582,"NRI_P078",25
"40769",9946.95094641804,"NRI_P078",50
"40770",21292.952526418,"NRI_P078",100
"40771",12606.042856418,"NRI_P078",25
"40772",285.45521641802,"NRI_P078",50
"40773",-8161.03579358198,"NRI_P078",100
"40774",-5447.08761358197,"NRI_P078",25
"40775",-931.518133581965,"NRI_P078",50
"40776",954.038206418045,"NRI_P078",100
"40777",-1123.33263358194,"NRI_P078",25
"40778",-8851.46274358197,"NRI_P078",50
"40779",10161.4692864181,"NRI_P078",100
"40780",-4170.62643358199,"NRI_P078",25
"40781",36790.842586418,"NRI_P078",50
"40782",55880.512496418,"NRI_P078",100
"40783",-974.96619358199,"NRI_P078",25
"40784",2759.28103641805,"NRI_P078",50
"40785",12456.228996418,"NRI_P078",100
"40786",28135.602906418,"NRI_P078",25
"40787",1361.77991641802,"NRI_P078",50
"40788",-7531.35672358196,"NRI_P078",100
"40789",7810.58092641801,"NRI_P078",25
"40790",6023.61747641803,"NRI_P078",50
"40791",-574.154453581956,"NRI_P078",100
"40792",3554.79687641806,"NRI_P078",25
"40793",27518.119486418,"NRI_P078",50
"40794",4795.07827641803,"NRI_P078",100
"40795",7546.21095641801,"NRI_P078",25
"40796",2506.25827641803,"NRI_P078",50
"40797",18033.772736418,"NRI_P078",100
"40798",-1966.368813582,"NRI_P078",25
"40799",-4345.44216358196,"NRI_P078",50
"40800",4710.62746641802,"NRI_P078",100
"40801",957.867843871005,"NRI_P080",25
"40802",-20474.102776129,"NRI_P080",50
"40803",-24543.498246129,"NRI_P080",100
"40804",-25073.085716129,"NRI_P080",25
"40805",751.995813870977,"NRI_P080",50
"40806",-31093.495306129,"NRI_P080",100
"40807",2599.276623871,"NRI_P080",25
"40808",-26583.019726129,"NRI_P080",50
"40809",-28245.430666129,"NRI_P080",100
"40810",-5226.56283612904,"NRI_P080",25
"40811",-11866.276806129,"NRI_P080",50
"40812",-35027.5017361291,"NRI_P080",100
"40813",-24767.249816129,"NRI_P080",25
"40814",-27248.984646129,"NRI_P080",50
"40815",-36317.749936129,"NRI_P080",100
"40816",-14534.467806129,"NRI_P080",25
"40817",-7312.56111612904,"NRI_P080",50
"40818",-40162.488446129,"NRI_P080",100
"40819",16181.717283871,"NRI_P080",25
"40820",-24804.6017161291,"NRI_P080",50
"40821",-30192.856576129,"NRI_P080",100
"40822",-7474.11235612904,"NRI_P080",25
"40823",-24234.801456129,"NRI_P080",50
"40824",-28154.972266129,"NRI_P080",100
"40825",3456.817183871,"NRI_P080",25
"40826",-21967.848656129,"NRI_P080",50
"40827",-41322.6822261291,"NRI_P080",100
"40828",-16872.016646129,"NRI_P080",25
"40829",-25828.545246129,"NRI_P080",50
"40830",-40254.050246129,"NRI_P080",100
"40831",-7166.65708612901,"NRI_P080",25
"40832",-7424.24350612902,"NRI_P080",50
"40833",-20538.570696129,"NRI_P080",100
"40834",-5776.98410612904,"NRI_P080",25
"40835",-12039.260046129,"NRI_P080",50
"40836",-37439.7089661291,"NRI_P080",100
"40837",-4768.845946129,"NRI_P080",25
"40838",-18979.697526129,"NRI_P080",50
"40839",-38279.624566129,"NRI_P080",100
"40840",-8436.81671612902,"NRI_P080",25
"40841",-18395.005746129,"NRI_P080",50
"40842",-31231.233586129,"NRI_P080",100
"40843",-6064.73182612902,"NRI_P080",25
"40844",-18678.919236129,"NRI_P080",50
"40845",-33022.400256129,"NRI_P080",100
"40846",3216.558523871,"NRI_P080",25
"40847",-26576.678766129,"NRI_P080",50
"40848",-41048.085356129,"NRI_P080",100
"40849",-13204.531336129,"NRI_P080",25
"40850",-23831.859526129,"NRI_P080",50
"40851",-39507.959446129,"NRI_P080",100
"40852",-19068.154816129,"NRI_P080",25
"40853",999.610223870957,"NRI_P080",50
"40854",-38463.4453361291,"NRI_P080",100
"40855",-4946.50312612904,"NRI_P080",25
"40856",-1590.51803612901,"NRI_P080",50
"40857",-30885.701626129,"NRI_P080",100
"40858",-5341.37354612903,"NRI_P080",25
"40859",-12345.312696129,"NRI_P080",50
"40860",-38666.272646129,"NRI_P080",100
"40861",-20534.282676129,"NRI_P080",25
"40862",-18579.854056129,"NRI_P080",50
"40863",-38734.001646129,"NRI_P080",100
"40864",-8341.81911612902,"NRI_P080",25
"40865",-17345.578346129,"NRI_P080",50
"40866",-24928.552346129,"NRI_P080",100
"40867",-8653.10361612902,"NRI_P080",25
"40868",-12126.211516129,"NRI_P080",50
"40869",-35480.229316129,"NRI_P080",100
"40870",-9771.93519612902,"NRI_P080",25
"40871",-26290.635216129,"NRI_P080",50
"40872",-25137.0973361291,"NRI_P080",100
"40873",-4321.03164612903,"NRI_P080",25
"40874",-15509.241426129,"NRI_P080",50
"40875",-42390.655146129,"NRI_P080",100
"40876",-5658.630376129,"NRI_P080",25
"40877",3133.94026387099,"NRI_P080",50
"40878",-41571.227786129,"NRI_P080",100
"40879",-10494.250306129,"NRI_P080",25
"40880",-7307.51383612904,"NRI_P080",50
"40881",-18027.077846129,"NRI_P080",100
"40882",-5609.85728612903,"NRI_P080",25
"40883",-15082.8640161291,"NRI_P080",50
"40884",-38101.258116129,"NRI_P080",100
"40885",-2523.80023612903,"NRI_P080",25
"40886",-18491.082716129,"NRI_P080",50
"40887",-16841.465946129,"NRI_P080",100
"40888",-1152.06521612901,"NRI_P080",25
"40889",-9338.88143612904,"NRI_P080",50
"40890",-24564.112086129,"NRI_P080",100
"40891",8285.80157387099,"NRI_P080",25
"40892",-32301.401866129,"NRI_P080",50
"40893",-44538.422496129,"NRI_P080",100
"40894",-2822.14823612903,"NRI_P080",25
"40895",-8718.17477612902,"NRI_P080",50
"40896",-40467.857186129,"NRI_P080",100
"40897",-8541.81870612904,"NRI_P080",25
"40898",-9609.33570612903,"NRI_P080",50
"40899",-39699.574966129,"NRI_P080",100
"40900",-21341.979196129,"NRI_P080",25
"40901",-12645.983456129,"NRI_P080",50
"40902",-39902.722556129,"NRI_P080",100
"40903",-22999.220136129,"NRI_P080",25
"40904",10336.110623871,"NRI_P080",50
"40905",-37988.012766129,"NRI_P080",100
"40906",11986.049683871,"NRI_P080",25
"40907",-17580.541346129,"NRI_P080",50
"40908",43900.599093871,"NRI_P080",100
"40909",-4152.71691612905,"NRI_P080",25
"40910",-25147.329866129,"NRI_P080",50
"40911",28575.122133871,"NRI_P080",100
"40912",-19606.432016129,"NRI_P080",25
"40913",-17302.009726129,"NRI_P080",50
"40914",-36890.439066129,"NRI_P080",100
"40915",61030.996583871,"NRI_P080",25
"40916",-21250.006926129,"NRI_P080",50
"40917",-21803.575556129,"NRI_P080",100
"40918",-2798.45070612902,"NRI_P080",25
"40919",-10113.949986129,"NRI_P080",50
"40920",-22120.401336129,"NRI_P080",100
"40921",-6056.94021612901,"NRI_P080",25
"40922",-11637.888726129,"NRI_P080",50
"40923",-20566.409036129,"NRI_P080",100
"40924",-14349.929356129,"NRI_P080",25
"40925",-4254.51038612903,"NRI_P080",50
"40926",-17232.337766129,"NRI_P080",100
"40927",-3243.37191612902,"NRI_P080",25
"40928",-29183.238156129,"NRI_P080",50
"40929",-34815.199916129,"NRI_P080",100
"40930",-15123.439416129,"NRI_P080",25
"40931",-33394.027626129,"NRI_P080",50
"40932",-35638.625736129,"NRI_P080",100
"40933",-3947.15502612904,"NRI_P080",25
"40934",-3296.22164612904,"NRI_P080",50
"40935",-20129.732076129,"NRI_P080",100
"40936",-13725.201716129,"NRI_P080",25
"40937",-15949.581816129,"NRI_P080",50
"40938",-30284.123186129,"NRI_P080",100
"40939",-8785.64207612904,"NRI_P080",25
"40940",-14876.877956129,"NRI_P080",50
"40941",-34598.890536129,"NRI_P080",100
"40942",-3956.90017612901,"NRI_P080",25
"40943",1078.974313871,"NRI_P080",50
"40944",-28970.334036129,"NRI_P080",100
"40945",-9308.21933612903,"NRI_P080",25
"40946",-31350.636656129,"NRI_P080",50
"40947",-29373.1481861291,"NRI_P080",100
"40948",-8481.64891612902,"NRI_P080",25
"40949",-6794.36370612902,"NRI_P080",50
"40950",-36714.014176129,"NRI_P080",100
"40951",-19935.180116129,"NRI_P080",25
"40952",-10776.386056129,"NRI_P080",50
"40953",-36729.306816129,"NRI_P080",100
"40954",-767.139846129052,"NRI_P080",25
"40955",-6685.42371612904,"NRI_P080",50
"40956",-28833.705646129,"NRI_P080",100
"40957",-9887.22683612903,"NRI_P080",25
"40958",-13276.753616129,"NRI_P080",50
"40959",-37212.414556129,"NRI_P080",100
"40960",419.986453870952,"NRI_P080",25
"40961",-2160.20740612905,"NRI_P080",50
"40962",-34185.558246129,"NRI_P080",100
"40963",-898.043836129014,"NRI_P080",25
"40964",-30050.688206129,"NRI_P080",50
"40965",-31217.693926129,"NRI_P080",100
"40966",-7614.742456129,"NRI_P080",25
"40967",-17476.989126129,"NRI_P080",50
"40968",-28912.560736129,"NRI_P080",100
"40969",-9833.35862612905,"NRI_P080",25
"40970",-19593.041716129,"NRI_P080",50
"40971",-15117.936306129,"NRI_P080",100
"40972",-13134.512016129,"NRI_P080",25
"40973",-917.175466129032,"NRI_P080",50
"40974",-26756.194326129,"NRI_P080",100
"40975",-9436.91291612905,"NRI_P080",25
"40976",-27650.409696129,"NRI_P080",50
"40977",-42788.824896129,"NRI_P080",100
"40978",-6161.25091612904,"NRI_P080",25
"40979",-26794.571856129,"NRI_P080",50
"40980",-29815.163486129,"NRI_P080",100
"40981",-6987.35273612902,"NRI_P080",25
"40982",-7501.86401612899,"NRI_P080",50
"40983",-41607.207946129,"NRI_P080",100
"40984",-5091.99683612905,"NRI_P080",25
"40985",-21632.660116129,"NRI_P080",50
"40986",-33759.308986129,"NRI_P080",100
"40987",-8461.35073612904,"NRI_P080",25
"40988",-650.633786129009,"NRI_P080",50
"40989",-37942.536496129,"NRI_P080",100
"40990",-6901.70453612902,"NRI_P080",25
"40991",-28021.766926129,"NRI_P080",50
"40992",-30540.878766129,"NRI_P080",100
"40993",14299.577583871,"NRI_P080",25
"40994",3691.93129387096,"NRI_P080",50
"40995",-16668.357836129,"NRI_P080",100
"40996",-17414.4624061291,"NRI_P080",25
"40997",6002.184623871,"NRI_P080",50
"40998",-30054.218426129,"NRI_P080",100
"40999",-7688.17097612901,"NRI_P080",25
"41000",-18754.944026129,"NRI_P080",50
"41001",-32776.424616129,"NRI_P080",100
"41002",-23228.711916129,"NRI_P080",25
"41003",-26049.701386129,"NRI_P080",50
"41004",-31738.236106129,"NRI_P080",100
"41005",45110.410483871,"NRI_P080",25
"41006",-4194.492136129,"NRI_P080",50
"41007",-36147.317246129,"NRI_P080",100
"41008",6813.37918387097,"NRI_P080",25
"41009",-3138.41007612902,"NRI_P080",50
"41010",-34147.442636129,"NRI_P080",100
"41011",-9807.921616129,"NRI_P080",25
"41012",-28543.015416129,"NRI_P080",50
"41013",-35088.0806561291,"NRI_P080",100
"41014",-12602.952416129,"NRI_P080",25
"41015",-11876.902116129,"NRI_P080",50
"41016",-23455.820036129,"NRI_P080",100
"41017",-3161.80837612902,"NRI_P080",25
"41018",-11313.733736129,"NRI_P080",50
"41019",-38713.063116129,"NRI_P080",100
"41020",1501.21378387098,"NRI_P080",25
"41021",-12406.639906129,"NRI_P080",50
"41022",-21005.144136129,"NRI_P080",100
"41023",-10980.250666129,"NRI_P080",25
"41024",-10288.453426129,"NRI_P080",50
"41025",-31335.690966129,"NRI_P080",100
"41026",-9879.79548612901,"NRI_P080",25
"41027",-15808.170756129,"NRI_P080",50
"41028",-37931.030346129,"NRI_P080",100
"41029",6348.05652387097,"NRI_P080",25
"41030",-21292.950016129,"NRI_P080",50
"41031",-29764.079836129,"NRI_P080",100
"41032",-5709.19400612905,"NRI_P080",25
"41033",-8608.89147612901,"NRI_P080",50
"41034",-37631.290086129,"NRI_P080",100
"41035",-6598.83801612904,"NRI_P080",25
"41036",-22338.065876129,"NRI_P080",50
"41037",-19634.732656129,"NRI_P080",100
"41038",-23594.174786129,"NRI_P080",25
"41039",-14043.398946129,"NRI_P080",50
"41040",-34206.087116129,"NRI_P080",100
"41041",-7002.97151612904,"NRI_P080",25
"41042",-4600.79043612903,"NRI_P080",50
"41043",-28920.999816129,"NRI_P080",100
"41044",-8384.29481612903,"NRI_P080",25
"41045",-19387.610106129,"NRI_P080",50
"41046",-34573.488776129,"NRI_P080",100
"41047",-5178.33191612904,"NRI_P080",25
"41048",-24086.811616129,"NRI_P080",50
"41049",-37282.175226129,"NRI_P080",100
"41050",-9743.02081612905,"NRI_P080",25
"41051",-14102.208016129,"NRI_P080",50
"41052",-34360.213286129,"NRI_P080",100
"41053",-3167.22247612901,"NRI_P080",25
"41054",-19378.808246129,"NRI_P080",50
"41055",-32206.026146129,"NRI_P080",100
"41056",-5937.852206129,"NRI_P080",25
"41057",-24281.191176129,"NRI_P080",50
"41058",-39389.1969261291,"NRI_P080",100
"41059",-17224.389796129,"NRI_P080",25
"41060",-20702.7810061291,"NRI_P080",50
"41061",-38694.371876129,"NRI_P080",100
"41062",-3731.98604612902,"NRI_P080",25
"41063",14040.221153871,"NRI_P080",50
"41064",-30912.648866129,"NRI_P080",100
"41065",-19333.9816161291,"NRI_P080",25
"41066",-30263.614316129,"NRI_P080",50
"41067",-40310.366066129,"NRI_P080",100
"41068",12710.590823871,"NRI_P080",25
"41069",-12557.908626129,"NRI_P080",50
"41070",-36178.981926129,"NRI_P080",100
"41071",-11647.863376129,"NRI_P080",25
"41072",7336.122903871,"NRI_P080",50
"41073",-31557.086406129,"NRI_P080",100
"41074",-16482.183076129,"NRI_P080",25
"41075",-29729.228616129,"NRI_P080",50
"41076",-33552.294336129,"NRI_P080",100
"41077",-1941.62301612902,"NRI_P080",25
"41078",-17574.265856129,"NRI_P080",50
"41079",5277.11560387095,"NRI_P080",100
"41080",-10408.395036129,"NRI_P080",25
"41081",-10777.522086129,"NRI_P080",50
"41082",-18832.055006129,"NRI_P080",100
"41083",15527.713423871,"NRI_P080",25
"41084",-23602.933476129,"NRI_P080",50
"41085",-36264.507386129,"NRI_P080",100
"41086",-5736.47868612903,"NRI_P080",25
"41087",-7228.68348612904,"NRI_P080",50
"41088",-43910.504666129,"NRI_P080",100
"41089",-4289.61791612901,"NRI_P080",25
"41090",-7092.67444612901,"NRI_P080",50
"41091",-36194.018706129,"NRI_P080",100
"41092",-2793.90387612901,"NRI_P080",25
"41093",-12002.425576129,"NRI_P080",50
"41094",27472.002193871,"NRI_P080",100
"41095",-19806.871686129,"NRI_P080",25
"41096",-29635.785076129,"NRI_P080",50
"41097",-43217.405126129,"NRI_P080",100
"41098",-6270.12571612903,"NRI_P080",25
"41099",-6658.479996129,"NRI_P080",50
"41100",-32802.933476129,"NRI_P080",100
"41101",2273.68536114,"NRI_P081",25
"41102",-17711.53944886,"NRI_P081",50
"41103",-17615.04225886,"NRI_P081",100
"41104",1111.81663113995,"NRI_P081",25
"41105",-18773.64302886,"NRI_P081",50
"41106",-19103.30374886,"NRI_P081",100
"41107",-1425.70362886001,"NRI_P081",25
"41108",-4736.46302886005,"NRI_P081",50
"41109",-17623.56477886,"NRI_P081",100
"41110",-3072.96817886003,"NRI_P081",25
"41111",-10540.76412886,"NRI_P081",50
"41112",-17831.11222886,"NRI_P081",100
"41113",-2085.77025886002,"NRI_P081",25
"41114",-14440.57038886,"NRI_P081",50
"41115",-27375.06282886,"NRI_P081",100
"41116",-11056.49096886,"NRI_P081",25
"41117",8733.09651114,"NRI_P081",50
"41118",-28360.36887886,"NRI_P081",100
"41119",326.805691140005,"NRI_P081",25
"41120",-10037.23445886,"NRI_P081",50
"41121",-18523.88071886,"NRI_P081",100
"41122",-10463.71911886,"NRI_P081",25
"41123",-18084.86252886,"NRI_P081",50
"41124",-18228.51629886,"NRI_P081",100
"41125",-8553.57866886002,"NRI_P081",25
"41126",-17398.42169886,"NRI_P081",50
"41127",-12719.30835886,"NRI_P081",100
"41128",-4038.45865886001,"NRI_P081",25
"41129",-11991.77281886,"NRI_P081",50
"41130",-20156.93665886,"NRI_P081",100
"41131",-11187.10460886,"NRI_P081",25
"41132",-17324.77188886,"NRI_P081",50
"41133",-21040.57442886,"NRI_P081",100
"41134",-12791.49753886,"NRI_P081",25
"41135",3516.35717113997,"NRI_P081",50
"41136",-19167.58324886,"NRI_P081",100
"41137",8066.18972113996,"NRI_P081",25
"41138",-20174.66602886,"NRI_P081",50
"41139",-17413.64377886,"NRI_P081",100
"41140",-58.038438860036,"NRI_P081",25
"41141",-21388.27870886,"NRI_P081",50
"41142",-34894.91496886,"NRI_P081",100
"41143",-12378.77188886,"NRI_P081",25
"41144",-7412.90741886001,"NRI_P081",50
"41145",-16053.14473886,"NRI_P081",100
"41146",-13222.86985886,"NRI_P081",25
"41147",-13544.56136886,"NRI_P081",50
"41148",-13355.56262886,"NRI_P081",100
"41149",-12674.44688886,"NRI_P081",25
"41150",5424.59138114,"NRI_P081",50
"41151",-13583.80816886,"NRI_P081",100
"41152",444.029621139984,"NRI_P081",25
"41153",-8118.38948886003,"NRI_P081",50
"41154",-20162.17368886,"NRI_P081",100
"41155",8747.99779113999,"NRI_P081",25
"41156",-19629.74589886,"NRI_P081",50
"41157",-5367.29289886,"NRI_P081",100
"41158",-6569.22835886001,"NRI_P081",25
"41159",328.134131139959,"NRI_P081",50
"41160",-21688.51666886,"NRI_P081",100
"41161",-15156.85198886,"NRI_P081",25
"41162",-2524.45073886,"NRI_P081",50
"41163",-8016.32930886,"NRI_P081",100
"41164",-3550.39278886002,"NRI_P081",25
"41165",-10129.51313886,"NRI_P081",50
"41166",384.876801139966,"NRI_P081",100
"41167",-7801.03954886005,"NRI_P081",25
"41168",-13755.90358886,"NRI_P081",50
"41169",-12824.66842886,"NRI_P081",100
"41170",-1865.01322886004,"NRI_P081",25
"41171",-33151.41609886,"NRI_P081",50
"41172",-26374.64540886,"NRI_P081",100
"41173",-8609.82368885999,"NRI_P081",25
"41174",-10966.80693886,"NRI_P081",50
"41175",-7176.18508886005,"NRI_P081",100
"41176",-1640.03208886,"NRI_P081",25
"41177",-8890.05061886,"NRI_P081",50
"41178",-15637.39596886,"NRI_P081",100
"41179",-7541.82357886003,"NRI_P081",25
"41180",-19579.96252886,"NRI_P081",50
"41181",-18017.94645886,"NRI_P081",100
"41182",-8991.29391886003,"NRI_P081",25
"41183",-977.382518860046,"NRI_P081",50
"41184",-12022.80088886,"NRI_P081",100
"41185",-15215.71994886,"NRI_P081",25
"41186",-14281.79643886,"NRI_P081",50
"41187",-23633.58689886,"NRI_P081",100
"41188",2736.01740114001,"NRI_P081",25
"41189",-11543.27403886,"NRI_P081",50
"41190",-1787.08107886004,"NRI_P081",100
"41191",-12176.40301886,"NRI_P081",25
"41192",-2276.77731886,"NRI_P081",50
"41193",-17639.22718886,"NRI_P081",100
"41194",7333.10834113997,"NRI_P081",25
"41195",3556.52239114,"NRI_P081",50
"41196",-26857.22012886,"NRI_P081",100
"41197",-569.496058860037,"NRI_P081",25
"41198",-7367.79100886005,"NRI_P081",50
"41199",-11635.53515886,"NRI_P081",100
"41200",-9742.88379886001,"NRI_P081",25
"41201",-14644.88534886,"NRI_P081",50
"41202",-20366.52581886,"NRI_P081",100
"41203",-11200.48946886,"NRI_P081",25
"41204",-471.655218860018,"NRI_P081",50
"41205",-22229.94626886,"NRI_P081",100
"41206",-5099.52722886001,"NRI_P081",25
"41207",-13053.54973886,"NRI_P081",50
"41208",-29520.33758886,"NRI_P081",100
"41209",-10623.82941886,"NRI_P081",25
"41210",-9074.72093886003,"NRI_P081",50
"41211",-25472.10685886,"NRI_P081",100
"41212",-4954.04843886005,"NRI_P081",25
"41213",-15230.35739886,"NRI_P081",50
"41214",-27275.48193886,"NRI_P081",100
"41215",-834.629668859998,"NRI_P081",25
"41216",-15187.39413886,"NRI_P081",50
"41217",-23369.58803886,"NRI_P081",100
"41218",-6719.68240886001,"NRI_P081",25
"41219",-16554.01496886,"NRI_P081",50
"41220",-1533.55071886,"NRI_P081",100
"41221",-5717.07409886003,"NRI_P081",25
"41222",-5962.63442886004,"NRI_P081",50
"41223",-23883.96469886,"NRI_P081",100
"41224",-10893.23894886,"NRI_P081",25
"41225",18.3271111399517,"NRI_P081",50
"41226",-26046.61084886,"NRI_P081",100
"41227",-6789.16873886,"NRI_P081",25
"41228",-8996.35743886,"NRI_P081",50
"41229",-36052.49902886,"NRI_P081",100
"41230",-11775.54315886,"NRI_P081",25
"41231",-12836.44815886,"NRI_P081",50
"41232",-19775.28873886,"NRI_P081",100
"41233",63.2297011399642,"NRI_P081",25
"41234",-25408.79847886,"NRI_P081",50
"41235",-5471.41423886002,"NRI_P081",100
"41236",3956.43683113996,"NRI_P081",25
"41237",6131.63031113998,"NRI_P081",50
"41238",-28606.14746886,"NRI_P081",100
"41239",-8434.32540885999,"NRI_P081",25
"41240",-32135.57298886,"NRI_P081",50
"41241",-13447.63978886,"NRI_P081",100
"41242",-12277.04604886,"NRI_P081",25
"41243",-9626.78270886,"NRI_P081",50
"41244",-21643.44395886,"NRI_P081",100
"41245",-7754.60512886004,"NRI_P081",25
"41246",-20203.69069886,"NRI_P081",50
"41247",-15508.87742886,"NRI_P081",100
"41248",-3150.09711885999,"NRI_P081",25
"41249",10638.28886114,"NRI_P081",50
"41250",-27234.19894886,"NRI_P081",100
"41251",-1198.23713886004,"NRI_P081",25
"41252",-6123.68336886005,"NRI_P081",50
"41253",-28489.66477886,"NRI_P081",100
"41254",-13406.46438886,"NRI_P081",25
"41255",-15805.07120886,"NRI_P081",50
"41256",748.707451139984,"NRI_P081",100
"41257",-1745.31084886001,"NRI_P081",25
"41258",-16812.71804886,"NRI_P081",50
"41259",-24557.90776886,"NRI_P081",100
"41260",-10821.03298886,"NRI_P081",25
"41261",-11208.39110886,"NRI_P081",50
"41262",-21712.37795886,"NRI_P081",100
"41263",6754.17814113997,"NRI_P081",25
"41264",-7532.17674886005,"NRI_P081",50
"41265",-18471.50687886,"NRI_P081",100
"41266",-5352.85609886004,"NRI_P081",25
"41267",-13890.01259886,"NRI_P081",50
"41268",-28818.98408886,"NRI_P081",100
"41269",-7145.87246886001,"NRI_P081",25
"41270",-18493.45342886,"NRI_P081",50
"41271",-4916.51606886002,"NRI_P081",100
"41272",-9421.47662885999,"NRI_P081",25
"41273",-18674.05517886,"NRI_P081",50
"41274",-23104.94918886,"NRI_P081",100
"41275",-19353.50500886,"NRI_P081",25
"41276",-17698.32566886,"NRI_P081",50
"41277",-12275.81636886,"NRI_P081",100
"41278",-16926.69362886,"NRI_P081",25
"41279",-8870.23679886002,"NRI_P081",50
"41280",-23958.08369886,"NRI_P081",100
"41281",940.668711139995,"NRI_P081",25
"41282",5600.95357113995,"NRI_P081",50
"41283",-18957.62963886,"NRI_P081",100
"41284",-1133.04620886,"NRI_P081",25
"41285",-1843.16204886005,"NRI_P081",50
"41286",-26358.66270886,"NRI_P081",100
"41287",-12159.37110886,"NRI_P081",25
"41288",-18099.27580886,"NRI_P081",50
"41289",-37394.24287886,"NRI_P081",100
"41290",-6038.14711886004,"NRI_P081",25
"41291",9173.79203114001,"NRI_P081",50
"41292",-1949.33018886001,"NRI_P081",100
"41293",-4949.63860886003,"NRI_P081",25
"41294",-7833.21927886002,"NRI_P081",50
"41295",-15479.33251886,"NRI_P081",100
"41296",-6474.83003886003,"NRI_P081",25
"41297",-22119.74285886,"NRI_P081",50
"41298",-20177.23017886,"NRI_P081",100
"41299",-5446.69992886001,"NRI_P081",25
"41300",-12277.99148886,"NRI_P081",50
"41301",-21481.05487886,"NRI_P081",100
"41302",-467.751528860012,"NRI_P081",25
"41303",-11892.35650886,"NRI_P081",50
"41304",-23985.33370886,"NRI_P081",100
"41305",-3761.51565886004,"NRI_P081",25
"41306",-13976.67063886,"NRI_P081",50
"41307",-19736.86973886,"NRI_P081",100
"41308",-769.458748859994,"NRI_P081",25
"41309",-18242.38181886,"NRI_P081",50
"41310",-25393.41335886,"NRI_P081",100
"41311",2521.54975114,"NRI_P081",25
"41312",-18721.33010886,"NRI_P081",50
"41313",-26551.16072886,"NRI_P081",100
"41314",2494.08491113997,"NRI_P081",25
"41315",-26610.52781886,"NRI_P081",50
"41316",-14284.26168886,"NRI_P081",100
"41317",-11987.81370886,"NRI_P081",25
"41318",-17771.80662886,"NRI_P081",50
"41319",-30765.92591886,"NRI_P081",100
"41320",669.712691139954,"NRI_P081",25
"41321",-3405.01166886004,"NRI_P081",50
"41322",-18492.86553886,"NRI_P081",100
"41323",-11360.77426886,"NRI_P081",25
"41324",-16367.96447886,"NRI_P081",50
"41325",-16930.27165886,"NRI_P081",100
"41326",-6613.79150886001,"NRI_P081",25
"41327",-1185.19477886002,"NRI_P081",50
"41328",-22494.20792886,"NRI_P081",100
"41329",-15019.18156886,"NRI_P081",25
"41330",-19948.55033886,"NRI_P081",50
"41331",5901.56499113998,"NRI_P081",100
"41332",-8037.81178886001,"NRI_P081",25
"41333",-19821.92109886,"NRI_P081",50
"41334",-22601.51220886,"NRI_P081",100
"41335",-6641.68174886005,"NRI_P081",25
"41336",-7302.11838886002,"NRI_P081",50
"41337",-31335.35108886,"NRI_P081",100
"41338",-3523.97708886,"NRI_P081",25
"41339",-8164.87826886005,"NRI_P081",50
"41340",-18852.09327886,"NRI_P081",100
"41341",-8138.01984886004,"NRI_P081",25
"41342",-3378.59854886,"NRI_P081",50
"41343",-23646.71168886,"NRI_P081",100
"41344",945.742251140007,"NRI_P081",25
"41345",3694.83729113999,"NRI_P081",50
"41346",-19594.40489886,"NRI_P081",100
"41347",-7028.39671886002,"NRI_P081",25
"41348",-7196.97507886001,"NRI_P081",50
"41349",-22161.60028886,"NRI_P081",100
"41350",-3524.17227886,"NRI_P081",25
"41351",-13164.84202886,"NRI_P081",50
"41352",-19970.59990886,"NRI_P081",100
"41353",-8450.13739886001,"NRI_P081",25
"41354",9219.78825113998,"NRI_P081",50
"41355",-16010.48567886,"NRI_P081",100
"41356",-4379.41417886002,"NRI_P081",25
"41357",-12588.62157886,"NRI_P081",50
"41358",-35517.83806886,"NRI_P081",100
"41359",-10210.44749886,"NRI_P081",25
"41360",-22369.81604886,"NRI_P081",50
"41361",-15809.69512886,"NRI_P081",100
"41362",7191.11201113998,"NRI_P081",25
"41363",-11701.00312886,"NRI_P081",50
"41364",-23682.39169886,"NRI_P081",100
"41365",-1609.54834886,"NRI_P081",25
"41366",-27780.45155886,"NRI_P081",50
"41367",-30645.25450886,"NRI_P081",100
"41368",797.143651139981,"NRI_P081",25
"41369",-10355.07207886,"NRI_P081",50
"41370",-19606.79939886,"NRI_P081",100
"41371",-5157.76613886002,"NRI_P081",25
"41372",-10011.38799886,"NRI_P081",50
"41373",-25311.39734886,"NRI_P081",100
"41374",949.965911139967,"NRI_P081",25
"41375",-13636.43607886,"NRI_P081",50
"41376",9077.94313113997,"NRI_P081",100
"41377",-5504.20828886004,"NRI_P081",25
"41378",-7159.85946886003,"NRI_P081",50
"41379",-6311.64496886003,"NRI_P081",100
"41380",2005.06280113995,"NRI_P081",25
"41381",184.207621139998,"NRI_P081",50
"41382",-37700.53659886,"NRI_P081",100
"41383",-9352.86120886001,"NRI_P081",25
"41384",-6682.27627885999,"NRI_P081",50
"41385",-14537.83289886,"NRI_P081",100
"41386",-10156.55982886,"NRI_P081",25
"41387",-5695.74253886001,"NRI_P081",50
"41388",-25308.94158886,"NRI_P081",100
"41389",-5301.14116886002,"NRI_P081",25
"41390",-18963.56118886,"NRI_P081",50
"41391",-34784.44716886,"NRI_P081",100
"41392",-5832.84573886002,"NRI_P081",25
"41393",-20809.30113886,"NRI_P081",50
"41394",-12785.25194886,"NRI_P081",100
"41395",-11160.41654886,"NRI_P081",25
"41396",-8375.77033886005,"NRI_P081",50
"41397",-30137.21503886,"NRI_P081",100
"41398",-6696.87960886001,"NRI_P081",25
"41399",-18561.72890886,"NRI_P081",50
"41400",-27210.27735886,"NRI_P081",100
"41401",-1630.80498540701,"NRI_P082",25
"41402",7846.05484459299,"NRI_P082",50
"41403",-1179.90688540699,"NRI_P082",100
"41404",215.363544592983,"NRI_P082",25
"41405",3778.04624459299,"NRI_P082",50
"41406",-529.621555407008,"NRI_P082",100
"41407",-3962.73085540699,"NRI_P082",25
"41408",-1282.02865540699,"NRI_P082",50
"41409",-1034.181375407,"NRI_P082",100
"41410",145.278164593008,"NRI_P082",25
"41411",-4652.75095540701,"NRI_P082",50
"41412",391.773554593005,"NRI_P082",100
"41413",61.7971445930016,"NRI_P082",25
"41414",-934.472555407003,"NRI_P082",50
"41415",1846.91636459299,"NRI_P082",100
"41416",348.766544593003,"NRI_P082",25
"41417",-544.799755407003,"NRI_P082",50
"41418",3316.73554459299,"NRI_P082",100
"41419",14704.626644593,"NRI_P082",25
"41420",74.9021845929965,"NRI_P082",50
"41421",13844.047544593,"NRI_P082",100
"41422",1314.67046459299,"NRI_P082",25
"41423",-2282.33536540699,"NRI_P082",50
"41424",2018.80075459299,"NRI_P082",100
"41425",-3847.80485540701,"NRI_P082",25
"41426",-5177.71040540701,"NRI_P082",50
"41427",5068.26006459299,"NRI_P082",100
"41428",-1496.805645407,"NRI_P082",25
"41429",-1995.15045540701,"NRI_P082",50
"41430",-704.397005406994,"NRI_P082",100
"41431",-3853.536415407,"NRI_P082",25
"41432",-2553.057235407,"NRI_P082",50
"41433",474.897244592983,"NRI_P082",100
"41434",-1124.68835540701,"NRI_P082",25
"41435",-3432.306925407,"NRI_P082",50
"41436",1792.59165459301,"NRI_P082",100
"41437",-1585.291055407,"NRI_P082",25
"41438",948.496644592989,"NRI_P082",50
"41439",3341.63927459301,"NRI_P082",100
"41440",-3828.377135407,"NRI_P082",25
"41441",-2182.32692540699,"NRI_P082",50
"41442",-1265.71650540701,"NRI_P082",100
"41443",139.448044593009,"NRI_P082",25
"41444",4672.40454459301,"NRI_P082",50
"41445",-2820.061305407,"NRI_P082",100
"41446",2123.82554459298,"NRI_P082",25
"41447",1411.57084459299,"NRI_P082",50
"41448",3400.07199459299,"NRI_P082",100
"41449",-96.8691854070057,"NRI_P082",25
"41450",10399.262244593,"NRI_P082",50
"41451",-2717.17555540701,"NRI_P082",100
"41452",-1.06445540700224,"NRI_P082",25
"41453",-1026.94744540702,"NRI_P082",50
"41454",-2286.05255540699,"NRI_P082",100
"41455",-728.93675540699,"NRI_P082",25
"41456",8476.26215459299,"NRI_P082",50
"41457",-191.001945407013,"NRI_P082",100
"41458",4591.03284459299,"NRI_P082",25
"41459",-3114.000285407,"NRI_P082",50
"41460",-909.994815407001,"NRI_P082",100
"41461",-64.7241054069891,"NRI_P082",25
"41462",-2733.47038540701,"NRI_P082",50
"41463",-619.843865406991,"NRI_P082",100
"41464",1487.76724459301,"NRI_P082",25
"41465",2150.463454593,"NRI_P082",50
"41466",-3237.33432540699,"NRI_P082",100
"41467",-4012.34835540701,"NRI_P082",25
"41468",2550.873044593,"NRI_P082",50
"41469",-2128.15376540701,"NRI_P082",100
"41470",-158.567055407009,"NRI_P082",25
"41471",3112.28876459299,"NRI_P082",50
"41472",-2096.564325407,"NRI_P082",100
"41473",-3458.090855407,"NRI_P082",25
"41474",-2128.415455407,"NRI_P082",50
"41475",-2052.68645540701,"NRI_P082",100
"41476",-1519.894655407,"NRI_P082",25
"41477",-2308.84735540699,"NRI_P082",50
"41478",-3032.97265540701,"NRI_P082",100
"41479",2723.25944459299,"NRI_P082",25
"41480",-4808.58805540702,"NRI_P082",50
"41481",-1126.87186540701,"NRI_P082",100
"41482",2585.83664459299,"NRI_P082",25
"41483",-98.019255407009,"NRI_P082",50
"41484",-772.325755407015,"NRI_P082",100
"41485",-3721.97295540699,"NRI_P082",25
"41486",-3624.57805540701,"NRI_P082",50
"41487",-1441.38402540699,"NRI_P082",100
"41488",-961.095555406995,"NRI_P082",25
"41489",-153.502505406999,"NRI_P082",50
"41490",-3967.352195407,"NRI_P082",100
"41491",-3521.404215407,"NRI_P082",25
"41492",-1077.20473540699,"NRI_P082",50
"41493",-3545.562295407,"NRI_P082",100
"41494",-1607.69228540701,"NRI_P082",25
"41495",-4176.13505540701,"NRI_P082",50
"41496",-1651.37733540701,"NRI_P082",100
"41497",-1167.645355407,"NRI_P082",25
"41498",686.059894592996,"NRI_P082",50
"41499",1068.82825459298,"NRI_P082",100
"41500",-3443.387645407,"NRI_P082",25
"41501",7675.40524459298,"NRI_P082",50
"41502",-2158.58675540701,"NRI_P082",100
"41503",-1574.747735407,"NRI_P082",25
"41504",-586.245155406999,"NRI_P082",50
"41505",860.752744592988,"NRI_P082",100
"41506",3027.666544593,"NRI_P082",25
"41507",-4610.21625540699,"NRI_P082",50
"41508",-2677.351985407,"NRI_P082",100
"41509",680.270644592994,"NRI_P082",25
"41510",-1314.178455407,"NRI_P082",50
"41511",-3185.58881540701,"NRI_P082",100
"41512",-1165.57625540701,"NRI_P082",25
"41513",-1721.920825407,"NRI_P082",50
"41514",-4448.300855407,"NRI_P082",100
"41515",6108.490644593,"NRI_P082",25
"41516",2995.16704459299,"NRI_P082",50
"41517",-622.126335406996,"NRI_P082",100
"41518",1289.33354459298,"NRI_P082",25
"41519",-34.938055406994,"NRI_P082",50
"41520",13262.465964593,"NRI_P082",100
"41521",288.533364592993,"NRI_P082",25
"41522",197.517944592983,"NRI_P082",50
"41523",-4019.25979540701,"NRI_P082",100
"41524",1282.982244593,"NRI_P082",25
"41525",4119.28610459299,"NRI_P082",50
"41526",-3749.75975540699,"NRI_P082",100
"41527",-3433.76865540701,"NRI_P082",25
"41528",7025.10217459299,"NRI_P082",50
"41529",-162.367955407011,"NRI_P082",100
"41530",-1117.48875540702,"NRI_P082",25
"41531",1027.08464459301,"NRI_P082",50
"41532",-3853.51993540701,"NRI_P082",100
"41533",1339.42714459301,"NRI_P082",25
"41534",723.914364592987,"NRI_P082",50
"41535",5034.517014593,"NRI_P082",100
"41536",475.033744593005,"NRI_P082",25
"41537",-985.801125407015,"NRI_P082",50
"41538",-3163.27271540702,"NRI_P082",100
"41539",3529.540444593,"NRI_P082",25
"41540",7035.361394593,"NRI_P082",50
"41541",1185.03225459301,"NRI_P082",100
"41542",2819.838144593,"NRI_P082",25
"41543",4920.59246459301,"NRI_P082",50
"41544",1045.366944593,"NRI_P082",100
"41545",-58.0519554069906,"NRI_P082",25
"41546",-2739.44958540701,"NRI_P082",50
"41547",-3062.607435407,"NRI_P082",100
"41548",4454.95864459299,"NRI_P082",25
"41549",4132.603544593,"NRI_P082",50
"41550",8455.805694593,"NRI_P082",100
"41551",804.797244593006,"NRI_P082",25
"41552",-3708.951755407,"NRI_P082",50
"41553",-3734.516655407,"NRI_P082",100
"41554",10644.929444593,"NRI_P082",25
"41555",3126.115794593,"NRI_P082",50
"41556",-806.134325407009,"NRI_P082",100
"41557",-3871.57078540701,"NRI_P082",25
"41558",-795.638055407006,"NRI_P082",50
"41559",-905.220225407014,"NRI_P082",100
"41560",2836.47501459299,"NRI_P082",25
"41561",3192.004144593,"NRI_P082",50
"41562",2480.62000459299,"NRI_P082",100
"41563",564.748144593003,"NRI_P082",25
"41564",-948.254955406999,"NRI_P082",50
"41565",6541.83594459301,"NRI_P082",100
"41566",-1569.60684540699,"NRI_P082",25
"41567",-1320.30412540701,"NRI_P082",50
"41568",3056.44535459299,"NRI_P082",100
"41569",589.876294593007,"NRI_P082",25
"41570",360.196254593,"NRI_P082",50
"41571",-807.798655407008,"NRI_P082",100
"41572",8267.97804459301,"NRI_P082",25
"41573",-3227.449645407,"NRI_P082",50
"41574",-2562.22885540701,"NRI_P082",100
"41575",5401.74584459301,"NRI_P082",25
"41576",-3641.086745407,"NRI_P082",50
"41577",-1525.62425540699,"NRI_P082",100
"41578",8858.07814459299,"NRI_P082",25
"41579",879.306444593007,"NRI_P082",50
"41580",-1889.049705407,"NRI_P082",100
"41581",-1414.403955407,"NRI_P082",25
"41582",-2662.67575540699,"NRI_P082",50
"41583",2127.86658459299,"NRI_P082",100
"41584",-617.817625407013,"NRI_P082",25
"41585",-2014.36545540701,"NRI_P082",50
"41586",-4370.50150540701,"NRI_P082",100
"41587",76.095644593006,"NRI_P082",25
"41588",-4981.50595540699,"NRI_P082",50
"41589",-515.540285407013,"NRI_P082",100
"41590",2478.99044459299,"NRI_P082",25
"41591",-132.414955407003,"NRI_P082",50
"41592",-1206.75212540702,"NRI_P082",100
"41593",2617.380344593,"NRI_P082",25
"41594",-2692.343905407,"NRI_P082",50
"41595",-483.107785407017,"NRI_P082",100
"41596",2406.71104459299,"NRI_P082",25
"41597",153.345944592991,"NRI_P082",50
"41598",-2210.97283540701,"NRI_P082",100
"41599",-5393.19132540701,"NRI_P082",25
"41600",1508.41548459299,"NRI_P082",50
"41601",-1258.57695540701,"NRI_P082",100
"41602",-3766.52099540702,"NRI_P082",25
"41603",8215.47454459299,"NRI_P082",50
"41604",13672.007964593,"NRI_P082",100
"41605",298.004294593004,"NRI_P082",25
"41606",3856.33594459301,"NRI_P082",50
"41607",-4462.30750540699,"NRI_P082",100
"41608",972.576344592992,"NRI_P082",25
"41609",760.914744592999,"NRI_P082",50
"41610",-945.069505407009,"NRI_P082",100
"41611",8797.42504459299,"NRI_P082",25
"41612",451.046344592993,"NRI_P082",50
"41613",-1771.310055407,"NRI_P082",100
"41614",1371.01384459299,"NRI_P082",25
"41615",8486.30043459299,"NRI_P082",50
"41616",534.298174592986,"NRI_P082",100
"41617",811.735644592991,"NRI_P082",25
"41618",-4395.258055407,"NRI_P082",50
"41619",-1776.89745540702,"NRI_P082",100
"41620",-674.443455407018,"NRI_P082",25
"41621",1792.06644459299,"NRI_P082",50
"41622",4626.525334593,"NRI_P082",100
"41623",1000.423844593,"NRI_P082",25
"41624",-3727.39693540701,"NRI_P082",50
"41625",-3340.12522540701,"NRI_P082",100
"41626",2810.37091459299,"NRI_P082",25
"41627",7992.904444593,"NRI_P082",50
"41628",4097.400044593,"NRI_P082",100
"41629",10272.136444593,"NRI_P082",25
"41630",5025.69124459301,"NRI_P082",50
"41631",-2041.66612540701,"NRI_P082",100
"41632",10714.618544593,"NRI_P082",25
"41633",1282.95864459299,"NRI_P082",50
"41634",-4520.201705407,"NRI_P082",100
"41635",-3476.58513540699,"NRI_P082",25
"41636",-1439.748255407,"NRI_P082",50
"41637",-2827.93305540699,"NRI_P082",100
"41638",-2520.94205540701,"NRI_P082",25
"41639",-598.457955407008,"NRI_P082",50
"41640",3293.973754593,"NRI_P082",100
"41641",-3516.690055407,"NRI_P082",25
"41642",-2991.056355407,"NRI_P082",50
"41643",-2164.66265540701,"NRI_P082",100
"41644",-2821.322355407,"NRI_P082",25
"41645",771.894734592992,"NRI_P082",50
"41646",1090.761544593,"NRI_P082",100
"41647",4300.565544593,"NRI_P082",25
"41648",4489.93913459301,"NRI_P082",50
"41649",498.847894592996,"NRI_P082",100
"41650",1199.98364459298,"NRI_P082",25
"41651",2807.499344593,"NRI_P082",50
"41652",12231.549934593,"NRI_P082",100
"41653",5095.555144593,"NRI_P082",25
"41654",1997.38764459299,"NRI_P082",50
"41655",4257.95794459298,"NRI_P082",100
"41656",-2690.941955407,"NRI_P082",25
"41657",1354.69086459299,"NRI_P082",50
"41658",2427.71755459299,"NRI_P082",100
"41659",4545.419744593,"NRI_P082",25
"41660",148.633244592987,"NRI_P082",50
"41661",10417.840034593,"NRI_P082",100
"41662",-120.417515406996,"NRI_P082",25
"41663",2724.03804459301,"NRI_P082",50
"41664",4421.59524459299,"NRI_P082",100
"41665",-1253.80725540701,"NRI_P082",25
"41666",-3501.77505540699,"NRI_P082",50
"41667",1299.33656459299,"NRI_P082",100
"41668",1123.98963459299,"NRI_P082",25
"41669",-1312.69071540699,"NRI_P082",50
"41670",-806.936045406997,"NRI_P082",100
"41671",357.193534593011,"NRI_P082",25
"41672",-3405.718905407,"NRI_P082",50
"41673",1238.99605459301,"NRI_P082",100
"41674",-2874.650255407,"NRI_P082",25
"41675",3271.65587459301,"NRI_P082",50
"41676",1999.528144593,"NRI_P082",100
"41677",205.029944593,"NRI_P082",25
"41678",842.581164592993,"NRI_P082",50
"41679",-2707.899245407,"NRI_P082",100
"41680",-1449.18415540701,"NRI_P082",25
"41681",-432.859455407015,"NRI_P082",50
"41682",3382.767644593,"NRI_P082",100
"41683",3203.619054593,"NRI_P082",25
"41684",3723.482844593,"NRI_P082",50
"41685",4614.18743459301,"NRI_P082",100
"41686",3216.85713459301,"NRI_P082",25
"41687",-2495.937055407,"NRI_P082",50
"41688",2448.96545459301,"NRI_P082",100
"41689",-3692.54568540701,"NRI_P082",25
"41690",729.019384593004,"NRI_P082",50
"41691",-2463.97580540701,"NRI_P082",100
"41692",-269.98005540701,"NRI_P082",25
"41693",-1626.999845407,"NRI_P082",50
"41694",1613.61909459298,"NRI_P082",100
"41695",-1493.71895540701,"NRI_P082",25
"41696",-2435.37655540701,"NRI_P082",50
"41697",-4794.596075407,"NRI_P082",100
"41698",-2510.48635540699,"NRI_P082",25
"41699",2150.11854459299,"NRI_P082",50
"41700",-2914.97174540701,"NRI_P082",100
"41701",-3441.28998325003,"NRI_P083",25
"41702",-120.328603250033,"NRI_P083",50
"41703",13062.29042675,"NRI_P083",100
"41704",-3717.33168325003,"NRI_P083",25
"41705",-5236.17692325002,"NRI_P083",50
"41706",-964.856803250033,"NRI_P083",100
"41707",4688.29353674996,"NRI_P083",25
"41708",-3405.97025325004,"NRI_P083",50
"41709",-3992.31081325002,"NRI_P083",100
"41710",-3950.43526325002,"NRI_P083",25
"41711",3074.64814675,"NRI_P083",50
"41712",-2247.87815325003,"NRI_P083",100
"41713",2045.57342674996,"NRI_P083",25
"41714",572.845506749989,"NRI_P083",50
"41715",-6636.30325325002,"NRI_P083",100
"41716",-582.707203250029,"NRI_P083",25
"41717",1159.13684674999,"NRI_P083",50
"41718",-4819.71880325,"NRI_P083",100
"41719",-3859.21465325,"NRI_P083",25
"41720",-1583.98507325002,"NRI_P083",50
"41721",6701.02476674999,"NRI_P083",100
"41722",-3358.48034325003,"NRI_P083",25
"41723",-7678.68573324999,"NRI_P083",50
"41724",-4815.18748324999,"NRI_P083",100
"41725",3071.14968674997,"NRI_P083",25
"41726",9562.30534674996,"NRI_P083",50
"41727",-5121.55875324999,"NRI_P083",100
"41728",472.628316749993,"NRI_P083",25
"41729",-7847.31970325002,"NRI_P083",50
"41730",-3446.45537325001,"NRI_P083",100
"41731",-109.760743250023,"NRI_P083",25
"41732",-4354.95898325002,"NRI_P083",50
"41733",-2376.14384325,"NRI_P083",100
"41734",-2346.30040325003,"NRI_P083",25
"41735",-2417.25802325003,"NRI_P083",50
"41736",-5197.43317325,"NRI_P083",100
"41737",-725.407563250046,"NRI_P083",25
"41738",-871.039463250025,"NRI_P083",50
"41739",2195.53060674999,"NRI_P083",100
"41740",-2723.11857325002,"NRI_P083",25
"41741",6717.76081675,"NRI_P083",50
"41742",-685.849123249995,"NRI_P083",100
"41743",-3808.41570325004,"NRI_P083",25
"41744",-2836.04494325002,"NRI_P083",50
"41745",-474.222443250008,"NRI_P083",100
"41746",1233.91312674998,"NRI_P083",25
"41747",-5421.82841325004,"NRI_P083",50
"41748",2801.62428674998,"NRI_P083",100
"41749",758.783926750009,"NRI_P083",25
"41750",556.981736749993,"NRI_P083",50
"41751",18155.40722675,"NRI_P083",100
"41752",2344.15504674998,"NRI_P083",25
"41753",-4832.48566325003,"NRI_P083",50
"41754",4519.43808674999,"NRI_P083",100
"41755",15049.36912675,"NRI_P083",25
"41756",282.139646750002,"NRI_P083",50
"41757",1988.66204674996,"NRI_P083",100
"41758",647.91435674997,"NRI_P083",25
"41759",-3423.64127325005,"NRI_P083",50
"41760",3704.67387674999,"NRI_P083",100
"41761",-1845.38679325004,"NRI_P083",25
"41762",10304.48420675,"NRI_P083",50
"41763",-655.93773325003,"NRI_P083",100
"41764",467.400036749954,"NRI_P083",25
"41765",1739.33389675,"NRI_P083",50
"41766",47473.47502675,"NRI_P083",100
"41767",-4516.65564325004,"NRI_P083",25
"41768",-3564.81303325004,"NRI_P083",50
"41769",9826.95562674996,"NRI_P083",100
"41770",-7226.42597325001,"NRI_P083",25
"41771",43636.13078675,"NRI_P083",50
"41772",-3348.03378325002,"NRI_P083",100
"41773",326.179016749957,"NRI_P083",25
"41774",4980.73453675001,"NRI_P083",50
"41775",5784.20272674999,"NRI_P083",100
"41776",-2597.66784325003,"NRI_P083",25
"41777",-2825.15946325002,"NRI_P083",50
"41778",-7615.16474325,"NRI_P083",100
"41779",-5127.36574325,"NRI_P083",25
"41780",8353.12093674997,"NRI_P083",50
"41781",-2239.10193325003,"NRI_P083",100
"41782",1301.33914674999,"NRI_P083",25
"41783",-3119.37413325004,"NRI_P083",50
"41784",-5803.43230325001,"NRI_P083",100
"41785",5190.71445674996,"NRI_P083",25
"41786",-3765.79617325001,"NRI_P083",50
"41787",8851.33658675,"NRI_P083",100
"41788",1289.54857674998,"NRI_P083",25
"41789",11548.05831675,"NRI_P083",50
"41790",-7688.53289325,"NRI_P083",100
"41791",4231.61799674999,"NRI_P083",25
"41792",-1888.37817325001,"NRI_P083",50
"41793",9381.90241674997,"NRI_P083",100
"41794",1378.11155674997,"NRI_P083",25
"41795",14747.72294675,"NRI_P083",50
"41796",-1575.28593325004,"NRI_P083",100
"41797",1653.07401674998,"NRI_P083",25
"41798",-2070.87482324999,"NRI_P083",50
"41799",-35.6820432500099,"NRI_P083",100
"41800",-7515.15976325003,"NRI_P083",25
"41801",-5289.69475324999,"NRI_P083",50
"41802",1930.76536674995,"NRI_P083",100
"41803",-4816.76673325,"NRI_P083",25
"41804",8133.60490674997,"NRI_P083",50
"41805",-2405.64891325001,"NRI_P083",100
"41806",-6932.60127325001,"NRI_P083",25
"41807",5396.27705674997,"NRI_P083",50
"41808",5454.93671674997,"NRI_P083",100
"41809",5919.72789674997,"NRI_P083",25
"41810",-4300.24176325003,"NRI_P083",50
"41811",3179.89445674996,"NRI_P083",100
"41812",-319.305173250032,"NRI_P083",25
"41813",-7176.27700325003,"NRI_P083",50
"41814",-3895.57043325005,"NRI_P083",100
"41815",-236.67793325003,"NRI_P083",25
"41816",-6815.11978325003,"NRI_P083",50
"41817",-3513.74726325,"NRI_P083",100
"41818",-5943.67172325001,"NRI_P083",25
"41819",-2854.99396325002,"NRI_P083",50
"41820",38332.74383675,"NRI_P083",100
"41821",796.402526749996,"NRI_P083",25
"41822",-3697.69550325,"NRI_P083",50
"41823",6743.43575675,"NRI_P083",100
"41824",2752.69200674997,"NRI_P083",25
"41825",-5237.70211325004,"NRI_P083",50
"41826",32659.72380675,"NRI_P083",100
"41827",1010.97804675001,"NRI_P083",25
"41828",-4020.12464325002,"NRI_P083",50
"41829",-3652.71771325002,"NRI_P083",100
"41830",-1429.76114325004,"NRI_P083",25
"41831",1955.91710674996,"NRI_P083",50
"41832",50774.78043675,"NRI_P083",100
"41833",-762.766173250042,"NRI_P083",25
"41834",-3107.90529324999,"NRI_P083",50
"41835",-379.75891325,"NRI_P083",100
"41836",2439.19565675,"NRI_P083",25
"41837",12902.34162675,"NRI_P083",50
"41838",13818.45151675,"NRI_P083",100
"41839",-2288.84814325004,"NRI_P083",25
"41840",-7310.14440325001,"NRI_P083",50
"41841",36777.30681675,"NRI_P083",100
"41842",-81.0109432500321,"NRI_P083",25
"41843",10085.71061675,"NRI_P083",50
"41844",-1147.84833325003,"NRI_P083",100
"41845",863.332536750007,"NRI_P083",25
"41846",-400.058193250035,"NRI_P083",50
"41847",3563.47490674997,"NRI_P083",100
"41848",-6023.07086325,"NRI_P083",25
"41849",-2387.50668325002,"NRI_P083",50
"41850",-4937.58426325,"NRI_P083",100
"41851",13857.12913675,"NRI_P083",25
"41852",-3805.00236325001,"NRI_P083",50
"41853",100.766866749967,"NRI_P083",100
"41854",-3201.99602325005,"NRI_P083",25
"41855",1180.06334674999,"NRI_P083",50
"41856",-1675.02949325001,"NRI_P083",100
"41857",-741.07617325004,"NRI_P083",25
"41858",-3985.93329325004,"NRI_P083",50
"41859",7262.16120674997,"NRI_P083",100
"41860",-2008.99674325,"NRI_P083",25
"41861",-175.317403250025,"NRI_P083",50
"41862",1853.43108675,"NRI_P083",100
"41863",-2317.49204325001,"NRI_P083",25
"41864",11304.17602675,"NRI_P083",50
"41865",7844.43806675001,"NRI_P083",100
"41866",3782.33753674995,"NRI_P083",25
"41867",1729.91190675,"NRI_P083",50
"41868",-3924.53489325003,"NRI_P083",100
"41869",-2877.79987325001,"NRI_P083",25
"41870",11185.29615675,"NRI_P083",50
"41871",-8011.63436324999,"NRI_P083",100
"41872",-4502.09878325003,"NRI_P083",25
"41873",-3469.69116325001,"NRI_P083",50
"41874",17329.19739675,"NRI_P083",100
"41875",-550.44415325002,"NRI_P083",25
"41876",10518.60119675,"NRI_P083",50
"41877",12537.17014675,"NRI_P083",100
"41878",3004.68682675,"NRI_P083",25
"41879",-2193.06733325002,"NRI_P083",50
"41880",-7554.90805324999,"NRI_P083",100
"41881",12601.57827675,"NRI_P083",25
"41882",6749.54853674996,"NRI_P083",50
"41883",-1383.02431325003,"NRI_P083",100
"41884",42089.58573675,"NRI_P083",25
"41885",-3636.62522325001,"NRI_P083",50
"41886",8153.79233674996,"NRI_P083",100
"41887",10240.49991675,"NRI_P083",25
"41888",7468.56281674997,"NRI_P083",50
"41889",362.06498674996,"NRI_P083",100
"41890",1807.38936674997,"NRI_P083",25
"41891",855.996006749978,"NRI_P083",50
"41892",-4208.61866325,"NRI_P083",100
"41893",-149.766613250016,"NRI_P083",25
"41894",762.249806749984,"NRI_P083",50
"41895",-5925.00080325,"NRI_P083",100
"41896",3356.97907674999,"NRI_P083",25
"41897",10884.88409675,"NRI_P083",50
"41898",1668.14384674997,"NRI_P083",100
"41899",-4052.33058325003,"NRI_P083",25
"41900",-4699.26441325003,"NRI_P083",50
"41901",6445.63105674996,"NRI_P083",100
"41902",1759.80913675,"NRI_P083",25
"41903",1818.67749674997,"NRI_P083",50
"41904",12054.95840675,"NRI_P083",100
"41905",-953.901343250007,"NRI_P083",25
"41906",163.292156749987,"NRI_P083",50
"41907",-8944.94696325,"NRI_P083",100
"41908",-2910.41637325002,"NRI_P083",25
"41909",-1039.62086324999,"NRI_P083",50
"41910",-6701.99354325002,"NRI_P083",100
"41911",-767.804953250044,"NRI_P083",25
"41912",5752.06838675,"NRI_P083",50
"41913",7352.58989675,"NRI_P083",100
"41914",5521.33343674999,"NRI_P083",25
"41915",-4716.34480325005,"NRI_P083",50
"41916",-503.875083249994,"NRI_P083",100
"41917",39887.50590675,"NRI_P083",25
"41918",-4621.81648325,"NRI_P083",50
"41919",42528.93130675,"NRI_P083",100
"41920",936.821836749965,"NRI_P083",25
"41921",-4414.73765324999,"NRI_P083",50
"41922",-1921.25550324999,"NRI_P083",100
"41923",-1878.85175325,"NRI_P083",25
"41924",3642.55534674996,"NRI_P083",50
"41925",56981.87161675,"NRI_P083",100
"41926",-1665.78511325002,"NRI_P083",25
"41927",-4636.04800325003,"NRI_P083",50
"41928",-3550.65745325002,"NRI_P083",100
"41929",9905.72449674999,"NRI_P083",25
"41930",48885.01306675,"NRI_P083",50
"41931",2196.22774675,"NRI_P083",100
"41932",76.4518467499875,"NRI_P083",25
"41933",17245.06668675,"NRI_P083",50
"41934",2866.26814674999,"NRI_P083",100
"41935",642.094616749964,"NRI_P083",25
"41936",-3558.78545324999,"NRI_P083",50
"41937",-873.681553250004,"NRI_P083",100
"41938",52917.47532675,"NRI_P083",25
"41939",4186.30815674999,"NRI_P083",50
"41940",-3337.78443325002,"NRI_P083",100
"41941",1987.48125675,"NRI_P083",25
"41942",1111.58149675,"NRI_P083",50
"41943",12265.99798675,"NRI_P083",100
"41944",-57.5562332500122,"NRI_P083",25
"41945",40241.51315675,"NRI_P083",50
"41946",3088.94237675,"NRI_P083",100
"41947",-1001.15383324999,"NRI_P083",25
"41948",791.38184674998,"NRI_P083",50
"41949",-3026.91765325004,"NRI_P083",100
"41950",1093.96230675001,"NRI_P083",25
"41951",-3990.19185325003,"NRI_P083",50
"41952",-2553.53349325003,"NRI_P083",100
"41953",-1989.85805325001,"NRI_P083",25
"41954",8768.49953674997,"NRI_P083",50
"41955",-356.388623250008,"NRI_P083",100
"41956",943.275436749973,"NRI_P083",25
"41957",-5023.46544325002,"NRI_P083",50
"41958",5636.32057674997,"NRI_P083",100
"41959",-57.2522232499905,"NRI_P083",25
"41960",5287.46468674997,"NRI_P083",50
"41961",3519.03313674999,"NRI_P083",100
"41962",6514.90612674999,"NRI_P083",25
"41963",-4289.08588324999,"NRI_P083",50
"41964",9669.96487674996,"NRI_P083",100
"41965",2962.77064675,"NRI_P083",25
"41966",348.544336749997,"NRI_P083",50
"41967",-9380.12153325003,"NRI_P083",100
"41968",-513.467143249989,"NRI_P083",25
"41969",-3572.39632325002,"NRI_P083",50
"41970",-7277.74418325,"NRI_P083",100
"41971",-4448.76848324999,"NRI_P083",25
"41972",-7209.93319325004,"NRI_P083",50
"41973",-5597.28736325004,"NRI_P083",100
"41974",3880.01437674998,"NRI_P083",25
"41975",6657.92929674999,"NRI_P083",50
"41976",-4265.24028324999,"NRI_P083",100
"41977",1025.27013674995,"NRI_P083",25
"41978",-7266.39214325004,"NRI_P083",50
"41979",-5663.51761325001,"NRI_P083",100
"41980",-2004.91387325001,"NRI_P083",25
"41981",-525.512093249999,"NRI_P083",50
"41982",50800.24862675,"NRI_P083",100
"41983",-2283.78430325002,"NRI_P083",25
"41984",-3648.40742325003,"NRI_P083",50
"41985",-7173.58744325,"NRI_P083",100
"41986",2680.92969674995,"NRI_P083",25
"41987",663.051266749972,"NRI_P083",50
"41988",49506.27399675,"NRI_P083",100
"41989",1468.80696675001,"NRI_P083",25
"41990",5507.58555675001,"NRI_P083",50
"41991",23907.81983675,"NRI_P083",100
"41992",-1247.92145324999,"NRI_P083",25
"41993",6677.37243674998,"NRI_P083",50
"41994",-2451.89032325003,"NRI_P083",100
"41995",11273.14973675,"NRI_P083",25
"41996",-6955.14573325001,"NRI_P083",50
"41997",625.148786749982,"NRI_P083",100
"41998",-268.631093250006,"NRI_P083",25
"41999",1334.12839674996,"NRI_P083",50
"42000",-4624.55820325,"NRI_P083",100
"42001",577.304894944013,"NRI_P084",25
"42002",-3514.293305056,"NRI_P084",50
"42003",-5188.21708505601,"NRI_P084",100
"42004",137.447094944015,"NRI_P084",25
"42005",4129.600284944,"NRI_P084",50
"42006",-5072.81148505601,"NRI_P084",100
"42007",2969.30435494398,"NRI_P084",25
"42008",-2190.49691505602,"NRI_P084",50
"42009",8223.95205494401,"NRI_P084",100
"42010",15668.276454944,"NRI_P084",25
"42011",-3202.02511505602,"NRI_P084",50
"42012",-157.71395505598,"NRI_P084",100
"42013",796.902294943982,"NRI_P084",25
"42014",3343.454844944,"NRI_P084",50
"42015",5604.68505494401,"NRI_P084",100
"42016",-3211.48599505599,"NRI_P084",25
"42017",-466.105415055994,"NRI_P084",50
"42018",-2468.01918505598,"NRI_P084",100
"42019",228.13940494397,"NRI_P084",25
"42020",370.272034943977,"NRI_P084",50
"42021",2211.31353494397,"NRI_P084",100
"42022",3781.38035494398,"NRI_P084",25
"42023",3201.75905494398,"NRI_P084",50
"42024",-4402.37158505601,"NRI_P084",100
"42025",-1150.97404505598,"NRI_P084",25
"42026",-3471.63064505602,"NRI_P084",50
"42027",-3187.55334505602,"NRI_P084",100
"42028",1658.25355494401,"NRI_P084",25
"42029",-1447.97926505603,"NRI_P084",50
"42030",-1771.69227505598,"NRI_P084",100
"42031",1875.90211494401,"NRI_P084",25
"42032",1242.60540494398,"NRI_P084",50
"42033",-4755.46537505602,"NRI_P084",100
"42034",1536.49345494399,"NRI_P084",25
"42035",-3022.55363505601,"NRI_P084",50
"42036",1458.980414944,"NRI_P084",100
"42037",9775.70055494399,"NRI_P084",25
"42038",-1627.12441505602,"NRI_P084",50
"42039",8441.411844944,"NRI_P084",100
"42040",-1067.58226505603,"NRI_P084",25
"42041",-3624.036105056,"NRI_P084",50
"42042",-5115.38901505602,"NRI_P084",100
"42043",1483.66435494402,"NRI_P084",25
"42044",-943.71381505602,"NRI_P084",50
"42045",-5297.07308505598,"NRI_P084",100
"42046",-2280.04857505602,"NRI_P084",25
"42047",-2737.47226505599,"NRI_P084",50
"42048",-3878.69667505601,"NRI_P084",100
"42049",-87.2352550560026,"NRI_P084",25
"42050",-1959.143225056,"NRI_P084",50
"42051",16253.314634944,"NRI_P084",100
"42052",-2533.86193505599,"NRI_P084",25
"42053",14430.338184944,"NRI_P084",50
"42054",10170.466364944,"NRI_P084",100
"42055",-530.539035056019,"NRI_P084",25
"42056",1146.93705494399,"NRI_P084",50
"42057",-2954.76921505597,"NRI_P084",100
"42058",-1497.57584505598,"NRI_P084",25
"42059",-1875.53075505601,"NRI_P084",50
"42060",-2489.40556505602,"NRI_P084",100
"42061",18.3445349439862,"NRI_P084",25
"42062",-2832.94841505599,"NRI_P084",50
"42063",-3113.04914505599,"NRI_P084",100
"42064",1786.29276494402,"NRI_P084",25
"42065",10032.089734944,"NRI_P084",50
"42066",2241.55070494401,"NRI_P084",100
"42067",-813.339655056014,"NRI_P084",25
"42068",36.488094943983,"NRI_P084",50
"42069",-3656.29029505601,"NRI_P084",100
"42070",1684.09198494401,"NRI_P084",25
"42071",-91.2487050560303,"NRI_P084",50
"42072",90.4476249439758,"NRI_P084",100
"42073",888.73168494401,"NRI_P084",25
"42074",905.707924943999,"NRI_P084",50
"42075",-5830.78654505598,"NRI_P084",100
"42076",-1752.18254505598,"NRI_P084",25
"42077",-1147.26175505598,"NRI_P084",50
"42078",3003.01823494397,"NRI_P084",100
"42079",3974.812154944,"NRI_P084",25
"42080",-3060.80874505598,"NRI_P084",50
"42081",-4576.917855056,"NRI_P084",100
"42082",-2763.294055056,"NRI_P084",25
"42083",-3847.29237505601,"NRI_P084",50
"42084",4927.56210494402,"NRI_P084",100
"42085",-2196.347145056,"NRI_P084",25
"42086",-1463.18374505598,"NRI_P084",50
"42087",23333.394024944,"NRI_P084",100
"42088",3264.88435494399,"NRI_P084",25
"42089",1957.56362494401,"NRI_P084",50
"42090",-3125.49545505602,"NRI_P084",100
"42091",759.373494944011,"NRI_P084",25
"42092",-423.970555056003,"NRI_P084",50
"42093",2802.07210494397,"NRI_P084",100
"42094",-468.602485055977,"NRI_P084",25
"42095",-1762.88422505598,"NRI_P084",50
"42096",-405.488995056017,"NRI_P084",100
"42097",227.374594944005,"NRI_P084",25
"42098",4571.12642494397,"NRI_P084",50
"42099",-1460.15173505602,"NRI_P084",100
"42100",-1535.15096505597,"NRI_P084",25
"42101",-660.465025055979,"NRI_P084",50
"42102",10479.664374944,"NRI_P084",100
"42103",514.099044943985,"NRI_P084",25
"42104",2022.63135494402,"NRI_P084",50
"42105",-4804.15294505598,"NRI_P084",100
"42106",1410.251894944,"NRI_P084",25
"42107",-2140.431125056,"NRI_P084",50
"42108",21594.621154944,"NRI_P084",100
"42109",1441.42423494399,"NRI_P084",25
"42110",11095.488204944,"NRI_P084",50
"42111",2217.02593494399,"NRI_P084",100
"42112",-469.485725056031,"NRI_P084",25
"42113",-2324.85315505601,"NRI_P084",50
"42114",-4679.52024505602,"NRI_P084",100
"42115",-356.215505056025,"NRI_P084",25
"42116",10410.173034944,"NRI_P084",50
"42117",4730.51639494399,"NRI_P084",100
"42118",-328.140915055992,"NRI_P084",25
"42119",15983.235894944,"NRI_P084",50
"42120",-3787.04666505603,"NRI_P084",100
"42121",-2515.35604505602,"NRI_P084",25
"42122",-3116.373885056,"NRI_P084",50
"42123",7993.99700494402,"NRI_P084",100
"42124",1054.23205494398,"NRI_P084",25
"42125",744.998594944016,"NRI_P084",50
"42126",-1759.97450505599,"NRI_P084",100
"42127",1552.92795494403,"NRI_P084",25
"42128",-1692.59909505601,"NRI_P084",50
"42129",10837.693554944,"NRI_P084",100
"42130",-2275.31069505599,"NRI_P084",25
"42131",-1917.76445505599,"NRI_P084",50
"42132",-4640.374855056,"NRI_P084",100
"42133",-554.842245056003,"NRI_P084",25
"42134",-3819.75676505599,"NRI_P084",50
"42135",-1003.21387505601,"NRI_P084",100
"42136",-912.737045056012,"NRI_P084",25
"42137",1852.994434944,"NRI_P084",50
"42138",-1089.53293505602,"NRI_P084",100
"42139",-2116.13046505599,"NRI_P084",25
"42140",436.930154944013,"NRI_P084",50
"42141",1396.01400494401,"NRI_P084",100
"42142",-933.423365055991,"NRI_P084",25
"42143",3399.57109494403,"NRI_P084",50
"42144",-5019.07442505599,"NRI_P084",100
"42145",725.364854943997,"NRI_P084",25
"42146",-3680.04556505597,"NRI_P084",50
"42147",3987.00127494399,"NRI_P084",100
"42148",-188.776975055982,"NRI_P084",25
"42149",-2993.864895056,"NRI_P084",50
"42150",3189.381114944,"NRI_P084",100
"42151",2575.209094944,"NRI_P084",25
"42152",-3016.72447505599,"NRI_P084",50
"42153",-2886.53777505603,"NRI_P084",100
"42154",-520.273645056004,"NRI_P084",25
"42155",14352.225344944,"NRI_P084",50
"42156",3355.03584494401,"NRI_P084",100
"42157",1566.56159494398,"NRI_P084",25
"42158",-1685.02141505602,"NRI_P084",50
"42159",1376.73082494398,"NRI_P084",100
"42160",4733.42575494398,"NRI_P084",25
"42161",652.692214943992,"NRI_P084",50
"42162",-2694.489215056,"NRI_P084",100
"42163",-392.715885056008,"NRI_P084",25
"42164",-1234.29602505598,"NRI_P084",50
"42165",-5499.117815056,"NRI_P084",100
"42166",-512.161345056025,"NRI_P084",25
"42167",-3605.90890505601,"NRI_P084",50
"42168",-923.084455056,"NRI_P084",100
"42169",-579.898745056009,"NRI_P084",25
"42170",-218.871585056011,"NRI_P084",50
"42171",-3562.54110505601,"NRI_P084",100
"42172",13400.222504944,"NRI_P084",25
"42173",-3217.55218505597,"NRI_P084",50
"42174",671.580814943998,"NRI_P084",100
"42175",-1147.36669505603,"NRI_P084",25
"42176",4486.22448494402,"NRI_P084",50
"42177",-2568.82970505598,"NRI_P084",100
"42178",-1794.155945056,"NRI_P084",25
"42179",-629.037365055992,"NRI_P084",50
"42180",277.002104944026,"NRI_P084",100
"42181",-2796.405035056,"NRI_P084",25
"42182",-901.785245056031,"NRI_P084",50
"42183",-2371.04936505598,"NRI_P084",100
"42184",-2003.567645056,"NRI_P084",25
"42185",-965.102945055987,"NRI_P084",50
"42186",-3581.05606505601,"NRI_P084",100
"42187",-2239.84165505599,"NRI_P084",25
"42188",-2344.93849505601,"NRI_P084",50
"42189",4435.82197494397,"NRI_P084",100
"42190",155.355014943983,"NRI_P084",25
"42191",1097.482654944,"NRI_P084",50
"42192",-3719.85118505603,"NRI_P084",100
"42193",666.728854943998,"NRI_P084",25
"42194",3808.848924944,"NRI_P084",50
"42195",-2810.94823505601,"NRI_P084",100
"42196",5028.75735494401,"NRI_P084",25
"42197",-3791.24457505601,"NRI_P084",50
"42198",-5270.24886505603,"NRI_P084",100
"42199",-1460.61474505602,"NRI_P084",25
"42200",12808.348984944,"NRI_P084",50
"42201",472.394734943984,"NRI_P084",100
"42202",-2561.41426505602,"NRI_P084",25
"42203",-963.968405055988,"NRI_P084",50
"42204",-2789.54490505601,"NRI_P084",100
"42205",1701.25498494401,"NRI_P084",25
"42206",616.504644943983,"NRI_P084",50
"42207",8205.77171494398,"NRI_P084",100
"42208",-393.508885056013,"NRI_P084",25
"42209",-3436.24017505598,"NRI_P084",50
"42210",7183.57412494399,"NRI_P084",100
"42211",-1691.68668505602,"NRI_P084",25
"42212",-2804.89793505601,"NRI_P084",50
"42213",-5885.81648505601,"NRI_P084",100
"42214",-943.983475056011,"NRI_P084",25
"42215",-2527.69614505599,"NRI_P084",50
"42216",-4578.02360505599,"NRI_P084",100
"42217",441.900754944014,"NRI_P084",25
"42218",1706.637994944,"NRI_P084",50
"42219",8977.02510494401,"NRI_P084",100
"42220",1205.35959494399,"NRI_P084",25
"42221",-2232.31705505599,"NRI_P084",50
"42222",308.39429494401,"NRI_P084",100
"42223",-336.219445055991,"NRI_P084",25
"42224",-1276.39550505602,"NRI_P084",50
"42225",12765.816744944,"NRI_P084",100
"42226",-2265.44669505599,"NRI_P084",25
"42227",-1112.386215056,"NRI_P084",50
"42228",-4558.42042505601,"NRI_P084",100
"42229",-1871.76055505598,"NRI_P084",25
"42230",4988.07632494398,"NRI_P084",50
"42231",8833.48198494402,"NRI_P084",100
"42232",3478.53109494399,"NRI_P084",25
"42233",-1117.56652505603,"NRI_P084",50
"42234",5915.06640494399,"NRI_P084",100
"42235",130.066194944025,"NRI_P084",25
"42236",-2629.664545056,"NRI_P084",50
"42237",11186.941294944,"NRI_P084",100
"42238",7827.12295494397,"NRI_P084",25
"42239",-3894.09949505603,"NRI_P084",50
"42240",-4793.73576505599,"NRI_P084",100
"42241",-336.34690505598,"NRI_P084",25
"42242",-3150.215915056,"NRI_P084",50
"42243",1503.391564944,"NRI_P084",100
"42244",3520.094604944,"NRI_P084",25
"42245",-1261.07658505603,"NRI_P084",50
"42246",-4303.22670505597,"NRI_P084",100
"42247",-1682.69045505603,"NRI_P084",25
"42248",10966.628744944,"NRI_P084",50
"42249",-5115.74091505603,"NRI_P084",100
"42250",1781.06748494401,"NRI_P084",25
"42251",431.390574943973,"NRI_P084",50
"42252",-67.2728350560064,"NRI_P084",100
"42253",-959.372265056008,"NRI_P084",25
"42254",7458.21565494401,"NRI_P084",50
"42255",-1131.66196505603,"NRI_P084",100
"42256",-1633.79711505602,"NRI_P084",25
"42257",-4006.91055505601,"NRI_P084",50
"42258",-1203.23526505602,"NRI_P084",100
"42259",4404.31515494402,"NRI_P084",25
"42260",-2171.478405056,"NRI_P084",50
"42261",-5528.13962505601,"NRI_P084",100
"42262",-896.053315056022,"NRI_P084",25
"42263",793.527664944006,"NRI_P084",50
"42264",1253.72335494397,"NRI_P084",100
"42265",-452.802375056024,"NRI_P084",25
"42266",4544.96406494401,"NRI_P084",50
"42267",-3126.51628505602,"NRI_P084",100
"42268",-831.344445055991,"NRI_P084",25
"42269",722.678154943977,"NRI_P084",50
"42270",-3228.74412505602,"NRI_P084",100
"42271",-2130.95534505602,"NRI_P084",25
"42272",1137.06555494398,"NRI_P084",50
"42273",-3739.06322505599,"NRI_P084",100
"42274",755.469454944017,"NRI_P084",25
"42275",-466.865525056026,"NRI_P084",50
"42276",177.478594943997,"NRI_P084",100
"42277",3378.26661494398,"NRI_P084",25
"42278",3516.756274944,"NRI_P084",50
"42279",-5403.018905056,"NRI_P084",100
"42280",206.657794944011,"NRI_P084",25
"42281",-245.206415056018,"NRI_P084",50
"42282",-5399.44879505603,"NRI_P084",100
"42283",-1592.37024505599,"NRI_P084",25
"42284",421.184304944007,"NRI_P084",50
"42285",-6105.77742505597,"NRI_P084",100
"42286",3912.537394944,"NRI_P084",25
"42287",-4347.60543505603,"NRI_P084",50
"42288",-1896.67037505598,"NRI_P084",100
"42289",-563.555145055987,"NRI_P084",25
"42290",1271.02933494397,"NRI_P084",50
"42291",4996.08297494397,"NRI_P084",100
"42292",-1993.55444505601,"NRI_P084",25
"42293",-3724.84646505601,"NRI_P084",50
"42294",3887.38158494397,"NRI_P084",100
"42295",-3230.570825056,"NRI_P084",25
"42296",-2142.825695056,"NRI_P084",50
"42297",-4413.047655056,"NRI_P084",100
"42298",-403.238355055975,"NRI_P084",25
"42299",1175.22814494401,"NRI_P084",50
"42300",3832.22201494401,"NRI_P084",100
"42301",-2926.49756871199,"NRI_P085",25
"42302",-8362.371148712,"NRI_P085",50
"42303",-2821.08555871202,"NRI_P085",100
"42304",3770.23381128797,"NRI_P085",25
"42305",-10213.659948712,"NRI_P085",50
"42306",-13994.245238712,"NRI_P085",100
"42307",-3709.90103871201,"NRI_P085",25
"42308",-4249.743748712,"NRI_P085",50
"42309",3622.56717128801,"NRI_P085",100
"42310",18744.248191288,"NRI_P085",25
"42311",-8358.56959871203,"NRI_P085",50
"42312",-5193.35752871202,"NRI_P085",100
"42313",-2264.03423871199,"NRI_P085",25
"42314",-6470.550438712,"NRI_P085",50
"42315",-6743.88807871199,"NRI_P085",100
"42316",16084.518221288,"NRI_P085",25
"42317",-1867.36941871204,"NRI_P085",50
"42318",-4544.59842871199,"NRI_P085",100
"42319",13315.165051288,"NRI_P085",25
"42320",-6693.14279871201,"NRI_P085",50
"42321",9914.64655128797,"NRI_P085",100
"42322",-10442.735818712,"NRI_P085",25
"42323",-10342.054468712,"NRI_P085",50
"42324",-12415.303738712,"NRI_P085",100
"42325",-1508.18688871199,"NRI_P085",25
"42326",-5461.69326871203,"NRI_P085",50
"42327",-70.6125587120187,"NRI_P085",100
"42328",-10023.619538712,"NRI_P085",25
"42329",-10183.118188712,"NRI_P085",50
"42330",-9740.72241871199,"NRI_P085",100
"42331",348.439641287958,"NRI_P085",25
"42332",-197.262498711993,"NRI_P085",50
"42333",9254.44405128801,"NRI_P085",100
"42334",-4376.213048712,"NRI_P085",25
"42335",-2540.45875871199,"NRI_P085",50
"42336",-2180.30044871202,"NRI_P085",100
"42337",364.252101288002,"NRI_P085",25
"42338",-7590.444938712,"NRI_P085",50
"42339",-13090.517428712,"NRI_P085",100
"42340",3565.80251128797,"NRI_P085",25
"42341",-10847.308488712,"NRI_P085",50
"42342",37926.413881288,"NRI_P085",100
"42343",-5955.87417871202,"NRI_P085",25
"42344",-8287.45544871199,"NRI_P085",50
"42345",-2805.880038712,"NRI_P085",100
"42346",-8129.99368871201,"NRI_P085",25
"42347",-14727.735988712,"NRI_P085",50
"42348",19446.446991288,"NRI_P085",100
"42349",1745.79336128797,"NRI_P085",25
"42350",-10433.696818712,"NRI_P085",50
"42351",-8009.33178871201,"NRI_P085",100
"42352",-894.141388711985,"NRI_P085",25
"42353",-411.119218712032,"NRI_P085",50
"42354",1518.97890128801,"NRI_P085",100
"42355",-482.356828711985,"NRI_P085",25
"42356",18433.059531288,"NRI_P085",50
"42357",-14625.502128712,"NRI_P085",100
"42358",-5081.800828712,"NRI_P085",25
"42359",-7489.96779871202,"NRI_P085",50
"42360",-4148.656678712,"NRI_P085",100
"42361",4258.99218128796,"NRI_P085",25
"42362",-121.54177871201,"NRI_P085",50
"42363",-2479.31801871199,"NRI_P085",100
"42364",-4263.299888712,"NRI_P085",25
"42365",-4386.69583871204,"NRI_P085",50
"42366",-11055.954868712,"NRI_P085",100
"42367",-8606.10346871201,"NRI_P085",25
"42368",6907.77985128801,"NRI_P085",50
"42369",-5215.05079871201,"NRI_P085",100
"42370",-11027.976258712,"NRI_P085",25
"42371",27335.493151288,"NRI_P085",50
"42372",119.454081288015,"NRI_P085",100
"42373",-1240.79770871199,"NRI_P085",25
"42374",-6253.88241871202,"NRI_P085",50
"42375",-2773.97767871199,"NRI_P085",100
"42376",-4811.49924871203,"NRI_P085",25
"42377",17388.738351288,"NRI_P085",50
"42378",-13852.137258712,"NRI_P085",100
"42379",-4360.16594871203,"NRI_P085",25
"42380",2293.95476128801,"NRI_P085",50
"42381",-2973.04961871199,"NRI_P085",100
"42382",3748.15453128796,"NRI_P085",25
"42383",2900.39523128798,"NRI_P085",50
"42384",-13024.851128712,"NRI_P085",100
"42385",-1700.48772871203,"NRI_P085",25
"42386",3182.08630128799,"NRI_P085",50
"42387",-14077.531688712,"NRI_P085",100
"42388",76.8999612879707,"NRI_P085",25
"42389",-6789.87773871201,"NRI_P085",50
"42390",7255.33937128796,"NRI_P085",100
"42391",-6121.82813871204,"NRI_P085",25
"42392",17535.342401288,"NRI_P085",50
"42393",-5133.30305871199,"NRI_P085",100
"42394",-5111.75442871201,"NRI_P085",25
"42395",-2763.775028712,"NRI_P085",50
"42396",-14256.424458712,"NRI_P085",100
"42397",6461.74563128798,"NRI_P085",25
"42398",-7010.926248712,"NRI_P085",50
"42399",-7976.76542871201,"NRI_P085",100
"42400",-1103.10555871204,"NRI_P085",25
"42401",-937.703398712038,"NRI_P085",50
"42402",-10404.702388712,"NRI_P085",100
"42403",1366.19746128801,"NRI_P085",25
"42404",6605.669741288,"NRI_P085",50
"42405",-4318.96533871203,"NRI_P085",100
"42406",-1575.006338712,"NRI_P085",25
"42407",-12087.264088712,"NRI_P085",50
"42408",-13502.763068712,"NRI_P085",100
"42409",-12594.915858712,"NRI_P085",25
"42410",-7362.021038712,"NRI_P085",50
"42411",14147.703041288,"NRI_P085",100
"42412",-288.937858711986,"NRI_P085",25
"42413",-5935.22424871201,"NRI_P085",50
"42414",34424.917641288,"NRI_P085",100
"42415",2933.75164128799,"NRI_P085",25
"42416",-6193.796638712,"NRI_P085",50
"42417",-5634.88268871204,"NRI_P085",100
"42418",-9162.96582871204,"NRI_P085",25
"42419",24506.317681288,"NRI_P085",50
"42420",-14121.296408712,"NRI_P085",100
"42421",-3648.68796871201,"NRI_P085",25
"42422",-407.691558711987,"NRI_P085",50
"42423",-10650.211728712,"NRI_P085",100
"42424",-7663.383348712,"NRI_P085",25
"42425",157.224171287962,"NRI_P085",50
"42426",-13180.150818712,"NRI_P085",100
"42427",2912.28767128801,"NRI_P085",25
"42428",-3245.121668712,"NRI_P085",50
"42429",-9522.98109871201,"NRI_P085",100
"42430",-1466.54711871204,"NRI_P085",25
"42431",1421.164161288,"NRI_P085",50
"42432",4730.84876128798,"NRI_P085",100
"42433",-9915.71469871199,"NRI_P085",25
"42434",-1332.67232871201,"NRI_P085",50
"42435",16513.691311288,"NRI_P085",100
"42436",-3696.93305871199,"NRI_P085",25
"42437",-6682.12082871201,"NRI_P085",50
"42438",14655.511451288,"NRI_P085",100
"42439",-2145.19265871204,"NRI_P085",25
"42440",-5137.51763871202,"NRI_P085",50
"42441",-11640.068088712,"NRI_P085",100
"42442",-3249.53785871202,"NRI_P085",25
"42443",266.357371288002,"NRI_P085",50
"42444",-14341.774658712,"NRI_P085",100
"42445",14058.707911288,"NRI_P085",25
"42446",599.667881287984,"NRI_P085",50
"42447",14478.024481288,"NRI_P085",100
"42448",1821.97661128797,"NRI_P085",25
"42449",-4049.32783871202,"NRI_P085",50
"42450",-14752.844508712,"NRI_P085",100
"42451",817.318101287994,"NRI_P085",25
"42452",-1338.47009871202,"NRI_P085",50
"42453",-15061.485938712,"NRI_P085",100
"42454",-6723.56691871199,"NRI_P085",25
"42455",-5112.75605871202,"NRI_P085",50
"42456",-3128.97805871203,"NRI_P085",100
"42457",6598.89401128801,"NRI_P085",25
"42458",-6249.448998712,"NRI_P085",50
"42459",-13690.047958712,"NRI_P085",100
"42460",5495.14174128801,"NRI_P085",25
"42461",-17312.443828712,"NRI_P085",50
"42462",-11581.464278712,"NRI_P085",100
"42463",4734.10132128798,"NRI_P085",25
"42464",8685.182201288,"NRI_P085",50
"42465",4469.55819128797,"NRI_P085",100
"42466",-10903.520508712,"NRI_P085",25
"42467",-11147.709988712,"NRI_P085",50
"42468",-12120.164638712,"NRI_P085",100
"42469",5053.629111288,"NRI_P085",25
"42470",-7386.59256871202,"NRI_P085",50
"42471",-8891.72784871201,"NRI_P085",100
"42472",1021.526861288,"NRI_P085",25
"42473",-5959.863068712,"NRI_P085",50
"42474",-1188.82791871199,"NRI_P085",100
"42475",-11289.408518712,"NRI_P085",25
"42476",-2644.04015871201,"NRI_P085",50
"42477",17792.613071288,"NRI_P085",100
"42478",-2813.38361871202,"NRI_P085",25
"42479",2315.92336128798,"NRI_P085",50
"42480",-6416.85546871199,"NRI_P085",100
"42481",3802.035201288,"NRI_P085",25
"42482",-5385.59705871204,"NRI_P085",50
"42483",-5264.55485871201,"NRI_P085",100
"42484",-13322.737038712,"NRI_P085",25
"42485",-8041.83773871203,"NRI_P085",50
"42486",-13206.659568712,"NRI_P085",100
"42487",-4174.78225871199,"NRI_P085",25
"42488",-9238.46155871201,"NRI_P085",50
"42489",5130.09200128797,"NRI_P085",100
"42490",835.694461287989,"NRI_P085",25
"42491",-14815.767578712,"NRI_P085",50
"42492",-224.979758711997,"NRI_P085",100
"42493",-6568.28360871202,"NRI_P085",25
"42494",9951.77846128796,"NRI_P085",50
"42495",-3502.22066871199,"NRI_P085",100
"42496",-6948.46267871204,"NRI_P085",25
"42497",-9860.277528712,"NRI_P085",50
"42498",-12384.990378712,"NRI_P085",100
"42499",2749.47535128798,"NRI_P085",25
"42500",-2267.049368712,"NRI_P085",50
"42501",-7112.79997871199,"NRI_P085",100
"42502",7222.46772128798,"NRI_P085",25
"42503",5809.86228128796,"NRI_P085",50
"42504",23024.169011288,"NRI_P085",100
"42505",-6950.230568712,"NRI_P085",25
"42506",-789.154798711999,"NRI_P085",50
"42507",-14826.476978712,"NRI_P085",100
"42508",-3677.75517871202,"NRI_P085",25
"42509",-7401.25498871203,"NRI_P085",50
"42510",14243.377371288,"NRI_P085",100
"42511",654.432351287978,"NRI_P085",25
"42512",4456.15038128797,"NRI_P085",50
"42513",-5122.53342871199,"NRI_P085",100
"42514",2194.56478128798,"NRI_P085",25
"42515",-4081.46014871204,"NRI_P085",50
"42516",-9330.62916871201,"NRI_P085",100
"42517",-12386.811628712,"NRI_P085",25
"42518",-3496.32631871203,"NRI_P085",50
"42519",10479.639541288,"NRI_P085",100
"42520",5692.98025128798,"NRI_P085",25
"42521",19155.804061288,"NRI_P085",50
"42522",2377.44433128799,"NRI_P085",100
"42523",-267.717778711987,"NRI_P085",25
"42524",-6993.70554871199,"NRI_P085",50
"42525",32978.758011288,"NRI_P085",100
"42526",-2818.39131871203,"NRI_P085",25
"42527",-5282.91094871203,"NRI_P085",50
"42528",-7446.56560871203,"NRI_P085",100
"42529",136.760911287973,"NRI_P085",25
"42530",-7945.54266871203,"NRI_P085",50
"42531",-9996.39449871203,"NRI_P085",100
"42532",-455.952298711985,"NRI_P085",25
"42533",6279.733731288,"NRI_P085",50
"42534",-13028.795988712,"NRI_P085",100
"42535",-9727.32675871201,"NRI_P085",25
"42536",-2886.63638871204,"NRI_P085",50
"42537",-14227.986928712,"NRI_P085",100
"42538",8117.06425128801,"NRI_P085",25
"42539",8316.65511128801,"NRI_P085",50
"42540",-7525.375948712,"NRI_P085",100
"42541",93.2759312879643,"NRI_P085",25
"42542",-4361.86991871201,"NRI_P085",50
"42543",-4374.227198712,"NRI_P085",100
"42544",27661.684041288,"NRI_P085",25
"42545",-7628.90694871201,"NRI_P085",50
"42546",-14080.858538712,"NRI_P085",100
"42547",-7357.03473871201,"NRI_P085",25
"42548",-8563.36441871204,"NRI_P085",50
"42549",-5777.43502871203,"NRI_P085",100
"42550",-3309.73508871201,"NRI_P085",25
"42551",11021.939471288,"NRI_P085",50
"42552",13172.075891288,"NRI_P085",100
"42553",-763.304398712004,"NRI_P085",25
"42554",1928.153321288,"NRI_P085",50
"42555",1499.96675128798,"NRI_P085",100
"42556",5642.42117128801,"NRI_P085",25
"42557",-2358.89471871202,"NRI_P085",50
"42558",-12277.700068712,"NRI_P085",100
"42559",25939.404731288,"NRI_P085",25
"42560",-5404.54161871201,"NRI_P085",50
"42561",-6773.28032871202,"NRI_P085",100
"42562",-5448.18715871201,"NRI_P085",25
"42563",-9410.29265871202,"NRI_P085",50
"42564",-4702.248258712,"NRI_P085",100
"42565",16458.410581288,"NRI_P085",25
"42566",6584.93627128797,"NRI_P085",50
"42567",-11265.294018712,"NRI_P085",100
"42568",15658.488601288,"NRI_P085",25
"42569",-3518.36558871204,"NRI_P085",50
"42570",-1380.26988871204,"NRI_P085",100
"42571",1005.30024128797,"NRI_P085",25
"42572",5848.48205128801,"NRI_P085",50
"42573",1086.52438128798,"NRI_P085",100
"42574",-1156.08839871199,"NRI_P085",25
"42575",20062.853931288,"NRI_P085",50
"42576",-7777.33492871199,"NRI_P085",100
"42577",-2392.945818712,"NRI_P085",25
"42578",6794.79040128796,"NRI_P085",50
"42579",-15102.464918712,"NRI_P085",100
"42580",-14340.670058712,"NRI_P085",25
"42581",-3248.25153871201,"NRI_P085",50
"42582",3376.344261288,"NRI_P085",100
"42583",-7711.22328871203,"NRI_P085",25
"42584",-3215.486768712,"NRI_P085",50
"42585",-5689.862128712,"NRI_P085",100
"42586",10940.956661288,"NRI_P085",25
"42587",-1450.401198712,"NRI_P085",50
"42588",9401.374701288,"NRI_P085",100
"42589",-5767.122348712,"NRI_P085",25
"42590",-6329.311958712,"NRI_P085",50
"42591",-12013.829538712,"NRI_P085",100
"42592",-7313.48335871199,"NRI_P085",25
"42593",-5505.14478871203,"NRI_P085",50
"42594",-13998.104698712,"NRI_P085",100
"42595",-1468.68229871202,"NRI_P085",25
"42596",-11236.574788712,"NRI_P085",50
"42597",-2291.50271871203,"NRI_P085",100
"42598",-3247.485958712,"NRI_P085",25
"42599",-14250.849628712,"NRI_P085",50
"42600",-14853.105968712,"NRI_P085",100
"42601",-6322.65617936605,"NRI_P086",25
"42602",-4284.69715936604,"NRI_P086",50
"42603",-6322.20351936604,"NRI_P086",100
"42604",11249.282560634,"NRI_P086",25
"42605",-6443.245489366,"NRI_P086",50
"42606",1269.29364063399,"NRI_P086",100
"42607",-1311.74877936603,"NRI_P086",25
"42608",10907.627950634,"NRI_P086",50
"42609",-9461.49581936601,"NRI_P086",100
"42610",10800.585940634,"NRI_P086",25
"42611",1836.63099063397,"NRI_P086",50
"42612",-4264.74702936603,"NRI_P086",100
"42613",-1278.85137936601,"NRI_P086",25
"42614",886.068860633997,"NRI_P086",50
"42615",14494.411040634,"NRI_P086",100
"42616",621.825290633948,"NRI_P086",25
"42617",11196.369150634,"NRI_P086",50
"42618",16956.262450634,"NRI_P086",100
"42619",2373.24563063396,"NRI_P086",25
"42620",6128.44838063396,"NRI_P086",50
"42621",-1427.28788936604,"NRI_P086",100
"42622",-4112.71682936605,"NRI_P086",25
"42623",-3214.49647936603,"NRI_P086",50
"42624",26894.502330634,"NRI_P086",100
"42625",5561.12704063399,"NRI_P086",25
"42626",-9910.36911936605,"NRI_P086",50
"42627",21479.195830634,"NRI_P086",100
"42628",-1616.33842936601,"NRI_P086",25
"42629",-6760.04752936604,"NRI_P086",50
"42630",6213.33068063395,"NRI_P086",100
"42631",7690.91314063396,"NRI_P086",25
"42632",-7156.37368936604,"NRI_P086",50
"42633",2756.91817063396,"NRI_P086",100
"42634",5201.90879063396,"NRI_P086",25
"42635",6123.28992063395,"NRI_P086",50
"42636",17447.641970634,"NRI_P086",100
"42637",-6483.45331936603,"NRI_P086",25
"42638",-7579.56991936604,"NRI_P086",50
"42639",-4467.41255936603,"NRI_P086",100
"42640",1000.92795063398,"NRI_P086",25
"42641",-1422.95069936605,"NRI_P086",50
"42642",5754.06076063396,"NRI_P086",100
"42643",7914.18067063397,"NRI_P086",25
"42644",2481.49281063396,"NRI_P086",50
"42645",-12902.194799366,"NRI_P086",100
"42646",-3080.09952936601,"NRI_P086",25
"42647",515.273530634004,"NRI_P086",50
"42648",1646.95993063395,"NRI_P086",100
"42649",-4718.79230936605,"NRI_P086",25
"42650",-2525.35147936601,"NRI_P086",50
"42651",4975.60689063399,"NRI_P086",100
"42652",-2548.03995936603,"NRI_P086",25
"42653",3380.69949063397,"NRI_P086",50
"42654",18580.822010634,"NRI_P086",100
"42655",1501.91119063395,"NRI_P086",25
"42656",-8559.543969366,"NRI_P086",50
"42657",25335.315570634,"NRI_P086",100
"42658",-1152.102609366,"NRI_P086",25
"42659",25044.132510634,"NRI_P086",50
"42660",13622.365910634,"NRI_P086",100
"42661",3212.25678063399,"NRI_P086",25
"42662",-2795.98635936604,"NRI_P086",50
"42663",26367.458470634,"NRI_P086",100
"42664",29.5321406339644,"NRI_P086",25
"42665",-1800.11342936603,"NRI_P086",50
"42666",11319.364860634,"NRI_P086",100
"42667",1577.50624063396,"NRI_P086",25
"42668",14618.0829806339,"NRI_P086",50
"42669",6373.83866063395,"NRI_P086",100
"42670",-5001.595109366,"NRI_P086",25
"42671",1766.42489063396,"NRI_P086",50
"42672",-460.665329366049,"NRI_P086",100
"42673",8292.23969063396,"NRI_P086",25
"42674",3074.69909063395,"NRI_P086",50
"42675",-12048.651879366,"NRI_P086",100
"42676",9507.29282063397,"NRI_P086",25
"42677",10581.061640634,"NRI_P086",50
"42678",-4727.14877936605,"NRI_P086",100
"42679",14487.593990634,"NRI_P086",25
"42680",1292.13867063395,"NRI_P086",50
"42681",31616.624820634,"NRI_P086",100
"42682",4884.204860634,"NRI_P086",25
"42683",3739.04591063398,"NRI_P086",50
"42684",9821.66848063399,"NRI_P086",100
"42685",2227.51051063399,"NRI_P086",25
"42686",-758.081199366017,"NRI_P086",50
"42687",1525.72620063397,"NRI_P086",100
"42688",-5363.09751936601,"NRI_P086",25
"42689",-882.731819366047,"NRI_P086",50
"42690",24136.191150634,"NRI_P086",100
"42691",31826.639870634,"NRI_P086",25
"42692",3751.57813063398,"NRI_P086",50
"42693",7646.01375063398,"NRI_P086",100
"42694",27074.135390634,"NRI_P086",25
"42695",-3766.58103936602,"NRI_P086",50
"42696",16338.096980634,"NRI_P086",100
"42697",-3195.49699936603,"NRI_P086",25
"42698",-6045.190549366,"NRI_P086",50
"42699",43967.255240634,"NRI_P086",100
"42700",118.028310633963,"NRI_P086",25
"42701",-874.632809366041,"NRI_P086",50
"42702",-10148.1312893661,"NRI_P086",100
"42703",8010.33776063396,"NRI_P086",25
"42704",-1053.579049366,"NRI_P086",50
"42705",-1868.200869366,"NRI_P086",100
"42706",-5918.27866936603,"NRI_P086",25
"42707",5714.11995063396,"NRI_P086",50
"42708",14951.963710634,"NRI_P086",100
"42709",-6836.24052936601,"NRI_P086",25
"42710",21645.975160634,"NRI_P086",50
"42711",5270.49180063396,"NRI_P086",100
"42712",-1565.38129936601,"NRI_P086",25
"42713",-5757.34409936605,"NRI_P086",50
"42714",4908.21985063399,"NRI_P086",100
"42715",6778.41387063399,"NRI_P086",25
"42716",15615.326040634,"NRI_P086",50
"42717",-7173.66589936602,"NRI_P086",100
"42718",2152.787060634,"NRI_P086",25
"42719",-1095.40860936604,"NRI_P086",50
"42720",38249.180010634,"NRI_P086",100
"42721",-1894.14957936603,"NRI_P086",25
"42722",-6957.18867936602,"NRI_P086",50
"42723",13506.5329106339,"NRI_P086",100
"42724",3649.13560063398,"NRI_P086",25
"42725",-5204.14294936601,"NRI_P086",50
"42726",-6873.61132936605,"NRI_P086",100
"42727",171.062600634003,"NRI_P086",25
"42728",-3352.82358936605,"NRI_P086",50
"42729",14702.485690634,"NRI_P086",100
"42730",6655.13353063399,"NRI_P086",25
"42731",-2431.54972936603,"NRI_P086",50
"42732",12999.843760634,"NRI_P086",100
"42733",-2277.735689366,"NRI_P086",25
"42734",7086.48889063398,"NRI_P086",50
"42735",5053.24448063399,"NRI_P086",100
"42736",5449.94127063395,"NRI_P086",25
"42737",16648.659410634,"NRI_P086",50
"42738",6395.051890634,"NRI_P086",100
"42739",670.499520633952,"NRI_P086",25
"42740",-3783.67767936602,"NRI_P086",50
"42741",4882.83769063395,"NRI_P086",100
"42742",-4668.676629366,"NRI_P086",25
"42743",10279.729910634,"NRI_P086",50
"42744",-11306.625159366,"NRI_P086",100
"42745",6372.88702063396,"NRI_P086",25
"42746",8393.98868063395,"NRI_P086",50
"42747",-9999.70551936602,"NRI_P086",100
"42748",-5565.907609366,"NRI_P086",25
"42749",20607.468890634,"NRI_P086",50
"42750",164.18921063398,"NRI_P086",100
"42751",3601.28663063399,"NRI_P086",25
"42752",-2776.44825936604,"NRI_P086",50
"42753",-2772.467029366,"NRI_P086",100
"42754",1478.14231063396,"NRI_P086",25
"42755",5670.41466063395,"NRI_P086",50
"42756",11543.817350634,"NRI_P086",100
"42757",6680.09293063398,"NRI_P086",25
"42758",-9270.54988936603,"NRI_P086",50
"42759",-6646.95400936605,"NRI_P086",100
"42760",-181.992609366018,"NRI_P086",25
"42761",32651.747330634,"NRI_P086",50
"42762",163.149170633988,"NRI_P086",100
"42763",-635.512599366019,"NRI_P086",25
"42764",-4168.19494936604,"NRI_P086",50
"42765",24319.732290634,"NRI_P086",100
"42766",8276.55118063395,"NRI_P086",25
"42767",-11283.102209366,"NRI_P086",50
"42768",5910.55618063395,"NRI_P086",100
"42769",13.4730206339736,"NRI_P086",25
"42770",-1262.74982936605,"NRI_P086",50
"42771",-5589.75857936603,"NRI_P086",100
"42772",-323.780819366046,"NRI_P086",25
"42773",-2272.38589936605,"NRI_P086",50
"42774",7137.52432063397,"NRI_P086",100
"42775",-8705.87609936605,"NRI_P086",25
"42776",-1730.28239936603,"NRI_P086",50
"42777",-5697.79664936604,"NRI_P086",100
"42778",-9090.777549366,"NRI_P086",25
"42779",-746.012509366032,"NRI_P086",50
"42780",5019.98334063397,"NRI_P086",100
"42781",-1568.68940936605,"NRI_P086",25
"42782",9163.80512063397,"NRI_P086",50
"42783",-1967.57398936601,"NRI_P086",100
"42784",-3186.27287936601,"NRI_P086",25
"42785",5619.49029063398,"NRI_P086",50
"42786",5167.46138063399,"NRI_P086",100
"42787",24667.755160634,"NRI_P086",25
"42788",-8208.53267936601,"NRI_P086",50
"42789",-8705.81023936602,"NRI_P086",100
"42790",-3397.89886936604,"NRI_P086",25
"42791",1588.84128063399,"NRI_P086",50
"42792",-1184.13157936605,"NRI_P086",100
"42793",3952.54422063398,"NRI_P086",25
"42794",10572.311350634,"NRI_P086",50
"42795",16496.259800634,"NRI_P086",100
"42796",-2548.60872936604,"NRI_P086",25
"42797",-4330.41959936603,"NRI_P086",50
"42798",8154.503180634,"NRI_P086",100
"42799",6192.81181063398,"NRI_P086",25
"42800",8100.23444063397,"NRI_P086",50
"42801",-2558.35451936605,"NRI_P086",100
"42802",-3205.582779366,"NRI_P086",25
"42803",9054.27955063398,"NRI_P086",50
"42804",1970.88492063398,"NRI_P086",100
"42805",-2301.95861936605,"NRI_P086",25
"42806",32242.927400634,"NRI_P086",50
"42807",8224.41967063397,"NRI_P086",100
"42808",13369.930730634,"NRI_P086",25
"42809",3869.92271063395,"NRI_P086",50
"42810",14981.599310634,"NRI_P086",100
"42811",3015.46861063398,"NRI_P086",25
"42812",14056.498020634,"NRI_P086",50
"42813",-140.969269366004,"NRI_P086",100
"42814",-652.904519366042,"NRI_P086",25
"42815",15408.406030634,"NRI_P086",50
"42816",3347.56660063396,"NRI_P086",100
"42817",-1984.62488936604,"NRI_P086",25
"42818",4090.093490634,"NRI_P086",50
"42819",936.883410633949,"NRI_P086",100
"42820",-4408.47915936605,"NRI_P086",25
"42821",-771.760579366004,"NRI_P086",50
"42822",43792.631990634,"NRI_P086",100
"42823",5144.98045063397,"NRI_P086",25
"42824",-7553.93492936605,"NRI_P086",50
"42825",5974.49456063396,"NRI_P086",100
"42826",5279.39919063397,"NRI_P086",25
"42827",-2824.96853936603,"NRI_P086",50
"42828",19048.317750634,"NRI_P086",100
"42829",5734.51166063396,"NRI_P086",25
"42830",11622.471160634,"NRI_P086",50
"42831",18822.601080634,"NRI_P086",100
"42832",2576.05404063396,"NRI_P086",25
"42833",2826.79610063398,"NRI_P086",50
"42834",21591.838380634,"NRI_P086",100
"42835",6798.568080634,"NRI_P086",25
"42836",6292.81387063395,"NRI_P086",50
"42837",11630.614430634,"NRI_P086",100
"42838",-4948.37251936604,"NRI_P086",25
"42839",11561.236000634,"NRI_P086",50
"42840",1109.851700634,"NRI_P086",100
"42841",-4223.60080936603,"NRI_P086",25
"42842",8969.09185063397,"NRI_P086",50
"42843",-7396.49508936604,"NRI_P086",100
"42844",-599.611979366047,"NRI_P086",25
"42845",16484.358590634,"NRI_P086",50
"42846",41889.852190634,"NRI_P086",100
"42847",-370.234649366001,"NRI_P086",25
"42848",-2046.11602936604,"NRI_P086",50
"42849",4299.34153063397,"NRI_P086",100
"42850",-963.596089366009,"NRI_P086",25
"42851",-4717.56204936601,"NRI_P086",50
"42852",6758.00761063397,"NRI_P086",100
"42853",6340.47160063399,"NRI_P086",25
"42854",2319.951650634,"NRI_P086",50
"42855",-1007.22436936601,"NRI_P086",100
"42856",7736.13242063398,"NRI_P086",25
"42857",-3960.35012936604,"NRI_P086",50
"42858",-7259.77529936604,"NRI_P086",100
"42859",3089.46646063396,"NRI_P086",25
"42860",-1674.74407936604,"NRI_P086",50
"42861",3496.59311063396,"NRI_P086",100
"42862",-6367.20869936602,"NRI_P086",25
"42863",4515.367730634,"NRI_P086",50
"42864",13291.704390634,"NRI_P086",100
"42865",-4539.02606936602,"NRI_P086",25
"42866",2510.35615063395,"NRI_P086",50
"42867",5534.11592063395,"NRI_P086",100
"42868",4437.10494063399,"NRI_P086",25
"42869",4178.95049063396,"NRI_P086",50
"42870",-3589.05612936604,"NRI_P086",100
"42871",-3684.60020936601,"NRI_P086",25
"42872",508.540950633993,"NRI_P086",50
"42873",3505.569120634,"NRI_P086",100
"42874",-1419.04546936601,"NRI_P086",25
"42875",-574.046409366012,"NRI_P086",50
"42876",17312.084540634,"NRI_P086",100
"42877",-8.87037936603883,"NRI_P086",25
"42878",-8043.72378936602,"NRI_P086",50
"42879",-12741.871819366,"NRI_P086",100
"42880",11836.616290634,"NRI_P086",25
"42881",47370.493330634,"NRI_P086",50
"42882",20244.136290634,"NRI_P086",100
"42883",13794.164590634,"NRI_P086",25
"42884",22667.596980634,"NRI_P086",50
"42885",4654.61951063399,"NRI_P086",100
"42886",3876.44319063396,"NRI_P086",25
"42887",4937.33783063397,"NRI_P086",50
"42888",8587.94919063395,"NRI_P086",100
"42889",-5165.41840936604,"NRI_P086",25
"42890",-2128.10407936602,"NRI_P086",50
"42891",272.973290633992,"NRI_P086",100
"42892",3079.525960634,"NRI_P086",25
"42893",-733.901089366002,"NRI_P086",50
"42894",2230.01726063399,"NRI_P086",100
"42895",-2366.85089936602,"NRI_P086",25
"42896",4257.29935063398,"NRI_P086",50
"42897",16725.507140634,"NRI_P086",100
"42898",-1352.266939366,"NRI_P086",25
"42899",-1212.85068936605,"NRI_P086",50
"42900",-6638.99969936605,"NRI_P086",100
"42901",-1655.68904766699,"NRI_P087",25
"42902",-2403.271717667,"NRI_P087",50
"42903",6901.414302333,"NRI_P087",100
"42904",6424.591742333,"NRI_P087",25
"42905",-5279.12739766701,"NRI_P087",50
"42906",-6929.625367667,"NRI_P087",100
"42907",-923.777187667001,"NRI_P087",25
"42908",348.410142332985,"NRI_P087",50
"42909",-2639.915977667,"NRI_P087",100
"42910",113.454912332993,"NRI_P087",25
"42911",-3666.343627667,"NRI_P087",50
"42912",-4459.99526766699,"NRI_P087",100
"42913",-689.093477666989,"NRI_P087",25
"42914",-1161.966697667,"NRI_P087",50
"42915",1809.835352333,"NRI_P087",100
"42916",-1495.83271766701,"NRI_P087",25
"42917",-275.032717666996,"NRI_P087",50
"42918",-1310.803797667,"NRI_P087",100
"42919",-1913.84092766701,"NRI_P087",25
"42920",-2495.86748766701,"NRI_P087",50
"42921",-6790.67461766701,"NRI_P087",100
"42922",5985.76320233301,"NRI_P087",25
"42923",-4329.20046766699,"NRI_P087",50
"42924",-6567.25557766701,"NRI_P087",100
"42925",-496.926237667009,"NRI_P087",25
"42926",5946.53129233301,"NRI_P087",50
"42927",-6867.856057667,"NRI_P087",100
"42928",-893.946757666999,"NRI_P087",25
"42929",-4178.929087667,"NRI_P087",50
"42930",-3622.194537667,"NRI_P087",100
"42931",-343.303087667009,"NRI_P087",25
"42932",3514.84078233299,"NRI_P087",50
"42933",-3961.07593766699,"NRI_P087",100
"42934",-1177.94478766702,"NRI_P087",25
"42935",-2191.01580766699,"NRI_P087",50
"42936",-1909.16705766701,"NRI_P087",100
"42937",1596.07299233301,"NRI_P087",25
"42938",-7264.72913766699,"NRI_P087",50
"42939",-5607.82106766701,"NRI_P087",100
"42940",-798.853317667003,"NRI_P087",25
"42941",-5777.89906766699,"NRI_P087",50
"42942",-5087.84345766701,"NRI_P087",100
"42943",-1372.91471766701,"NRI_P087",25
"42944",-2281.08446766701,"NRI_P087",50
"42945",-6341.380557667,"NRI_P087",100
"42946",4608.79431233299,"NRI_P087",25
"42947",-399.323927666992,"NRI_P087",50
"42948",-6742.05636766701,"NRI_P087",100
"42949",-2606.536627667,"NRI_P087",25
"42950",-1660.10682766701,"NRI_P087",50
"42951",-4243.64164766701,"NRI_P087",100
"42952",-4333.150207667,"NRI_P087",25
"42953",-3966.718467667,"NRI_P087",50
"42954",-3321.096177667,"NRI_P087",100
"42955",1788.56499233301,"NRI_P087",25
"42956",-2322.31720766702,"NRI_P087",50
"42957",-4170.160397667,"NRI_P087",100
"42958",-725.837927667017,"NRI_P087",25
"42959",-5574.33354766699,"NRI_P087",50
"42960",-3604.19955766702,"NRI_P087",100
"42961",-1440.43996766701,"NRI_P087",25
"42962",-4019.26135766701,"NRI_P087",50
"42963",-4152.79388766701,"NRI_P087",100
"42964",8392.985922333,"NRI_P087",25
"42965",1614.036592333,"NRI_P087",50
"42966",-5657.44196766699,"NRI_P087",100
"42967",-3903.42928766701,"NRI_P087",25
"42968",-4322.68160766701,"NRI_P087",50
"42969",-4208.23265766702,"NRI_P087",100
"42970",-5005.50669766701,"NRI_P087",25
"42971",-4376.85976766699,"NRI_P087",50
"42972",-5805.65201766702,"NRI_P087",100
"42973",-2891.46506766701,"NRI_P087",25
"42974",-1864.290817667,"NRI_P087",50
"42975",-6084.075117667,"NRI_P087",100
"42976",6919.30348233299,"NRI_P087",25
"42977",-1596.97660766699,"NRI_P087",50
"42978",5464.258072333,"NRI_P087",100
"42979",177.976932332997,"NRI_P087",25
"42980",-7016.00364766701,"NRI_P087",50
"42981",-6408.52081766701,"NRI_P087",100
"42982",221.963792333001,"NRI_P087",25
"42983",2932.11156233301,"NRI_P087",50
"42984",-3517.96365766702,"NRI_P087",100
"42985",-434.154287667014,"NRI_P087",25
"42986",-1571.36771766702,"NRI_P087",50
"42987",6316.014382333,"NRI_P087",100
"42988",-1348.55571766701,"NRI_P087",25
"42989",613.125032332988,"NRI_P087",50
"42990",7625.363472333,"NRI_P087",100
"42991",956.790582332993,"NRI_P087",25
"42992",-2432.659197667,"NRI_P087",50
"42993",-1722.29371766699,"NRI_P087",100
"42994",824.614022333,"NRI_P087",25
"42995",-1129.04617766701,"NRI_P087",50
"42996",1477.00590233301,"NRI_P087",100
"42997",-99.0963976670173,"NRI_P087",25
"42998",-5088.066857667,"NRI_P087",50
"42999",-6567.72957766699,"NRI_P087",100
"43000",-5109.879747667,"NRI_P087",25
"43001",-1837.41114766701,"NRI_P087",50
"43002",-6186.350947667,"NRI_P087",100
"43003",-5578.69833766701,"NRI_P087",25
"43004",4666.65399233298,"NRI_P087",50
"43005",-5558.889157667,"NRI_P087",100
"43006",-1079.15965766701,"NRI_P087",25
"43007",3377.52448233298,"NRI_P087",50
"43008",-8958.354417667,"NRI_P087",100
"43009",737.393212333001,"NRI_P087",25
"43010",1989.38937233301,"NRI_P087",50
"43011",-7293.08146766701,"NRI_P087",100
"43012",128.582712333009,"NRI_P087",25
"43013",-3334.14474766701,"NRI_P087",50
"43014",2711.006122333,"NRI_P087",100
"43015",125.523132333008,"NRI_P087",25
"43016",-6845.92706766701,"NRI_P087",50
"43017",-2324.159357667,"NRI_P087",100
"43018",-942.103447667003,"NRI_P087",25
"43019",4692.63454233299,"NRI_P087",50
"43020",-5405.664567667,"NRI_P087",100
"43021",-1939.980667667,"NRI_P087",25
"43022",-1681.875757667,"NRI_P087",50
"43023",-3754.38231766701,"NRI_P087",100
"43024",362.184812332998,"NRI_P087",25
"43025",308.715512333001,"NRI_P087",50
"43026",-8237.259777667,"NRI_P087",100
"43027",-404.444047666999,"NRI_P087",25
"43028",2593.46769233301,"NRI_P087",50
"43029",-2399.18121766701,"NRI_P087",100
"43030",194.862642332999,"NRI_P087",25
"43031",2739.110292333,"NRI_P087",50
"43032",-4249.33294766699,"NRI_P087",100
"43033",845.810592333,"NRI_P087",25
"43034",-555.270567667001,"NRI_P087",50
"43035",-8037.387927667,"NRI_P087",100
"43036",-1536.362287667,"NRI_P087",25
"43037",-3562.79275766699,"NRI_P087",50
"43038",10631.437602333,"NRI_P087",100
"43039",-1310.541467667,"NRI_P087",25
"43040",1815.60618233299,"NRI_P087",50
"43041",-4041.93485766702,"NRI_P087",100
"43042",-1134.76727766701,"NRI_P087",25
"43043",-959.964387667016,"NRI_P087",50
"43044",13861.577462333,"NRI_P087",100
"43045",-1285.568547667,"NRI_P087",25
"43046",-4449.09843766701,"NRI_P087",50
"43047",4730.46290233301,"NRI_P087",100
"43048",135.177662333008,"NRI_P087",25
"43049",-2093.32899766701,"NRI_P087",50
"43050",-8770.95351766699,"NRI_P087",100
"43051",-762.073347666999,"NRI_P087",25
"43052",-2763.32369766702,"NRI_P087",50
"43053",-2003.408857667,"NRI_P087",100
"43054",1552.60699233299,"NRI_P087",25
"43055",-1876.58368766701,"NRI_P087",50
"43056",-6047.343757667,"NRI_P087",100
"43057",935.717682332994,"NRI_P087",25
"43058",-5649.027087667,"NRI_P087",50
"43059",-7127.92958766699,"NRI_P087",100
"43060",-4960.49719766699,"NRI_P087",25
"43061",-3066.99722766702,"NRI_P087",50
"43062",-5622.41520766701,"NRI_P087",100
"43063",5722.34081233299,"NRI_P087",25
"43064",7898.37518233299,"NRI_P087",50
"43065",935.513362333004,"NRI_P087",100
"43066",-1500.38520766702,"NRI_P087",25
"43067",-2318.39993766701,"NRI_P087",50
"43068",-5117.31037766699,"NRI_P087",100
"43069",-1463.55948766699,"NRI_P087",25
"43070",-4940.850637667,"NRI_P087",50
"43071",-4582.89779766701,"NRI_P087",100
"43072",-235.047987667,"NRI_P087",25
"43073",-4452.42485766701,"NRI_P087",50
"43074",-2696.12946766699,"NRI_P087",100
"43075",-974.532797666994,"NRI_P087",25
"43076",8364.127312333,"NRI_P087",50
"43077",-1073.95189766699,"NRI_P087",100
"43078",-1642.55526766699,"NRI_P087",25
"43079",-6005.541967667,"NRI_P087",50
"43080",-1151.41565766701,"NRI_P087",100
"43081",1104.64476233299,"NRI_P087",25
"43082",-3845.91939766699,"NRI_P087",50
"43083",-7453.64639766701,"NRI_P087",100
"43084",11606.176112333,"NRI_P087",25
"43085",-3277.78801766702,"NRI_P087",50
"43086",-4621.669597667,"NRI_P087",100
"43087",991.343152332993,"NRI_P087",25
"43088",-5453.01705766699,"NRI_P087",50
"43089",-7418.05018766702,"NRI_P087",100
"43090",-734.659807666991,"NRI_P087",25
"43091",-2174.315497667,"NRI_P087",50
"43092",-1692.720867667,"NRI_P087",100
"43093",-818.324497666996,"NRI_P087",25
"43094",-3086.09941766699,"NRI_P087",50
"43095",-2946.45140766702,"NRI_P087",100
"43096",-619.662217667006,"NRI_P087",25
"43097",-449.296567667014,"NRI_P087",50
"43098",-5718.74845766701,"NRI_P087",100
"43099",-261.280537667015,"NRI_P087",25
"43100",-5632.79370766701,"NRI_P087",50
"43101",-3559.15912766699,"NRI_P087",100
"43102",5337.89779233301,"NRI_P087",25
"43103",-3097.35468766702,"NRI_P087",50
"43104",-4924.51929766699,"NRI_P087",100
"43105",-1138.99707766701,"NRI_P087",25
"43106",-1566.98059766699,"NRI_P087",50
"43107",-4045.710437667,"NRI_P087",100
"43108",-808.824907667004,"NRI_P087",25
"43109",5004.72827233298,"NRI_P087",50
"43110",14615.153852333,"NRI_P087",100
"43111",-208.691407667007,"NRI_P087",25
"43112",-1058.667987667,"NRI_P087",50
"43113",-5564.13595766699,"NRI_P087",100
"43114",-1356.93989766701,"NRI_P087",25
"43115",-6278.739657667,"NRI_P087",50
"43116",-6595.316097667,"NRI_P087",100
"43117",1177.83349233301,"NRI_P087",25
"43118",-110.571047667006,"NRI_P087",50
"43119",5770.30331233301,"NRI_P087",100
"43120",-178.56751766699,"NRI_P087",25
"43121",-3342.92313766701,"NRI_P087",50
"43122",-6914.946837667,"NRI_P087",100
"43123",3125.441902333,"NRI_P087",25
"43124",1203.00181233301,"NRI_P087",50
"43125",-8052.03223766701,"NRI_P087",100
"43126",-339.370307667006,"NRI_P087",25
"43127",10777.959912333,"NRI_P087",50
"43128",-7311.73293766699,"NRI_P087",100
"43129",8623.278452333,"NRI_P087",25
"43130",-4015.35505766701,"NRI_P087",50
"43131",235.981282332999,"NRI_P087",100
"43132",-4362.516917667,"NRI_P087",25
"43133",-2594.343677667,"NRI_P087",50
"43134",-6025.011887667,"NRI_P087",100
"43135",693.356612333009,"NRI_P087",25
"43136",-1626.77620766699,"NRI_P087",50
"43137",-4484.76984766699,"NRI_P087",100
"43138",-1605.81087766701,"NRI_P087",25
"43139",-2711.062997667,"NRI_P087",50
"43140",-3584.98271766701,"NRI_P087",100
"43141",1429.60121233299,"NRI_P087",25
"43142",371.093372333009,"NRI_P087",50
"43143",625.775282332994,"NRI_P087",100
"43144",105.343912332988,"NRI_P087",25
"43145",-1821.894267667,"NRI_P087",50
"43146",-5639.43598766701,"NRI_P087",100
"43147",-1705.16273766701,"NRI_P087",25
"43148",-5246.59717766699,"NRI_P087",50
"43149",-4284.93066766701,"NRI_P087",100
"43150",-1223.449857667,"NRI_P087",25
"43151",891.205232332984,"NRI_P087",50
"43152",-1257.650517667,"NRI_P087",100
"43153",-24.89060766701,"NRI_P087",25
"43154",6837.111282333,"NRI_P087",50
"43155",1451.216682333,"NRI_P087",100
"43156",3549.61611233299,"NRI_P087",25
"43157",-7249.894787667,"NRI_P087",50
"43158",3743.615612333,"NRI_P087",100
"43159",-435.005297666998,"NRI_P087",25
"43160",159.350812332996,"NRI_P087",50
"43161",-6203.833697667,"NRI_P087",100
"43162",-355.346047667001,"NRI_P087",25
"43163",-2857.28906766701,"NRI_P087",50
"43164",-1980.72700766701,"NRI_P087",100
"43165",-1469.559667667,"NRI_P087",25
"43166",-4959.732227667,"NRI_P087",50
"43167",-3099.44689766699,"NRI_P087",100
"43168",-709.862307667005,"NRI_P087",25
"43169",1302.32111233301,"NRI_P087",50
"43170",-5163.54687766702,"NRI_P087",100
"43171",967.466022332985,"NRI_P087",25
"43172",603.718312332989,"NRI_P087",50
"43173",5112.26934233299,"NRI_P087",100
"43174",-988.132787667011,"NRI_P087",25
"43175",-2595.239917667,"NRI_P087",50
"43176",-4095.74844766699,"NRI_P087",100
"43177",-534.071697667008,"NRI_P087",25
"43178",-4002.332237667,"NRI_P087",50
"43179",-5244.300227667,"NRI_P087",100
"43180",-378.274707667006,"NRI_P087",25
"43181",10289.918062333,"NRI_P087",50
"43182",-6650.749277667,"NRI_P087",100
"43183",-1996.36200766699,"NRI_P087",25
"43184",-317.127337667014,"NRI_P087",50
"43185",6621.79238233299,"NRI_P087",100
"43186",-1354.28379766701,"NRI_P087",25
"43187",3083.339782333,"NRI_P087",50
"43188",-3743.69814766699,"NRI_P087",100
"43189",-1785.660917667,"NRI_P087",25
"43190",934.702542332991,"NRI_P087",50
"43191",-8712.585567667,"NRI_P087",100
"43192",1517.299982333,"NRI_P087",25
"43193",-1520.44695766701,"NRI_P087",50
"43194",-130.254547666991,"NRI_P087",100
"43195",-4152.472067667,"NRI_P087",25
"43196",-2651.09538766701,"NRI_P087",50
"43197",-7280.61725766701,"NRI_P087",100
"43198",-1742.622167667,"NRI_P087",25
"43199",3006.40728233301,"NRI_P087",50
"43200",-3272.328557667,"NRI_P087",100
"43201",-14139.074637707,"NRI_P089",25
"43202",16051.777272293,"NRI_P089",50
"43203",43238.667142293,"NRI_P089",100
"43204",-13071.536177707,"NRI_P089",25
"43205",22560.936692293,"NRI_P089",50
"43206",20842.819862293,"NRI_P089",100
"43207",43442.458042293,"NRI_P089",25
"43208",-5096.03690770699,"NRI_P089",50
"43209",-17024.539477707,"NRI_P089",100
"43210",-817.952667706995,"NRI_P089",25
"43211",15297.268902293,"NRI_P089",50
"43212",-21596.093497707,"NRI_P089",100
"43213",21633.501032293,"NRI_P089",25
"43214",11291.761162293,"NRI_P089",50
"43215",22461.463632293,"NRI_P089",100
"43216",36360.990302293,"NRI_P089",25
"43217",-3305.55911770702,"NRI_P089",50
"43218",-16721.188227707,"NRI_P089",100
"43219",-3232.27925770701,"NRI_P089",25
"43220",-11696.505227707,"NRI_P089",50
"43221",-9371.852427707,"NRI_P089",100
"43222",-7726.219737707,"NRI_P089",25
"43223",7577.29367229296,"NRI_P089",50
"43224",29464.703922293,"NRI_P089",100
"43225",23966.605242293,"NRI_P089",25
"43226",51125.565042293,"NRI_P089",50
"43227",-13715.989497707,"NRI_P089",100
"43228",-13376.206977707,"NRI_P089",25
"43229",-8737.51895770704,"NRI_P089",50
"43230",-9829.795447707,"NRI_P089",100
"43231",-4526.59994770703,"NRI_P089",25
"43232",21541.799022293,"NRI_P089",50
"43233",-5499.78838770703,"NRI_P089",100
"43234",14648.433322293,"NRI_P089",25
"43235",-10436.957177707,"NRI_P089",50
"43236",26721.026902293,"NRI_P089",100
"43237",-13798.152257707,"NRI_P089",25
"43238",30716.726572293,"NRI_P089",50
"43239",36356.175162293,"NRI_P089",100
"43240",21985.172152293,"NRI_P089",25
"43241",-3665.147697707,"NRI_P089",50
"43242",24598.506292293,"NRI_P089",100
"43243",-4661.35757770704,"NRI_P089",25
"43244",638.686532292981,"NRI_P089",50
"43245",1757.802522293,"NRI_P089",100
"43246",10706.884402293,"NRI_P089",25
"43247",2229.978402293,"NRI_P089",50
"43248",25947.473002293,"NRI_P089",100
"43249",-957.774547706998,"NRI_P089",25
"43250",21251.449052293,"NRI_P089",50
"43251",6457.479992293,"NRI_P089",100
"43252",2362.22831229301,"NRI_P089",25
"43253",32498.420772293,"NRI_P089",50
"43254",37714.663952293,"NRI_P089",100
"43255",-3876.67883770703,"NRI_P089",25
"43256",982.163262292976,"NRI_P089",50
"43257",52949.937422293,"NRI_P089",100
"43258",14417.571372293,"NRI_P089",25
"43259",-9347.72040770703,"NRI_P089",50
"43260",61908.828132293,"NRI_P089",100
"43261",19252.708602293,"NRI_P089",25
"43262",-17999.109277707,"NRI_P089",50
"43263",10206.329142293,"NRI_P089",100
"43264",-1398.60600770701,"NRI_P089",25
"43265",51534.234662293,"NRI_P089",50
"43266",-8829.09883770702,"NRI_P089",100
"43267",20283.973482293,"NRI_P089",25
"43268",-2187.671487707,"NRI_P089",50
"43269",2388.66579229297,"NRI_P089",100
"43270",3750.721722293,"NRI_P089",25
"43271",15175.828192293,"NRI_P089",50
"43272",-865.059807707032,"NRI_P089",100
"43273",-9563.57131770701,"NRI_P089",25
"43274",66313.194772293,"NRI_P089",50
"43275",5678.78719229298,"NRI_P089",100
"43276",3256.82352229301,"NRI_P089",25
"43277",-2991.88911770703,"NRI_P089",50
"43278",-3668.527467707,"NRI_P089",100
"43279",37191.082952293,"NRI_P089",25
"43280",19475.042512293,"NRI_P089",50
"43281",32606.562972293,"NRI_P089",100
"43282",3503.98232229298,"NRI_P089",25
"43283",-12807.074347707,"NRI_P089",50
"43284",-7670.09031770704,"NRI_P089",100
"43285",53012.051882293,"NRI_P089",25
"43286",-12086.097807707,"NRI_P089",50
"43287",12205.674482293,"NRI_P089",100
"43288",-6569.29101770703,"NRI_P089",25
"43289",-3690.40255770704,"NRI_P089",50
"43290",36201.138062293,"NRI_P089",100
"43291",-12535.552877707,"NRI_P089",25
"43292",-5785.28016770701,"NRI_P089",50
"43293",79218.758942293,"NRI_P089",100
"43294",-3918.88681770704,"NRI_P089",25
"43295",-4347.569587707,"NRI_P089",50
"43296",42879.310662293,"NRI_P089",100
"43297",-17538.701877707,"NRI_P089",25
"43298",10559.663702293,"NRI_P089",50
"43299",11075.654242293,"NRI_P089",100
"43300",-6640.53365770704,"NRI_P089",25
"43301",-5824.51573770703,"NRI_P089",50
"43302",17977.968602293,"NRI_P089",100
"43303",6336.05637229298,"NRI_P089",25
"43304",1097.275912293,"NRI_P089",50
"43305",5211.80056229298,"NRI_P089",100
"43306",-13992.010717707,"NRI_P089",25
"43307",-9578.01295770699,"NRI_P089",50
"43308",398.637322293012,"NRI_P089",100
"43309",-2564.77773770702,"NRI_P089",25
"43310",-7092.94396770699,"NRI_P089",50
"43311",24427.565152293,"NRI_P089",100
"43312",-11955.793127707,"NRI_P089",25
"43313",5029.887932293,"NRI_P089",50
"43314",-4340.16255770699,"NRI_P089",100
"43315",23547.163402293,"NRI_P089",25
"43316",-1641.54789770703,"NRI_P089",50
"43317",10308.397982293,"NRI_P089",100
"43318",-9531.06253770704,"NRI_P089",25
"43319",-11571.737527707,"NRI_P089",50
"43320",-4041.40557770699,"NRI_P089",100
"43321",-7493.78443770704,"NRI_P089",25
"43322",940.292972292984,"NRI_P089",50
"43323",29717.166762293,"NRI_P089",100
"43324",1953.67441229301,"NRI_P089",25
"43325",2129.83998229296,"NRI_P089",50
"43326",26253.529112293,"NRI_P089",100
"43327",-1755.120377707,"NRI_P089",25
"43328",7431.21472229296,"NRI_P089",50
"43329",-20284.462997707,"NRI_P089",100
"43330",8812.24827229296,"NRI_P089",25
"43331",30170.375272293,"NRI_P089",50
"43332",-14511.997397707,"NRI_P089",100
"43333",-9852.50026770704,"NRI_P089",25
"43334",-13804.533337707,"NRI_P089",50
"43335",7607.75084229297,"NRI_P089",100
"43336",-3344.29140770703,"NRI_P089",25
"43337",-2159.62486770703,"NRI_P089",50
"43338",27949.741252293,"NRI_P089",100
"43339",-10291.695007707,"NRI_P089",25
"43340",-4172.405197707,"NRI_P089",50
"43341",43200.078072293,"NRI_P089",100
"43342",-5898.034217707,"NRI_P089",25
"43343",12717.956992293,"NRI_P089",50
"43344",12423.572972293,"NRI_P089",100
"43345",6792.21447229298,"NRI_P089",25
"43346",-5976.46287770703,"NRI_P089",50
"43347",-5640.40836770699,"NRI_P089",100
"43348",18819.225002293,"NRI_P089",25
"43349",-8638.83144770702,"NRI_P089",50
"43350",18292.732522293,"NRI_P089",100
"43351",22761.993532293,"NRI_P089",25
"43352",-21217.984197707,"NRI_P089",50
"43353",4534.97095229296,"NRI_P089",100
"43354",-12703.089217707,"NRI_P089",25
"43355",-15412.145267707,"NRI_P089",50
"43356",-1099.41525770701,"NRI_P089",100
"43357",10598.246932293,"NRI_P089",25
"43358",-8904.59638770699,"NRI_P089",50
"43359",5539.12551229296,"NRI_P089",100
"43360",6992.26605229301,"NRI_P089",25
"43361",7632.832832293,"NRI_P089",50
"43362",30639.494692293,"NRI_P089",100
"43363",-7265.36890770699,"NRI_P089",25
"43364",-5236.84514770703,"NRI_P089",50
"43365",-12645.051437707,"NRI_P089",100
"43366",-5498.54832770699,"NRI_P089",25
"43367",-9659.72647770704,"NRI_P089",50
"43368",-12668.231867707,"NRI_P089",100
"43369",6530.485772293,"NRI_P089",25
"43370",-13810.655627707,"NRI_P089",50
"43371",-8556.12403770699,"NRI_P089",100
"43372",552.449552292994,"NRI_P089",25
"43373",-4589.45667770703,"NRI_P089",50
"43374",-11854.578097707,"NRI_P089",100
"43375",2336.94416229299,"NRI_P089",25
"43376",-6741.10610770702,"NRI_P089",50
"43377",65176.219332293,"NRI_P089",100
"43378",1768.34572229296,"NRI_P089",25
"43379",12495.877512293,"NRI_P089",50
"43380",-9945.36054770701,"NRI_P089",100
"43381",-8865.756667707,"NRI_P089",25
"43382",-7357.164377707,"NRI_P089",50
"43383",-16546.332047707,"NRI_P089",100
"43384",-5984.25383770699,"NRI_P089",25
"43385",19709.366342293,"NRI_P089",50
"43386",44904.737982293,"NRI_P089",100
"43387",403.928472292959,"NRI_P089",25
"43388",-8524.48939770699,"NRI_P089",50
"43389",-9819.54233770701,"NRI_P089",100
"43390",-5699.08427770704,"NRI_P089",25
"43391",-2306.39560770703,"NRI_P089",50
"43392",-7765.95613770699,"NRI_P089",100
"43393",32342.357712293,"NRI_P089",25
"43394",30066.435822293,"NRI_P089",50
"43395",29152.638442293,"NRI_P089",100
"43396",12049.448742293,"NRI_P089",25
"43397",-7901.16140770703,"NRI_P089",50
"43398",-11620.398787707,"NRI_P089",100
"43399",-5927.73697770701,"NRI_P089",25
"43400",58406.351872293,"NRI_P089",50
"43401",-6053.89505770704,"NRI_P089",100
"43402",2505.570172293,"NRI_P089",25
"43403",17856.486452293,"NRI_P089",50
"43404",-7092.764197707,"NRI_P089",100
"43405",2205.19312229299,"NRI_P089",25
"43406",-14652.041327707,"NRI_P089",50
"43407",-17008.562757707,"NRI_P089",100
"43408",-1375.11182770703,"NRI_P089",25
"43409",41578.559472293,"NRI_P089",50
"43410",29432.331352293,"NRI_P089",100
"43411",9908.90395229298,"NRI_P089",25
"43412",-4656.97996770701,"NRI_P089",50
"43413",41600.751082293,"NRI_P089",100
"43414",5185.64182229299,"NRI_P089",25
"43415",-11906.055657707,"NRI_P089",50
"43416",-9842.75179770699,"NRI_P089",100
"43417",-2024.09335770702,"NRI_P089",25
"43418",18072.430582293,"NRI_P089",50
"43419",11230.160972293,"NRI_P089",100
"43420",4007.86892229301,"NRI_P089",25
"43421",-7709.625987707,"NRI_P089",50
"43422",3660.36519229296,"NRI_P089",100
"43423",430.655142292962,"NRI_P089",25
"43424",-10385.371637707,"NRI_P089",50
"43425",-1138.11779770703,"NRI_P089",100
"43426",-9583.41215770703,"NRI_P089",25
"43427",7582.17094229296,"NRI_P089",50
"43428",18408.925692293,"NRI_P089",100
"43429",-3091.61077770701,"NRI_P089",25
"43430",3097.18895229296,"NRI_P089",50
"43431",34758.005922293,"NRI_P089",100
"43432",3878.25319229299,"NRI_P089",25
"43433",-5591.65160770703,"NRI_P089",50
"43434",-7075.416097707,"NRI_P089",100
"43435",26619.355202293,"NRI_P089",25
"43436",6277.97965229297,"NRI_P089",50
"43437",20305.273022293,"NRI_P089",100
"43438",-7569.12737770699,"NRI_P089",25
"43439",-18047.541847707,"NRI_P089",50
"43440",11529.243022293,"NRI_P089",100
"43441",-6945.59167770704,"NRI_P089",25
"43442",-7042.13024770701,"NRI_P089",50
"43443",-7800.92543770699,"NRI_P089",100
"43444",-4753.81594770704,"NRI_P089",25
"43445",-10905.190167707,"NRI_P089",50
"43446",-4855.26723770704,"NRI_P089",100
"43447",16263.806622293,"NRI_P089",25
"43448",20254.509942293,"NRI_P089",50
"43449",42054.761172293,"NRI_P089",100
"43450",-6251.33774770703,"NRI_P089",25
"43451",12574.380792293,"NRI_P089",50
"43452",-3691.304437707,"NRI_P089",100
"43453",13790.370982293,"NRI_P089",25
"43454",15830.834402293,"NRI_P089",50
"43455",-12475.200607707,"NRI_P089",100
"43456",27932.194172293,"NRI_P089",25
"43457",-17548.876117707,"NRI_P089",50
"43458",12826.526272293,"NRI_P089",100
"43459",-564.806657707028,"NRI_P089",25
"43460",-360.242747707001,"NRI_P089",50
"43461",5196.47586229298,"NRI_P089",100
"43462",1376.19224229298,"NRI_P089",25
"43463",30138.286832293,"NRI_P089",50
"43464",19894.375172293,"NRI_P089",100
"43465",-5611.73277770699,"NRI_P089",25
"43466",-15615.830837707,"NRI_P089",50
"43467",-25728.398817707,"NRI_P089",100
"43468",-8979.77559770702,"NRI_P089",25
"43469",8463.98247229296,"NRI_P089",50
"43470",44510.058012293,"NRI_P089",100
"43471",7021.55143229297,"NRI_P089",25
"43472",-11985.146247707,"NRI_P089",50
"43473",13839.033722293,"NRI_P089",100
"43474",-2984.84211770701,"NRI_P089",25
"43475",-6979.97974770702,"NRI_P089",50
"43476",-10552.633157707,"NRI_P089",100
"43477",5543.288372293,"NRI_P089",25
"43478",-14490.258467707,"NRI_P089",50
"43479",17323.437812293,"NRI_P089",100
"43480",11173.784052293,"NRI_P089",25
"43481",-6128.94888770703,"NRI_P089",50
"43482",35745.020882293,"NRI_P089",100
"43483",-12841.444247707,"NRI_P089",25
"43484",-12536.744487707,"NRI_P089",50
"43485",-13222.678907707,"NRI_P089",100
"43486",10686.839432293,"NRI_P089",25
"43487",30265.292652293,"NRI_P089",50
"43488",53419.312792293,"NRI_P089",100
"43489",26582.550712293,"NRI_P089",25
"43490",-1857.751867707,"NRI_P089",50
"43491",-7102.49182770704,"NRI_P089",100
"43492",3041.03433229297,"NRI_P089",25
"43493",1519.62632229296,"NRI_P089",50
"43494",60778.128852293,"NRI_P089",100
"43495",20550.831022293,"NRI_P089",25
"43496",-3287.040577707,"NRI_P089",50
"43497",20203.855772293,"NRI_P089",100
"43498",-7980.867257707,"NRI_P089",25
"43499",7137.34420229297,"NRI_P089",50
"43500",26552.385592293,"NRI_P089",100
"43501",-66.1601874830085,"NRI_P090",25
"43502",451.252182517026,"NRI_P090",50
"43503",18618.712882517,"NRI_P090",100
"43504",3181.26990251703,"NRI_P090",25
"43505",5349.09928251704,"NRI_P090",50
"43506",10032.683232517,"NRI_P090",100
"43507",-4890.81632748299,"NRI_P090",25
"43508",3011.99197251699,"NRI_P090",50
"43509",12503.164352517,"NRI_P090",100
"43510",7128.79473251704,"NRI_P090",25
"43511",4403.27692251699,"NRI_P090",50
"43512",1575.814442517,"NRI_P090",100
"43513",7791.13843251701,"NRI_P090",25
"43514",3489.51983251702,"NRI_P090",50
"43515",10823.324702517,"NRI_P090",100
"43516",5399.76753251703,"NRI_P090",25
"43517",27500.837362517,"NRI_P090",50
"43518",4129.20286251704,"NRI_P090",100
"43519",8051.82663251704,"NRI_P090",25
"43520",4440.56997251703,"NRI_P090",50
"43521",-1096.15273748297,"NRI_P090",100
"43522",-1243.15585748298,"NRI_P090",25
"43523",-3598.80798748299,"NRI_P090",50
"43524",10202.992582517,"NRI_P090",100
"43525",1395.26269251702,"NRI_P090",25
"43526",2537.62836251699,"NRI_P090",50
"43527",1992.07016251702,"NRI_P090",100
"43528",17.6568325170083,"NRI_P090",25
"43529",12102.756262517,"NRI_P090",50
"43530",6995.91461251699,"NRI_P090",100
"43531",2530.29770251701,"NRI_P090",25
"43532",15683.690292517,"NRI_P090",50
"43533",5955.77067251701,"NRI_P090",100
"43534",5077.78003251704,"NRI_P090",25
"43535",6594.84161251702,"NRI_P090",50
"43536",9437.87338251702,"NRI_P090",100
"43537",7781.28693251702,"NRI_P090",25
"43538",4772.83184251701,"NRI_P090",50
"43539",10772.737762517,"NRI_P090",100
"43540",8123.521832517,"NRI_P090",25
"43541",23975.863692517,"NRI_P090",50
"43542",14924.086772517,"NRI_P090",100
"43543",14401.055852517,"NRI_P090",25
"43544",5673.876812517,"NRI_P090",50
"43545",11314.363752517,"NRI_P090",100
"43546",6478.85449251701,"NRI_P090",25
"43547",11158.166362517,"NRI_P090",50
"43548",15863.470022517,"NRI_P090",100
"43549",-1029.56660748296,"NRI_P090",25
"43550",-5228.25249748299,"NRI_P090",50
"43551",1479.17362251703,"NRI_P090",100
"43552",15839.045332517,"NRI_P090",25
"43553",-158.756247482961,"NRI_P090",50
"43554",10924.570432517,"NRI_P090",100
"43555",4326.79423251702,"NRI_P090",25
"43556",19070.224232517,"NRI_P090",50
"43557",8469.356142517,"NRI_P090",100
"43558",388.288292517012,"NRI_P090",25
"43559",9631.60849251703,"NRI_P090",50
"43560",10474.953012517,"NRI_P090",100
"43561",4341.54239251703,"NRI_P090",25
"43562",5517.04446251702,"NRI_P090",50
"43563",11000.116442517,"NRI_P090",100
"43564",2155.31832251704,"NRI_P090",25
"43565",3849.69016251701,"NRI_P090",50
"43566",9238.74451251701,"NRI_P090",100
"43567",-908.487947482965,"NRI_P090",25
"43568",16913.311892517,"NRI_P090",50
"43569",-737.652907482989,"NRI_P090",100
"43570",8860.78153251699,"NRI_P090",25
"43571",-4363.486797483,"NRI_P090",50
"43572",5500.68739251699,"NRI_P090",100
"43573",2048.27833251702,"NRI_P090",25
"43574",9726.19122251699,"NRI_P090",50
"43575",13429.605192517,"NRI_P090",100
"43576",3818.89143251703,"NRI_P090",25
"43577",3181.177432517,"NRI_P090",50
"43578",34069.285632517,"NRI_P090",100
"43579",-3801.81273748301,"NRI_P090",25
"43580",11555.982332517,"NRI_P090",50
"43581",9643.012552517,"NRI_P090",100
"43582",279.626752517011,"NRI_P090",25
"43583",1878.00737251702,"NRI_P090",50
"43584",24123.473282517,"NRI_P090",100
"43585",5189.20831251703,"NRI_P090",25
"43586",2391.92015251704,"NRI_P090",50
"43587",-5044.55246748298,"NRI_P090",100
"43588",-3597.93074748298,"NRI_P090",25
"43589",8150.31711251702,"NRI_P090",50
"43590",15073.859032517,"NRI_P090",100
"43591",3033.88383251702,"NRI_P090",25
"43592",6099.355132517,"NRI_P090",50
"43593",12846.163672517,"NRI_P090",100
"43594",-3531.33773748297,"NRI_P090",25
"43595",4344.96265251702,"NRI_P090",50
"43596",-2932.96925748297,"NRI_P090",100
"43597",12910.525932517,"NRI_P090",25
"43598",3297.89387251699,"NRI_P090",50
"43599",14314.483582517,"NRI_P090",100
"43600",6150.53123251704,"NRI_P090",25
"43601",-2955.77130748297,"NRI_P090",50
"43602",11300.030182517,"NRI_P090",100
"43603",-266.122507483,"NRI_P090",25
"43604",11554.205322517,"NRI_P090",50
"43605",18693.361482517,"NRI_P090",100
"43606",962.72501251701,"NRI_P090",25
"43607",-2069.44038748299,"NRI_P090",50
"43608",10659.389522517,"NRI_P090",100
"43609",12311.423532517,"NRI_P090",25
"43610",10983.264302517,"NRI_P090",50
"43611",14404.608612517,"NRI_P090",100
"43612",5819.32855251699,"NRI_P090",25
"43613",5064.64941251703,"NRI_P090",50
"43614",34174.830942517,"NRI_P090",100
"43615",-1551.42675748299,"NRI_P090",25
"43616",466.249232517031,"NRI_P090",50
"43617",18207.422462517,"NRI_P090",100
"43618",1694.171752517,"NRI_P090",25
"43619",4992.91316251701,"NRI_P090",50
"43620",3491.69091251702,"NRI_P090",100
"43621",7426.846762517,"NRI_P090",25
"43622",-554.397997482971,"NRI_P090",50
"43623",3432.90289251704,"NRI_P090",100
"43624",-2223.83099748299,"NRI_P090",25
"43625",-1380.54532748298,"NRI_P090",50
"43626",23532.750192517,"NRI_P090",100
"43627",-2218.46747748298,"NRI_P090",25
"43628",18710.637422517,"NRI_P090",50
"43629",3643.07819251699,"NRI_P090",100
"43630",6016.742692517,"NRI_P090",25
"43631",-3586.868647483,"NRI_P090",50
"43632",2298.30958251702,"NRI_P090",100
"43633",2199.87267251703,"NRI_P090",25
"43634",9475.59226251702,"NRI_P090",50
"43635",-3827.52021748299,"NRI_P090",100
"43636",512.747162516986,"NRI_P090",25
"43637",3418.81548251701,"NRI_P090",50
"43638",20035.856572517,"NRI_P090",100
"43639",29820.690142517,"NRI_P090",25
"43640",9643.76163251704,"NRI_P090",50
"43641",-2527.45608748298,"NRI_P090",100
"43642",4462.01419251703,"NRI_P090",25
"43643",-226.116087483009,"NRI_P090",50
"43644",14854.467642517,"NRI_P090",100
"43645",-1048.302737483,"NRI_P090",25
"43646",396.123792516999,"NRI_P090",50
"43647",1349.249472517,"NRI_P090",100
"43648",7182.54858251702,"NRI_P090",25
"43649",4419.12692251703,"NRI_P090",50
"43650",26047.792632517,"NRI_P090",100
"43651",2728.668932517,"NRI_P090",25
"43652",-499.988527482958,"NRI_P090",50
"43653",-415.612697482982,"NRI_P090",100
"43654",9992.24823251704,"NRI_P090",25
"43655",19031.099522517,"NRI_P090",50
"43656",5158.16003251699,"NRI_P090",100
"43657",9462.71074251703,"NRI_P090",25
"43658",10156.689462517,"NRI_P090",50
"43659",5823.39019251702,"NRI_P090",100
"43660",3932.51764251699,"NRI_P090",25
"43661",6468.03157251701,"NRI_P090",50
"43662",19285.827592517,"NRI_P090",100
"43663",13355.017732517,"NRI_P090",25
"43664",23842.693262517,"NRI_P090",50
"43665",16628.782632517,"NRI_P090",100
"43666",5434.74773251702,"NRI_P090",25
"43667",253.967272517039,"NRI_P090",50
"43668",7389.052172517,"NRI_P090",100
"43669",-1091.20745748299,"NRI_P090",25
"43670",13753.277512517,"NRI_P090",50
"43671",11730.187232517,"NRI_P090",100
"43672",4110.46643251699,"NRI_P090",25
"43673",5351.42502251704,"NRI_P090",50
"43674",1978.30126251699,"NRI_P090",100
"43675",401.481082517013,"NRI_P090",25
"43676",-2820.97056748299,"NRI_P090",50
"43677",34852.472962517,"NRI_P090",100
"43678",799.694272516994,"NRI_P090",25
"43679",2267.36053251702,"NRI_P090",50
"43680",10844.399362517,"NRI_P090",100
"43681",-1047.16086748301,"NRI_P090",25
"43682",-1487.59541748301,"NRI_P090",50
"43683",28274.543622517,"NRI_P090",100
"43684",8447.83970251703,"NRI_P090",25
"43685",8582.507132517,"NRI_P090",50
"43686",-1044.58634748298,"NRI_P090",100
"43687",4258.809412517,"NRI_P090",25
"43688",979.458272517018,"NRI_P090",50
"43689",1611.08990251704,"NRI_P090",100
"43690",10822.055532517,"NRI_P090",25
"43691",17710.566912517,"NRI_P090",50
"43692",10058.191932517,"NRI_P090",100
"43693",-4996.60328748298,"NRI_P090",25
"43694",11819.587912517,"NRI_P090",50
"43695",18154.054542517,"NRI_P090",100
"43696",-2205.740887483,"NRI_P090",25
"43697",5317.61166251701,"NRI_P090",50
"43698",4595.00186251703,"NRI_P090",100
"43699",3282.367272517,"NRI_P090",25
"43700",12207.767462517,"NRI_P090",50
"43701",3760.838712517,"NRI_P090",100
"43702",4552.51337251702,"NRI_P090",25
"43703",1957.03896251699,"NRI_P090",50
"43704",20856.121252517,"NRI_P090",100
"43705",20128.530532517,"NRI_P090",25
"43706",-2000.29755748296,"NRI_P090",50
"43707",14681.919452517,"NRI_P090",100
"43708",2381.767192517,"NRI_P090",25
"43709",17603.865762517,"NRI_P090",50
"43710",19334.853882517,"NRI_P090",100
"43711",4357.00993251702,"NRI_P090",25
"43712",14710.246492517,"NRI_P090",50
"43713",-1316.52986748301,"NRI_P090",100
"43714",6559.260312517,"NRI_P090",25
"43715",785.933572517009,"NRI_P090",50
"43716",4324.88792251702,"NRI_P090",100
"43717",718.928642517014,"NRI_P090",25
"43718",6775.77963251702,"NRI_P090",50
"43719",2671.85433251702,"NRI_P090",100
"43720",7187.27851251699,"NRI_P090",25
"43721",25484.855212517,"NRI_P090",50
"43722",8369.02426251699,"NRI_P090",100
"43723",5317.787472517,"NRI_P090",25
"43724",3195.57841251703,"NRI_P090",50
"43725",2727.11169251701,"NRI_P090",100
"43726",-4102.94448748301,"NRI_P090",25
"43727",13049.162832517,"NRI_P090",50
"43728",7834.43001251703,"NRI_P090",100
"43729",4800.42862251704,"NRI_P090",25
"43730",5789.53135251702,"NRI_P090",50
"43731",9722.26819251699,"NRI_P090",100
"43732",21123.454502517,"NRI_P090",25
"43733",4564.88701251702,"NRI_P090",50
"43734",35433.107762517,"NRI_P090",100
"43735",10368.785832517,"NRI_P090",25
"43736",-2888.00189748296,"NRI_P090",50
"43737",21339.834972517,"NRI_P090",100
"43738",7936.91099251702,"NRI_P090",25
"43739",10767.141332517,"NRI_P090",50
"43740",3042.23358251702,"NRI_P090",100
"43741",84.8916325169848,"NRI_P090",25
"43742",1287.46431251703,"NRI_P090",50
"43743",10237.230972517,"NRI_P090",100
"43744",598.487232516985,"NRI_P090",25
"43745",1785.65432251699,"NRI_P090",50
"43746",15364.381222517,"NRI_P090",100
"43747",2919.018262517,"NRI_P090",25
"43748",6362.45333251701,"NRI_P090",50
"43749",3829.08039251703,"NRI_P090",100
"43750",5326.44803251699,"NRI_P090",25
"43751",7256.69676251704,"NRI_P090",50
"43752",-5748.58337748301,"NRI_P090",100
"43753",6189.24391251703,"NRI_P090",25
"43754",3778.25031251699,"NRI_P090",50
"43755",14669.631762517,"NRI_P090",100
"43756",3371.42983251699,"NRI_P090",25
"43757",13474.647832517,"NRI_P090",50
"43758",10007.118822517,"NRI_P090",100
"43759",5983.09875251702,"NRI_P090",25
"43760",-3796.18401748297,"NRI_P090",50
"43761",20268.339652517,"NRI_P090",100
"43762",6711.48997251701,"NRI_P090",25
"43763",2661.18067251699,"NRI_P090",50
"43764",36086.897252517,"NRI_P090",100
"43765",-4191.32860748301,"NRI_P090",25
"43766",-2803.230827483,"NRI_P090",50
"43767",14075.167422517,"NRI_P090",100
"43768",4391.19269251701,"NRI_P090",25
"43769",4506.99223251699,"NRI_P090",50
"43770",34780.402172517,"NRI_P090",100
"43771",1424.73927251704,"NRI_P090",25
"43772",5821.08449251699,"NRI_P090",50
"43773",59711.100752517,"NRI_P090",100
"43774",438.289802516985,"NRI_P090",25
"43775",-269.521257482993,"NRI_P090",50
"43776",14055.446652517,"NRI_P090",100
"43777",-1747.56216748297,"NRI_P090",25
"43778",-37.7859574829927,"NRI_P090",50
"43779",12222.653872517,"NRI_P090",100
"43780",2673.71315251704,"NRI_P090",25
"43781",14144.046032517,"NRI_P090",50
"43782",6859.28703251702,"NRI_P090",100
"43783",-835.942157482961,"NRI_P090",25
"43784",6183.69098251703,"NRI_P090",50
"43785",5453.05985251704,"NRI_P090",100
"43786",13334.386332517,"NRI_P090",25
"43787",-1389.92697748297,"NRI_P090",50
"43788",140.58253251703,"NRI_P090",100
"43789",-5.73843748297077,"NRI_P090",25
"43790",6896.61770251702,"NRI_P090",50
"43791",12481.218672517,"NRI_P090",100
"43792",2429.83213251701,"NRI_P090",25
"43793",5621.70626251702,"NRI_P090",50
"43794",3097.62713251699,"NRI_P090",100
"43795",15800.257032517,"NRI_P090",25
"43796",6239.40560251701,"NRI_P090",50
"43797",8945.29963251704,"NRI_P090",100
"43798",-672.952067482984,"NRI_P090",25
"43799",5178.05512251699,"NRI_P090",50
"43800",5863.196352517,"NRI_P090",100
"43801",-157.723007189896,"NRI_P091",25
"43802",-5878.6118271899,"NRI_P091",50
"43803",-4264.13947718991,"NRI_P091",100
"43804",-5407.9542371899,"NRI_P091",25
"43805",-1734.12576718991,"NRI_P091",50
"43806",-6046.6726471899,"NRI_P091",100
"43807",-173.600287189896,"NRI_P091",25
"43808",293.539282810103,"NRI_P091",50
"43809",-6227.3536571899,"NRI_P091",100
"43810",-82.7020671899081,"NRI_P091",25
"43811",181.244092810099,"NRI_P091",50
"43812",-6081.05608718991,"NRI_P091",100
"43813",1840.0228628101,"NRI_P091",25
"43814",1809.0908428101,"NRI_P091",50
"43815",-6211.2030671899,"NRI_P091",100
"43816",-196.748907189904,"NRI_P091",25
"43817",-6020.3307771899,"NRI_P091",50
"43818",-5598.3947771899,"NRI_P091",100
"43819",495.338862810095,"NRI_P091",25
"43820",-4416.2004071899,"NRI_P091",50
"43821",-560.547237189909,"NRI_P091",100
"43822",-6111.5905471899,"NRI_P091",25
"43823",-5839.1865371899,"NRI_P091",50
"43824",-6024.3807371899,"NRI_P091",100
"43825",-5977.8814171899,"NRI_P091",25
"43826",-5589.5093071899,"NRI_P091",50
"43827",-5836.45373718991,"NRI_P091",100
"43828",-199.697657189899,"NRI_P091",25
"43829",-65.4813371899072,"NRI_P091",50
"43830",-6250.15331718991,"NRI_P091",100
"43831",-5903.2848371899,"NRI_P091",25
"43832",-6080.22437718991,"NRI_P091",50
"43833",-5863.0217771899,"NRI_P091",100
"43834",-136.82225718991,"NRI_P091",25
"43835",2852.9550728101,"NRI_P091",50
"43836",-5994.8822371899,"NRI_P091",100
"43837",-31.2141171898984,"NRI_P091",25
"43838",-5903.51546718991,"NRI_P091",50
"43839",3420.8745428101,"NRI_P091",100
"43840",-23.4513071898982,"NRI_P091",25
"43841",-6070.0673371899,"NRI_P091",50
"43842",-5633.16818718991,"NRI_P091",100
"43843",71.9998528100987,"NRI_P091",25
"43844",1184.50443281009,"NRI_P091",50
"43845",-6004.7875771899,"NRI_P091",100
"43846",-5865.03231718991,"NRI_P091",25
"43847",-15.4843871899066,"NRI_P091",50
"43848",-6116.51645718991,"NRI_P091",100
"43849",-179.881497189897,"NRI_P091",25
"43850",-5885.1226071899,"NRI_P091",50
"43851",-5324.1440871899,"NRI_P091",100
"43852",228.479872810101,"NRI_P091",25
"43853",-0.106287189904833,"NRI_P091",50
"43854",-5625.41548718991,"NRI_P091",100
"43855",-5966.0481171899,"NRI_P091",25
"43856",-6077.11949718991,"NRI_P091",50
"43857",-5720.6205571899,"NRI_P091",100
"43858",48.5453128100926,"NRI_P091",25
"43859",9.29099281009985,"NRI_P091",50
"43860",-5594.7297771899,"NRI_P091",100
"43861",-81.2335571899021,"NRI_P091",25
"43862",-176.286457189897,"NRI_P091",50
"43863",-6213.4531171899,"NRI_P091",100
"43864",97.1669928101037,"NRI_P091",25
"43865",12046.3329928101,"NRI_P091",50
"43866",-5459.8322971899,"NRI_P091",100
"43867",50.4021728100925,"NRI_P091",25
"43868",1114.1030528101,"NRI_P091",50
"43869",-6047.3862471899,"NRI_P091",100
"43870",-6173.97188718991,"NRI_P091",25
"43871",-5177.11583718991,"NRI_P091",50
"43872",-6266.5097271899,"NRI_P091",100
"43873",-5932.7680671899,"NRI_P091",25
"43874",118.365222810098,"NRI_P091",50
"43875",-4472.2168671899,"NRI_P091",100
"43876",-145.740367189908,"NRI_P091",25
"43877",-5495.3317271899,"NRI_P091",50
"43878",-6064.6599571899,"NRI_P091",100
"43879",-5862.2527571899,"NRI_P091",25
"43880",-193.056447189898,"NRI_P091",50
"43881",-5966.8530871899,"NRI_P091",100
"43882",561.743712810101,"NRI_P091",25
"43883",-115.458507189906,"NRI_P091",50
"43884",-5621.32422718991,"NRI_P091",100
"43885",182.415332810095,"NRI_P091",25
"43886",-5851.6519771899,"NRI_P091",50
"43887",-5941.0831371899,"NRI_P091",100
"43888",221.438232810091,"NRI_P091",25
"43889",245.273652810094,"NRI_P091",50
"43890",-5874.44024718991,"NRI_P091",100
"43891",-259.508247189908,"NRI_P091",25
"43892",19.4192728101043,"NRI_P091",50
"43893",-5807.98482718991,"NRI_P091",100
"43894",-198.001157189909,"NRI_P091",25
"43895",-40.4884871898976,"NRI_P091",50
"43896",-6237.0284371899,"NRI_P091",100
"43897",-6038.94716718991,"NRI_P091",25
"43898",-1.05071718990803,"NRI_P091",50
"43899",-5999.01194718991,"NRI_P091",100
"43900",73.4465928100981,"NRI_P091",25
"43901",-6144.86742718991,"NRI_P091",50
"43902",-6161.49427718991,"NRI_P091",100
"43903",-6110.13779718991,"NRI_P091",25
"43904",-6074.57173718991,"NRI_P091",50
"43905",-6239.5068871899,"NRI_P091",100
"43906",1197.1053328101,"NRI_P091",25
"43907",-1666.3352471899,"NRI_P091",50
"43908",-5989.49581718991,"NRI_P091",100
"43909",-5916.8574371899,"NRI_P091",25
"43910",-6102.3823771899,"NRI_P091",50
"43911",-6180.7159671899,"NRI_P091",100
"43912",7.65820281009655,"NRI_P091",25
"43913",-122.89008718991,"NRI_P091",50
"43914",-4999.5899071899,"NRI_P091",100
"43915",-7.15072718990268,"NRI_P091",25
"43916",-5993.20142718991,"NRI_P091",50
"43917",-5985.3070671899,"NRI_P091",100
"43918",1876.1957328101,"NRI_P091",25
"43919",-5818.7076771899,"NRI_P091",50
"43920",3392.4287528101,"NRI_P091",100
"43921",-252.373117189898,"NRI_P091",25
"43922",2756.57050281009,"NRI_P091",50
"43923",-5995.4824771899,"NRI_P091",100
"43924",-5916.0598071899,"NRI_P091",25
"43925",-6137.07715718991,"NRI_P091",50
"43926",-6084.4169571899,"NRI_P091",100
"43927",-89.8119371899083,"NRI_P091",25
"43928",-5923.68990718991,"NRI_P091",50
"43929",-6176.2231071899,"NRI_P091",100
"43930",-6016.3154371899,"NRI_P091",25
"43931",2645.56787281009,"NRI_P091",50
"43932",-1411.0025571899,"NRI_P091",100
"43933",-5943.56214718991,"NRI_P091",25
"43934",-5969.30591718991,"NRI_P091",50
"43935",-734.275627189898,"NRI_P091",100
"43936",6.15600281009392,"NRI_P091",25
"43937",-6048.8312171899,"NRI_P091",50
"43938",-5422.2332871899,"NRI_P091",100
"43939",-5708.6666571899,"NRI_P091",25
"43940",-257.468157189898,"NRI_P091",50
"43941",-2501.08845718991,"NRI_P091",100
"43942",37.6773728100961,"NRI_P091",25
"43943",-1868.7325571899,"NRI_P091",50
"43944",-5752.2844771899,"NRI_P091",100
"43945",8600.9827928101,"NRI_P091",25
"43946",-144.403977189897,"NRI_P091",50
"43947",-5790.1178671899,"NRI_P091",100
"43948",-5960.4108971899,"NRI_P091",25
"43949",-5654.65336718991,"NRI_P091",50
"43950",-6096.25974718991,"NRI_P091",100
"43951",-1529.8307371899,"NRI_P091",25
"43952",28.8821028100938,"NRI_P091",50
"43953",-6196.7280971899,"NRI_P091",100
"43954",-53.6410471898998,"NRI_P091",25
"43955",-6103.0867271899,"NRI_P091",50
"43956",-5880.3037471899,"NRI_P091",100
"43957",-194.591837189902,"NRI_P091",25
"43958",-6174.73760718991,"NRI_P091",50
"43959",-6017.7347071899,"NRI_P091",100
"43960",-165.752557189902,"NRI_P091",25
"43961",-5637.2365471899,"NRI_P091",50
"43962",-5770.9485271899,"NRI_P091",100
"43963",38.0135228100989,"NRI_P091",25
"43964",-5959.68319718991,"NRI_P091",50
"43965",-5305.9930571899,"NRI_P091",100
"43966",-5993.1379971899,"NRI_P091",25
"43967",-202.357237189906,"NRI_P091",50
"43968",5735.19055281009,"NRI_P091",100
"43969",24.3191428100981,"NRI_P091",25
"43970",-6014.22982718991,"NRI_P091",50
"43971",-5660.2831271899,"NRI_P091",100
"43972",-256.352977189905,"NRI_P091",25
"43973",-2722.56619718991,"NRI_P091",50
"43974",-6120.3701071899,"NRI_P091",100
"43975",733.262472810093,"NRI_P091",25
"43976",2772.88515281009,"NRI_P091",50
"43977",-6242.6761671899,"NRI_P091",100
"43978",-5961.45111718991,"NRI_P091",25
"43979",328.550812810092,"NRI_P091",50
"43980",-5982.67111718991,"NRI_P091",100
"43981",-206.566227189905,"NRI_P091",25
"43982",-6159.8662571899,"NRI_P091",50
"43983",-4626.3053371899,"NRI_P091",100
"43984",-212.511517189909,"NRI_P091",25
"43985",-60.5333371899032,"NRI_P091",50
"43986",-5622.96650718991,"NRI_P091",100
"43987",4237.34599281009,"NRI_P091",25
"43988",-6181.6435771899,"NRI_P091",50
"43989",-3361.69080718991,"NRI_P091",100
"43990",-61.3579371898959,"NRI_P091",25
"43991",-76.0963071899023,"NRI_P091",50
"43992",-5608.6677771899,"NRI_P091",100
"43993",933.262672810102,"NRI_P091",25
"43994",-5570.4112871899,"NRI_P091",50
"43995",-4367.5739071899,"NRI_P091",100
"43996",-5917.0749871899,"NRI_P091",25
"43997",-5907.30299718991,"NRI_P091",50
"43998",-6272.0090871899,"NRI_P091",100
"43999",156.984782810105,"NRI_P091",25
"44000",1417.1696428101,"NRI_P091",50
"44001",-6041.2198471899,"NRI_P091",100
"44002",32.2807728101034,"NRI_P091",25
"44003",-6107.3874071899,"NRI_P091",50
"44004",-6132.9866071899,"NRI_P091",100
"44005",-89.3306571899011,"NRI_P091",25
"44006",-5893.6295271899,"NRI_P091",50
"44007",-6228.9468771899,"NRI_P091",100
"44008",32.9210028100933,"NRI_P091",25
"44009",-5954.3325471899,"NRI_P091",50
"44010",-6198.6905671899,"NRI_P091",100
"44011",-5751.39338718991,"NRI_P091",25
"44012",-6040.7830671899,"NRI_P091",50
"44013",-1868.64123718991,"NRI_P091",100
"44014",-5932.4700871899,"NRI_P091",25
"44015",-7.34935718990164,"NRI_P091",50
"44016",-6026.3299571899,"NRI_P091",100
"44017",-153.139277189897,"NRI_P091",25
"44018",-5870.1856571899,"NRI_P091",50
"44019",-4244.6152171899,"NRI_P091",100
"44020",111.9925928101,"NRI_P091",25
"44021",476.357052810097,"NRI_P091",50
"44022",-5819.8732971899,"NRI_P091",100
"44023",96.7404028101009,"NRI_P091",25
"44024",-6013.0996871899,"NRI_P091",50
"44025",-5654.1433371899,"NRI_P091",100
"44026",-27.5906771899026,"NRI_P091",25
"44027",-5888.0707371899,"NRI_P091",50
"44028",-6131.23163718991,"NRI_P091",100
"44029",-66.7849771899055,"NRI_P091",25
"44030",-209.943247189905,"NRI_P091",50
"44031",-4575.60444718991,"NRI_P091",100
"44032",-5951.94350718991,"NRI_P091",25
"44033",-5967.2654871899,"NRI_P091",50
"44034",-5552.85109718991,"NRI_P091",100
"44035",4299.3295828101,"NRI_P091",25
"44036",182.9229128101,"NRI_P091",50
"44037",-5924.6026671899,"NRI_P091",100
"44038",-5991.9831671899,"NRI_P091",25
"44039",-5816.04882718991,"NRI_P091",50
"44040",-5003.89914718991,"NRI_P091",100
"44041",1458.0569928101,"NRI_P091",25
"44042",6762.9279928101,"NRI_P091",50
"44043",-5841.83200718991,"NRI_P091",100
"44044",-5926.5704171899,"NRI_P091",25
"44045",-5930.3403271899,"NRI_P091",50
"44046",-5893.06167718991,"NRI_P091",100
"44047",-34.8307271898957,"NRI_P091",25
"44048",5793.9967128101,"NRI_P091",50
"44049",-4744.91110718991,"NRI_P091",100
"44050",-5342.08045718991,"NRI_P091",25
"44051",1359.4517428101,"NRI_P091",50
"44052",-5522.93237718991,"NRI_P091",100
"44053",-34.4741171899077,"NRI_P091",25
"44054",-59.182347189897,"NRI_P091",50
"44055",-1662.1454671899,"NRI_P091",100
"44056",-161.355477189907,"NRI_P091",25
"44057",-6040.10788718991,"NRI_P091",50
"44058",-1465.51425718991,"NRI_P091",100
"44059",-37.2764271899068,"NRI_P091",25
"44060",-6180.50631718991,"NRI_P091",50
"44061",-4333.9727571899,"NRI_P091",100
"44062",-6006.56317718991,"NRI_P091",25
"44063",11910.0649728101,"NRI_P091",50
"44064",-5991.25961718991,"NRI_P091",100
"44065",-6016.72501718991,"NRI_P091",25
"44066",-211.544947189905,"NRI_P091",50
"44067",-5655.4432271899,"NRI_P091",100
"44068",-20.9124971899,"NRI_P091",25
"44069",-6168.53236718991,"NRI_P091",50
"44070",-6045.00256718991,"NRI_P091",100
"44071",-159.541487189897,"NRI_P091",25
"44072",-72.298667189898,"NRI_P091",50
"44073",-4533.07096718991,"NRI_P091",100
"44074",-5244.49290718991,"NRI_P091",25
"44075",-5883.52230718991,"NRI_P091",50
"44076",-5647.18160718991,"NRI_P091",100
"44077",-74.677017189897,"NRI_P091",25
"44078",-4361.6355171899,"NRI_P091",50
"44079",-6118.6735771899,"NRI_P091",100
"44080",52.5776728101046,"NRI_P091",25
"44081",-5867.3419171899,"NRI_P091",50
"44082",-5599.0943371899,"NRI_P091",100
"44083",125.351382810099,"NRI_P091",25
"44084",-236.784157189904,"NRI_P091",50
"44085",-5888.0815071899,"NRI_P091",100
"44086",-5772.5285471899,"NRI_P091",25
"44087",6020.29862281009,"NRI_P091",50
"44088",-6091.8768271899,"NRI_P091",100
"44089",-5828.71036718991,"NRI_P091",25
"44090",-105.145017189905,"NRI_P091",50
"44091",-5930.74689718991,"NRI_P091",100
"44092",111.7903928101,"NRI_P091",25
"44093",-5929.4146071899,"NRI_P091",50
"44094",-6153.09391718991,"NRI_P091",100
"44095",-5894.8922471899,"NRI_P091",25
"44096",-40.0959471898968,"NRI_P091",50
"44097",-5720.1485271899,"NRI_P091",100
"44098",-5919.51352718991,"NRI_P091",25
"44099",-200.466007189898,"NRI_P091",50
"44100",-5969.4316771899,"NRI_P091",100
"44101",0.00416599097661674,"NRI_P092",25
"44102",-846.995834009023,"NRI_P092",50
"44103",-2188.84913400901,"NRI_P092",100
"44104",0.00416599097661674,"NRI_P092",25
"44105",322.932365991001,"NRI_P092",50
"44106",-2242.15263400902,"NRI_P092",100
"44107",0.00416599097661674,"NRI_P092",25
"44108",-957.581834009005,"NRI_P092",50
"44109",3431.15282599098,"NRI_P092",100
"44110",0.00416599097661674,"NRI_P092",25
"44111",538.586165991001,"NRI_P092",50
"44112",-2177.69783400901,"NRI_P092",100
"44113",0.00416599097661674,"NRI_P092",25
"44114",-2176.20353400902,"NRI_P092",50
"44115",-2043.06063400902,"NRI_P092",100
"44116",0.00416599097661674,"NRI_P092",25
"44117",-71.7865940089978,"NRI_P092",50
"44118",-2248.54603400902,"NRI_P092",100
"44119",0.00416599097661674,"NRI_P092",25
"44120",381.778665990976,"NRI_P092",50
"44121",-2106.21024400901,"NRI_P092",100
"44122",0.00416599097661674,"NRI_P092",25
"44123",-2187.15393400902,"NRI_P092",50
"44124",-2171.58883400902,"NRI_P092",100
"44125",0.00416599097661674,"NRI_P092",25
"44126",-1971.48873400901,"NRI_P092",50
"44127",-2067.613034009,"NRI_P092",100
"44128",0.00416599097661674,"NRI_P092",25
"44129",-1920.72113400901,"NRI_P092",50
"44130",-1922.41213400901,"NRI_P092",100
"44131",0.00416599097661674,"NRI_P092",25
"44132",64.6790659909893,"NRI_P092",50
"44133",-2388.848364009,"NRI_P092",100
"44134",0.00416599097661674,"NRI_P092",25
"44135",-2302.00738400902,"NRI_P092",50
"44136",-2092.05243400901,"NRI_P092",100
"44137",0.00416599097661674,"NRI_P092",25
"44138",2341.79066599099,"NRI_P092",50
"44139",3708.15636599099,"NRI_P092",100
"44140",0.00416599097661674,"NRI_P092",25
"44141",-2281.54543400902,"NRI_P092",50
"44142",-1882.43753400902,"NRI_P092",100
"44143",0.00416599097661674,"NRI_P092",25
"44144",8.37206599098863,"NRI_P092",50
"44145",2861.247265991,"NRI_P092",100
"44146",0.00416599097661674,"NRI_P092",25
"44147",-1724.51953400901,"NRI_P092",50
"44148",-2182.13593400901,"NRI_P092",100
"44149",0.00416599097661674,"NRI_P092",25
"44150",640.943465990975,"NRI_P092",50
"44151",13.7646659909806,"NRI_P092",100
"44152",0.00416599097661674,"NRI_P092",25
"44153",-87.8098940089985,"NRI_P092",50
"44154",-2236.46126400901,"NRI_P092",100
"44155",0.00416599097661674,"NRI_P092",25
"44156",-2312.701024009,"NRI_P092",50
"44157",-2213.001434009,"NRI_P092",100
"44158",0.00416599097661674,"NRI_P092",25
"44159",-77.5090340090101,"NRI_P092",50
"44160",3267.38943599098,"NRI_P092",100
"44161",0.00416599097661674,"NRI_P092",25
"44162",-2243.38113400902,"NRI_P092",50
"44163",-2354.18100400901,"NRI_P092",100
"44164",0.00416599097661674,"NRI_P092",25
"44165",157.112165990984,"NRI_P092",50
"44166",-1106.655234009,"NRI_P092",100
"44167",0.00416599097661674,"NRI_P092",25
"44168",-2281.54543400902,"NRI_P092",50
"44169",-2245.24493400901,"NRI_P092",100
"44170",0.00416599097661674,"NRI_P092",25
"44171",-69.0475240090163,"NRI_P092",50
"44172",-616.075464009016,"NRI_P092",100
"44173",0.00416599097661674,"NRI_P092",25
"44174",-23.835034009011,"NRI_P092",50
"44175",-2301.73276400901,"NRI_P092",100
"44176",0.00416599097661674,"NRI_P092",25
"44177",-61.500914009026,"NRI_P092",50
"44178",-2017.41683400903,"NRI_P092",100
"44179",0.00416599097661674,"NRI_P092",25
"44180",-2243.38113400902,"NRI_P092",50
"44181",-2331.86502400902,"NRI_P092",100
"44182",0.00416599097661674,"NRI_P092",25
"44183",-2169.57293400902,"NRI_P092",50
"44184",-2367.08369400902,"NRI_P092",100
"44185",0.00416599097661674,"NRI_P092",25
"44186",632.937965990975,"NRI_P092",50
"44187",-2316.794124009,"NRI_P092",100
"44188",0.00416599097661674,"NRI_P092",25
"44189",-2094.74913400901,"NRI_P092",50
"44190",-2069.56083400903,"NRI_P092",100
"44191",0.00416599097661674,"NRI_P092",25
"44192",1286.07166599098,"NRI_P092",50
"44193",-1930.926524009,"NRI_P092",100
"44194",0.00416599097661674,"NRI_P092",25
"44195",-76.1431740090193,"NRI_P092",50
"44196",-2173.97973400902,"NRI_P092",100
"44197",0.00416599097661674,"NRI_P092",25
"44198",-2321.16253400902,"NRI_P092",50
"44199",-1605.65863400901,"NRI_P092",100
"44200",0.00416599097661674,"NRI_P092",25
"44201",-2023.78873400902,"NRI_P092",50
"44202",-2091.64863400901,"NRI_P092",100
"44203",0.00416599097661674,"NRI_P092",25
"44204",-2147.84473400901,"NRI_P092",50
"44205",-2333.08450400902,"NRI_P092",100
"44206",0.00416599097661674,"NRI_P092",25
"44207",-2275.99763400902,"NRI_P092",50
"44208",4858.23966599099,"NRI_P092",100
"44209",0.00416599097661674,"NRI_P092",25
"44210",262.29896599098,"NRI_P092",50
"44211",-2239.68693400902,"NRI_P092",100
"44212",0.00416599097661674,"NRI_P092",25
"44213",4558.34266599099,"NRI_P092",50
"44214",-2114.88973400902,"NRI_P092",100
"44215",0.00416599097661674,"NRI_P092",25
"44216",-63.046764009021,"NRI_P092",50
"44217",-1252.39393400901,"NRI_P092",100
"44218",0.00416599097661674,"NRI_P092",25
"44219",-1344.07783400902,"NRI_P092",50
"44220",-2415.94916400901,"NRI_P092",100
"44221",0.00416599097661674,"NRI_P092",25
"44222",14005.925165991,"NRI_P092",50
"44223",-1856.83083400902,"NRI_P092",100
"44224",0.00416599097661674,"NRI_P092",25
"44225",-2305.15441400901,"NRI_P092",50
"44226",-2092.35893400901,"NRI_P092",100
"44227",0.00416599097661674,"NRI_P092",25
"44228",-69.0475240090163,"NRI_P092",50
"44229",-2354.01377400901,"NRI_P092",100
"44230",0.00416599097661674,"NRI_P092",25
"44231",8.37206599098863,"NRI_P092",50
"44232",-2394.51432400901,"NRI_P092",100
"44233",0.00416599097661674,"NRI_P092",25
"44234",-69.0475240090163,"NRI_P092",50
"44235",-943.382334009017,"NRI_P092",100
"44236",0.00416599097661674,"NRI_P092",25
"44237",38.183665990975,"NRI_P092",50
"44238",-2343.62900400901,"NRI_P092",100
"44239",0.00416599097661674,"NRI_P092",25
"44240",-2303.59014400901,"NRI_P092",50
"44241",-629.209334009007,"NRI_P092",100
"44242",0.00416599097661674,"NRI_P092",25
"44243",-2091.61043400902,"NRI_P092",50
"44244",-2096.97003400902,"NRI_P092",100
"44245",0.00416599097661674,"NRI_P092",25
"44246",616.087365990999,"NRI_P092",50
"44247",-2185.071024009,"NRI_P092",100
"44248",0.00416599097661674,"NRI_P092",25
"44249",551.772965990996,"NRI_P092",50
"44250",3331.11156599098,"NRI_P092",100
"44251",0.00416599097661674,"NRI_P092",25
"44252",-2322.51082400902,"NRI_P092",50
"44253",-1945.986834009,"NRI_P092",100
"44254",0.00416599097661674,"NRI_P092",25
"44255",-45.0173440090148,"NRI_P092",50
"44256",-2284.910834009,"NRI_P092",100
"44257",0.00416599097661674,"NRI_P092",25
"44258",148.90436599098,"NRI_P092",50
"44259",-2346.35002400901,"NRI_P092",100
"44260",0.00416599097661674,"NRI_P092",25
"44261",-2233.313934009,"NRI_P092",50
"44262",-2194.25249400901,"NRI_P092",100
"44263",0.00416599097661674,"NRI_P092",25
"44264",-18.7090340090217,"NRI_P092",50
"44265",-2118.77893400902,"NRI_P092",100
"44266",0.00416599097661674,"NRI_P092",25
"44267",475.871165990975,"NRI_P092",50
"44268",-2389.82144400902,"NRI_P092",100
"44269",0.00416599097661674,"NRI_P092",25
"44270",118.865065990976,"NRI_P092",50
"44271",-2134.072634009,"NRI_P092",100
"44272",0.00416599097661674,"NRI_P092",25
"44273",4.71636599098565,"NRI_P092",50
"44274",-1240.35593400901,"NRI_P092",100
"44275",0.00416599097661674,"NRI_P092",25
"44276",-2205.46983400901,"NRI_P092",50
"44277",-2103.71203400902,"NRI_P092",100
"44278",0.00416599097661674,"NRI_P092",25
"44279",-2321.16253400902,"NRI_P092",50
"44280",-2266.01542400901,"NRI_P092",100
"44281",0.00416599097661674,"NRI_P092",25
"44282",-2247.74243400901,"NRI_P092",50
"44283",-1776.72483400902,"NRI_P092",100
"44284",0.00416599097661674,"NRI_P092",25
"44285",74.0805659909965,"NRI_P092",50
"44286",-2040.979694009,"NRI_P092",100
"44287",0.00416599097661674,"NRI_P092",25
"44288",-51.8364640090149,"NRI_P092",50
"44289",-1980.483134009,"NRI_P092",100
"44290",0.00416599097661674,"NRI_P092",25
"44291",-2272.20113400902,"NRI_P092",50
"44292",-726.262894009007,"NRI_P092",100
"44293",0.00416599097661674,"NRI_P092",25
"44294",-2125.64223400902,"NRI_P092",50
"44295",-2354.859124009,"NRI_P092",100
"44296",0.00416599097661674,"NRI_P092",25
"44297",-1610.71553400901,"NRI_P092",50
"44298",-1143.22163400901,"NRI_P092",100
"44299",0.00416599097661674,"NRI_P092",25
"44300",147.476965990994,"NRI_P092",50
"44301",23.1336659909866,"NRI_P092",100
"44302",0.00416599097661674,"NRI_P092",25
"44303",-37.8919340090069,"NRI_P092",50
"44304",10933.175465991,"NRI_P092",100
"44305",0.00416599097661674,"NRI_P092",25
"44306",-2249.89213400902,"NRI_P092",50
"44307",11.490565991,"NRI_P092",100
"44308",0.00416599097661674,"NRI_P092",25
"44309",-85.3379040090076,"NRI_P092",50
"44310",-1311.82003400903,"NRI_P092",100
"44311",0.00416599097661674,"NRI_P092",25
"44312",13080.438665991,"NRI_P092",50
"44313",-2330.76622400901,"NRI_P092",100
"44314",0.00416599097661674,"NRI_P092",25
"44315",-1344.07783400902,"NRI_P092",50
"44316",-2375.751954009,"NRI_P092",100
"44317",0.00416599097661674,"NRI_P092",25
"44318",27.5866659909952,"NRI_P092",50
"44319",-1783.18913400901,"NRI_P092",100
"44320",0.00416599097661674,"NRI_P092",25
"44321",1599.21866599098,"NRI_P092",50
"44322",-2266.01542400901,"NRI_P092",100
"44323",0.00416599097661674,"NRI_P092",25
"44324",-1702.24243400901,"NRI_P092",50
"44325",-1602.13283400901,"NRI_P092",100
"44326",0.00416599097661674,"NRI_P092",25
"44327",-24.6719340090058,"NRI_P092",50
"44328",-2268.248124009,"NRI_P092",100
"44329",0.00416599097661674,"NRI_P092",25
"44330",-1263.35183400902,"NRI_P092",50
"44331",-2174.82114400901,"NRI_P092",100
"44332",0.00416599097661674,"NRI_P092",25
"44333",-2328.99140400902,"NRI_P092",50
"44334",-1596.86493400901,"NRI_P092",100
"44335",0.00416599097661674,"NRI_P092",25
"44336",-2315.44009400901,"NRI_P092",50
"44337",837.234065990982,"NRI_P092",100
"44338",0.00416599097661674,"NRI_P092",25
"44339",3324.146165991,"NRI_P092",50
"44340",-1040.045634009,"NRI_P092",100
"44341",0.00416599097661674,"NRI_P092",25
"44342",-66.6473440090194,"NRI_P092",50
"44343",3349.89406599099,"NRI_P092",100
"44344",0.00416599097661674,"NRI_P092",25
"44345",454.881465990999,"NRI_P092",50
"44346",-2195.30493400901,"NRI_P092",100
"44347",0.00416599097661674,"NRI_P092",25
"44348",1041.19366599098,"NRI_P092",50
"44349",-2240.65263400902,"NRI_P092",100
"44350",0.00416599097661674,"NRI_P092",25
"44351",56.499565990991,"NRI_P092",50
"44352",-2391.56251400901,"NRI_P092",100
"44353",0.00416599097661674,"NRI_P092",25
"44354",-2272.20113400902,"NRI_P092",50
"44355",767.291065990983,"NRI_P092",100
"44356",0.00416599097661674,"NRI_P092",25
"44357",9.24366599100176,"NRI_P092",50
"44358",-2343.05051400902,"NRI_P092",100
"44359",0.00416599097661674,"NRI_P092",25
"44360",-2275.99763400902,"NRI_P092",50
"44361",-1718.60713400901,"NRI_P092",100
"44362",0.00416599097661674,"NRI_P092",25
"44363",-2235.28143400903,"NRI_P092",50
"44364",10791.763655991,"NRI_P092",100
"44365",0.00416599097661674,"NRI_P092",25
"44366",491.893565990991,"NRI_P092",50
"44367",-2217.32943400901,"NRI_P092",100
"44368",0.00416599097661674,"NRI_P092",25
"44369",-2302.25804400901,"NRI_P092",50
"44370",-2190.290004009,"NRI_P092",100
"44371",0.00416599097661674,"NRI_P092",25
"44372",-2122.461734009,"NRI_P092",50
"44373",-1273.41773400901,"NRI_P092",100
"44374",0.00416599097661674,"NRI_P092",25
"44375",-2308.22778400901,"NRI_P092",50
"44376",-1439.540034009,"NRI_P092",100
"44377",0.00416599097661674,"NRI_P092",25
"44378",-2092.78493400902,"NRI_P092",50
"44379",-2025.310934009,"NRI_P092",100
"44380",0.00416599097661674,"NRI_P092",25
"44381",497.287965990981,"NRI_P092",50
"44382",-2326.56694400901,"NRI_P092",100
"44383",0.00416599097661674,"NRI_P092",25
"44384",-82.7975240090163,"NRI_P092",50
"44385",-2398.63772400902,"NRI_P092",100
"44386",0.00416599097661674,"NRI_P092",25
"44387",16249.578665991,"NRI_P092",50
"44388",-1986.457434009,"NRI_P092",100
"44389",0.00416599097661674,"NRI_P092",25
"44390",-8.36793400900206,"NRI_P092",50
"44391",-701.499764009001,"NRI_P092",100
"44392",0.00416599097661674,"NRI_P092",25
"44393",70.243165990978,"NRI_P092",50
"44394",-1225.16833400901,"NRI_P092",100
"44395",0.00416599097661674,"NRI_P092",25
"44396",152.043065990991,"NRI_P092",50
"44397",5034.58756599098,"NRI_P092",100
"44398",0.00416599097661674,"NRI_P092",25
"44399",-2225.10343400901,"NRI_P092",50
"44400",749.636475990992,"NRI_P092",100
"44401",-442.973482617002,"NRI_P093",25
"44402",-937.308072617016,"NRI_P093",50
"44403",-456.998612616997,"NRI_P093",100
"44404",-444.323152616998,"NRI_P093",25
"44405",-795.638852617005,"NRI_P093",50
"44406",1395.454347383,"NRI_P093",100
"44407",-223.060952617001,"NRI_P093",25
"44408",1980.02915738299,"NRI_P093",50
"44409",-1492.21072261702,"NRI_P093",100
"44410",828.879357382975,"NRI_P093",25
"44411",-1083.283352617,"NRI_P093",50
"44412",1437.560057383,"NRI_P093",100
"44413",611.371657382988,"NRI_P093",25
"44414",593.162257382995,"NRI_P093",50
"44415",2432.79745738299,"NRI_P093",100
"44416",1255.12645738298,"NRI_P093",25
"44417",-974.520732617006,"NRI_P093",50
"44418",273.681857382995,"NRI_P093",100
"44419",-357.088852617017,"NRI_P093",25
"44420",-781.937422617018,"NRI_P093",50
"44421",22688.297157383,"NRI_P093",100
"44422",-440.517352616997,"NRI_P093",25
"44423",6297.786157383,"NRI_P093",50
"44424",-1056.526132617,"NRI_P093",100
"44425",72.9688573829771,"NRI_P093",25
"44426",1.58014738297788,"NRI_P093",50
"44427",840.462157382979,"NRI_P093",100
"44428",-822.141152616998,"NRI_P093",25
"44429",677.898997382988,"NRI_P093",50
"44430",-592.061912617006,"NRI_P093",100
"44431",75.0825573829934,"NRI_P093",25
"44432",2415.751157383,"NRI_P093",50
"44433",2134.786577383,"NRI_P093",100
"44434",-605.088852617017,"NRI_P093",25
"44435",-939.90404261701,"NRI_P093",50
"44436",-401.607822617021,"NRI_P093",100
"44437",-3.01069261701196,"NRI_P093",25
"44438",562.76875738299,"NRI_P093",50
"44439",-1.17522261702106,"NRI_P093",100
"44440",5460.72984738299,"NRI_P093",25
"44441",-1028.24060261701,"NRI_P093",50
"44442",6467.05938738299,"NRI_P093",100
"44443",-4.29252261700458,"NRI_P093",25
"44444",950.619457383,"NRI_P093",50
"44445",-642.138652617024,"NRI_P093",100
"44446",2916.67545738298,"NRI_P093",25
"44447",7181.915457383,"NRI_P093",50
"44448",1240.53205738298,"NRI_P093",100
"44449",-379.806752617005,"NRI_P093",25
"44450",-1034.068722617,"NRI_P093",50
"44451",275.694157382997,"NRI_P093",100
"44452",2057.66284738298,"NRI_P093",25
"44453",151.660457382997,"NRI_P093",50
"44454",-1134.28136261701,"NRI_P093",100
"44455",-402.671952617005,"NRI_P093",25
"44456",3295.57161738299,"NRI_P093",50
"44457",-779.838552617002,"NRI_P093",100
"44458",8603.260457383,"NRI_P093",25
"44459",404.154017383,"NRI_P093",50
"44460",-766.292442617007,"NRI_P093",100
"44461",94.9775573829829,"NRI_P093",25
"44462",-393.230102617003,"NRI_P093",50
"44463",2514.03525738299,"NRI_P093",100
"44464",-1020.412052617,"NRI_P093",25
"44465",-397.250182617019,"NRI_P093",50
"44466",-1357.794302617,"NRI_P093",100
"44467",-68.8911526169977,"NRI_P093",25
"44468",24188.350457383,"NRI_P093",50
"44469",-69.6636426170007,"NRI_P093",100
"44470",-605.088852617017,"NRI_P093",25
"44471",-623.90795261701,"NRI_P093",50
"44472",766.751257383003,"NRI_P093",100
"44473",284.468847382988,"NRI_P093",25
"44474",783.967357382993,"NRI_P093",50
"44475",5463.90595738299,"NRI_P093",100
"44476",45.3725573830015,"NRI_P093",25
"44477",-1353.61057261701,"NRI_P093",50
"44478",-1100.82984261701,"NRI_P093",100
"44479",-500.068552617013,"NRI_P093",25
"44480",-1496.23752261701,"NRI_P093",50
"44481",2247.68574738299,"NRI_P093",100
"44482",2420.14245738299,"NRI_P093",25
"44483",-442.904652616999,"NRI_P093",50
"44484",-1376.82086261702,"NRI_P093",100
"44485",2528.98784738299,"NRI_P093",25
"44486",176.890257382998,"NRI_P093",50
"44487",-788.363142617018,"NRI_P093",100
"44488",27.9805673829978,"NRI_P093",25
"44489",-1118.81377261702,"NRI_P093",50
"44490",4004.64959738299,"NRI_P093",100
"44491",-61.8131526170182,"NRI_P093",25
"44492",119.443857382983,"NRI_P093",50
"44493",-1018.80791261702,"NRI_P093",100
"44494",-1101.052142617,"NRI_P093",25
"44495",5027.68429738298,"NRI_P093",50
"44496",905.179757382983,"NRI_P093",100
"44497",-1082.707112617,"NRI_P093",25
"44498",423.362157383002,"NRI_P093",50
"44499",4953.34285738299,"NRI_P093",100
"44500",116.045847382979,"NRI_P093",25
"44501",1146.39454738298,"NRI_P093",50
"44502",22171.140757383,"NRI_P093",100
"44503",-685.883352617006,"NRI_P093",25
"44504",329.754257383,"NRI_P093",50
"44505",723.046127382986,"NRI_P093",100
"44506",31.2428373829753,"NRI_P093",25
"44507",-193.930042617023,"NRI_P093",50
"44508",-1400.53422261702,"NRI_P093",100
"44509",-957.763252617005,"NRI_P093",25
"44510",-132.794742616999,"NRI_P093",50
"44511",2280.87045738299,"NRI_P093",100
"44512",319.677547382977,"NRI_P093",25
"44513",-590.306952617015,"NRI_P093",50
"44514",-1455.246912617,"NRI_P093",100
"44515",42.5874573829933,"NRI_P093",25
"44516",-741.408652617014,"NRI_P093",50
"44517",23690.648557383,"NRI_P093",100
"44518",-1055.55835261702,"NRI_P093",25
"44519",-287.34141261701,"NRI_P093",50
"44520",-47.7060426170065,"NRI_P093",100
"44521",3261.02684738298,"NRI_P093",25
"44522",23554.479457383,"NRI_P093",50
"44523",10961.235857383,"NRI_P093",100
"44524",1799.01704738298,"NRI_P093",25
"44525",-969.282892617019,"NRI_P093",50
"44526",17372.702757383,"NRI_P093",100
"44527",-425.758962617023,"NRI_P093",25
"44528",1804.61685738299,"NRI_P093",50
"44529",-1326.06604261702,"NRI_P093",100
"44530",-448.817562617012,"NRI_P093",25
"44531",2024.635457383,"NRI_P093",50
"44532",-144.533642616996,"NRI_P093",100
"44533",3725.62345738299,"NRI_P093",25
"44534",-396.641462617001,"NRI_P093",50
"44535",-1500.10957261702,"NRI_P093",100
"44536",3153.157457383,"NRI_P093",25
"44537",115.140557382983,"NRI_P093",50
"44538",441.259657382994,"NRI_P093",100
"44539",-1059.09052261701,"NRI_P093",25
"44540",710.125357382989,"NRI_P093",50
"44541",764.98935738299,"NRI_P093",100
"44542",22249.268847383,"NRI_P093",25
"44543",245.367257382983,"NRI_P093",50
"44544",1818.60867738299,"NRI_P093",100
"44545",-135.047852617019,"NRI_P093",25
"44546",-745.211942617025,"NRI_P093",50
"44547",1283.24061738298,"NRI_P093",100
"44548",-1091.80641261701,"NRI_P093",25
"44549",363.338857383002,"NRI_P093",50
"44550",-406.611842617014,"NRI_P093",100
"44551",1197.85245738298,"NRI_P093",25
"44552",840.631767382991,"NRI_P093",50
"44553",-446.538012617006,"NRI_P093",100
"44554",-1007.32405261701,"NRI_P093",25
"44555",-1004.65435261701,"NRI_P093",50
"44556",968.465977382992,"NRI_P093",100
"44557",-135.047852617019,"NRI_P093",25
"44558",-391.095362617023,"NRI_P093",50
"44559",15024.207297383,"NRI_P093",100
"44560",-1037.310852617,"NRI_P093",25
"44561",13.5948573829955,"NRI_P093",50
"44562",3214.145857383,"NRI_P093",100
"44563",109.123557382991,"NRI_P093",25
"44564",1460.03815738298,"NRI_P093",50
"44565",-1453.25808261702,"NRI_P093",100
"44566",310.21155738298,"NRI_P093",25
"44567",-946.893652617,"NRI_P093",50
"44568",-210.817152617004,"NRI_P093",100
"44569",1257.369847383,"NRI_P093",25
"44570",520.797457382985,"NRI_P093",50
"44571",-323.132442617003,"NRI_P093",100
"44572",-389.600252617005,"NRI_P093",25
"44573",22.1575773829827,"NRI_P093",50
"44574",189.502757382987,"NRI_P093",100
"44575",2916.67545738298,"NRI_P093",25
"44576",-620.357942617004,"NRI_P093",50
"44577",-317.225852617004,"NRI_P093",100
"44578",16457.553457383,"NRI_P093",25
"44579",444.666957382986,"NRI_P093",50
"44580",-798.332442617015,"NRI_P093",100
"44581",438.895657382993,"NRI_P093",25
"44582",799.982247382984,"NRI_P093",50
"44583",1759.27855738299,"NRI_P093",100
"44584",90.1397573830036,"NRI_P093",25
"44585",-569.222742617014,"NRI_P093",50
"44586",-1071.138912617,"NRI_P093",100
"44587",-68.8911526169977,"NRI_P093",25
"44588",-806.329952617001,"NRI_P093",50
"44589",4123.273157383,"NRI_P093",100
"44590",588.422047382977,"NRI_P093",25
"44591",1169.339147383,"NRI_P093",50
"44592",2965.319757383,"NRI_P093",100
"44593",-416.736232616997,"NRI_P093",25
"44594",2089.55301738298,"NRI_P093",50
"44595",-1075.91134261701,"NRI_P093",100
"44596",-3.61850261699874,"NRI_P093",25
"44597",-932.577752617013,"NRI_P093",50
"44598",5836.55715738298,"NRI_P093",100
"44599",5616.26745738299,"NRI_P093",25
"44600",-863.072002617002,"NRI_P093",50
"44601",803.690097382991,"NRI_P093",100
"44602",28.5231773830019,"NRI_P093",25
"44603",1797.26604738299,"NRI_P093",50
"44604",-674.949882617017,"NRI_P093",100
"44605",-822.926352617011,"NRI_P093",25
"44606",-321.112152617017,"NRI_P093",50
"44607",-435.888702616998,"NRI_P093",100
"44608",1379.96345738298,"NRI_P093",25
"44609",-902.130842617014,"NRI_P093",50
"44610",1738.243757383,"NRI_P093",100
"44611",-1.71200261701597,"NRI_P093",25
"44612",-710.857742617023,"NRI_P093",50
"44613",106.746097383002,"NRI_P093",100
"44614",121.459557383001,"NRI_P093",25
"44615",776.212507382996,"NRI_P093",50
"44616",2462.87155738298,"NRI_P093",100
"44617",2528.98784738299,"NRI_P093",25
"44618",436.645257383003,"NRI_P093",50
"44619",1371.42165738298,"NRI_P093",100
"44620",27.8927573830006,"NRI_P093",25
"44621",-1328.46122261701,"NRI_P093",50
"44622",9329.88765738299,"NRI_P093",100
"44623",-605.558752617013,"NRI_P093",25
"44624",-147.776042617013,"NRI_P093",50
"44625",-1317.70540261702,"NRI_P093",100
"44626",2275.285457383,"NRI_P093",25
"44627",-285.670602617,"NRI_P093",50
"44628",-7.42934261701885,"NRI_P093",100
"44629",-656.598952617001,"NRI_P093",25
"44630",-1507.47368261701,"NRI_P093",50
"44631",-592.152742617007,"NRI_P093",100
"44632",581.344047382998,"NRI_P093",25
"44633",-256.03904261702,"NRI_P093",50
"44634",760.649047382991,"NRI_P093",100
"44635",894.141847382998,"NRI_P093",25
"44636",2466.58625738299,"NRI_P093",50
"44637",3861.526257383,"NRI_P093",100
"44638",852.997047382989,"NRI_P093",25
"44639",2432.91515738299,"NRI_P093",50
"44640",7020.81575738298,"NRI_P093",100
"44641",-1011.764352617,"NRI_P093",25
"44642",2113.58545738299,"NRI_P093",50
"44643",3167.614767383,"NRI_P093",100
"44644",164.343857382977,"NRI_P093",25
"44645",-1054.342102617,"NRI_P093",50
"44646",-271.835722617019,"NRI_P093",100
"44647",654.977257382998,"NRI_P093",25
"44648",625.221657382994,"NRI_P093",50
"44649",-912.800442617008,"NRI_P093",100
"44650",-1054.39805261701,"NRI_P093",25
"44651",70.8498573830002,"NRI_P093",50
"44652",-1488.24815261702,"NRI_P093",100
"44653",-430.049992617016,"NRI_P093",25
"44654",-878.905542617023,"NRI_P093",50
"44655",3255.93650738298,"NRI_P093",100
"44656",16457.553457383,"NRI_P093",25
"44657",-857.255432617007,"NRI_P093",50
"44658",2994.813157383,"NRI_P093",100
"44659",3911.262047383,"NRI_P093",25
"44660",560.894357382989,"NRI_P093",50
"44661",-1051.00534261702,"NRI_P093",100
"44662",-810.229552617006,"NRI_P093",25
"44663",-326.318122616998,"NRI_P093",50
"44664",3959.931257383,"NRI_P093",100
"44665",871.081157382985,"NRI_P093",25
"44666",-1380.65725261701,"NRI_P093",50
"44667",-762.800972616998,"NRI_P093",100
"44668",237.777447382978,"NRI_P093",25
"44669",381.369937382988,"NRI_P093",50
"44670",-1000.62554261702,"NRI_P093",100
"44671",2090.44304738299,"NRI_P093",25
"44672",-844.774822617008,"NRI_P093",50
"44673",-883.614942617016,"NRI_P093",100
"44674",-968.960052617011,"NRI_P093",25
"44675",15506.993557383,"NRI_P093",50
"44676",4144.97375738298,"NRI_P093",100
"44677",-820.780352617003,"NRI_P093",25
"44678",966.993057382992,"NRI_P093",50
"44679",-1314.088112617,"NRI_P093",100
"44680",-754.181352617015,"NRI_P093",25
"44681",537.086957382999,"NRI_P093",50
"44682",2116.95729738299,"NRI_P093",100
"44683",1775.10745738298,"NRI_P093",25
"44684",-434.356952617003,"NRI_P093",50
"44685",18237.095557383,"NRI_P093",100
"44686",-6.2331226170063,"NRI_P093",25
"44687",-451.265212617,"NRI_P093",50
"44688",-24.942342616996,"NRI_P093",100
"44689",489.935857382981,"NRI_P093",25
"44690",-1493.79009261701,"NRI_P093",50
"44691",1524.28765738299,"NRI_P093",100
"44692",654.977257382998,"NRI_P093",25
"44693",1029.739947383,"NRI_P093",50
"44694",-1000.80304261702,"NRI_P093",100
"44695",-399.886852616997,"NRI_P093",25
"44696",9908.47446738297,"NRI_P093",50
"44697",4507.61285738298,"NRI_P093",100
"44698",-801.771352617012,"NRI_P093",25
"44699",4252.573457383,"NRI_P093",50
"44700",338.17295738298,"NRI_P093",100
"44701",-6815.13650914503,"NRI_P094",25
"44702",813.107110854995,"NRI_P094",50
"44703",-14163.717809145,"NRI_P094",100
"44704",-696.012409145012,"NRI_P094",25
"44705",-6717.051309145,"NRI_P094",50
"44706",62282.052960855,"NRI_P094",100
"44707",-725.627139144985,"NRI_P094",25
"44708",-7108.871309145,"NRI_P094",50
"44709",-10699.926889145,"NRI_P094",100
"44710",3.99476085498463,"NRI_P094",25
"44711",-8135.98927914503,"NRI_P094",50
"44712",-13694.058479145,"NRI_P094",100
"44713",7141.81411085499,"NRI_P094",25
"44714",-339.179189144983,"NRI_P094",50
"44715",-14624.650199145,"NRI_P094",100
"44716",-6664.59562914498,"NRI_P094",25
"44717",113.675560855016,"NRI_P094",50
"44718",-3523.78491914499,"NRI_P094",100
"44719",-50.2941891450319,"NRI_P094",25
"44720",-7637.35250914498,"NRI_P094",50
"44721",-11211.929329145,"NRI_P094",100
"44722",-6677.20784914499,"NRI_P094",25
"44723",-6439.20547914499,"NRI_P094",50
"44724",-14218.520569145,"NRI_P094",100
"44725",-6171.35810914502,"NRI_P094",25
"44726",674.490300855017,"NRI_P094",50
"44727",-13213.621689145,"NRI_P094",100
"44728",-775.294119145023,"NRI_P094",25
"44729",-302.320249144977,"NRI_P094",50
"44730",5610.531730855,"NRI_P094",100
"44731",-7422.05160914501,"NRI_P094",25
"44732",-6548.21867914498,"NRI_P094",50
"44733",-13430.045109145,"NRI_P094",100
"44734",516.845690855,"NRI_P094",25
"44735",-7503.14413914498,"NRI_P094",50
"44736",-4053.33628914499,"NRI_P094",100
"44737",-6665.839179145,"NRI_P094",25
"44738",-6699.39558914502,"NRI_P094",50
"44739",-6713.54931914498,"NRI_P094",100
"44740",-725.627139144985,"NRI_P094",25
"44741",-39.8844891450135,"NRI_P094",50
"44742",-12308.548099145,"NRI_P094",100
"44743",-48.2171491450281,"NRI_P094",25
"44744",-6.43195914500393,"NRI_P094",50
"44745",-14590.987179145,"NRI_P094",100
"44746",634.24419085501,"NRI_P094",25
"44747",-13659.082949145,"NRI_P094",50
"44748",-14325.810679145,"NRI_P094",100
"44749",-775.717719145003,"NRI_P094",25
"44750",-6293.11478914501,"NRI_P094",50
"44751",-14496.131379145,"NRI_P094",100
"44752",17.1722908549709,"NRI_P094",25
"44753",-7153.88919914502,"NRI_P094",50
"44754",-14782.520919145,"NRI_P094",100
"44755",-6283.57010914502,"NRI_P094",25
"44756",-6023.842489145,"NRI_P094",50
"44757",-13751.590349145,"NRI_P094",100
"44758",-33.6724391449825,"NRI_P094",25
"44759",635.845000854984,"NRI_P094",50
"44760",-13765.915889145,"NRI_P094",100
"44761",7141.81411085499,"NRI_P094",25
"44762",-6816.60210914502,"NRI_P094",50
"44763",-14581.126069145,"NRI_P094",100
"44764",4.2517108549946,"NRI_P094",25
"44765",-6360.586489145,"NRI_P094",50
"44766",-10747.627839145,"NRI_P094",100
"44767",-6272.66800914501,"NRI_P094",25
"44768",-7414.04015914502,"NRI_P094",50
"44769",-14806.825589145,"NRI_P094",100
"44770",1261.20611085498,"NRI_P094",25
"44771",-5502.25008914497,"NRI_P094",50
"44772",-12162.767669145,"NRI_P094",100
"44773",-777.839049144997,"NRI_P094",25
"44774",-8088.71077914501,"NRI_P094",50
"44775",-14015.481779145,"NRI_P094",100
"44776",-5808.26110914501,"NRI_P094",25
"44777",-624.817729144997,"NRI_P094",50
"44778",-10969.775999145,"NRI_P094",100
"44779",551.333190854988,"NRI_P094",25
"44780",-8268.76247914502,"NRI_P094",50
"44781",-11934.423119145,"NRI_P094",100
"44782",-5771.68300914502,"NRI_P094",25
"44783",-2067.71740914503,"NRI_P094",50
"44784",-13699.392479145,"NRI_P094",100
"44785",-7475.719049145,"NRI_P094",25
"44786",-7464.49167914502,"NRI_P094",50
"44787",-13835.254779145,"NRI_P094",100
"44788",47.7743908549892,"NRI_P094",25
"44789",1241.55309085501,"NRI_P094",50
"44790",-13736.326049145,"NRI_P094",100
"44791",-6459.65210914501,"NRI_P094",25
"44792",-7219.16602914501,"NRI_P094",50
"44793",-10097.027419145,"NRI_P094",100
"44794",-7478.46801914502,"NRI_P094",25
"44795",-8090.99227914499,"NRI_P094",50
"44796",-13142.708589145,"NRI_P094",100
"44797",659.25459085498,"NRI_P094",25
"44798",-2830.366309145,"NRI_P094",50
"44799",-7198.542709145,"NRI_P094",100
"44800",-30.9336991449818,"NRI_P094",25
"44801",-8094.40824914502,"NRI_P094",50
"44802",-13404.612869145,"NRI_P094",100
"44803",308.831710855011,"NRI_P094",25
"44804",-7051.86809914501,"NRI_P094",50
"44805",-6000.97682914499,"NRI_P094",100
"44806",-499.172409144987,"NRI_P094",25
"44807",4597.94239085499,"NRI_P094",50
"44808",-9646.463889145,"NRI_P094",100
"44809",42.0096108550206,"NRI_P094",25
"44810",-7441.10791914503,"NRI_P094",50
"44811",-11271.817189145,"NRI_P094",100
"44812",-39.2764791449881,"NRI_P094",25
"44813",-663.87371914502,"NRI_P094",50
"44814",-13548.722699145,"NRI_P094",100
"44815",-29.0873191449791,"NRI_P094",25
"44816",-5941.60308914498,"NRI_P094",50
"44817",-14176.038869145,"NRI_P094",100
"44818",9.62614085501991,"NRI_P094",25
"44819",-8237.17912914499,"NRI_P094",50
"44820",-12555.774919145,"NRI_P094",100
"44821",18.7332808549982,"NRI_P094",25
"44822",-6785.74558914499,"NRI_P094",50
"44823",-13142.446189145,"NRI_P094",100
"44824",4717.76811085502,"NRI_P094",25
"44825",-8244.96120914503,"NRI_P094",50
"44826",-12646.233079145,"NRI_P094",100
"44827",-767.694189144997,"NRI_P094",25
"44828",-6995.50920914498,"NRI_P094",50
"44829",-13929.135139145,"NRI_P094",100
"44830",-48.2171491450281,"NRI_P094",25
"44831",-13484.548369145,"NRI_P094",50
"44832",-13289.955449145,"NRI_P094",100
"44833",-5387.26810914499,"NRI_P094",25
"44834",-6623.99060914502,"NRI_P094",50
"44835",-13453.321849145,"NRI_P094",100
"44836",-7478.46801914502,"NRI_P094",25
"44837",-7042.49877914501,"NRI_P094",50
"44838",-4397.49481914501,"NRI_P094",100
"44839",-7096.416509145,"NRI_P094",25
"44840",1366.34111085499,"NRI_P094",50
"44841",-13806.290999145,"NRI_P094",100
"44842",-775.294119145023,"NRI_P094",25
"44843",-9669.59117914498,"NRI_P094",50
"44844",-13259.594249145,"NRI_P094",100
"44845",356.322690855013,"NRI_P094",25
"44846",-7055.17534914502,"NRI_P094",50
"44847",-7282.46636914503,"NRI_P094",100
"44848",-7445.385939145,"NRI_P094",25
"44849",-7818.23764914501,"NRI_P094",50
"44850",-14479.113279145,"NRI_P094",100
"44851",-39.2764791449881,"NRI_P094",25
"44852",-7494.31832914503,"NRI_P094",50
"44853",-14553.406309145,"NRI_P094",100
"44854",-7253.22080914502,"NRI_P094",25
"44855",-7434.39123914501,"NRI_P094",50
"44856",-1040.30942914501,"NRI_P094",100
"44857",-29.0873191449791,"NRI_P094",25
"44858",-7502.72929914499,"NRI_P094",50
"44859",-12783.512939145,"NRI_P094",100
"44860",-7121.10930914502,"NRI_P094",25
"44861",-6717.670889145,"NRI_P094",50
"44862",-13261.742979145,"NRI_P094",100
"44863",171.723390855012,"NRI_P094",25
"44864",-6323.51060914499,"NRI_P094",50
"44865",-6019.74708914501,"NRI_P094",100
"44866",-767.694189144997,"NRI_P094",25
"44867",-7172.464989145,"NRI_P094",50
"44868",-14566.818849145,"NRI_P094",100
"44869",-7328.71050914499,"NRI_P094",25
"44870",-6404.596059145,"NRI_P094",50
"44871",-14273.952159145,"NRI_P094",100
"44872",-758.709219145007,"NRI_P094",25
"44873",9693.49281085498,"NRI_P094",50
"44874",-8394.26039914502,"NRI_P094",100
"44875",-7474.31372914498,"NRI_P094",25
"44876",-5679.93338914501,"NRI_P094",50
"44877",-14452.575019145,"NRI_P094",100
"44878",-6677.20784914499,"NRI_P094",25
"44879",-6947.17470914498,"NRI_P094",50
"44880",-14577.493889145,"NRI_P094",100
"44881",-6276.02650914498,"NRI_P094",25
"44882",-8275.43878914503,"NRI_P094",50
"44883",-8641.34939914499,"NRI_P094",100
"44884",-662.480309145001,"NRI_P094",25
"44885",-7308.926929145,"NRI_P094",50
"44886",-14255.415789145,"NRI_P094",100
"44887",-777.839049144997,"NRI_P094",25
"44888",330.278410854982,"NRI_P094",50
"44889",-9694.27860914503,"NRI_P094",100
"44890",-19.1038491450017,"NRI_P094",25
"44891",-6513.142009145,"NRI_P094",50
"44892",-10754.979249145,"NRI_P094",100
"44893",3.99476085498463,"NRI_P094",25
"44894",-6600.76545914501,"NRI_P094",50
"44895",61532.262740855,"NRI_P094",100
"44896",-5587.65410914499,"NRI_P094",25
"44897",-648.383009144978,"NRI_P094",50
"44898",-13603.564329145,"NRI_P094",100
"44899",2487.94611085497,"NRI_P094",25
"44900",-7107.333889145,"NRI_P094",50
"44901",-12538.489459145,"NRI_P094",100
"44902",13.592270854977,"NRI_P094",25
"44903",296.12151085498,"NRI_P094",50
"44904",-14181.647549145,"NRI_P094",100
"44905",-7445.385939145,"NRI_P094",25
"44906",7173.28551085497,"NRI_P094",50
"44907",-8876.986119145,"NRI_P094",100
"44908",-2180.93210914498,"NRI_P094",25
"44909",-5933.55598914501,"NRI_P094",50
"44910",-6915.78403914499,"NRI_P094",100
"44911",-9.72555914497934,"NRI_P094",25
"44912",-822.986809145019,"NRI_P094",50
"44913",-14618.500549145,"NRI_P094",100
"44914",29.3604908550042,"NRI_P094",25
"44915",-7158.43848914502,"NRI_P094",50
"44916",-12548.113499145,"NRI_P094",100
"44917",-48.2171491450281,"NRI_P094",25
"44918",-13803.324759145,"NRI_P094",50
"44919",-14162.189999145,"NRI_P094",100
"44920",8677.372690855,"NRI_P094",25
"44921",-702.88715914503,"NRI_P094",50
"44922",-14740.615299145,"NRI_P094",100
"44923",-5677.53010914498,"NRI_P094",25
"44924",-7327.98320914502,"NRI_P094",50
"44925",-14658.254839145,"NRI_P094",100
"44926",-5001.19810914499,"NRI_P094",25
"44927",-497.988509144983,"NRI_P094",50
"44928",-13297.126869145,"NRI_P094",100
"44929",1584.97659085499,"NRI_P094",25
"44930",-7459.37420914503,"NRI_P094",50
"44931",-13880.014229145,"NRI_P094",100
"44932",-6483.622509145,"NRI_P094",25
"44933",-7268.11960914498,"NRI_P094",50
"44934",-3432.93398914498,"NRI_P094",100
"44935",32.4658908550045,"NRI_P094",25
"44936",-4966.73318914499,"NRI_P094",50
"44937",-13840.090739145,"NRI_P094",100
"44938",8677.372690855,"NRI_P094",25
"44939",-12515.672499145,"NRI_P094",50
"44940",-13645.477359145,"NRI_P094",100
"44941",-7450.69638914499,"NRI_P094",25
"44942",-730.374359145004,"NRI_P094",50
"44943",-12955.676779145,"NRI_P094",100
"44944",-6375.480209145,"NRI_P094",25
"44945",1685.932010855,"NRI_P094",50
"44946",-14089.015719145,"NRI_P094",100
"44947",-518.916709145007,"NRI_P094",25
"44948",-6142.04604914499,"NRI_P094",50
"44949",-12727.987209145,"NRI_P094",100
"44950",15.2215908549842,"NRI_P094",25
"44951",-6841.33483914501,"NRI_P094",50
"44952",-14258.767479145,"NRI_P094",100
"44953",51.5238908550236,"NRI_P094",25
"44954",-14070.720029145,"NRI_P094",50
"44955",-13838.463929145,"NRI_P094",100
"44956",-506.189409144979,"NRI_P094",25
"44957",-11446.989309145,"NRI_P094",50
"44958",-13832.660559145,"NRI_P094",100
"44959",-7478.46801914502,"NRI_P094",25
"44960",-7194.92900914501,"NRI_P094",50
"44961",-14249.832579145,"NRI_P094",100
"44962",-7409.22100914503,"NRI_P094",25
"44963",-7533.20466914499,"NRI_P094",50
"44964",-8875.47613914503,"NRI_P094",100
"44965",-6655.32904914499,"NRI_P094",25
"44966",-6517.82770914503,"NRI_P094",50
"44967",-13457.908609145,"NRI_P094",100
"44968",-7134.75580914499,"NRI_P094",25
"44969",-702.433419145003,"NRI_P094",50
"44970",-13296.223199145,"NRI_P094",100
"44971",218.137290854997,"NRI_P094",25
"44972",-771.358749145002,"NRI_P094",50
"44973",-14599.043079145,"NRI_P094",100
"44974",-16.0631291450118,"NRI_P094",25
"44975",-745.232039145019,"NRI_P094",50
"44976",-11888.032479145,"NRI_P094",100
"44977",1641.11959085497,"NRI_P094",25
"44978",-6722.25528914499,"NRI_P094",50
"44979",-9346.13066914503,"NRI_P094",100
"44980",-7477.10376914497,"NRI_P094",25
"44981",-6349.02178914502,"NRI_P094",50
"44982",-4955.03380914498,"NRI_P094",100
"44983",-771.162739144987,"NRI_P094",25
"44984",-8005.08490914502,"NRI_P094",50
"44985",-12696.542949145,"NRI_P094",100
"44986",-42.7724091450218,"NRI_P094",25
"44987",342.850710854982,"NRI_P094",50
"44988",-14451.274229145,"NRI_P094",100
"44989",-777.839049144997,"NRI_P094",25
"44990",-7349.96746914502,"NRI_P094",50
"44991",-12133.793089145,"NRI_P094",100
"44992",356.322690855013,"NRI_P094",25
"44993",-371.392289144977,"NRI_P094",50
"44994",-13137.704699145,"NRI_P094",100
"44995",-25.9324791450053,"NRI_P094",25
"44996",76051.147580855,"NRI_P094",50
"44997",-10975.677779145,"NRI_P094",100
"44998",-16.0631291450118,"NRI_P094",25
"44999",-6952.80407914502,"NRI_P094",50
"45000",-14142.727039145,"NRI_P094",100
"45001",1324.55170973702,"NRI_P098",25
"45002",-2826.49114026298,"NRI_P098",50
"45003",4480.52210973701,"NRI_P098",100
"45004",4076.16422973701,"NRI_P098",25
"45005",4271.26107973701,"NRI_P098",50
"45006",5079.34651973701,"NRI_P098",100
"45007",113.257699737005,"NRI_P098",25
"45008",1211.58322973701,"NRI_P098",50
"45009",9486.51461973702,"NRI_P098",100
"45010",994.680589736992,"NRI_P098",25
"45011",5376.90934973702,"NRI_P098",50
"45012",14423.214769737,"NRI_P098",100
"45013",1900.832509737,"NRI_P098",25
"45014",5867.331459737,"NRI_P098",50
"45015",-545.418840262981,"NRI_P098",100
"45016",-978.91143026299,"NRI_P098",25
"45017",2919.101739737,"NRI_P098",50
"45018",-525.961980263004,"NRI_P098",100
"45019",696.656419737003,"NRI_P098",25
"45020",-3034.897010263,"NRI_P098",50
"45021",10292.732519737,"NRI_P098",100
"45022",3382.752569737,"NRI_P098",25
"45023",14112.791599737,"NRI_P098",50
"45024",3622.44669973702,"NRI_P098",100
"45025",-5527.49995026298,"NRI_P098",25
"45026",8925.326039737,"NRI_P098",50
"45027",2553.617719737,"NRI_P098",100
"45028",-2368.13764026298,"NRI_P098",25
"45029",228.936029737,"NRI_P098",50
"45030",6699.908299737,"NRI_P098",100
"45031",5103.09074973702,"NRI_P098",25
"45032",-437.847960262996,"NRI_P098",50
"45033",1922.377539737,"NRI_P098",100
"45034",4127.33209973702,"NRI_P098",25
"45035",-1016.74328026301,"NRI_P098",50
"45036",26817.254949737,"NRI_P098",100
"45037",685.735999736993,"NRI_P098",25
"45038",-3008.07779026299,"NRI_P098",50
"45039",12686.555179737,"NRI_P098",100
"45040",9395.65455973701,"NRI_P098",25
"45041",-3785.66346026299,"NRI_P098",50
"45042",91.1239897370106,"NRI_P098",100
"45043",-477.242900262994,"NRI_P098",25
"45044",1587.72602973701,"NRI_P098",50
"45045",737.99243973702,"NRI_P098",100
"45046",254.439899737015,"NRI_P098",25
"45047",-662.772280262987,"NRI_P098",50
"45048",1567.95248973701,"NRI_P098",100
"45049",-920.083250263007,"NRI_P098",25
"45050",10821.758909737,"NRI_P098",50
"45051",4615.45365973702,"NRI_P098",100
"45052",561.133969737013,"NRI_P098",25
"45053",-2642.72286026299,"NRI_P098",50
"45054",8983.24631973699,"NRI_P098",100
"45055",-386.213650263002,"NRI_P098",25
"45056",-181.278260263003,"NRI_P098",50
"45057",-3627.52752026299,"NRI_P098",100
"45058",-204.661370262998,"NRI_P098",25
"45059",3233.48618973701,"NRI_P098",50
"45060",13039.443899737,"NRI_P098",100
"45061",-76.2221302629914,"NRI_P098",25
"45062",4476.22229973701,"NRI_P098",50
"45063",10297.653699737,"NRI_P098",100
"45064",-1774.53309026299,"NRI_P098",25
"45065",-1386.88487026299,"NRI_P098",50
"45066",19911.047169737,"NRI_P098",100
"45067",492.881719736994,"NRI_P098",25
"45068",-1915.66350026301,"NRI_P098",50
"45069",19155.878579737,"NRI_P098",100
"45070",-990.77643026298,"NRI_P098",25
"45071",1319.025609737,"NRI_P098",50
"45072",6279.59510973701,"NRI_P098",100
"45073",1065.23589973702,"NRI_P098",25
"45074",795.500529737008,"NRI_P098",50
"45075",9109.151259737,"NRI_P098",100
"45076",183.104799737019,"NRI_P098",25
"45077",-2348.16011026298,"NRI_P098",50
"45078",5714.492609737,"NRI_P098",100
"45079",-2393.407280263,"NRI_P098",25
"45080",-959.72651026299,"NRI_P098",50
"45081",-3128.56507026299,"NRI_P098",100
"45082",10023.012979737,"NRI_P098",25
"45083",-2279.571240263,"NRI_P098",50
"45084",2847.999989737,"NRI_P098",100
"45085",-813.968860263005,"NRI_P098",25
"45086",1433.781189737,"NRI_P098",50
"45087",1197.96869973702,"NRI_P098",100
"45088",246.833239736996,"NRI_P098",25
"45089",3167.706019737,"NRI_P098",50
"45090",9691.24405973702,"NRI_P098",100
"45091",-2132.48408026301,"NRI_P098",25
"45092",7175.313509737,"NRI_P098",50
"45093",5210.757989737,"NRI_P098",100
"45094",2360.99324973702,"NRI_P098",25
"45095",1153.64835973701,"NRI_P098",50
"45096",-3123.39858026299,"NRI_P098",100
"45097",9855.549669737,"NRI_P098",25
"45098",3025.82073973701,"NRI_P098",50
"45099",9163.874389737,"NRI_P098",100
"45100",6206.400009737,"NRI_P098",25
"45101",-1310.69677026299,"NRI_P098",50
"45102",26.0002597370185,"NRI_P098",100
"45103",733.297359737015,"NRI_P098",25
"45104",-2891.05114026301,"NRI_P098",50
"45105",2119.001889737,"NRI_P098",100
"45106",-86.40335026299,"NRI_P098",25
"45107",-1886.82063026298,"NRI_P098",50
"45108",5125.099289737,"NRI_P098",100
"45109",5802.19950973699,"NRI_P098",25
"45110",1155.08546973701,"NRI_P098",50
"45111",2122.78779973701,"NRI_P098",100
"45112",-808.971240262996,"NRI_P098",25
"45113",3529.62388973701,"NRI_P098",50
"45114",-3665.10649026299,"NRI_P098",100
"45115",1672.92500973699,"NRI_P098",25
"45116",9090.37131973699,"NRI_P098",50
"45117",1116.01190973702,"NRI_P098",100
"45118",95.9787997370004,"NRI_P098",25
"45119",3543.663279737,"NRI_P098",50
"45120",-1804.80823026301,"NRI_P098",100
"45121",3613.79923973701,"NRI_P098",25
"45122",1032.575779737,"NRI_P098",50
"45123",7722.22520973699,"NRI_P098",100
"45124",6253.925239737,"NRI_P098",25
"45125",2067.19730973701,"NRI_P098",50
"45126",31304.976839737,"NRI_P098",100
"45127",389.429379737005,"NRI_P098",25
"45128",-790.033100262983,"NRI_P098",50
"45129",3750.496939737,"NRI_P098",100
"45130",-1277.94732026299,"NRI_P098",25
"45131",-873.784810262994,"NRI_P098",50
"45132",958.384789737,"NRI_P098",100
"45133",-403.553190262988,"NRI_P098",25
"45134",-2321.787180263,"NRI_P098",50
"45135",4126.743659737,"NRI_P098",100
"45136",6593.94445973702,"NRI_P098",25
"45137",5280.599499737,"NRI_P098",50
"45138",563.525259737013,"NRI_P098",100
"45139",-1071.44524026298,"NRI_P098",25
"45140",-4661.47844026299,"NRI_P098",50
"45141",6021.28132973702,"NRI_P098",100
"45142",9254.35360973701,"NRI_P098",25
"45143",-963.654370262986,"NRI_P098",50
"45144",14993.257989737,"NRI_P098",100
"45145",-588.130940262985,"NRI_P098",25
"45146",3259.75846973702,"NRI_P098",50
"45147",2703.70990973699,"NRI_P098",100
"45148",395.671769737004,"NRI_P098",25
"45149",252.987019737018,"NRI_P098",50
"45150",17433.892699737,"NRI_P098",100
"45151",2389.797739737,"NRI_P098",25
"45152",3009.55376973702,"NRI_P098",50
"45153",4477.865949737,"NRI_P098",100
"45154",-1236.26999026298,"NRI_P098",25
"45155",4683.06799973702,"NRI_P098",50
"45156",154.120789737004,"NRI_P098",100
"45157",4124.44362973701,"NRI_P098",25
"45158",-884.911800262984,"NRI_P098",50
"45159",-5522.42953026301,"NRI_P098",100
"45160",630.593239737005,"NRI_P098",25
"45161",-94.1585702629818,"NRI_P098",50
"45162",924.851079737011,"NRI_P098",100
"45163",10105.031899737,"NRI_P098",25
"45164",2119.326379737,"NRI_P098",50
"45165",-2426.716910263,"NRI_P098",100
"45166",267.680629737006,"NRI_P098",25
"45167",12293.581189737,"NRI_P098",50
"45168",-146.823410262994,"NRI_P098",100
"45169",-1904.40946026301,"NRI_P098",25
"45170",4230.51998973702,"NRI_P098",50
"45171",8581.418719737,"NRI_P098",100
"45172",-1734.856350263,"NRI_P098",25
"45173",-3130.15784026298,"NRI_P098",50
"45174",3199.28072973702,"NRI_P098",100
"45175",-1774.703670263,"NRI_P098",25
"45176",-2278.846520263,"NRI_P098",50
"45177",-430.226940263005,"NRI_P098",100
"45178",1003.199399737,"NRI_P098",25
"45179",14901.026449737,"NRI_P098",50
"45180",-5391.589020263,"NRI_P098",100
"45181",9174.13028973702,"NRI_P098",25
"45182",5406.21181973701,"NRI_P098",50
"45183",9030.82495973702,"NRI_P098",100
"45184",38.9606397369935,"NRI_P098",25
"45185",3091.05923973702,"NRI_P098",50
"45186",10388.850099737,"NRI_P098",100
"45187",5743.40512973702,"NRI_P098",25
"45188",2988.00208973701,"NRI_P098",50
"45189",-5418.26276026299,"NRI_P098",100
"45190",543.00117973701,"NRI_P098",25
"45191",-3717.97951026299,"NRI_P098",50
"45192",671.972479737015,"NRI_P098",100
"45193",-2257.35469026299,"NRI_P098",25
"45194",4196.979349737,"NRI_P098",50
"45195",-368.201920263004,"NRI_P098",100
"45196",-4927.49324026299,"NRI_P098",25
"45197",-1474.69459026298,"NRI_P098",50
"45198",9321.575699737,"NRI_P098",100
"45199",3889.203229737,"NRI_P098",25
"45200",7009.68828973701,"NRI_P098",50
"45201",5361.72187973702,"NRI_P098",100
"45202",9337.964749737,"NRI_P098",25
"45203",139.666849736997,"NRI_P098",50
"45204",-3139.318110263,"NRI_P098",100
"45205",1324.63685973702,"NRI_P098",25
"45206",-4090.249120263,"NRI_P098",50
"45207",6482.765029737,"NRI_P098",100
"45208",-1732.09847026298,"NRI_P098",25
"45209",-3661.40916026299,"NRI_P098",50
"45210",10765.815729737,"NRI_P098",100
"45211",549.682839737012,"NRI_P098",25
"45212",203.721369737003,"NRI_P098",50
"45213",-156.725740263006,"NRI_P098",100
"45214",11882.218639737,"NRI_P098",25
"45215",-814.720820262999,"NRI_P098",50
"45216",18594.328599737,"NRI_P098",100
"45217",-1513.31914026299,"NRI_P098",25
"45218",2158.803759737,"NRI_P098",50
"45219",-1041.164760263,"NRI_P098",100
"45220",-4198.15567026299,"NRI_P098",25
"45221",5591.71869973702,"NRI_P098",50
"45222",-1994.536970263,"NRI_P098",100
"45223",1164.32708973699,"NRI_P098",25
"45224",-149.920330263005,"NRI_P098",50
"45225",2104.467229737,"NRI_P098",100
"45226",10520.936809737,"NRI_P098",25
"45227",-775.820280262997,"NRI_P098",50
"45228",1251.29470973701,"NRI_P098",100
"45229",960.906329737016,"NRI_P098",25
"45230",2316.521099737,"NRI_P098",50
"45231",14310.783119737,"NRI_P098",100
"45232",-125.830440263002,"NRI_P098",25
"45233",3288.414369737,"NRI_P098",50
"45234",4499.63338973702,"NRI_P098",100
"45235",-648.610900262982,"NRI_P098",25
"45236",-1544.52277026299,"NRI_P098",50
"45237",-1977.10993026299,"NRI_P098",100
"45238",-2625.96859026299,"NRI_P098",25
"45239",1202.77296973701,"NRI_P098",50
"45240",5559.77402973702,"NRI_P098",100
"45241",-1371.614640263,"NRI_P098",25
"45242",-3184.983720263,"NRI_P098",50
"45243",-5720.71500026301,"NRI_P098",100
"45244",-861.124760262988,"NRI_P098",25
"45245",-5761.464170263,"NRI_P098",50
"45246",3176.19691973701,"NRI_P098",100
"45247",1277.47894973701,"NRI_P098",25
"45248",1281.342099737,"NRI_P098",50
"45249",11067.536469737,"NRI_P098",100
"45250",4706.98712973701,"NRI_P098",25
"45251",-2805.064150263,"NRI_P098",50
"45252",8613.99932973701,"NRI_P098",100
"45253",11261.885129737,"NRI_P098",25
"45254",4407.972469737,"NRI_P098",50
"45255",13166.287759737,"NRI_P098",100
"45256",3671.05207973701,"NRI_P098",25
"45257",-1696.328850263,"NRI_P098",50
"45258",-1885.03047026298,"NRI_P098",100
"45259",-2002.48102026299,"NRI_P098",25
"45260",3180.57404973701,"NRI_P098",50
"45261",9590.44141973701,"NRI_P098",100
"45262",61.3479697370203,"NRI_P098",25
"45263",1300.91661973699,"NRI_P098",50
"45264",1147.44195973701,"NRI_P098",100
"45265",1698.641099737,"NRI_P098",25
"45266",5399.74979973701,"NRI_P098",50
"45267",9844.68306973702,"NRI_P098",100
"45268",3999.73264973701,"NRI_P098",25
"45269",3386.588239737,"NRI_P098",50
"45270",12913.653499737,"NRI_P098",100
"45271",-1439.91305026299,"NRI_P098",25
"45272",-1297.76720026298,"NRI_P098",50
"45273",1192.148469737,"NRI_P098",100
"45274",1299.357419737,"NRI_P098",25
"45275",935.581389736995,"NRI_P098",50
"45276",12795.245589737,"NRI_P098",100
"45277",-281.994970262982,"NRI_P098",25
"45278",258.542399736994,"NRI_P098",50
"45279",12188.444209737,"NRI_P098",100
"45280",2019.52240973699,"NRI_P098",25
"45281",3423.392239737,"NRI_P098",50
"45282",-3121.411030263,"NRI_P098",100
"45283",3242.80468973701,"NRI_P098",25
"45284",-2457.39115026299,"NRI_P098",50
"45285",12110.230679737,"NRI_P098",100
"45286",935.700179737003,"NRI_P098",25
"45287",3944.60141973701,"NRI_P098",50
"45288",5385.958029737,"NRI_P098",100
"45289",3386.072549737,"NRI_P098",25
"45290",1157.15741973702,"NRI_P098",50
"45291",10521.733259737,"NRI_P098",100
"45292",-576.659160262992,"NRI_P098",25
"45293",-666.467720262997,"NRI_P098",50
"45294",2433.79105973701,"NRI_P098",100
"45295",-657.899400263006,"NRI_P098",25
"45296",616.755179736996,"NRI_P098",50
"45297",5946.57803973701,"NRI_P098",100
"45298",531.778129737009,"NRI_P098",25
"45299",7401.80365973699,"NRI_P098",50
"45300",8773.215089737,"NRI_P098",100
"45301",-818.797673506982,"NRI_P099",25
"45302",-4698.62111350699,"NRI_P099",50
"45303",3306.42225649301,"NRI_P099",100
"45304",-275.180863507005,"NRI_P099",25
"45305",-550.176963506994,"NRI_P099",50
"45306",-7051.213913507,"NRI_P099",100
"45307",828.715176493017,"NRI_P099",25
"45308",-2690.144903507,"NRI_P099",50
"45309",5796.588416493,"NRI_P099",100
"45310",-2725.18818350701,"NRI_P099",25
"45311",-751.608583506983,"NRI_P099",50
"45312",10503.011106493,"NRI_P099",100
"45313",8092.82127649299,"NRI_P099",25
"45314",11477.342206493,"NRI_P099",50
"45315",9202.66773649299,"NRI_P099",100
"45316",3755.04936649301,"NRI_P099",25
"45317",2999.61709649299,"NRI_P099",50
"45318",6770.73149649301,"NRI_P099",100
"45319",489.088976492989,"NRI_P099",25
"45320",-3785.31596350699,"NRI_P099",50
"45321",4534.99227649299,"NRI_P099",100
"45322",1676.670386493,"NRI_P099",25
"45323",-2666.60290350701,"NRI_P099",50
"45324",-2231.18841350698,"NRI_P099",100
"45325",530.266876492999,"NRI_P099",25
"45326",1997.178886493,"NRI_P099",50
"45327",-3252.074793507,"NRI_P099",100
"45328",-1903.963523507,"NRI_P099",25
"45329",-264.835173506988,"NRI_P099",50
"45330",-4313.379473507,"NRI_P099",100
"45331",-3741.221113507,"NRI_P099",25
"45332",7734.53596649301,"NRI_P099",50
"45333",-2438.915623507,"NRI_P099",100
"45334",-777.948613507004,"NRI_P099",25
"45335",-4873.65638350698,"NRI_P099",50
"45336",10745.364166493,"NRI_P099",100
"45337",636.440436492994,"NRI_P099",25
"45338",1060.77868649299,"NRI_P099",50
"45339",-1218.644143507,"NRI_P099",100
"45340",-3871.344363507,"NRI_P099",25
"45341",3454.57737649299,"NRI_P099",50
"45342",7828.89533649301,"NRI_P099",100
"45343",-728.252473506989,"NRI_P099",25
"45344",7203.614196493,"NRI_P099",50
"45345",-5544.716703507,"NRI_P099",100
"45346",-2464.74139350699,"NRI_P099",25
"45347",-2778.14238350699,"NRI_P099",50
"45348",-4708.48464350699,"NRI_P099",100
"45349",1366.63107649301,"NRI_P099",25
"45350",1456.088236493,"NRI_P099",50
"45351",6799.117376493,"NRI_P099",100
"45352",842.201556493004,"NRI_P099",25
"45353",-5410.69344350699,"NRI_P099",50
"45354",2947.93710649302,"NRI_P099",100
"45355",1343.90913649299,"NRI_P099",25
"45356",6943.746466493,"NRI_P099",50
"45357",14242.825086493,"NRI_P099",100
"45358",-4445.49195350701,"NRI_P099",25
"45359",4768.234736493,"NRI_P099",50
"45360",953.060816493002,"NRI_P099",100
"45361",3452.586676493,"NRI_P099",25
"45362",-2588.241883507,"NRI_P099",50
"45363",3974.66640649299,"NRI_P099",100
"45364",314.766686493007,"NRI_P099",25
"45365",-291.726483506995,"NRI_P099",50
"45366",5343.61931649302,"NRI_P099",100
"45367",-4772.13305350699,"NRI_P099",25
"45368",-954.683193506993,"NRI_P099",50
"45369",-505.870413506986,"NRI_P099",100
"45370",-1967.60418350701,"NRI_P099",25
"45371",1019.850696493,"NRI_P099",50
"45372",-719.642423507001,"NRI_P099",100
"45373",1604.942176493,"NRI_P099",25
"45374",2897.37755649301,"NRI_P099",50
"45375",-5624.463183507,"NRI_P099",100
"45376",3361.264296493,"NRI_P099",25
"45377",23991.995046493,"NRI_P099",50
"45378",3652.37113649299,"NRI_P099",100
"45379",5504.66388649301,"NRI_P099",25
"45380",342.835856493009,"NRI_P099",50
"45381",-2039.60483350701,"NRI_P099",100
"45382",-933.706773507001,"NRI_P099",25
"45383",1772.746776493,"NRI_P099",50
"45384",-1059.39861350699,"NRI_P099",100
"45385",-3061.879343507,"NRI_P099",25
"45386",71.7741964930028,"NRI_P099",50
"45387",5903.56533649299,"NRI_P099",100
"45388",492.898326493014,"NRI_P099",25
"45389",-7137.28419350699,"NRI_P099",50
"45390",3950.80100649301,"NRI_P099",100
"45391",-1114.35719350699,"NRI_P099",25
"45392",-2442.40065350701,"NRI_P099",50
"45393",312.841676493001,"NRI_P099",100
"45394",-1243.90228350699,"NRI_P099",25
"45395",2812.13761649301,"NRI_P099",50
"45396",-3545.71956350701,"NRI_P099",100
"45397",-3172.922213507,"NRI_P099",25
"45398",-3255.689443507,"NRI_P099",50
"45399",3903.263566493,"NRI_P099",100
"45400",-3791.831073507,"NRI_P099",25
"45401",3445.052086493,"NRI_P099",50
"45402",-1635.525063507,"NRI_P099",100
"45403",1098.15468649301,"NRI_P099",25
"45404",-895.262123507011,"NRI_P099",50
"45405",6110.03104649301,"NRI_P099",100
"45406",84.1492264929984,"NRI_P099",25
"45407",5325.841856493,"NRI_P099",50
"45408",5270.95949649301,"NRI_P099",100
"45409",-121.061223506986,"NRI_P099",25
"45410",-29.9304535069969,"NRI_P099",50
"45411",-3152.64300350699,"NRI_P099",100
"45412",-222.717923507007,"NRI_P099",25
"45413",1651.53440649301,"NRI_P099",50
"45414",-3197.681623507,"NRI_P099",100
"45415",212.744426493009,"NRI_P099",25
"45416",-2742.46317350699,"NRI_P099",50
"45417",-3719.48165350698,"NRI_P099",100
"45418",5073.83008649299,"NRI_P099",25
"45419",3750.64081649299,"NRI_P099",50
"45420",6960.875896493,"NRI_P099",100
"45421",-1379.67094350699,"NRI_P099",25
"45422",1382.318476493,"NRI_P099",50
"45423",9837.350746493,"NRI_P099",100
"45424",-2571.47052350699,"NRI_P099",25
"45425",1093.777036493,"NRI_P099",50
"45426",3558.772606493,"NRI_P099",100
"45427",-770.070113506983,"NRI_P099",25
"45428",4562.28020649301,"NRI_P099",50
"45429",-2060.56643350699,"NRI_P099",100
"45430",-2462.76222350699,"NRI_P099",25
"45431",-3590.510673507,"NRI_P099",50
"45432",-3915.29117350699,"NRI_P099",100
"45433",-2950.179383507,"NRI_P099",25
"45434",8509.51219649301,"NRI_P099",50
"45435",10209.302636493,"NRI_P099",100
"45436",-1675.262943507,"NRI_P099",25
"45437",1980.724366493,"NRI_P099",50
"45438",12277.255886493,"NRI_P099",100
"45439",-3035.97415350701,"NRI_P099",25
"45440",3770.60609649299,"NRI_P099",50
"45441",-2633.25738350701,"NRI_P099",100
"45442",-728.927523507009,"NRI_P099",25
"45443",-5129.360943507,"NRI_P099",50
"45444",-5724.14644350699,"NRI_P099",100
"45445",-1691.41701350699,"NRI_P099",25
"45446",-1971.52208350701,"NRI_P099",50
"45447",3499.85456649301,"NRI_P099",100
"45448",-2879.675573507,"NRI_P099",25
"45449",-4440.45559350701,"NRI_P099",50
"45450",-4902.702473507,"NRI_P099",100
"45451",-1113.20821350699,"NRI_P099",25
"45452",1028.15937649301,"NRI_P099",50
"45453",5479.22223649299,"NRI_P099",100
"45454",-385.319113506994,"NRI_P099",25
"45455",4680.31051649302,"NRI_P099",50
"45456",9368.69816649301,"NRI_P099",100
"45457",-12.5767735069967,"NRI_P099",25
"45458",2657.02313649299,"NRI_P099",50
"45459",12763.800896493,"NRI_P099",100
"45460",-2580.323743507,"NRI_P099",25
"45461",-1349.60749350701,"NRI_P099",50
"45462",1696.98316649301,"NRI_P099",100
"45463",-2718.38975350698,"NRI_P099",25
"45464",-1328.45696350699,"NRI_P099",50
"45465",-2080.91655350701,"NRI_P099",100
"45466",7684.23503649302,"NRI_P099",25
"45467",-1718.059773507,"NRI_P099",50
"45468",-3922.23217350699,"NRI_P099",100
"45469",2423.13560649302,"NRI_P099",25
"45470",-2164.48717350699,"NRI_P099",50
"45471",19263.013866493,"NRI_P099",100
"45472",-1396.389973507,"NRI_P099",25
"45473",383.894686493004,"NRI_P099",50
"45474",10188.924496493,"NRI_P099",100
"45475",5500.73157649301,"NRI_P099",25
"45476",1367.95879649301,"NRI_P099",50
"45477",4079.387366493,"NRI_P099",100
"45478",-2541.769513507,"NRI_P099",25
"45479",10442.025446493,"NRI_P099",50
"45480",2436.33780649301,"NRI_P099",100
"45481",2.90136649299529,"NRI_P099",25
"45482",-6701.66840350701,"NRI_P099",50
"45483",-230.757133506995,"NRI_P099",100
"45484",-1666.819553507,"NRI_P099",25
"45485",-2146.30647350699,"NRI_P099",50
"45486",-2527.787913507,"NRI_P099",100
"45487",2279.133976493,"NRI_P099",25
"45488",4298.38187649299,"NRI_P099",50
"45489",7088.973506493,"NRI_P099",100
"45490",29.534126493003,"NRI_P099",25
"45491",735.59942649299,"NRI_P099",50
"45492",8731.59664649301,"NRI_P099",100
"45493",-3558.563323507,"NRI_P099",25
"45494",9682.615026493,"NRI_P099",50
"45495",1030.558026493,"NRI_P099",100
"45496",6581.27431649301,"NRI_P099",25
"45497",1414.19422649301,"NRI_P099",50
"45498",1972.14207649301,"NRI_P099",100
"45499",8611.79863649301,"NRI_P099",25
"45500",6269.68913649299,"NRI_P099",50
"45501",6563.01857649299,"NRI_P099",100
"45502",-2351.114823507,"NRI_P099",25
"45503",1568.69148649301,"NRI_P099",50
"45504",3279.24214649299,"NRI_P099",100
"45505",-3038.572283507,"NRI_P099",25
"45506",5918.67704649302,"NRI_P099",50
"45507",10071.200476493,"NRI_P099",100
"45508",-303.485223506985,"NRI_P099",25
"45509",9414.21592649299,"NRI_P099",50
"45510",-1153.084773507,"NRI_P099",100
"45511",2188.890596493,"NRI_P099",25
"45512",560.983316493017,"NRI_P099",50
"45513",5609.89804649301,"NRI_P099",100
"45514",1337.88897649301,"NRI_P099",25
"45515",2785.52770649301,"NRI_P099",50
"45516",-6924.64515350701,"NRI_P099",100
"45517",65.7830864930002,"NRI_P099",25
"45518",2242.415596493,"NRI_P099",50
"45519",-1944.20196350699,"NRI_P099",100
"45520",-2003.00802350699,"NRI_P099",25
"45521",-4115.729083507,"NRI_P099",50
"45522",2710.253036493,"NRI_P099",100
"45523",685.194976492989,"NRI_P099",25
"45524",2522.26991649301,"NRI_P099",50
"45525",-896.50756350701,"NRI_P099",100
"45526",48.8770164930029,"NRI_P099",25
"45527",3628.05900649301,"NRI_P099",50
"45528",5213.329116493,"NRI_P099",100
"45529",-624.114223507,"NRI_P099",25
"45530",7188.808106493,"NRI_P099",50
"45531",980.723006493005,"NRI_P099",100
"45532",12075.943996493,"NRI_P099",25
"45533",229.987086492998,"NRI_P099",50
"45534",746.04917649299,"NRI_P099",100
"45535",1380.32797649299,"NRI_P099",25
"45536",-4761.43945350699,"NRI_P099",50
"45537",-254.956623506994,"NRI_P099",100
"45538",-418.964733506989,"NRI_P099",25
"45539",784.51461649299,"NRI_P099",50
"45540",4523.83240649299,"NRI_P099",100
"45541",-2232.08059350701,"NRI_P099",25
"45542",-4711.769583507,"NRI_P099",50
"45543",6867.746256493,"NRI_P099",100
"45544",7188.191526493,"NRI_P099",25
"45545",-6355.223973507,"NRI_P099",50
"45546",3011.56189649299,"NRI_P099",100
"45547",-213.279033506988,"NRI_P099",25
"45548",3118.33850649299,"NRI_P099",50
"45549",-7559.64718350701,"NRI_P099",100
"45550",-3900.90143350701,"NRI_P099",25
"45551",-716.70102350699,"NRI_P099",50
"45552",5571.23983649301,"NRI_P099",100
"45553",-796.285003506986,"NRI_P099",25
"45554",-2536.036763507,"NRI_P099",50
"45555",13228.077916493,"NRI_P099",100
"45556",1056.749776493,"NRI_P099",25
"45557",2396.16914649299,"NRI_P099",50
"45558",-3281.894223507,"NRI_P099",100
"45559",-6629.96304350698,"NRI_P099",25
"45560",696.120256493014,"NRI_P099",50
"45561",6952.08963649301,"NRI_P099",100
"45562",8584.894746493,"NRI_P099",25
"45563",3737.21131649299,"NRI_P099",50
"45564",9058.22690649302,"NRI_P099",100
"45565",-2.32111350700143,"NRI_P099",25
"45566",4171.78794649302,"NRI_P099",50
"45567",-2145.10397350701,"NRI_P099",100
"45568",-2130.41780350701,"NRI_P099",25
"45569",1114.264246493,"NRI_P099",50
"45570",-2549.132803507,"NRI_P099",100
"45571",-1929.698223507,"NRI_P099",25
"45572",-2666.39421350701,"NRI_P099",50
"45573",-7490.904023507,"NRI_P099",100
"45574",5371.39620649299,"NRI_P099",25
"45575",4967.464386493,"NRI_P099",50
"45576",13567.181846493,"NRI_P099",100
"45577",1539.18020649301,"NRI_P099",25
"45578",-2054.118653507,"NRI_P099",50
"45579",1519.36447649301,"NRI_P099",100
"45580",-3776.299823507,"NRI_P099",25
"45581",-71.5250335070014,"NRI_P099",50
"45582",11629.981396493,"NRI_P099",100
"45583",4427.64417649299,"NRI_P099",25
"45584",-5493.832743507,"NRI_P099",50
"45585",-7895.71693350701,"NRI_P099",100
"45586",-3233.25871350701,"NRI_P099",25
"45587",5111.608596493,"NRI_P099",50
"45588",11839.699786493,"NRI_P099",100
"45589",-584.716423506994,"NRI_P099",25
"45590",-5039.19200350699,"NRI_P099",50
"45591",1516.867116493,"NRI_P099",100
"45592",3430.467276493,"NRI_P099",25
"45593",8413.18849649301,"NRI_P099",50
"45594",13261.373396493,"NRI_P099",100
"45595",-507.691523507005,"NRI_P099",25
"45596",-3771.983173507,"NRI_P099",50
"45597",-491.443863507011,"NRI_P099",100
"45598",6369.82237649302,"NRI_P099",25
"45599",-381.196303506993,"NRI_P099",50
"45600",-3887.505223507,"NRI_P099",100
"45601",-2552.53647555102,"NRI_P100",25
"45602",3424.35740444897,"NRI_P100",50
"45603",-12992.273835551,"NRI_P100",100
"45604",-2087.47072555101,"NRI_P100",25
"45605",-8313.19120555103,"NRI_P100",50
"45606",-6851.762255551,"NRI_P100",100
"45607",-4602.07657555101,"NRI_P100",25
"45608",-7312.44653555105,"NRI_P100",50
"45609",-9974.39629555104,"NRI_P100",100
"45610",8713.07809444895,"NRI_P100",25
"45611",-11916.435725551,"NRI_P100",50
"45612",-12065.067885551,"NRI_P100",100
"45613",-1182.317775551,"NRI_P100",25
"45614",-1572.22638555104,"NRI_P100",50
"45615",-10723.950045551,"NRI_P100",100
"45616",-760.892135551025,"NRI_P100",25
"45617",-6627.37595555105,"NRI_P100",50
"45618",-9878.57023555104,"NRI_P100",100
"45619",1843.97939444898,"NRI_P100",25
"45620",-8638.79221555102,"NRI_P100",50
"45621",8129.41874444898,"NRI_P100",100
"45622",-5650.44597555103,"NRI_P100",25
"45623",-10448.383145551,"NRI_P100",50
"45624",-10973.923815551,"NRI_P100",100
"45625",122.248524448951,"NRI_P100",25
"45626",-5908.07795555104,"NRI_P100",50
"45627",-4665.45022555103,"NRI_P100",100
"45628",3077.80359444895,"NRI_P100",25
"45629",4716.29163444898,"NRI_P100",50
"45630",-11918.333735551,"NRI_P100",100
"45631",-2746.41852555104,"NRI_P100",25
"45632",-7160.495215551,"NRI_P100",50
"45633",-13530.654585551,"NRI_P100",100
"45634",-3997.41057555104,"NRI_P100",25
"45635",-7185.17102555104,"NRI_P100",50
"45636",-8653.89745555102,"NRI_P100",100
"45637",-3897.65800555103,"NRI_P100",25
"45638",2525.05507444899,"NRI_P100",50
"45639",-16355.698645551,"NRI_P100",100
"45640",-1920.30935555103,"NRI_P100",25
"45641",-2778.51075555105,"NRI_P100",50
"45642",-11457.814095551,"NRI_P100",100
"45643",-1130.47028555104,"NRI_P100",25
"45644",-5771.91106555104,"NRI_P100",50
"45645",-10644.970025551,"NRI_P100",100
"45646",-3135.90197555104,"NRI_P100",25
"45647",1305.56200444896,"NRI_P100",50
"45648",-17630.168565551,"NRI_P100",100
"45649",-4598.110515551,"NRI_P100",25
"45650",2967.58106444898,"NRI_P100",50
"45651",-11121.361915551,"NRI_P100",100
"45652",-7523.335335551,"NRI_P100",25
"45653",4211.55659444898,"NRI_P100",50
"45654",-13843.329715551,"NRI_P100",100
"45655",158.814474448969,"NRI_P100",25
"45656",-5140.40679555101,"NRI_P100",50
"45657",-13100.617705551,"NRI_P100",100
"45658",-4580.141925551,"NRI_P100",25
"45659",1270.49142444896,"NRI_P100",50
"45660",-1693.58651555103,"NRI_P100",100
"45661",73.2058444489958,"NRI_P100",25
"45662",-543.548205551051,"NRI_P100",50
"45663",-7741.76302555104,"NRI_P100",100
"45664",-1351.285555551,"NRI_P100",25
"45665",-8277.69463555102,"NRI_P100",50
"45666",-9492.730875551,"NRI_P100",100
"45667",1965.21359444899,"NRI_P100",25
"45668",-8382.05173555104,"NRI_P100",50
"45669",-9477.90957555105,"NRI_P100",100
"45670",5997.35311444895,"NRI_P100",25
"45671",-5512.19636555103,"NRI_P100",50
"45672",3313.03727444896,"NRI_P100",100
"45673",1262.73611444898,"NRI_P100",25
"45674",-3596.13697555102,"NRI_P100",50
"45675",-10820.287025551,"NRI_P100",100
"45676",191.578994448995,"NRI_P100",25
"45677",-7120.88403555105,"NRI_P100",50
"45678",-10678.971625551,"NRI_P100",100
"45679",-5338.81648555101,"NRI_P100",25
"45680",931.154564448982,"NRI_P100",50
"45681",824.358274448954,"NRI_P100",100
"45682",-3390.40031555103,"NRI_P100",25
"45683",-5074.77876555105,"NRI_P100",50
"45684",-5009.02096555103,"NRI_P100",100
"45685",-2569.30650555104,"NRI_P100",25
"45686",-4753.63613555103,"NRI_P100",50
"45687",-6498.84603555105,"NRI_P100",100
"45688",-6510.16989555105,"NRI_P100",25
"45689",920.766504448955,"NRI_P100",50
"45690",-5260.180155551,"NRI_P100",100
"45691",-907.346885551,"NRI_P100",25
"45692",-5354.48096555105,"NRI_P100",50
"45693",-1989.64396555105,"NRI_P100",100
"45694",-2336.16370555101,"NRI_P100",25
"45695",-9896.73258555104,"NRI_P100",50
"45696",-2301.14725555101,"NRI_P100",100
"45697",-6680.87199555105,"NRI_P100",25
"45698",-2432.01886555104,"NRI_P100",50
"45699",-5616.27929555101,"NRI_P100",100
"45700",25.522034448979,"NRI_P100",25
"45701",-4598.55790555105,"NRI_P100",50
"45702",-8147.460655551,"NRI_P100",100
"45703",-3043.97985555104,"NRI_P100",25
"45704",-9560.32450555102,"NRI_P100",50
"45705",-11065.939485551,"NRI_P100",100
"45706",-4968.271375551,"NRI_P100",25
"45707",-2561.86728555104,"NRI_P100",50
"45708",6251.72539444896,"NRI_P100",100
"45709",-3529.01974555105,"NRI_P100",25
"45710",-4851.959715551,"NRI_P100",50
"45711",-13295.955725551,"NRI_P100",100
"45712",-4743.13687555102,"NRI_P100",25
"45713",-15445.123285551,"NRI_P100",50
"45714",-12752.347575551,"NRI_P100",100
"45715",8613.81671444897,"NRI_P100",25
"45716",-4627.08425555105,"NRI_P100",50
"45717",-7771.15488555102,"NRI_P100",100
"45718",-1465.60245555104,"NRI_P100",25
"45719",-6974.891345551,"NRI_P100",50
"45720",-12481.066335551,"NRI_P100",100
"45721",-4722.762935551,"NRI_P100",25
"45722",-2897.09721555101,"NRI_P100",50
"45723",-17064.037505551,"NRI_P100",100
"45724",-3818.91893555102,"NRI_P100",25
"45725",1791.90864444897,"NRI_P100",50
"45726",-11633.851005551,"NRI_P100",100
"45727",-3844.74180555105,"NRI_P100",25
"45728",-4372.75091555103,"NRI_P100",50
"45729",-5452.45448555105,"NRI_P100",100
"45730",-7476.71636555105,"NRI_P100",25
"45731",-6856.961305551,"NRI_P100",50
"45732",2796.97492444899,"NRI_P100",100
"45733",-4065.16895555105,"NRI_P100",25
"45734",1677.44698444899,"NRI_P100",50
"45735",3548.396754449,"NRI_P100",100
"45736",-2813.533185551,"NRI_P100",25
"45737",-2613.14811555104,"NRI_P100",50
"45738",-7212.42615555105,"NRI_P100",100
"45739",-148.394315551035,"NRI_P100",25
"45740",-7348.92868555104,"NRI_P100",50
"45741",-18218.034795551,"NRI_P100",100
"45742",599.197034448967,"NRI_P100",25
"45743",3664.98614444898,"NRI_P100",50
"45744",-11125.992205551,"NRI_P100",100
"45745",-2308.65192555101,"NRI_P100",25
"45746",-5090.33284555102,"NRI_P100",50
"45747",-7288.25415555103,"NRI_P100",100
"45748",536.68953444896,"NRI_P100",25
"45749",-878.127105551015,"NRI_P100",50
"45750",13065.222894449,"NRI_P100",100
"45751",-2383.68305555102,"NRI_P100",25
"45752",-3462.80986555101,"NRI_P100",50
"45753",-12776.444435551,"NRI_P100",100
"45754",-1581.94197555102,"NRI_P100",25
"45755",-4704.01527555101,"NRI_P100",50
"45756",-12665.935475551,"NRI_P100",100
"45757",-4309.228665551,"NRI_P100",25
"45758",-10016.7314555511,"NRI_P100",50
"45759",-3248.42584555101,"NRI_P100",100
"45760",-4269.42557555099,"NRI_P100",25
"45761",-5823.61465555103,"NRI_P100",50
"45762",-5431.01727555104,"NRI_P100",100
"45763",2302.89053444896,"NRI_P100",25
"45764",-7172.42200555105,"NRI_P100",50
"45765",-12914.410525551,"NRI_P100",100
"45766",-428.441655551025,"NRI_P100",25
"45767",-8668.36198555102,"NRI_P100",50
"45768",-9622.68314555101,"NRI_P100",100
"45769",-97.9857055510511,"NRI_P100",25
"45770",651.42364444898,"NRI_P100",50
"45771",-6331.43596555101,"NRI_P100",100
"45772",2379.420994449,"NRI_P100",25
"45773",-5718.70800555102,"NRI_P100",50
"45774",-5888.09559555101,"NRI_P100",100
"45775",-2860.36100555101,"NRI_P100",25
"45776",-3993.420095551,"NRI_P100",50
"45777",-6317.61478555104,"NRI_P100",100
"45778",-685.425555551017,"NRI_P100",25
"45779",1929.56154444895,"NRI_P100",50
"45780",-513.164535551041,"NRI_P100",100
"45781",-3694.31672555103,"NRI_P100",25
"45782",-6014.97964555101,"NRI_P100",50
"45783",-7047.157535551,"NRI_P100",100
"45784",-4114.65087555104,"NRI_P100",25
"45785",1787.65575444896,"NRI_P100",50
"45786",-9527.11556555104,"NRI_P100",100
"45787",3314.23804444895,"NRI_P100",25
"45788",-4270.49501555105,"NRI_P100",50
"45789",-9624.18429555104,"NRI_P100",100
"45790",-5257.62102555105,"NRI_P100",25
"45791",-7737.33837555104,"NRI_P100",50
"45792",-4544.74448555103,"NRI_P100",100
"45793",-7062.98751555104,"NRI_P100",25
"45794",2203.16840444895,"NRI_P100",50
"45795",-9534.51521555101,"NRI_P100",100
"45796",-928.922555551049,"NRI_P100",25
"45797",-8475.75025555101,"NRI_P100",50
"45798",-8927.34391555103,"NRI_P100",100
"45799",-1911.78924555104,"NRI_P100",25
"45800",-1042.82713555102,"NRI_P100",50
"45801",22439.9258344489,"NRI_P100",100
"45802",-2665.22093555104,"NRI_P100",25
"45803",6149.939394449,"NRI_P100",50
"45804",-6494.12454555102,"NRI_P100",100
"45805",-1622.01071555103,"NRI_P100",25
"45806",-2300.21268555103,"NRI_P100",50
"45807",-12638.787395551,"NRI_P100",100
"45808",-6222.66935555101,"NRI_P100",25
"45809",-1197.53352555103,"NRI_P100",50
"45810",-16035.960825551,"NRI_P100",100
"45811",-1908.93740555103,"NRI_P100",25
"45812",-10984.805395551,"NRI_P100",50
"45813",4407.33437444898,"NRI_P100",100
"45814",-6500.59618555102,"NRI_P100",25
"45815",-3170.61858555104,"NRI_P100",50
"45816",-9371.94109555101,"NRI_P100",100
"45817",-2086.94667555101,"NRI_P100",25
"45818",-4401.32733555103,"NRI_P100",50
"45819",-12502.699625551,"NRI_P100",100
"45820",-3348.09877555101,"NRI_P100",25
"45821",-6941.35434555105,"NRI_P100",50
"45822",-14060.624565551,"NRI_P100",100
"45823",-1667.48707555101,"NRI_P100",25
"45824",-302.607895551017,"NRI_P100",50
"45825",-3570.16502555105,"NRI_P100",100
"45826",1027.310014449,"NRI_P100",25
"45827",-6747.59747555101,"NRI_P100",50
"45828",-16303.023215551,"NRI_P100",100
"45829",3783.44314444897,"NRI_P100",25
"45830",-7590.31922555104,"NRI_P100",50
"45831",-15835.582935551,"NRI_P100",100
"45832",1872.65021444898,"NRI_P100",25
"45833",-15347.882715551,"NRI_P100",50
"45834",-10148.974895551,"NRI_P100",100
"45835",1332.39229444898,"NRI_P100",25
"45836",12398.917764449,"NRI_P100",50
"45837",-9509.95034555101,"NRI_P100",100
"45838",-5695.72781555104,"NRI_P100",25
"45839",-8286.538735551,"NRI_P100",50
"45840",-8952.771955551,"NRI_P100",100
"45841",-125.669655551028,"NRI_P100",25
"45842",-7258.73426555103,"NRI_P100",50
"45843",-9691.64332555101,"NRI_P100",100
"45844",-3554.16213555104,"NRI_P100",25
"45845",10083.267264449,"NRI_P100",50
"45846",-1644.25870555104,"NRI_P100",100
"45847",902.577344449004,"NRI_P100",25
"45848",-5714.696185551,"NRI_P100",50
"45849",-1843.72986555099,"NRI_P100",100
"45850",-2623.85923555103,"NRI_P100",25
"45851",2220.31943444896,"NRI_P100",50
"45852",-5874.35962555103,"NRI_P100",100
"45853",-7048.34121555102,"NRI_P100",25
"45854",-9231.317515551,"NRI_P100",50
"45855",-8979.270495551,"NRI_P100",100
"45856",-1803.59145555104,"NRI_P100",25
"45857",-13539.451335551,"NRI_P100",50
"45858",2673.831464449,"NRI_P100",100
"45859",-2322.65595555102,"NRI_P100",25
"45860",-4412.71079555101,"NRI_P100",50
"45861",-6428.997035551,"NRI_P100",100
"45862",-1466.47690555104,"NRI_P100",25
"45863",-6184.00447555102,"NRI_P100",50
"45864",-2639.20871555101,"NRI_P100",100
"45865",-931.243205551,"NRI_P100",25
"45866",1551.99908444897,"NRI_P100",50
"45867",5481.88274444896,"NRI_P100",100
"45868",-4198.04890555103,"NRI_P100",25
"45869",1154.496994449,"NRI_P100",50
"45870",-5482.79553555103,"NRI_P100",100
"45871",-713.97221555101,"NRI_P100",25
"45872",-9010.79175555101,"NRI_P100",50
"45873",-11155.770595551,"NRI_P100",100
"45874",-2429.22927555104,"NRI_P100",25
"45875",-6113.53446555103,"NRI_P100",50
"45876",-606.103445551009,"NRI_P100",100
"45877",-4649.14667555102,"NRI_P100",25
"45878",-1994.12569555105,"NRI_P100",50
"45879",-8351.79996555101,"NRI_P100",100
"45880",-4980.81016555103,"NRI_P100",25
"45881",-3678.54952555103,"NRI_P100",50
"45882",10080.6375744489,"NRI_P100",100
"45883",1423.34686444898,"NRI_P100",25
"45884",-5838.008005551,"NRI_P100",50
"45885",11269.390224449,"NRI_P100",100
"45886",1360.24139444897,"NRI_P100",25
"45887",-5322.72534555104,"NRI_P100",50
"45888",462.190084448957,"NRI_P100",100
"45889",-717.272025551007,"NRI_P100",25
"45890",-7560.69473555102,"NRI_P100",50
"45891",7564.54662444897,"NRI_P100",100
"45892",-4850.39540555101,"NRI_P100",25
"45893",-3142.63823555101,"NRI_P100",50
"45894",-4430.94963555102,"NRI_P100",100
"45895",-5860.67258555104,"NRI_P100",25
"45896",-8156.245055551,"NRI_P100",50
"45897",-12152.408305551,"NRI_P100",100
"45898",-2537.53527555102,"NRI_P100",25
"45899",-6526.68089555105,"NRI_P100",50
"45900",-6753.13175555103,"NRI_P100",100
"45901",5783.48087118403,"NRI_P101",25
"45902",-1379.08105881599,"NRI_P101",50
"45903",-648.662948815967,"NRI_P101",100
"45904",-736.299438815971,"NRI_P101",25
"45905",1816.95426118403,"NRI_P101",50
"45906",1544.25726118404,"NRI_P101",100
"45907",-2030.515768816,"NRI_P101",25
"45908",-6198.477188816,"NRI_P101",50
"45909",14756.497751184,"NRI_P101",100
"45910",6556.085151184,"NRI_P101",25
"45911",-5696.05972881598,"NRI_P101",50
"45912",-7430.17515881598,"NRI_P101",100
"45913",421.584281184012,"NRI_P101",25
"45914",-2082.36034881597,"NRI_P101",50
"45915",-4493.68443881598,"NRI_P101",100
"45916",579.010651184013,"NRI_P101",25
"45917",-4664.745978816,"NRI_P101",50
"45918",10526.291281184,"NRI_P101",100
"45919",17731.599321184,"NRI_P101",25
"45920",1764.69421118399,"NRI_P101",50
"45921",8963.00926118402,"NRI_P101",100
"45922",5500.72436118399,"NRI_P101",25
"45923",-6500.34276881599,"NRI_P101",50
"45924",5484.61980118399,"NRI_P101",100
"45925",-1841.25870881596,"NRI_P101",25
"45926",7092.48307118402,"NRI_P101",50
"45927",2215.12282118399,"NRI_P101",100
"45928",-2172.80962881597,"NRI_P101",25
"45929",1497.844041184,"NRI_P101",50
"45930",8183.07701118401,"NRI_P101",100
"45931",-376.443488815974,"NRI_P101",25
"45932",13593.663721184,"NRI_P101",50
"45933",-8710.57059881598,"NRI_P101",100
"45934",4386.40093118401,"NRI_P101",25
"45935",-3511.86165881599,"NRI_P101",50
"45936",19409.533241184,"NRI_P101",100
"45937",1162.91469118401,"NRI_P101",25
"45938",1597.45162118401,"NRI_P101",50
"45939",16886.667511184,"NRI_P101",100
"45940",-386.532518816006,"NRI_P101",25
"45941",-5630.370198816,"NRI_P101",50
"45942",5864.82264118403,"NRI_P101",100
"45943",4355.46408118401,"NRI_P101",25
"45944",12731.191451184,"NRI_P101",50
"45945",236.317661184003,"NRI_P101",100
"45946",1329.90662118403,"NRI_P101",25
"45947",5674.63805118401,"NRI_P101",50
"45948",5073.49899118399,"NRI_P101",100
"45949",-3159.32378881599,"NRI_P101",25
"45950",4879.70380118402,"NRI_P101",50
"45951",-5565.09247881599,"NRI_P101",100
"45952",4619.258601184,"NRI_P101",25
"45953",-4772.58569881599,"NRI_P101",50
"45954",34732.474351184,"NRI_P101",100
"45955",1753.76276118401,"NRI_P101",25
"45956",-10354.295048816,"NRI_P101",50
"45957",-4160.39384881599,"NRI_P101",100
"45958",-1756.12475881597,"NRI_P101",25
"45959",8421.20878118399,"NRI_P101",50
"45960",-7409.511258816,"NRI_P101",100
"45961",-1299.435778816,"NRI_P101",25
"45962",4950.797051184,"NRI_P101",50
"45963",-3363.27693881601,"NRI_P101",100
"45964",-2731.51039881597,"NRI_P101",25
"45965",-6253.63150881598,"NRI_P101",50
"45966",22434.978271184,"NRI_P101",100
"45967",493.728201184014,"NRI_P101",25
"45968",-4558.34594881599,"NRI_P101",50
"45969",-6179.89366881596,"NRI_P101",100
"45970",-4447.062498816,"NRI_P101",25
"45971",-240.914978815999,"NRI_P101",50
"45972",-8074.30010881601,"NRI_P101",100
"45973",-4114.72840881598,"NRI_P101",25
"45974",1906.180521184,"NRI_P101",50
"45975",10350.176111184,"NRI_P101",100
"45976",-1237.880578816,"NRI_P101",25
"45977",5955.55688118399,"NRI_P101",50
"45978",-6915.603678816,"NRI_P101",100
"45979",-6723.286828816,"NRI_P101",25
"45980",1508.43261118402,"NRI_P101",50
"45981",15404.695671184,"NRI_P101",100
"45982",331.453971184033,"NRI_P101",25
"45983",-2167.86868881597,"NRI_P101",50
"45984",-2846.64772881597,"NRI_P101",100
"45985",1448.84106118401,"NRI_P101",25
"45986",-1694.04332881595,"NRI_P101",50
"45987",-5721.56091881596,"NRI_P101",100
"45988",8101.72974118404,"NRI_P101",25
"45989",2769.18721118401,"NRI_P101",50
"45990",9725.76943118399,"NRI_P101",100
"45991",1259.98590118403,"NRI_P101",25
"45992",-3283.443278816,"NRI_P101",50
"45993",-311.171718815982,"NRI_P101",100
"45994",-625.107838816009,"NRI_P101",25
"45995",-7930.07533881598,"NRI_P101",50
"45996",-6600.258698816,"NRI_P101",100
"45997",-220.329808815964,"NRI_P101",25
"45998",11527.141401184,"NRI_P101",50
"45999",1417.88669118402,"NRI_P101",100
"46000",-1015.39045881596,"NRI_P101",25
"46001",-3190.424618816,"NRI_P101",50
"46002",-3044.998378816,"NRI_P101",100
"46003",557.444421184016,"NRI_P101",25
"46004",1559.02971118403,"NRI_P101",50
"46005",-4472.48734881601,"NRI_P101",100
"46006",-3353.172278816,"NRI_P101",25
"46007",-2965.43343881599,"NRI_P101",50
"46008",9550.78022118402,"NRI_P101",100
"46009",129.993371184042,"NRI_P101",25
"46010",-2689.41441881598,"NRI_P101",50
"46011",-8254.25625881599,"NRI_P101",100
"46012",-1563.82136881596,"NRI_P101",25
"46013",-239.887798815966,"NRI_P101",50
"46014",25640.159441184,"NRI_P101",100
"46015",948.652251184045,"NRI_P101",25
"46016",1063.68798118399,"NRI_P101",50
"46017",10000.876241184,"NRI_P101",100
"46018",7517.81869118405,"NRI_P101",25
"46019",-5444.89454881597,"NRI_P101",50
"46020",-6137.63855881599,"NRI_P101",100
"46021",-4571.49354881601,"NRI_P101",25
"46022",26538.926301184,"NRI_P101",50
"46023",-9970.47330881597,"NRI_P101",100
"46024",-3716.99924881599,"NRI_P101",25
"46025",309.031651184021,"NRI_P101",50
"46026",-8648.68706881598,"NRI_P101",100
"46027",-556.754638815997,"NRI_P101",25
"46028",-6276.668578816,"NRI_P101",50
"46029",5446.66100118402,"NRI_P101",100
"46030",2370.66538118402,"NRI_P101",25
"46031",-749.060658815957,"NRI_P101",50
"46032",-3922.59223881597,"NRI_P101",100
"46033",5126.73721118399,"NRI_P101",25
"46034",3987.51170118403,"NRI_P101",50
"46035",6113.605921184,"NRI_P101",100
"46036",8039.46705118404,"NRI_P101",25
"46037",-7372.16446881596,"NRI_P101",50
"46038",1426.29425118404,"NRI_P101",100
"46039",-994.794098815997,"NRI_P101",25
"46040",-3706.59735881595,"NRI_P101",50
"46041",4012.56718118401,"NRI_P101",100
"46042",-2860.70958881598,"NRI_P101",25
"46043",-6955.215798816,"NRI_P101",50
"46044",-5120.55465881596,"NRI_P101",100
"46045",-1334.09169881599,"NRI_P101",25
"46046",-4947.85254881601,"NRI_P101",50
"46047",3865.98749118403,"NRI_P101",100
"46048",341.338361183996,"NRI_P101",25
"46049",76.6490311840316,"NRI_P101",50
"46050",-2471.88938881597,"NRI_P101",100
"46051",-4825.49390881596,"NRI_P101",25
"46052",-5426.62481881597,"NRI_P101",50
"46053",2571.861241184,"NRI_P101",100
"46054",-1318.159008816,"NRI_P101",25
"46055",948.636971183994,"NRI_P101",50
"46056",-4821.29991881596,"NRI_P101",100
"46057",1989.660501184,"NRI_P101",25
"46058",-846.408668815973,"NRI_P101",50
"46059",11998.951871184,"NRI_P101",100
"46060",3510.099691184,"NRI_P101",25
"46061",-5336.74236881599,"NRI_P101",50
"46062",-5241.89853881596,"NRI_P101",100
"46063",-5029.756618816,"NRI_P101",25
"46064",3242.52228118404,"NRI_P101",50
"46065",4283.85366118402,"NRI_P101",100
"46066",-616.940838815994,"NRI_P101",25
"46067",-346.647598815965,"NRI_P101",50
"46068",1787.386161184,"NRI_P101",100
"46069",-5301.92113881599,"NRI_P101",25
"46070",3942.98292118404,"NRI_P101",50
"46071",-3620.76220881596,"NRI_P101",100
"46072",-2129.67456881597,"NRI_P101",25
"46073",13072.825151184,"NRI_P101",50
"46074",2258.30645118403,"NRI_P101",100
"46075",-11.2263588159694,"NRI_P101",25
"46076",-6152.97953881597,"NRI_P101",50
"46077",3371.333331184,"NRI_P101",100
"46078",-1104.11131881597,"NRI_P101",25
"46079",-2205.463008816,"NRI_P101",50
"46080",-6496.31003881601,"NRI_P101",100
"46081",-862.016428815958,"NRI_P101",25
"46082",137.239811184001,"NRI_P101",50
"46083",-4671.72388881596,"NRI_P101",100
"46084",-4057.66746881598,"NRI_P101",25
"46085",2039.27383118402,"NRI_P101",50
"46086",14135.455141184,"NRI_P101",100
"46087",-1625.97080881597,"NRI_P101",25
"46088",-1215.32981881598,"NRI_P101",50
"46089",4120.50449118402,"NRI_P101",100
"46090",-975.118548816012,"NRI_P101",25
"46091",-728.276308815985,"NRI_P101",50
"46092",-3221.64268881601,"NRI_P101",100
"46093",887.46955118404,"NRI_P101",25
"46094",733.277201184013,"NRI_P101",50
"46095",-5678.68627881596,"NRI_P101",100
"46096",-3987.915658816,"NRI_P101",25
"46097",16191.218461184,"NRI_P101",50
"46098",663.295461183996,"NRI_P101",100
"46099",21547.913211184,"NRI_P101",25
"46100",3321.41164118401,"NRI_P101",50
"46101",-10354.864078816,"NRI_P101",100
"46102",1820.63938118401,"NRI_P101",25
"46103",-4032.40472881601,"NRI_P101",50
"46104",-6482.217968816,"NRI_P101",100
"46105",-959.575608815998,"NRI_P101",25
"46106",-5202.51900881599,"NRI_P101",50
"46107",-5428.38049881597,"NRI_P101",100
"46108",3012.35093118402,"NRI_P101",25
"46109",265.732211183989,"NRI_P101",50
"46110",-9562.50384881598,"NRI_P101",100
"46111",1127.13778118399,"NRI_P101",25
"46112",3747.64751118404,"NRI_P101",50
"46113",10.9516211840091,"NRI_P101",100
"46114",1702.25578118401,"NRI_P101",25
"46115",370.495061183989,"NRI_P101",50
"46116",-1089.13095881598,"NRI_P101",100
"46117",-1821.36382881599,"NRI_P101",25
"46118",31205.457521184,"NRI_P101",50
"46119",-1883.88060881599,"NRI_P101",100
"46120",1203.09108118404,"NRI_P101",25
"46121",-602.032818815962,"NRI_P101",50
"46122",2439.34422118403,"NRI_P101",100
"46123",697.623481184011,"NRI_P101",25
"46124",4556.47238118399,"NRI_P101",50
"46125",-7712.40736881597,"NRI_P101",100
"46126",3209.50708118401,"NRI_P101",25
"46127",-619.908838815987,"NRI_P101",50
"46128",3939.83805118402,"NRI_P101",100
"46129",-3831.36907881597,"NRI_P101",25
"46130",-3010.14437881601,"NRI_P101",50
"46131",-3220.63157881598,"NRI_P101",100
"46132",-1583.492728816,"NRI_P101",25
"46133",105.507471184013,"NRI_P101",50
"46134",819.240231183998,"NRI_P101",100
"46135",-527.734098815999,"NRI_P101",25
"46136",28.151371184038,"NRI_P101",50
"46137",5836.87025118404,"NRI_P101",100
"46138",-1615.16378881596,"NRI_P101",25
"46139",-5238.37197881599,"NRI_P101",50
"46140",399.350931184017,"NRI_P101",100
"46141",4583.91393118404,"NRI_P101",25
"46142",9832.11369118403,"NRI_P101",50
"46143",-5062.64849881601,"NRI_P101",100
"46144",-8140.625778816,"NRI_P101",25
"46145",4095.680231184,"NRI_P101",50
"46146",4022.42815118399,"NRI_P101",100
"46147",-952.468758815958,"NRI_P101",25
"46148",-3640.910238816,"NRI_P101",50
"46149",-5078.94019881601,"NRI_P101",100
"46150",-361.912998815998,"NRI_P101",25
"46151",-6445.59155881597,"NRI_P101",50
"46152",5579.83910118404,"NRI_P101",100
"46153",1480.503081184,"NRI_P101",25
"46154",-4340.63245881599,"NRI_P101",50
"46155",-9348.60716881597,"NRI_P101",100
"46156",-268.169088815979,"NRI_P101",25
"46157",-131.434818815964,"NRI_P101",50
"46158",-1784.56217881601,"NRI_P101",100
"46159",-2282.81316881598,"NRI_P101",25
"46160",-5964.97989881597,"NRI_P101",50
"46161",-5717.44566881598,"NRI_P101",100
"46162",7308.492501184,"NRI_P101",25
"46163",11551.303041184,"NRI_P101",50
"46164",-129.355538815958,"NRI_P101",100
"46165",-8365.16495881596,"NRI_P101",25
"46166",-183.168168815959,"NRI_P101",50
"46167",-10068.026398816,"NRI_P101",100
"46168",29.6508311840007,"NRI_P101",25
"46169",4800.34201118402,"NRI_P101",50
"46170",-3020.08765881596,"NRI_P101",100
"46171",-56.0308288160013,"NRI_P101",25
"46172",-5152.40074881597,"NRI_P101",50
"46173",-3712.45037881599,"NRI_P101",100
"46174",-992.976568815997,"NRI_P101",25
"46175",6026.76197118399,"NRI_P101",50
"46176",7394.00849118404,"NRI_P101",100
"46177",-540.389828815998,"NRI_P101",25
"46178",-410.408368815959,"NRI_P101",50
"46179",-9065.51066881599,"NRI_P101",100
"46180",2265.08874118404,"NRI_P101",25
"46181",-681.534188815975,"NRI_P101",50
"46182",-3049.87338881596,"NRI_P101",100
"46183",2329.74800118402,"NRI_P101",25
"46184",-5694.08614881599,"NRI_P101",50
"46185",5031.43363118405,"NRI_P101",100
"46186",1548.91056118399,"NRI_P101",25
"46187",773.010361184017,"NRI_P101",50
"46188",-2029.751328816,"NRI_P101",100
"46189",-1906.02979881596,"NRI_P101",25
"46190",7455.22739118402,"NRI_P101",50
"46191",3342.76411118399,"NRI_P101",100
"46192",10704.632191184,"NRI_P101",25
"46193",-423.618418816011,"NRI_P101",50
"46194",-6058.10829881596,"NRI_P101",100
"46195",4835.20508118405,"NRI_P101",25
"46196",7758.23339118401,"NRI_P101",50
"46197",-3792.91369881597,"NRI_P101",100
"46198",14975.321661184,"NRI_P101",25
"46199",2072.20849118399,"NRI_P101",50
"46200",-3752.43133881601,"NRI_P101",100
"46201",-7440.85963694495,"NRI_P103",25
"46202",-35039.8354269449,"NRI_P103",50
"46203",-80226.466176945,"NRI_P103",100
"46204",-71541.342156945,"NRI_P103",25
"46205",-73145.139836945,"NRI_P103",50
"46206",-79064.055866945,"NRI_P103",100
"46207",-5119.616866945,"NRI_P103",25
"46208",-4296.16271694499,"NRI_P103",50
"46209",-67045.666606945,"NRI_P103",100
"46210",762.463153055054,"NRI_P103",25
"46211",11712.772113055,"NRI_P103",50
"46212",-60975.695026945,"NRI_P103",100
"46213",-66274.561646945,"NRI_P103",25
"46214",-68683.965856945,"NRI_P103",50
"46215",-83513.451486945,"NRI_P103",100
"46216",1719.31676305505,"NRI_P103",25
"46217",-10839.369316945,"NRI_P103",50
"46218",-82182.589916945,"NRI_P103",100
"46219",8817.55688305502,"NRI_P103",25
"46220",-73226.112316945,"NRI_P103",50
"46221",-67906.992666945,"NRI_P103",100
"46222",-65037.571146945,"NRI_P103",25
"46223",-58575.755866945,"NRI_P103",50
"46224",-58004.466306945,"NRI_P103",100
"46225",2948.15996305505,"NRI_P103",25
"46226",-72422.0398669449,"NRI_P103",50
"46227",-79562.680496945,"NRI_P103",100
"46228",-9104.73734694498,"NRI_P103",25
"46229",10102.578863055,"NRI_P103",50
"46230",-68380.065056945,"NRI_P103",100
"46231",-1388.30653694499,"NRI_P103",25
"46232",-6045.09404694499,"NRI_P103",50
"46233",-40758.543386945,"NRI_P103",100
"46234",3387.41448305501,"NRI_P103",25
"46235",-64750.045046945,"NRI_P103",50
"46236",-72215.378096945,"NRI_P103",100
"46237",-4326.94401694497,"NRI_P103",25
"46238",-67248.961066945,"NRI_P103",50
"46239",-30407.090056945,"NRI_P103",100
"46240",6232.54210305505,"NRI_P103",25
"46241",-8878.54384694499,"NRI_P103",50
"46242",-49662.7631269449,"NRI_P103",100
"46243",-2539.47142694495,"NRI_P103",25
"46244",-11265.874386945,"NRI_P103",50
"46245",-60042.663716945,"NRI_P103",100
"46246",-810.675176944991,"NRI_P103",25
"46247",-15156.533146945,"NRI_P103",50
"46248",-69181.7811369449,"NRI_P103",100
"46249",3156.08749305503,"NRI_P103",25
"46250",-57087.394166945,"NRI_P103",50
"46251",-71238.571566945,"NRI_P103",100
"46252",-13058.154746945,"NRI_P103",25
"46253",-67096.028626945,"NRI_P103",50
"46254",-59701.799976945,"NRI_P103",100
"46255",-5747.29426694498,"NRI_P103",25
"46256",-8179.59812694497,"NRI_P103",50
"46257",-62653.170756945,"NRI_P103",100
"46258",-3599.40514694498,"NRI_P103",25
"46259",-76022.146886945,"NRI_P103",50
"46260",-75780.929156945,"NRI_P103",100
"46261",-54289.233736945,"NRI_P103",25
"46262",-4289.03026694496,"NRI_P103",50
"46263",-68940.908346945,"NRI_P103",100
"46264",-58516.849466945,"NRI_P103",25
"46265",-77435.127796945,"NRI_P103",50
"46266",-69428.4624069449,"NRI_P103",100
"46267",-44811.829726945,"NRI_P103",25
"46268",-10767.3395469449,"NRI_P103",50
"46269",-72236.563076945,"NRI_P103",100
"46270",-12869.284646945,"NRI_P103",25
"46271",-9716.53048694495,"NRI_P103",50
"46272",-67317.048866945,"NRI_P103",100
"46273",-1998.661906945,"NRI_P103",25
"46274",-64660.920086945,"NRI_P103",50
"46275",-76868.452036945,"NRI_P103",100
"46276",1901.81075305503,"NRI_P103",25
"46277",2804.02063305501,"NRI_P103",50
"46278",-80111.888186945,"NRI_P103",100
"46279",-66176.713026945,"NRI_P103",25
"46280",-61209.560706945,"NRI_P103",50
"46281",-87051.362516945,"NRI_P103",100
"46282",-62978.351576945,"NRI_P103",25
"46283",-65391.658196945,"NRI_P103",50
"46284",-59370.198756945,"NRI_P103",100
"46285",-63126.7080569449,"NRI_P103",25
"46286",-63954.941406945,"NRI_P103",50
"46287",-39418.755526945,"NRI_P103",100
"46288",15340.634453055,"NRI_P103",25
"46289",-61996.717086945,"NRI_P103",50
"46290",-47198.250496945,"NRI_P103",100
"46291",441.654043055023,"NRI_P103",25
"46292",-26523.468466945,"NRI_P103",50
"46293",-71915.038896945,"NRI_P103",100
"46294",-63548.437076945,"NRI_P103",25
"46295",-18516.970116945,"NRI_P103",50
"46296",-73750.254446945,"NRI_P103",100
"46297",-1155.007246945,"NRI_P103",25
"46298",-66225.367996945,"NRI_P103",50
"46299",-71243.628666945,"NRI_P103",100
"46300",987.655403055018,"NRI_P103",25
"46301",-44918.034816945,"NRI_P103",50
"46302",-75959.2099069449,"NRI_P103",100
"46303",-65436.089916945,"NRI_P103",25
"46304",-70957.095776945,"NRI_P103",50
"46305",-59743.253836945,"NRI_P103",100
"46306",-53081.885136945,"NRI_P103",25
"46307",-50796.010816945,"NRI_P103",50
"46308",-51900.693836945,"NRI_P103",100
"46309",-66069.793946945,"NRI_P103",25
"46310",-6523.97512694495,"NRI_P103",50
"46311",-68039.564466945,"NRI_P103",100
"46312",-69204.489846945,"NRI_P103",25
"46313",-9903.78133694496,"NRI_P103",50
"46314",-64909.833806945,"NRI_P103",100
"46315",2055.809663055,"NRI_P103",25
"46316",-69606.969386945,"NRI_P103",50
"46317",-48427.182146945,"NRI_P103",100
"46318",-10066.176216945,"NRI_P103",25
"46319",4053.64505305502,"NRI_P103",50
"46320",-62071.574546945,"NRI_P103",100
"46321",-3811.98269694496,"NRI_P103",25
"46322",-62839.434926945,"NRI_P103",50
"46323",-78809.049286945,"NRI_P103",100
"46324",-5605.68866694497,"NRI_P103",25
"46325",-15459.0867569449,"NRI_P103",50
"46326",-43093.345836945,"NRI_P103",100
"46327",911.716153055022,"NRI_P103",25
"46328",-74486.429476945,"NRI_P103",50
"46329",-63937.746526945,"NRI_P103",100
"46330",-65527.073726945,"NRI_P103",25
"46331",-74256.405826945,"NRI_P103",50
"46332",-40161.119706945,"NRI_P103",100
"46333",-65237.476406945,"NRI_P103",25
"46334",-14886.712986945,"NRI_P103",50
"46335",-60116.961426945,"NRI_P103",100
"46336",-72.936616944964,"NRI_P103",25
"46337",-7656.510366945,"NRI_P103",50
"46338",-50541.991616945,"NRI_P103",100
"46339",-5246.90182694496,"NRI_P103",25
"46340",-4515.41682694497,"NRI_P103",50
"46341",-68510.130246945,"NRI_P103",100
"46342",4043.68007305503,"NRI_P103",25
"46343",7519.10851305502,"NRI_P103",50
"46344",-75658.550636945,"NRI_P103",100
"46345",-64609.645336945,"NRI_P103",25
"46346",-72526.330466945,"NRI_P103",50
"46347",-74875.954046945,"NRI_P103",100
"46348",530.742833055032,"NRI_P103",25
"46349",-70035.448866945,"NRI_P103",50
"46350",-79123.963786945,"NRI_P103",100
"46351",14482.054083055,"NRI_P103",25
"46352",-73425.156676945,"NRI_P103",50
"46353",-35751.398776945,"NRI_P103",100
"46354",-67655.274406945,"NRI_P103",25
"46355",-16731.192446945,"NRI_P103",50
"46356",-83703.471186945,"NRI_P103",100
"46357",-2619.64572694496,"NRI_P103",25
"46358",-64097.906946945,"NRI_P103",50
"46359",-79820.799296945,"NRI_P103",100
"46360",-40421.312526945,"NRI_P103",25
"46361",-63261.533156945,"NRI_P103",50
"46362",-50768.146646945,"NRI_P103",100
"46363",5995.18323305505,"NRI_P103",25
"46364",-65491.003346945,"NRI_P103",50
"46365",-61518.480186945,"NRI_P103",100
"46366",-4860.80620694498,"NRI_P103",25
"46367",-63580.3738169449,"NRI_P103",50
"46368",-82638.858836945,"NRI_P103",100
"46369",-60825.939846945,"NRI_P103",25
"46370",7393.22450305504,"NRI_P103",50
"46371",-68712.740006945,"NRI_P103",100
"46372",-11141.873996945,"NRI_P103",25
"46373",-74635.106396945,"NRI_P103",50
"46374",-77907.532906945,"NRI_P103",100
"46375",-2515.40794694499,"NRI_P103",25
"46376",-12520.978406945,"NRI_P103",50
"46377",-83396.280016945,"NRI_P103",100
"46378",-72424.411266945,"NRI_P103",25
"46379",-74039.277506945,"NRI_P103",50
"46380",-45974.316906945,"NRI_P103",100
"46381",-6670.34867694497,"NRI_P103",25
"46382",-2456.60017694498,"NRI_P103",50
"46383",-79610.244046945,"NRI_P103",100
"46384",10018.709083055,"NRI_P103",25
"46385",-68122.529796945,"NRI_P103",50
"46386",-59004.233756945,"NRI_P103",100
"46387",-3360.56531694497,"NRI_P103",25
"46388",-7457.86902694497,"NRI_P103",50
"46389",-76703.453526945,"NRI_P103",100
"46390",-61758.517096945,"NRI_P103",25
"46391",-68132.314646945,"NRI_P103",50
"46392",-77507.889686945,"NRI_P103",100
"46393",-2042.73939694499,"NRI_P103",25
"46394",-2604.47762694495,"NRI_P103",50
"46395",-64611.172086945,"NRI_P103",100
"46396",8454.39889305504,"NRI_P103",25
"46397",-2086.80437694496,"NRI_P103",50
"46398",-66304.844546945,"NRI_P103",100
"46399",-2558.14202694496,"NRI_P103",25
"46400",-7490.709416945,"NRI_P103",50
"46401",-83596.399816945,"NRI_P103",100
"46402",-60846.326466945,"NRI_P103",25
"46403",-53687.2004969449,"NRI_P103",50
"46404",-38367.581766945,"NRI_P103",100
"46405",-6196.65487694496,"NRI_P103",25
"46406",-67278.412976945,"NRI_P103",50
"46407",-69059.031436945,"NRI_P103",100
"46408",-61881.744216945,"NRI_P103",25
"46409",-64945.011816945,"NRI_P103",50
"46410",-67594.567336945,"NRI_P103",100
"46411",14660.087453055,"NRI_P103",25
"46412",-16129.074236945,"NRI_P103",50
"46413",-73619.415746945,"NRI_P103",100
"46414",-71482.222246945,"NRI_P103",25
"46415",1815.127583055,"NRI_P103",50
"46416",-73491.000246945,"NRI_P103",100
"46417",24117.260273055,"NRI_P103",25
"46418",-61604.020156945,"NRI_P103",50
"46419",-65462.041146945,"NRI_P103",100
"46420",-682.590856944968,"NRI_P103",25
"46421",-62498.171586945,"NRI_P103",50
"46422",-83973.090886945,"NRI_P103",100
"46423",-60229.270566945,"NRI_P103",25
"46424",-67752.046426945,"NRI_P103",50
"46425",-69969.682416945,"NRI_P103",100
"46426",1663.85537305503,"NRI_P103",25
"46427",-5927.01187694498,"NRI_P103",50
"46428",-85656.676826945,"NRI_P103",100
"46429",4385.173633055,"NRI_P103",25
"46430",-10597.780466945,"NRI_P103",50
"46431",-73814.0508669449,"NRI_P103",100
"46432",4964.95985305501,"NRI_P103",25
"46433",-3115.83348694496,"NRI_P103",50
"46434",-72619.914686945,"NRI_P103",100
"46435",-1271.881016945,"NRI_P103",25
"46436",-73666.427216945,"NRI_P103",50
"46437",-82801.692366945,"NRI_P103",100
"46438",-3881.80762694497,"NRI_P103",25
"46439",-4860.37229694496,"NRI_P103",50
"46440",-69430.411486945,"NRI_P103",100
"46441",-1446.66313694499,"NRI_P103",25
"46442",-54378.981026945,"NRI_P103",50
"46443",-77517.017626945,"NRI_P103",100
"46444",3348.99775305501,"NRI_P103",25
"46445",-293.298346944968,"NRI_P103",50
"46446",-70080.117296945,"NRI_P103",100
"46447",2690.86117305502,"NRI_P103",25
"46448",-60502.592986945,"NRI_P103",50
"46449",-68656.0077069449,"NRI_P103",100
"46450",-6616.64189694496,"NRI_P103",25
"46451",-40160.245556945,"NRI_P103",50
"46452",-41141.889136945,"NRI_P103",100
"46453",-3512.43193694495,"NRI_P103",25
"46454",-75404.5703369449,"NRI_P103",50
"46455",-77094.791346945,"NRI_P103",100
"46456",-65138.126626945,"NRI_P103",25
"46457",-11698.449256945,"NRI_P103",50
"46458",-80580.126316945,"NRI_P103",100
"46459",-5506.02194694499,"NRI_P103",25
"46460",-16239.600426945,"NRI_P103",50
"46461",-84302.373416945,"NRI_P103",100
"46462",-10638.380736945,"NRI_P103",25
"46463",-19489.827676945,"NRI_P103",50
"46464",-76244.367326945,"NRI_P103",100
"46465",-60863.498586945,"NRI_P103",25
"46466",-64710.217496945,"NRI_P103",50
"46467",-81954.565706945,"NRI_P103",100
"46468",-8802.65563694498,"NRI_P103",25
"46469",-54028.611056945,"NRI_P103",50
"46470",-67734.776936945,"NRI_P103",100
"46471",-5092.75796694495,"NRI_P103",25
"46472",-59385.578196945,"NRI_P103",50
"46473",-63357.740326945,"NRI_P103",100
"46474",-6278.67303694499,"NRI_P103",25
"46475",-73446.212176945,"NRI_P103",50
"46476",-77998.561436945,"NRI_P103",100
"46477",13174.547303055,"NRI_P103",25
"46478",-72080.174566945,"NRI_P103",50
"46479",-57380.675676945,"NRI_P103",100
"46480",-65168.973726945,"NRI_P103",25
"46481",-353.797166944947,"NRI_P103",50
"46482",-83888.711116945,"NRI_P103",100
"46483",-6836.816376945,"NRI_P103",25
"46484",-10722.259536945,"NRI_P103",50
"46485",-70252.052046945,"NRI_P103",100
"46486",-5356.22642694495,"NRI_P103",25
"46487",10921.852183055,"NRI_P103",50
"46488",-85681.184856945,"NRI_P103",100
"46489",-4884.45366694499,"NRI_P103",25
"46490",-61877.961266945,"NRI_P103",50
"46491",-83599.572696945,"NRI_P103",100
"46492",-54584.596196945,"NRI_P103",25
"46493",-44617.850696945,"NRI_P103",50
"46494",-42192.895456945,"NRI_P103",100
"46495",959.065833055007,"NRI_P103",25
"46496",-61519.060116945,"NRI_P103",50
"46497",-68892.693136945,"NRI_P103",100
"46498",-54294.429546945,"NRI_P103",25
"46499",5518.89084305504,"NRI_P103",50
"46500",-57412.263776945,"NRI_P103",100
"46501",-8928.36802162102,"NRI_P104",25
"46502",18913.415068379,"NRI_P104",50
"46503",-5358.48677162098,"NRI_P104",100
"46504",-1893.93530162098,"NRI_P104",25
"46505",-7217.38762162102,"NRI_P104",50
"46506",-5637.407991621,"NRI_P104",100
"46507",4974.62117837899,"NRI_P104",25
"46508",-10887.685491621,"NRI_P104",50
"46509",-4181.68719162099,"NRI_P104",100
"46510",1556.16512837901,"NRI_P104",25
"46511",-2783.35377162101,"NRI_P104",50
"46512",-5126.86881162098,"NRI_P104",100
"46513",2987.77627837902,"NRI_P104",25
"46514",3690.08920837898,"NRI_P104",50
"46515",-13940.764131621,"NRI_P104",100
"46516",3998.60147837899,"NRI_P104",25
"46517",689.853328378987,"NRI_P104",50
"46518",-5705.97466162097,"NRI_P104",100
"46519",183.19626837899,"NRI_P104",25
"46520",5023.48347837903,"NRI_P104",50
"46521",-2306.75131162099,"NRI_P104",100
"46522",-13022.831421621,"NRI_P104",25
"46523",-5900.38606162101,"NRI_P104",50
"46524",-10189.976751621,"NRI_P104",100
"46525",-829.429631620995,"NRI_P104",25
"46526",369.577898379008,"NRI_P104",50
"46527",7681.077698379,"NRI_P104",100
"46528",-2679.92648162099,"NRI_P104",25
"46529",265.728178379009,"NRI_P104",50
"46530",-4275.77392162097,"NRI_P104",100
"46531",12520.263978379,"NRI_P104",25
"46532",-11938.209181621,"NRI_P104",50
"46533",-8857.32614162099,"NRI_P104",100
"46534",2167.20572837902,"NRI_P104",25
"46535",5280.08407837898,"NRI_P104",50
"46536",-10719.368941621,"NRI_P104",100
"46537",-8751.14732162101,"NRI_P104",25
"46538",-1028.25945162098,"NRI_P104",50
"46539",-7356.42290162097,"NRI_P104",100
"46540",771.602368379012,"NRI_P104",25
"46541",-8886.31231162098,"NRI_P104",50
"46542",-4078.43938162102,"NRI_P104",100
"46543",2689.16517837899,"NRI_P104",25
"46544",-2689.553821621,"NRI_P104",50
"46545",-6273.41630162101,"NRI_P104",100
"46546",2072.75159837899,"NRI_P104",25
"46547",5661.06689837901,"NRI_P104",50
"46548",9363.25149837899,"NRI_P104",100
"46549",-14842.460571621,"NRI_P104",25
"46550",6593.71067837899,"NRI_P104",50
"46551",-346.379751620989,"NRI_P104",100
"46552",-14707.944561621,"NRI_P104",25
"46553",-1178.62796162098,"NRI_P104",50
"46554",-6547.18276162102,"NRI_P104",100
"46555",-6301.853991621,"NRI_P104",25
"46556",-11754.482771621,"NRI_P104",50
"46557",-11459.763861621,"NRI_P104",100
"46558",1738.32618837903,"NRI_P104",25
"46559",4373.42497837899,"NRI_P104",50
"46560",-10760.975491621,"NRI_P104",100
"46561",5125.372968379,"NRI_P104",25
"46562",-14549.867791621,"NRI_P104",50
"46563",-7365.04631162097,"NRI_P104",100
"46564",-12264.647521621,"NRI_P104",25
"46565",-12670.223031621,"NRI_P104",50
"46566",-6201.11630162102,"NRI_P104",100
"46567",1918.64556837903,"NRI_P104",25
"46568",-9441.80449162098,"NRI_P104",50
"46569",-5652.63013162097,"NRI_P104",100
"46570",-1969.85402162099,"NRI_P104",25
"46571",2661.22266837902,"NRI_P104",50
"46572",-1599.32565162098,"NRI_P104",100
"46573",-733.962121621007,"NRI_P104",25
"46574",-3642.18208162102,"NRI_P104",50
"46575",-11280.276401621,"NRI_P104",100
"46576",-10501.252021621,"NRI_P104",25
"46577",19550.175008379,"NRI_P104",50
"46578",9836.07647837902,"NRI_P104",100
"46579",-10264.352081621,"NRI_P104",25
"46580",-7986.35953162098,"NRI_P104",50
"46581",-8314.26314162102,"NRI_P104",100
"46582",1777.77417837898,"NRI_P104",25
"46583",1104.99551837903,"NRI_P104",50
"46584",-10099.323661621,"NRI_P104",100
"46585",1457.66526837903,"NRI_P104",25
"46586",-2765.28024162102,"NRI_P104",50
"46587",-7773.58046162099,"NRI_P104",100
"46588",2951.87697837898,"NRI_P104",25
"46589",2245.181928379,"NRI_P104",50
"46590",-6049.693131621,"NRI_P104",100
"46591",-8959.965231621,"NRI_P104",25
"46592",-10151.088641621,"NRI_P104",50
"46593",-7713.61902162101,"NRI_P104",100
"46594",538.260368379008,"NRI_P104",25
"46595",-3457.78331162099,"NRI_P104",50
"46596",4958.18225837901,"NRI_P104",100
"46597",8491.18246837897,"NRI_P104",25
"46598",-8588.12403162097,"NRI_P104",50
"46599",-1835.145331621,"NRI_P104",100
"46600",3182.72147837898,"NRI_P104",25
"46601",6173.54293837899,"NRI_P104",50
"46602",-44.7431916209753,"NRI_P104",100
"46603",3667.74044837902,"NRI_P104",25
"46604",12472.556448379,"NRI_P104",50
"46605",-8979.48233162099,"NRI_P104",100
"46606",-3208.13974162098,"NRI_P104",25
"46607",-7758.38013162097,"NRI_P104",50
"46608",-6284.43538162101,"NRI_P104",100
"46609",-6006.417531621,"NRI_P104",25
"46610",-1583.02959162102,"NRI_P104",50
"46611",-6145.985871621,"NRI_P104",100
"46612",3899.68661837903,"NRI_P104",25
"46613",-13821.460691621,"NRI_P104",50
"46614",3324.53526837903,"NRI_P104",100
"46615",-4645.69032162102,"NRI_P104",25
"46616",-6968.88110162102,"NRI_P104",50
"46617",-7918.856261621,"NRI_P104",100
"46618",-394.357531621004,"NRI_P104",25
"46619",-8362.57440162101,"NRI_P104",50
"46620",1939.315268379,"NRI_P104",100
"46621",-1223.23424162099,"NRI_P104",25
"46622",4130.48216837901,"NRI_P104",50
"46623",-8236.17196162097,"NRI_P104",100
"46624",-13884.184321621,"NRI_P104",25
"46625",2810.52558837901,"NRI_P104",50
"46626",3197.22085837898,"NRI_P104",100
"46627",-1393.93375162099,"NRI_P104",25
"46628",-9134.72442162101,"NRI_P104",50
"46629",-7794.741451621,"NRI_P104",100
"46630",-3306.14762162097,"NRI_P104",25
"46631",-535.269561621011,"NRI_P104",50
"46632",-6180.52743162098,"NRI_P104",100
"46633",-2616.776821621,"NRI_P104",25
"46634",-10442.677041621,"NRI_P104",50
"46635",4224.08636837901,"NRI_P104",100
"46636",-813.237421620986,"NRI_P104",25
"46637",-14623.294131621,"NRI_P104",50
"46638",-7629.77723162097,"NRI_P104",100
"46639",-2206.07372162101,"NRI_P104",25
"46640",-4079.140011621,"NRI_P104",50
"46641",-9689.34862162097,"NRI_P104",100
"46642",-318.011281621002,"NRI_P104",25
"46643",-410.534951620968,"NRI_P104",50
"46644",-8635.30070162099,"NRI_P104",100
"46645",1400.54437837901,"NRI_P104",25
"46646",-824.057141621015,"NRI_P104",50
"46647",5041.482068379,"NRI_P104",100
"46648",1815.611478379,"NRI_P104",25
"46649",-8709.96898162097,"NRI_P104",50
"46650",8486.87173837901,"NRI_P104",100
"46651",7826.82689837902,"NRI_P104",25
"46652",-6238.56267162098,"NRI_P104",50
"46653",-4110.70726162102,"NRI_P104",100
"46654",614.899678379006,"NRI_P104",25
"46655",729.806398378976,"NRI_P104",50
"46656",10793.686458379,"NRI_P104",100
"46657",-14.5408216210199,"NRI_P104",25
"46658",-13335.137091621,"NRI_P104",50
"46659",-12137.987921621,"NRI_P104",100
"46660",4591.88286837901,"NRI_P104",25
"46661",7054.09949837899,"NRI_P104",50
"46662",-6795.94552162098,"NRI_P104",100
"46663",-342.555621621024,"NRI_P104",25
"46664",-5613.62458162097,"NRI_P104",50
"46665",-9319.05474162102,"NRI_P104",100
"46666",5870.857978379,"NRI_P104",25
"46667",-8978.23932162102,"NRI_P104",50
"46668",-9531.36043162103,"NRI_P104",100
"46669",1046.27467837901,"NRI_P104",25
"46670",1703.50287837902,"NRI_P104",50
"46671",-8462.80183162098,"NRI_P104",100
"46672",-1541.23163162102,"NRI_P104",25
"46673",2944.13326837902,"NRI_P104",50
"46674",-13672.593111621,"NRI_P104",100
"46675",-2186.56198162102,"NRI_P104",25
"46676",-2613.77039162099,"NRI_P104",50
"46677",-340.348731620994,"NRI_P104",100
"46678",-13886.017931621,"NRI_P104",25
"46679",-4023.595131621,"NRI_P104",50
"46680",5685.25466837903,"NRI_P104",100
"46681",-13220.553431621,"NRI_P104",25
"46682",6103.32286837901,"NRI_P104",50
"46683",-11249.000031621,"NRI_P104",100
"46684",917.367488379008,"NRI_P104",25
"46685",-13475.040421621,"NRI_P104",50
"46686",-12346.802461621,"NRI_P104",100
"46687",3028.55987837899,"NRI_P104",25
"46688",-3348.92114162102,"NRI_P104",50
"46689",-5003.65723162098,"NRI_P104",100
"46690",-6152.72322162101,"NRI_P104",25
"46691",-8210.15156162099,"NRI_P104",50
"46692",-6597.71937162097,"NRI_P104",100
"46693",-10600.652821621,"NRI_P104",25
"46694",-12.7103716210113,"NRI_P104",50
"46695",-5525.86122162099,"NRI_P104",100
"46696",-470.877731620974,"NRI_P104",25
"46697",845.166478378989,"NRI_P104",50
"46698",-13282.166421621,"NRI_P104",100
"46699",1847.22507837898,"NRI_P104",25
"46700",-630.427591621003,"NRI_P104",50
"46701",1381.95806837903,"NRI_P104",100
"46702",-244.664921620977,"NRI_P104",25
"46703",-12380.066301621,"NRI_P104",50
"46704",-36.1345316210063,"NRI_P104",100
"46705",-566.331361620978,"NRI_P104",25
"46706",3018.77197837899,"NRI_P104",50
"46707",-5997.88942162099,"NRI_P104",100
"46708",-2936.37462162098,"NRI_P104",25
"46709",-7423.84793162101,"NRI_P104",50
"46710",-11456.039001621,"NRI_P104",100
"46711",14015.175658379,"NRI_P104",25
"46712",-12370.342251621,"NRI_P104",50
"46713",-12369.864141621,"NRI_P104",100
"46714",-6556.54732162098,"NRI_P104",25
"46715",6013.58619837899,"NRI_P104",50
"46716",243.792018379027,"NRI_P104",100
"46717",492.178778378991,"NRI_P104",25
"46718",-10486.651681621,"NRI_P104",50
"46719",-7655.13690162101,"NRI_P104",100
"46720",1254.354148379,"NRI_P104",25
"46721",-5154.08275162103,"NRI_P104",50
"46722",-8299.01205162099,"NRI_P104",100
"46723",2070.05747837899,"NRI_P104",25
"46724",-13792.766411621,"NRI_P104",50
"46725",3082.46737837902,"NRI_P104",100
"46726",-1808.99320162099,"NRI_P104",25
"46727",-9450.16763162101,"NRI_P104",50
"46728",3884.11938837898,"NRI_P104",100
"46729",10278.117548379,"NRI_P104",25
"46730",462.904048378987,"NRI_P104",50
"46731",-6316.15031162102,"NRI_P104",100
"46732",-12128.133421621,"NRI_P104",25
"46733",-773.857611620973,"NRI_P104",50
"46734",-11575.630741621,"NRI_P104",100
"46735",-13662.109221621,"NRI_P104",25
"46736",-1099.80501162098,"NRI_P104",50
"46737",-10242.603381621,"NRI_P104",100
"46738",-9270.63612162101,"NRI_P104",25
"46739",-61.5317116209771,"NRI_P104",50
"46740",962.263248378993,"NRI_P104",100
"46741",-11370.339521621,"NRI_P104",25
"46742",-10758.136801621,"NRI_P104",50
"46743",-11834.004331621,"NRI_P104",100
"46744",-2606.76350162103,"NRI_P104",25
"46745",1330.10734837898,"NRI_P104",50
"46746",-4527.16843162099,"NRI_P104",100
"46747",2813.607328379,"NRI_P104",25
"46748",-14284.234271621,"NRI_P104",50
"46749",-10174.759021621,"NRI_P104",100
"46750",-2623.37313162099,"NRI_P104",25
"46751",7016.16037837899,"NRI_P104",50
"46752",-10668.441581621,"NRI_P104",100
"46753",-14262.295321621,"NRI_P104",25
"46754",-9025.588221621,"NRI_P104",50
"46755",-10918.201211621,"NRI_P104",100
"46756",7553.740278379,"NRI_P104",25
"46757",-1280.51963162102,"NRI_P104",50
"46758",18023.487188379,"NRI_P104",100
"46759",-615.087831621,"NRI_P104",25
"46760",-12491.157121621,"NRI_P104",50
"46761",6332.74038837902,"NRI_P104",100
"46762",5061.13077837898,"NRI_P104",25
"46763",-4782.74636162102,"NRI_P104",50
"46764",681.122068379016,"NRI_P104",100
"46765",-2862.42793162097,"NRI_P104",25
"46766",-12159.735411621,"NRI_P104",50
"46767",20936.309068379,"NRI_P104",100
"46768",-13404.636571621,"NRI_P104",25
"46769",-10488.307521621,"NRI_P104",50
"46770",-2484.07069162099,"NRI_P104",100
"46771",-160.181531620969,"NRI_P104",25
"46772",-1093.23121162102,"NRI_P104",50
"46773",-6583.78486162098,"NRI_P104",100
"46774",7601.21017837903,"NRI_P104",25
"46775",-2414.921811621,"NRI_P104",50
"46776",-6679.02788162098,"NRI_P104",100
"46777",1888.11377837899,"NRI_P104",25
"46778",4044.22136837902,"NRI_P104",50
"46779",-7082.13624162099,"NRI_P104",100
"46780",2608.04357837903,"NRI_P104",25
"46781",-6465.98627162102,"NRI_P104",50
"46782",-11938.200971621,"NRI_P104",100
"46783",4364.42977837898,"NRI_P104",25
"46784",10765.567898379,"NRI_P104",50
"46785",-10496.390991621,"NRI_P104",100
"46786",7174.92606837902,"NRI_P104",25
"46787",-10226.266701621,"NRI_P104",50
"46788",5375.64864837902,"NRI_P104",100
"46789",3397.19067837897,"NRI_P104",25
"46790",3771.72539837903,"NRI_P104",50
"46791",-15056.871081621,"NRI_P104",100
"46792",-10623.974921621,"NRI_P104",25
"46793",-2129.68601162097,"NRI_P104",50
"46794",-8976.45153162099,"NRI_P104",100
"46795",-11507.602031621,"NRI_P104",25
"46796",-2292.80962162098,"NRI_P104",50
"46797",781.746568378992,"NRI_P104",100
"46798",-312.754821620998,"NRI_P104",25
"46799",-6371.42018162098,"NRI_P104",50
"46800",-7180.346431621,"NRI_P104",100
"46801",-56.8774211279815,"NRI_P105",25
"46802",2539.58438887197,"NRI_P105",50
"46803",-4027.605171128,"NRI_P105",100
"46804",-22.0674811280333,"NRI_P105",25
"46805",-2957.16302112798,"NRI_P105",50
"46806",-5825.20400112803,"NRI_P105",100
"46807",779.413188871986,"NRI_P105",25
"46808",-1978.925621128,"NRI_P105",50
"46809",1316.167968872,"NRI_P105",100
"46810",-557.87961112801,"NRI_P105",25
"46811",2048.36428887199,"NRI_P105",50
"46812",1398.72375887202,"NRI_P105",100
"46813",-74.0983911280055,"NRI_P105",25
"46814",-27.8110111280112,"NRI_P105",50
"46815",-4633.52841112803,"NRI_P105",100
"46816",-633.699311128003,"NRI_P105",25
"46817",-6315.31875112798,"NRI_P105",50
"46818",-6637.17376112798,"NRI_P105",100
"46819",-709.949411128007,"NRI_P105",25
"46820",1495.85038887197,"NRI_P105",50
"46821",-160.741661128006,"NRI_P105",100
"46822",-685.498511128011,"NRI_P105",25
"46823",700.720788871986,"NRI_P105",50
"46824",10279.681518872,"NRI_P105",100
"46825",-3024.81011112803,"NRI_P105",25
"46826",3237.88468887197,"NRI_P105",50
"46827",-1443.19913112803,"NRI_P105",100
"46828",-3107.83274112799,"NRI_P105",25
"46829",-2526.230171128,"NRI_P105",50
"46830",-2952.94235112803,"NRI_P105",100
"46831",-3100.28163112799,"NRI_P105",25
"46832",-3785.05342112802,"NRI_P105",50
"46833",9165.44338887196,"NRI_P105",100
"46834",-40.0744011279894,"NRI_P105",25
"46835",-6231.25393112801,"NRI_P105",50
"46836",7790.914818872,"NRI_P105",100
"46837",5634.79978887201,"NRI_P105",25
"46838",4978.03138887201,"NRI_P105",50
"46839",-651.877561128,"NRI_P105",100
"46840",-2075.69541112799,"NRI_P105",25
"46841",-6115.13450112799,"NRI_P105",50
"46842",-2357.29800112802,"NRI_P105",100
"46843",-3112.500681128,"NRI_P105",25
"46844",645.690388871997,"NRI_P105",50
"46845",8486.52204887196,"NRI_P105",100
"46846",-36.5705911280238,"NRI_P105",25
"46847",1774.86388887197,"NRI_P105",50
"46848",1835.68439887202,"NRI_P105",100
"46849",-759.934631127981,"NRI_P105",25
"46850",-3232.221211128,"NRI_P105",50
"46851",6330.95902887202,"NRI_P105",100
"46852",522.738588872016,"NRI_P105",25
"46853",-3263.18375112803,"NRI_P105",50
"46854",8615.31465887197,"NRI_P105",100
"46855",-3082.79631112801,"NRI_P105",25
"46856",-3432.30141112802,"NRI_P105",50
"46857",-3031.097511128,"NRI_P105",100
"46858",-7.07121112802997,"NRI_P105",25
"46859",-3049.85639112804,"NRI_P105",50
"46860",-3921.24536112801,"NRI_P105",100
"46861",-2680.998211128,"NRI_P105",25
"46862",-3281.54102112801,"NRI_P105",50
"46863",4536.70378887199,"NRI_P105",100
"46864",-3126.63721112802,"NRI_P105",25
"46865",-4724.51324112801,"NRI_P105",50
"46866",123.151818872022,"NRI_P105",100
"46867",-2945.93991112802,"NRI_P105",25
"46868",852.401568871981,"NRI_P105",50
"46869",-3709.487181128,"NRI_P105",100
"46870",4982.63918887201,"NRI_P105",25
"46871",-2603.965111128,"NRI_P105",50
"46872",-6127.80477112799,"NRI_P105",100
"46873",-3151.60291112802,"NRI_P105",25
"46874",-744.865441128029,"NRI_P105",50
"46875",2871.42625887197,"NRI_P105",100
"46876",-2457.12911112799,"NRI_P105",25
"46877",-2347.12761112803,"NRI_P105",50
"46878",-5946.164781128,"NRI_P105",100
"46879",-3133.11821112799,"NRI_P105",25
"46880",-1887.06771112798,"NRI_P105",50
"46881",-1730.61946112802,"NRI_P105",100
"46882",-762.068551128032,"NRI_P105",25
"46883",-2333.67837112799,"NRI_P105",50
"46884",-5094.38927112799,"NRI_P105",100
"46885",47.4410888719722,"NRI_P105",25
"46886",5115.24825887202,"NRI_P105",50
"46887",-6713.97599112801,"NRI_P105",100
"46888",280.691288871982,"NRI_P105",25
"46889",-2293.19201112801,"NRI_P105",50
"46890",-6541.97570112802,"NRI_P105",100
"46891",-3077.03997112799,"NRI_P105",25
"46892",847.720578872017,"NRI_P105",50
"46893",4755.412838872,"NRI_P105",100
"46894",-623.779011128005,"NRI_P105",25
"46895",-3170.485721128,"NRI_P105",50
"46896",3237.10434887197,"NRI_P105",100
"46897",6712.66418887198,"NRI_P105",25
"46898",-5289.453011128,"NRI_P105",50
"46899",-5769.22675112798,"NRI_P105",100
"46900",2.30290887202136,"NRI_P105",25
"46901",3218.91938887199,"NRI_P105",50
"46902",8778.824768872,"NRI_P105",100
"46903",-2036.895411128,"NRI_P105",25
"46904",-1999.18861112802,"NRI_P105",50
"46905",-6044.28940112802,"NRI_P105",100
"46906",3174.26258887199,"NRI_P105",25
"46907",-1931.55181112798,"NRI_P105",50
"46908",-5479.890281128,"NRI_P105",100
"46909",54.8755888720043,"NRI_P105",25
"46910",-2008.04421112803,"NRI_P105",50
"46911",-6467.526151128,"NRI_P105",100
"46912",-1176.24241112801,"NRI_P105",25
"46913",-2882.35564112803,"NRI_P105",50
"46914",976.487828871992,"NRI_P105",100
"46915",-3031.68161112804,"NRI_P105",25
"46916",516.928328872018,"NRI_P105",50
"46917",-5078.85781112802,"NRI_P105",100
"46918",3.15898887201911,"NRI_P105",25
"46919",-3883.62752112799,"NRI_P105",50
"46920",-3683.94805112801,"NRI_P105",100
"46921",-156.520411128004,"NRI_P105",25
"46922",543.862928871997,"NRI_P105",50
"46923",-5637.600691128,"NRI_P105",100
"46924",-2867.72171112802,"NRI_P105",25
"46925",-2721.44001112803,"NRI_P105",50
"46926",-6558.854911128,"NRI_P105",100
"46927",-3029.25001112802,"NRI_P105",25
"46928",89.6198888719664,"NRI_P105",50
"46929",-4377.13273112802,"NRI_P105",100
"46930",-44.0425411280012,"NRI_P105",25
"46931",1241.12688887201,"NRI_P105",50
"46932",-7039.49957112799,"NRI_P105",100
"46933",33.2296888720011,"NRI_P105",25
"46934",-4725.32591112802,"NRI_P105",50
"46935",-6780.89551112801,"NRI_P105",100
"46936",-262.944111127988,"NRI_P105",25
"46937",-415.669301128015,"NRI_P105",50
"46938",339.830098872015,"NRI_P105",100
"46939",-3212.541631128,"NRI_P105",25
"46940",4343.30138887197,"NRI_P105",50
"46941",-3510.55029112799,"NRI_P105",100
"46942",-3213.12959112803,"NRI_P105",25
"46943",-1086.76189112803,"NRI_P105",50
"46944",-5868.21851112798,"NRI_P105",100
"46945",-36.5705911280238,"NRI_P105",25
"46946",707.600988872,"NRI_P105",50
"46947",7091.37471887202,"NRI_P105",100
"46948",-3018.71571112802,"NRI_P105",25
"46949",7608.702788872,"NRI_P105",50
"46950",339.714758871996,"NRI_P105",100
"46951",-663.903811127995,"NRI_P105",25
"46952",-3765.216281128,"NRI_P105",50
"46953",-6501.77922112803,"NRI_P105",100
"46954",-757.798531128035,"NRI_P105",25
"46955",-6266.14199112798,"NRI_P105",50
"46956",73.0054488719907,"NRI_P105",100
"46957",-748.86538112798,"NRI_P105",25
"46958",2109.67858887202,"NRI_P105",50
"46959",3284.45858887199,"NRI_P105",100
"46960",1276.369388872,"NRI_P105",25
"46961",-2967.37487112801,"NRI_P105",50
"46962",-276.917011127982,"NRI_P105",100
"46963",-70.1283411280019,"NRI_P105",25
"46964",117.901848872018,"NRI_P105",50
"46965",-4959.11293112801,"NRI_P105",100
"46966",-3084.31621112803,"NRI_P105",25
"46967",-3366.761811128,"NRI_P105",50
"46968",1469.65107887198,"NRI_P105",100
"46969",-2575.61441112799,"NRI_P105",25
"46970",-3676.71293112799,"NRI_P105",50
"46971",-787.782941128011,"NRI_P105",100
"46972",1243.92218887201,"NRI_P105",25
"46973",-1853.736011128,"NRI_P105",50
"46974",-3204.59691112803,"NRI_P105",100
"46975",-3211.75975112803,"NRI_P105",25
"46976",549.286988871987,"NRI_P105",50
"46977",-6444.69865112798,"NRI_P105",100
"46978",-14.1437111279811,"NRI_P105",25
"46979",-2925.42820112803,"NRI_P105",50
"46980",3206.26987887197,"NRI_P105",100
"46981",-3081.63011112803,"NRI_P105",25
"46982",4037.94422887202,"NRI_P105",50
"46983",12719.800818872,"NRI_P105",100
"46984",1678.65718887199,"NRI_P105",25
"46985",-747.723411127983,"NRI_P105",50
"46986",-7014.26062112802,"NRI_P105",100
"46987",-3108.76203112799,"NRI_P105",25
"46988",-3077.37894112803,"NRI_P105",50
"46989",2286.63616887201,"NRI_P105",100
"46990",-56.8774211279815,"NRI_P105",25
"46991",-530.026791127981,"NRI_P105",50
"46992",3553.689868872,"NRI_P105",100
"46993",54.8755888720043,"NRI_P105",25
"46994",-5959.04092112801,"NRI_P105",50
"46995",-5807.41476112802,"NRI_P105",100
"46996",-2575.61441112799,"NRI_P105",25
"46997",4776.73608887201,"NRI_P105",50
"46998",-5058.02724112803,"NRI_P105",100
"46999",166.431588871987,"NRI_P105",25
"47000",-64.4014411279932,"NRI_P105",50
"47001",-5885.97870112798,"NRI_P105",100
"47002",-3044.42731112801,"NRI_P105",25
"47003",636.905488871969,"NRI_P105",50
"47004",2308.595698872,"NRI_P105",100
"47005",-588.222611128003,"NRI_P105",25
"47006",-980.85591112799,"NRI_P105",50
"47007",12485.508088872,"NRI_P105",100
"47008",-3211.75975112803,"NRI_P105",25
"47009",2804.53398887202,"NRI_P105",50
"47010",-6479.252691128,"NRI_P105",100
"47011",6430.83318887197,"NRI_P105",25
"47012",3820.56678887201,"NRI_P105",50
"47013",3151.70334887202,"NRI_P105",100
"47014",-510.073811127979,"NRI_P105",25
"47015",3194.62738887197,"NRI_P105",50
"47016",-6256.74911112798,"NRI_P105",100
"47017",-2199.77601112798,"NRI_P105",25
"47018",-3721.885511128,"NRI_P105",50
"47019",-6655.01004112803,"NRI_P105",100
"47020",2992.49938887201,"NRI_P105",25
"47021",210.908188871981,"NRI_P105",50
"47022",10884.857268872,"NRI_P105",100
"47023",-2723.48131112801,"NRI_P105",25
"47024",1424.17139887199,"NRI_P105",50
"47025",-1688.02517112799,"NRI_P105",100
"47026",-3089.76811112801,"NRI_P105",25
"47027",-4612.86871112802,"NRI_P105",50
"47028",-4773.17999112798,"NRI_P105",100
"47029",2029.337588872,"NRI_P105",25
"47030",-281.075771128002,"NRI_P105",50
"47031",-6687.99178112799,"NRI_P105",100
"47032",-35.2009811280295,"NRI_P105",25
"47033",1184.18885887199,"NRI_P105",50
"47034",-6339.498601128,"NRI_P105",100
"47035",-3211.71023112803,"NRI_P105",25
"47036",2252.01068887202,"NRI_P105",50
"47037",-4247.010611128,"NRI_P105",100
"47038",-48.153281128034,"NRI_P105",25
"47039",3656.47120887198,"NRI_P105",50
"47040",-6915.329081128,"NRI_P105",100
"47041",-3130.97571112803,"NRI_P105",25
"47042",48.9225988719845,"NRI_P105",50
"47043",8126.82908887201,"NRI_P105",100
"47044",5597.75478887197,"NRI_P105",25
"47045",3384.39596887201,"NRI_P105",50
"47046",-3510.07212112803,"NRI_P105",100
"47047",-680.972811128013,"NRI_P105",25
"47048",-1244.07338112802,"NRI_P105",50
"47049",-5894.45188112801,"NRI_P105",100
"47050",1254.31378887198,"NRI_P105",25
"47051",-775.80605112802,"NRI_P105",50
"47052",-3575.84137112799,"NRI_P105",100
"47053",-660.404311128019,"NRI_P105",25
"47054",71.6313088720199,"NRI_P105",50
"47055",-5015.96711112803,"NRI_P105",100
"47056",78.5154888720135,"NRI_P105",25
"47057",-3060.89798112802,"NRI_P105",50
"47058",-6398.813761128,"NRI_P105",100
"47059",-27.1441011279821,"NRI_P105",25
"47060",1838.289788872,"NRI_P105",50
"47061",-3955.94189112802,"NRI_P105",100
"47062",779.413188871986,"NRI_P105",25
"47063",-781.615331128007,"NRI_P105",50
"47064",-2398.17835112801,"NRI_P105",100
"47065",-27.1441011279821,"NRI_P105",25
"47066",-48.8461111279903,"NRI_P105",50
"47067",-3459.17400112801,"NRI_P105",100
"47068",65.4098888720036,"NRI_P105",25
"47069",-2936.94502112799,"NRI_P105",50
"47070",-5057.06260112801,"NRI_P105",100
"47071",-776.233911128016,"NRI_P105",25
"47072",2882.72662887198,"NRI_P105",50
"47073",-3980.187821128,"NRI_P105",100
"47074",-2976.55891112803,"NRI_P105",25
"47075",-3662.05401112803,"NRI_P105",50
"47076",-6838.23650112801,"NRI_P105",100
"47077",388.66758887202,"NRI_P105",25
"47078",-3783.04475112801,"NRI_P105",50
"47079",-2906.32811112801,"NRI_P105",100
"47080",-325.439711128012,"NRI_P105",25
"47081",-3091.73401112802,"NRI_P105",50
"47082",24.7944988720119,"NRI_P105",100
"47083",-3244.39819112798,"NRI_P105",25
"47084",2524.89198887197,"NRI_P105",50
"47085",5363.64067887201,"NRI_P105",100
"47086",-3041.30901112803,"NRI_P105",25
"47087",-302.159211128019,"NRI_P105",50
"47088",3019.363968872,"NRI_P105",100
"47089",1308.95118887199,"NRI_P105",25
"47090",7141.342388872,"NRI_P105",50
"47091",-5176.698791128,"NRI_P105",100
"47092",-3113.71650112799,"NRI_P105",25
"47093",-1318.97899112798,"NRI_P105",50
"47094",-5180.98191112798,"NRI_P105",100
"47095",8280.75238887197,"NRI_P105",25
"47096",-6192.04801112803,"NRI_P105",50
"47097",-1167.362341128,"NRI_P105",100
"47098",28.7897888720036,"NRI_P105",25
"47099",2444.27938887198,"NRI_P105",50
"47100",1929.70512887201,"NRI_P105",100
"47101",11308.400600371,"NRI_P106",25
"47102",26056.785850371,"NRI_P106",50
"47103",5705.02521037101,"NRI_P106",100
"47104",-5890.50875962898,"NRI_P106",25
"47105",7605.56042037101,"NRI_P106",50
"47106",23853.522490371,"NRI_P106",100
"47107",12171.734530371,"NRI_P106",25
"47108",-1271.72648962896,"NRI_P106",50
"47109",44866.178210371,"NRI_P106",100
"47110",-7514.418559629,"NRI_P106",25
"47111",-975.640759628965,"NRI_P106",50
"47112",28698.562270371,"NRI_P106",100
"47113",11459.052810371,"NRI_P106",25
"47114",-7648.688839629,"NRI_P106",50
"47115",5697.58701037103,"NRI_P106",100
"47116",4028.12715037103,"NRI_P106",25
"47117",-1487.62510962901,"NRI_P106",50
"47118",1118.13017037103,"NRI_P106",100
"47119",5430.94705037103,"NRI_P106",25
"47120",10162.307960371,"NRI_P106",50
"47121",-6771.17274962895,"NRI_P106",100
"47122",-3968.989459629,"NRI_P106",25
"47123",-8269.26027962897,"NRI_P106",50
"47124",43635.469170371,"NRI_P106",100
"47125",-2866.75421962899,"NRI_P106",25
"47126",3592.60560037103,"NRI_P106",50
"47127",6818.242720371,"NRI_P106",100
"47128",-5401.06741962896,"NRI_P106",25
"47129",-5820.31540962897,"NRI_P106",50
"47130",9395.78885037103,"NRI_P106",100
"47131",-382.255459628999,"NRI_P106",25
"47132",-7696.91971962899,"NRI_P106",50
"47133",-748.789069628983,"NRI_P106",100
"47134",-3949.73805962899,"NRI_P106",25
"47135",18686.667910371,"NRI_P106",50
"47136",832.48626037105,"NRI_P106",100
"47137",2084.24949037103,"NRI_P106",25
"47138",7528.105490371,"NRI_P106",50
"47139",38544.868370371,"NRI_P106",100
"47140",1030.12890037103,"NRI_P106",25
"47141",9317.51710037101,"NRI_P106",50
"47142",16919.581690371,"NRI_P106",100
"47143",-2939.23814962897,"NRI_P106",25
"47144",25556.958380371,"NRI_P106",50
"47145",-3666.93514962896,"NRI_P106",100
"47146",-2026.01520962897,"NRI_P106",25
"47147",19277.482880371,"NRI_P106",50
"47148",783.158680371009,"NRI_P106",100
"47149",-4427.65522962896,"NRI_P106",25
"47150",4780.45244037104,"NRI_P106",50
"47151",7012.99040037103,"NRI_P106",100
"47152",-3135.21595962899,"NRI_P106",25
"47153",21182.332140371,"NRI_P106",50
"47154",24043.488120371,"NRI_P106",100
"47155",-317.860849628982,"NRI_P106",25
"47156",8407.09366037103,"NRI_P106",50
"47157",26519.292260371,"NRI_P106",100
"47158",761.542700371007,"NRI_P106",25
"47159",-4587.55733962898,"NRI_P106",50
"47160",19439.010450371,"NRI_P106",100
"47161",-4493.467589629,"NRI_P106",25
"47162",-1525.16057962895,"NRI_P106",50
"47163",8061.94886037102,"NRI_P106",100
"47164",-1732.51119962899,"NRI_P106",25
"47165",1950.98707037105,"NRI_P106",50
"47166",22702.605860371,"NRI_P106",100
"47167",3355.52016037103,"NRI_P106",25
"47168",18253.202030371,"NRI_P106",50
"47169",613.978810371016,"NRI_P106",100
"47170",889.227530371048,"NRI_P106",25
"47171",-6258.88077962899,"NRI_P106",50
"47172",7094.448460371,"NRI_P106",100
"47173",-4770.534469629,"NRI_P106",25
"47174",15330.453650371,"NRI_P106",50
"47175",17437.824500371,"NRI_P106",100
"47176",21782.786000371,"NRI_P106",25
"47177",-4510.92975962895,"NRI_P106",50
"47178",16807.725420371,"NRI_P106",100
"47179",5965.56020037102,"NRI_P106",25
"47180",8681.08012037101,"NRI_P106",50
"47181",15592.305920371,"NRI_P106",100
"47182",6006.93773037102,"NRI_P106",25
"47183",827.456280371,"NRI_P106",50
"47184",1670.17737037101,"NRI_P106",100
"47185",-5110.75245962897,"NRI_P106",25
"47186",-8036.72177962901,"NRI_P106",50
"47187",6319.44897037104,"NRI_P106",100
"47188",6857.63017037103,"NRI_P106",25
"47189",23481.077160371,"NRI_P106",50
"47190",10308.526300371,"NRI_P106",100
"47191",-5100.442699629,"NRI_P106",25
"47192",7360.40895037103,"NRI_P106",50
"47193",-3177.14162962895,"NRI_P106",100
"47194",2074.153810371,"NRI_P106",25
"47195",-1707.302479629,"NRI_P106",50
"47196",-6530.25471962895,"NRI_P106",100
"47197",6726.70197037101,"NRI_P106",25
"47198",2558.97938037105,"NRI_P106",50
"47199",-8192.75212962896,"NRI_P106",100
"47200",8232.76501037105,"NRI_P106",25
"47201",4153.63632037101,"NRI_P106",50
"47202",37204.627340371,"NRI_P106",100
"47203",22565.035540371,"NRI_P106",25
"47204",7329.45728037105,"NRI_P106",50
"47205",10374.932130371,"NRI_P106",100
"47206",-484.528699628951,"NRI_P106",25
"47207",32423.354520371,"NRI_P106",50
"47208",31173.235450371,"NRI_P106",100
"47209",-2723.95978962898,"NRI_P106",25
"47210",270.566990371037,"NRI_P106",50
"47211",20064.251540371,"NRI_P106",100
"47212",-965.822669629008,"NRI_P106",25
"47213",-3446.99548962899,"NRI_P106",50
"47214",16606.169910371,"NRI_P106",100
"47215",1073.29508037103,"NRI_P106",25
"47216",-2894.44264962897,"NRI_P106",50
"47217",5840.92720037099,"NRI_P106",100
"47218",-2814.61349962896,"NRI_P106",25
"47219",17192.292790371,"NRI_P106",50
"47220",-2958.86570962897,"NRI_P106",100
"47221",-1147.76993962895,"NRI_P106",25
"47222",24108.074960371,"NRI_P106",50
"47223",9890.75192037103,"NRI_P106",100
"47224",-2264.73560962896,"NRI_P106",25
"47225",-2655.38115962897,"NRI_P106",50
"47226",167.93356037105,"NRI_P106",100
"47227",4557.63478037104,"NRI_P106",25
"47228",11504.210450371,"NRI_P106",50
"47229",3450.011740371,"NRI_P106",100
"47230",4425.46852037101,"NRI_P106",25
"47231",-2707.35184962896,"NRI_P106",50
"47232",704.762550371001,"NRI_P106",100
"47233",3836.52625037101,"NRI_P106",25
"47234",-2725.370239629,"NRI_P106",50
"47235",-7852.04600962898,"NRI_P106",100
"47236",-6893.78324962896,"NRI_P106",25
"47237",14847.807410371,"NRI_P106",50
"47238",3931.45549037104,"NRI_P106",100
"47239",-3297.35250962898,"NRI_P106",25
"47240",-1556.18181962898,"NRI_P106",50
"47241",-3767.29256962897,"NRI_P106",100
"47242",-7670.361279629,"NRI_P106",25
"47243",923.491050371027,"NRI_P106",50
"47244",8736.76370037103,"NRI_P106",100
"47245",24519.806870371,"NRI_P106",25
"47246",4912.17157037102,"NRI_P106",50
"47247",10397.354820371,"NRI_P106",100
"47248",-1498.48966962897,"NRI_P106",25
"47249",32018.124160371,"NRI_P106",50
"47250",4818.85412037105,"NRI_P106",100
"47251",4612.83526037104,"NRI_P106",25
"47252",-3820.843629629,"NRI_P106",50
"47253",64424.189820371,"NRI_P106",100
"47254",584.158410371048,"NRI_P106",25
"47255",-1543.80267962901,"NRI_P106",50
"47256",11077.016590371,"NRI_P106",100
"47257",-968.53676962899,"NRI_P106",25
"47258",1758.698720371,"NRI_P106",50
"47259",957.105600371026,"NRI_P106",100
"47260",2454.42460037104,"NRI_P106",25
"47261",-134.355109628988,"NRI_P106",50
"47262",24969.997710371,"NRI_P106",100
"47263",-762.471669628983,"NRI_P106",25
"47264",-2732.70199962897,"NRI_P106",50
"47265",-5869.54577962897,"NRI_P106",100
"47266",5701.77353037102,"NRI_P106",25
"47267",16425.924270371,"NRI_P106",50
"47268",12443.168560371,"NRI_P106",100
"47269",1859.597310371,"NRI_P106",25
"47270",-8496.91007962899,"NRI_P106",50
"47271",31685.019370371,"NRI_P106",100
"47272",-771.972629628959,"NRI_P106",25
"47273",3924.35467037105,"NRI_P106",50
"47274",1809.739540371,"NRI_P106",100
"47275",346.54307037103,"NRI_P106",25
"47276",3647.94220037101,"NRI_P106",50
"47277",17298.301270371,"NRI_P106",100
"47278",-3604.30916962901,"NRI_P106",25
"47279",-5988.75681962899,"NRI_P106",50
"47280",13865.422780371,"NRI_P106",100
"47281",2567.990160371,"NRI_P106",25
"47282",1227.37735037104,"NRI_P106",50
"47283",-1818.61437962897,"NRI_P106",100
"47284",-19.7039496289799,"NRI_P106",25
"47285",19706.043680371,"NRI_P106",50
"47286",23569.684070371,"NRI_P106",100
"47287",33.6173303709948,"NRI_P106",25
"47288",-6202.50972962898,"NRI_P106",50
"47289",-4016.74437962897,"NRI_P106",100
"47290",1396.82765037101,"NRI_P106",25
"47291",1702.429640371,"NRI_P106",50
"47292",1636.10279037105,"NRI_P106",100
"47293",-4803.74856962898,"NRI_P106",25
"47294",20632.389120371,"NRI_P106",50
"47295",9799.60829037102,"NRI_P106",100
"47296",23855.338920371,"NRI_P106",25
"47297",6789.777510371,"NRI_P106",50
"47298",3458.90736037103,"NRI_P106",100
"47299",-271.580979628954,"NRI_P106",25
"47300",8972.95815037104,"NRI_P106",50
"47301",21672.932450371,"NRI_P106",100
"47302",2196.374210371,"NRI_P106",25
"47303",3005.57572037104,"NRI_P106",50
"47304",-9821.11194962898,"NRI_P106",100
"47305",4902.66543037101,"NRI_P106",25
"47306",9081.66859037103,"NRI_P106",50
"47307",12145.535640371,"NRI_P106",100
"47308",4819.37724037102,"NRI_P106",25
"47309",18449.537190371,"NRI_P106",50
"47310",-7803.15820962901,"NRI_P106",100
"47311",7898.55994037102,"NRI_P106",25
"47312",5853.80656037101,"NRI_P106",50
"47313",18127.037530371,"NRI_P106",100
"47314",4362.938790371,"NRI_P106",25
"47315",-4161.132569629,"NRI_P106",50
"47316",-999.898029628966,"NRI_P106",100
"47317",-1998.12059962895,"NRI_P106",25
"47318",1707.66934037104,"NRI_P106",50
"47319",25537.413520371,"NRI_P106",100
"47320",8413.004470371,"NRI_P106",25
"47321",-3327.04601962899,"NRI_P106",50
"47322",19772.546780371,"NRI_P106",100
"47323",-1006.018669629,"NRI_P106",25
"47324",-4952.93112962897,"NRI_P106",50
"47325",6446.75196037104,"NRI_P106",100
"47326",-1213.41190962895,"NRI_P106",25
"47327",6203.26447037101,"NRI_P106",50
"47328",25031.939810371,"NRI_P106",100
"47329",1120.49774037104,"NRI_P106",25
"47330",3555.33927037101,"NRI_P106",50
"47331",1568.64173037105,"NRI_P106",100
"47332",659.614010371035,"NRI_P106",25
"47333",1761.20882037102,"NRI_P106",50
"47334",-2672.57715962897,"NRI_P106",100
"47335",-6474.81895962899,"NRI_P106",25
"47336",-5551.06261962897,"NRI_P106",50
"47337",2775.11406037101,"NRI_P106",100
"47338",-1348.73142962897,"NRI_P106",25
"47339",-5271.89418962901,"NRI_P106",50
"47340",2720.02529037104,"NRI_P106",100
"47341",8293.98398037103,"NRI_P106",25
"47342",30725.994770371,"NRI_P106",50
"47343",17734.289900371,"NRI_P106",100
"47344",950.386800370994,"NRI_P106",25
"47345",5602.79201037105,"NRI_P106",50
"47346",5641.20827037102,"NRI_P106",100
"47347",-2187.401649629,"NRI_P106",25
"47348",12421.623210371,"NRI_P106",50
"47349",18239.070300371,"NRI_P106",100
"47350",3895.29960037104,"NRI_P106",25
"47351",7400.13780037104,"NRI_P106",50
"47352",-4251.95325962896,"NRI_P106",100
"47353",-4084.24073962896,"NRI_P106",25
"47354",-10466.729439629,"NRI_P106",50
"47355",9401.270240371,"NRI_P106",100
"47356",3695.440380371,"NRI_P106",25
"47357",9167.28998037102,"NRI_P106",50
"47358",-260.668619628996,"NRI_P106",100
"47359",946.031340371002,"NRI_P106",25
"47360",710.227690371044,"NRI_P106",50
"47361",-4476.86191962898,"NRI_P106",100
"47362",13246.635190371,"NRI_P106",25
"47363",7722.79839037103,"NRI_P106",50
"47364",-1598.02704962896,"NRI_P106",100
"47365",10179.372030371,"NRI_P106",25
"47366",7275.55328037101,"NRI_P106",50
"47367",3636.25618037104,"NRI_P106",100
"47368",-4820.31961962895,"NRI_P106",25
"47369",6212.12741037103,"NRI_P106",50
"47370",17126.785790371,"NRI_P106",100
"47371",-3198.805009629,"NRI_P106",25
"47372",3981.83916037105,"NRI_P106",50
"47373",-7971.66573962895,"NRI_P106",100
"47374",26436.369890371,"NRI_P106",25
"47375",-6656.58094962896,"NRI_P106",50
"47376",10007.491020371,"NRI_P106",100
"47377",852.338500371028,"NRI_P106",25
"47378",2361.08178037102,"NRI_P106",50
"47379",14635.441570371,"NRI_P106",100
"47380",9431.60028037103,"NRI_P106",25
"47381",-5357.08683962899,"NRI_P106",50
"47382",22872.342610371,"NRI_P106",100
"47383",3858.56763037102,"NRI_P106",25
"47384",-2177.32459962898,"NRI_P106",50
"47385",-759.431649628968,"NRI_P106",100
"47386",3663.89175037103,"NRI_P106",25
"47387",9272.16319037101,"NRI_P106",50
"47388",3755.55948037101,"NRI_P106",100
"47389",-182.499859628966,"NRI_P106",25
"47390",12514.743400371,"NRI_P106",50
"47391",24017.168820371,"NRI_P106",100
"47392",-6796.71082962898,"NRI_P106",25
"47393",4794.623790371,"NRI_P106",50
"47394",9183.52730037103,"NRI_P106",100
"47395",1552.81526037102,"NRI_P106",25
"47396",-2971.08812962897,"NRI_P106",50
"47397",11566.897560371,"NRI_P106",100
"47398",12777.255620371,"NRI_P106",25
"47399",14077.913350371,"NRI_P106",50
"47400",-10208.126309629,"NRI_P106",100
"47401",6663.55112860299,"NRI_P107",25
"47402",10909.377038603,"NRI_P107",50
"47403",3921.159158603,"NRI_P107",100
"47404",-3915.01134139701,"NRI_P107",25
"47405",11183.054258603,"NRI_P107",50
"47406",-6152.70327139698,"NRI_P107",100
"47407",-2395.88245139702,"NRI_P107",25
"47408",1689.40598860302,"NRI_P107",50
"47409",2152.01541860303,"NRI_P107",100
"47410",-3369.14200139698,"NRI_P107",25
"47411",19253.134788603,"NRI_P107",50
"47412",-2746.02512139699,"NRI_P107",100
"47413",1271.589518603,"NRI_P107",25
"47414",172.962148602994,"NRI_P107",50
"47415",2919.57662860298,"NRI_P107",100
"47416",3593.58749860298,"NRI_P107",25
"47417",744.502678602992,"NRI_P107",50
"47418",-12954.815581397,"NRI_P107",100
"47419",-1011.96663139702,"NRI_P107",25
"47420",-5323.93201139697,"NRI_P107",50
"47421",-7849.62750139699,"NRI_P107",100
"47422",-2305.72940139699,"NRI_P107",25
"47423",2974.19422860298,"NRI_P107",50
"47424",3668.81898860302,"NRI_P107",100
"47425",-3355.47721139702,"NRI_P107",25
"47426",1762.92279860302,"NRI_P107",50
"47427",-5147.33280139702,"NRI_P107",100
"47428",11687.412518603,"NRI_P107",25
"47429",1164.59384860302,"NRI_P107",50
"47430",3947.26071860298,"NRI_P107",100
"47431",-10331.126541397,"NRI_P107",25
"47432",5090.19969860301,"NRI_P107",50
"47433",14363.766668603,"NRI_P107",100
"47434",831.97541860299,"NRI_P107",25
"47435",6740.39876860299,"NRI_P107",50
"47436",-6074.30055139703,"NRI_P107",100
"47437",-395.135011397011,"NRI_P107",25
"47438",2245.31241860299,"NRI_P107",50
"47439",18515.768378603,"NRI_P107",100
"47440",11829.263248603,"NRI_P107",25
"47441",3257.84683860303,"NRI_P107",50
"47442",-3349.20651139697,"NRI_P107",100
"47443",6780.232238603,"NRI_P107",25
"47444",11247.183178603,"NRI_P107",50
"47445",4692.49036860303,"NRI_P107",100
"47446",-2055.08190139697,"NRI_P107",25
"47447",3275.857918603,"NRI_P107",50
"47448",4390.13359860302,"NRI_P107",100
"47449",-3343.93961139699,"NRI_P107",25
"47450",-5144.67929139698,"NRI_P107",50
"47451",7498.71781860298,"NRI_P107",100
"47452",-3695.86273139698,"NRI_P107",25
"47453",7963.34186860302,"NRI_P107",50
"47454",-6240.03458139702,"NRI_P107",100
"47455",447.662328602979,"NRI_P107",25
"47456",12697.336418603,"NRI_P107",50
"47457",11538.392428603,"NRI_P107",100
"47458",279.822908603004,"NRI_P107",25
"47459",9025.87046860298,"NRI_P107",50
"47460",1369.953748603,"NRI_P107",100
"47461",9195.01180860301,"NRI_P107",25
"47462",-6201.83910139702,"NRI_P107",50
"47463",-1197.76592139702,"NRI_P107",100
"47464",3164.79328860302,"NRI_P107",25
"47465",16864.837398603,"NRI_P107",50
"47466",-466.684221396979,"NRI_P107",100
"47467",-802.499161396991,"NRI_P107",25
"47468",-1258.84464139701,"NRI_P107",50
"47469",7142.47054860299,"NRI_P107",100
"47470",-4319.78072139702,"NRI_P107",25
"47471",-5894.90696139698,"NRI_P107",50
"47472",14855.505468603,"NRI_P107",100
"47473",1885.57156860299,"NRI_P107",25
"47474",5828.80877860298,"NRI_P107",50
"47475",31372.725298603,"NRI_P107",100
"47476",-2634.481221397,"NRI_P107",25
"47477",19285.366358603,"NRI_P107",50
"47478",-4939.30396139697,"NRI_P107",100
"47479",15285.860768603,"NRI_P107",25
"47480",-6674.499781397,"NRI_P107",50
"47481",4579.59725860303,"NRI_P107",100
"47482",-1997.92373139702,"NRI_P107",25
"47483",-3099.480671397,"NRI_P107",50
"47484",21350.316028603,"NRI_P107",100
"47485",17293.961738603,"NRI_P107",25
"47486",12566.710698603,"NRI_P107",50
"47487",35570.356768603,"NRI_P107",100
"47488",-1886.60967139702,"NRI_P107",25
"47489",-1914.81054139702,"NRI_P107",50
"47490",-2790.78763139702,"NRI_P107",100
"47491",-13093.837141397,"NRI_P107",25
"47492",735.519488602993,"NRI_P107",50
"47493",-3866.14079139702,"NRI_P107",100
"47494",4943.394848603,"NRI_P107",25
"47495",17512.133738603,"NRI_P107",50
"47496",-9646.41987139703,"NRI_P107",100
"47497",2689.03330860299,"NRI_P107",25
"47498",-4863.84312139702,"NRI_P107",50
"47499",6443.76930860302,"NRI_P107",100
"47500",821.042908602976,"NRI_P107",25
"47501",-3634.80890139699,"NRI_P107",50
"47502",5162.824918603,"NRI_P107",100
"47503",-4606.03809139697,"NRI_P107",25
"47504",2386.990868603,"NRI_P107",50
"47505",-6863.956201397,"NRI_P107",100
"47506",13425.300688603,"NRI_P107",25
"47507",1888.52165860299,"NRI_P107",50
"47508",21089.036068603,"NRI_P107",100
"47509",-2931.95695139701,"NRI_P107",25
"47510",327.907018603,"NRI_P107",50
"47511",4469.191998603,"NRI_P107",100
"47512",5946.53302860301,"NRI_P107",25
"47513",8621.43250860297,"NRI_P107",50
"47514",12811.031478603,"NRI_P107",100
"47515",-2099.52589139697,"NRI_P107",25
"47516",10429.865238603,"NRI_P107",50
"47517",8407.70171860303,"NRI_P107",100
"47518",-8859.828961397,"NRI_P107",25
"47519",-3674.439491397,"NRI_P107",50
"47520",-1710.38899139699,"NRI_P107",100
"47521",-2367.98039139702,"NRI_P107",25
"47522",9651.66924860299,"NRI_P107",50
"47523",3940.52482860303,"NRI_P107",100
"47524",-1370.01044139703,"NRI_P107",25
"47525",11473.535798603,"NRI_P107",50
"47526",16524.349048603,"NRI_P107",100
"47527",5516.62040860299,"NRI_P107",25
"47528",14234.710078603,"NRI_P107",50
"47529",-6690.17318139703,"NRI_P107",100
"47530",-6132.73095139698,"NRI_P107",25
"47531",-8359.74766139698,"NRI_P107",50
"47532",-2762.88965139701,"NRI_P107",100
"47533",-7233.79558139702,"NRI_P107",25
"47534",-3243.34050139698,"NRI_P107",50
"47535",3161.49993860302,"NRI_P107",100
"47536",750.749868603016,"NRI_P107",25
"47537",3157.91367860301,"NRI_P107",50
"47538",-6085.00133139698,"NRI_P107",100
"47539",8142.459458603,"NRI_P107",25
"47540",1384.27862860297,"NRI_P107",50
"47541",6223.62124860298,"NRI_P107",100
"47542",8452.30040860298,"NRI_P107",25
"47543",1791.169058603,"NRI_P107",50
"47544",-3576.42042139702,"NRI_P107",100
"47545",-5175.73033139698,"NRI_P107",25
"47546",1799.813138603,"NRI_P107",50
"47547",13564.573358603,"NRI_P107",100
"47548",1228.446318603,"NRI_P107",25
"47549",19077.364138603,"NRI_P107",50
"47550",6435.92613860301,"NRI_P107",100
"47551",3602.00607860298,"NRI_P107",25
"47552",-11532.646701397,"NRI_P107",50
"47553",-10195.048881397,"NRI_P107",100
"47554",-1358.83774139697,"NRI_P107",25
"47555",5433.40268860298,"NRI_P107",50
"47556",-5804.52593139699,"NRI_P107",100
"47557",-2804.16109139699,"NRI_P107",25
"47558",16969.369468603,"NRI_P107",50
"47559",285.617178603017,"NRI_P107",100
"47560",4056.811388603,"NRI_P107",25
"47561",-9421.04112139699,"NRI_P107",50
"47562",-16200.878521397,"NRI_P107",100
"47563",-1020.55040139699,"NRI_P107",25
"47564",853.436928602983,"NRI_P107",50
"47565",10990.191628603,"NRI_P107",100
"47566",3650.72609860299,"NRI_P107",25
"47567",15683.341158603,"NRI_P107",50
"47568",5894.11289860302,"NRI_P107",100
"47569",-2121.56839139701,"NRI_P107",25
"47570",-2743.93487139698,"NRI_P107",50
"47571",8493.79400860303,"NRI_P107",100
"47572",5948.20645860297,"NRI_P107",25
"47573",4486.87182860298,"NRI_P107",50
"47574",-2145.76876139699,"NRI_P107",100
"47575",-3383.19515139703,"NRI_P107",25
"47576",-10522.250861397,"NRI_P107",50
"47577",5176.99486860301,"NRI_P107",100
"47578",3121.53934860299,"NRI_P107",25
"47579",-3078.55400139699,"NRI_P107",50
"47580",-1566.24866139702,"NRI_P107",100
"47581",-1733.80922139698,"NRI_P107",25
"47582",6273.11118860298,"NRI_P107",50
"47583",-12398.668021397,"NRI_P107",100
"47584",1104.67432860303,"NRI_P107",25
"47585",10759.623258603,"NRI_P107",50
"47586",2209.19117860298,"NRI_P107",100
"47587",-1251.301381397,"NRI_P107",25
"47588",7520.59463860298,"NRI_P107",50
"47589",-11287.854831397,"NRI_P107",100
"47590",-4189.47495139699,"NRI_P107",25
"47591",-7748.355441397,"NRI_P107",50
"47592",-6511.58592139703,"NRI_P107",100
"47593",-111.523711397022,"NRI_P107",25
"47594",-11367.723281397,"NRI_P107",50
"47595",-6690.85520139697,"NRI_P107",100
"47596",1276.489088603,"NRI_P107",25
"47597",14973.604478603,"NRI_P107",50
"47598",6523.42136860301,"NRI_P107",100
"47599",1586.41382860299,"NRI_P107",25
"47600",25.0702686029836,"NRI_P107",50
"47601",35098.001758603,"NRI_P107",100
"47602",-1089.69581139699,"NRI_P107",25
"47603",-4638.61000139703,"NRI_P107",50
"47604",13382.733138603,"NRI_P107",100
"47605",-5854.71182139701,"NRI_P107",25
"47606",13993.485018603,"NRI_P107",50
"47607",8012.43650860299,"NRI_P107",100
"47608",-9712.37352139701,"NRI_P107",25
"47609",5978.25228860299,"NRI_P107",50
"47610",-6780.55270139698,"NRI_P107",100
"47611",7415.06620860298,"NRI_P107",25
"47612",-4178.245921397,"NRI_P107",50
"47613",4523.57235860301,"NRI_P107",100
"47614",-9587.03211139701,"NRI_P107",25
"47615",-7848.58416139701,"NRI_P107",50
"47616",189.834578602982,"NRI_P107",100
"47617",-10945.586821397,"NRI_P107",25
"47618",-947.680251397018,"NRI_P107",50
"47619",-4009.191861397,"NRI_P107",100
"47620",1704.19431860303,"NRI_P107",25
"47621",34058.681098603,"NRI_P107",50
"47622",-10588.142921397,"NRI_P107",100
"47623",-7267.58298139699,"NRI_P107",25
"47624",10658.993398603,"NRI_P107",50
"47625",10726.525768603,"NRI_P107",100
"47626",14.9453786030062,"NRI_P107",25
"47627",10111.846568603,"NRI_P107",50
"47628",43162.881548603,"NRI_P107",100
"47629",-5747.21397139702,"NRI_P107",25
"47630",-4368.83090139698,"NRI_P107",50
"47631",-4158.76785139699,"NRI_P107",100
"47632",2796.42410860298,"NRI_P107",25
"47633",1714.46785860299,"NRI_P107",50
"47634",-11919.830741397,"NRI_P107",100
"47635",-4197.82903139701,"NRI_P107",25
"47636",-3646.78388139699,"NRI_P107",50
"47637",2796.58225860301,"NRI_P107",100
"47638",-717.414261396974,"NRI_P107",25
"47639",8833.24931860302,"NRI_P107",50
"47640",21295.577178603,"NRI_P107",100
"47641",2490.12079860299,"NRI_P107",25
"47642",-2918.459611397,"NRI_P107",50
"47643",-2898.550601397,"NRI_P107",100
"47644",6864.23319860297,"NRI_P107",25
"47645",-2576.64334139699,"NRI_P107",50
"47646",5644.01629860298,"NRI_P107",100
"47647",-4929.99124139699,"NRI_P107",25
"47648",-3940.87064139702,"NRI_P107",50
"47649",4100.766278603,"NRI_P107",100
"47650",2124.52734860301,"NRI_P107",25
"47651",31.1517086030217,"NRI_P107",50
"47652",-846.136171396996,"NRI_P107",100
"47653",-3394.74867139698,"NRI_P107",25
"47654",7508.805088603,"NRI_P107",50
"47655",7927.651438603,"NRI_P107",100
"47656",6972.59929860302,"NRI_P107",25
"47657",2724.40910860302,"NRI_P107",50
"47658",3542.39320860303,"NRI_P107",100
"47659",-2497.45485139702,"NRI_P107",25
"47660",2943.06762860302,"NRI_P107",50
"47661",-4124.735601397,"NRI_P107",100
"47662",93.9739886029856,"NRI_P107",25
"47663",2786.33343860297,"NRI_P107",50
"47664",-4429.535481397,"NRI_P107",100
"47665",-1681.53550139698,"NRI_P107",25
"47666",5987.54157860298,"NRI_P107",50
"47667",43942.580638603,"NRI_P107",100
"47668",3324.59700860298,"NRI_P107",25
"47669",-979.423901396978,"NRI_P107",50
"47670",-2303.45895139698,"NRI_P107",100
"47671",13209.370878603,"NRI_P107",25
"47672",-4558.277851397,"NRI_P107",50
"47673",15706.149808603,"NRI_P107",100
"47674",-5579.86045139702,"NRI_P107",25
"47675",3987.72080860299,"NRI_P107",50
"47676",3966.78727860301,"NRI_P107",100
"47677",-1399.83365139703,"NRI_P107",25
"47678",29496.051258603,"NRI_P107",50
"47679",2050.21366860298,"NRI_P107",100
"47680",834.897068603022,"NRI_P107",25
"47681",1845.35192860302,"NRI_P107",50
"47682",12395.098458603,"NRI_P107",100
"47683",9322.54335860303,"NRI_P107",25
"47684",895.223198603024,"NRI_P107",50
"47685",15105.165218603,"NRI_P107",100
"47686",1250.92709860299,"NRI_P107",25
"47687",11646.515158603,"NRI_P107",50
"47688",6295.08609860297,"NRI_P107",100
"47689",7551.42692860297,"NRI_P107",25
"47690",-1720.40924139699,"NRI_P107",50
"47691",2585.36775860301,"NRI_P107",100
"47692",2679.95430860302,"NRI_P107",25
"47693",-3077.05338139698,"NRI_P107",50
"47694",40852.710668603,"NRI_P107",100
"47695",-7694.02906139701,"NRI_P107",25
"47696",15086.987538603,"NRI_P107",50
"47697",-10157.154301397,"NRI_P107",100
"47698",-2638.360701397,"NRI_P107",25
"47699",-3966.910611397,"NRI_P107",50
"47700",-1562.37836139702,"NRI_P107",100
"47701",-3671.52768522804,"NRI_P108",25
"47702",-1883.35643522802,"NRI_P108",50
"47703",8818.44526477199,"NRI_P108",100
"47704",-531.653255228011,"NRI_P108",25
"47705",8992.17358477198,"NRI_P108",50
"47706",-1177.051775228,"NRI_P108",100
"47707",-4610.89722522802,"NRI_P108",25
"47708",11418.237284772,"NRI_P108",50
"47709",-266.11691522802,"NRI_P108",100
"47710",-3777.44474522799,"NRI_P108",25
"47711",6675.89467477199,"NRI_P108",50
"47712",7740.32217477198,"NRI_P108",100
"47713",1753.84348477196,"NRI_P108",25
"47714",2648.053624772,"NRI_P108",50
"47715",48491.689974772,"NRI_P108",100
"47716",233.66784477199,"NRI_P108",25
"47717",585.847934771969,"NRI_P108",50
"47718",9082.324584772,"NRI_P108",100
"47719",-1199.02190522803,"NRI_P108",25
"47720",1678.74460477202,"NRI_P108",50
"47721",13390.418544772,"NRI_P108",100
"47722",1954.37255477201,"NRI_P108",25
"47723",-3762.22187522799,"NRI_P108",50
"47724",5134.10975477198,"NRI_P108",100
"47725",-452.237815228,"NRI_P108",25
"47726",6649.03622477199,"NRI_P108",50
"47727",-6258.60198522802,"NRI_P108",100
"47728",-2513.94395522802,"NRI_P108",25
"47729",1110.934824772,"NRI_P108",50
"47730",24046.940594772,"NRI_P108",100
"47731",12062.884544772,"NRI_P108",25
"47732",-852.978555228037,"NRI_P108",50
"47733",-4208.220325228,"NRI_P108",100
"47734",-4851.48786522803,"NRI_P108",25
"47735",5230.10148477199,"NRI_P108",50
"47736",-1265.529935228,"NRI_P108",100
"47737",-2363.49489522801,"NRI_P108",25
"47738",-1826.33945522801,"NRI_P108",50
"47739",16752.169694772,"NRI_P108",100
"47740",-1270.31535522803,"NRI_P108",25
"47741",2916.49250477197,"NRI_P108",50
"47742",1834.76888477197,"NRI_P108",100
"47743",3601.75064477196,"NRI_P108",25
"47744",12070.967194772,"NRI_P108",50
"47745",2232.25331477198,"NRI_P108",100
"47746",12575.160324772,"NRI_P108",25
"47747",9156.62387477199,"NRI_P108",50
"47748",25360.828294772,"NRI_P108",100
"47749",49384.994054772,"NRI_P108",25
"47750",132.648234771972,"NRI_P108",50
"47751",25423.791254772,"NRI_P108",100
"47752",1417.732494772,"NRI_P108",25
"47753",4132.59013477201,"NRI_P108",50
"47754",27314.126174772,"NRI_P108",100
"47755",2331.75519477198,"NRI_P108",25
"47756",44427.044734772,"NRI_P108",50
"47757",7160.333804772,"NRI_P108",100
"47758",-2635.45540522801,"NRI_P108",25
"47759",2819.16984477197,"NRI_P108",50
"47760",536.688104772009,"NRI_P108",100
"47761",235.673654771992,"NRI_P108",25
"47762",2117.37714477198,"NRI_P108",50
"47763",47829.513454772,"NRI_P108",100
"47764",2220.316894772,"NRI_P108",25
"47765",2883.05220477202,"NRI_P108",50
"47766",1732.31674477196,"NRI_P108",100
"47767",1793.049794772,"NRI_P108",25
"47768",3512.28758477198,"NRI_P108",50
"47769",11095.892014772,"NRI_P108",100
"47770",1557.40075477201,"NRI_P108",25
"47771",-5196.170705228,"NRI_P108",50
"47772",48347.148704772,"NRI_P108",100
"47773",497.204054771981,"NRI_P108",25
"47774",9718.873684772,"NRI_P108",50
"47775",54105.954254772,"NRI_P108",100
"47776",-4708.53134522802,"NRI_P108",25
"47777",-3751.04931522801,"NRI_P108",50
"47778",5629.332864772,"NRI_P108",100
"47779",1859.21697477199,"NRI_P108",25
"47780",2354.82845477201,"NRI_P108",50
"47781",3164.81937477196,"NRI_P108",100
"47782",-1318.81943522801,"NRI_P108",25
"47783",7233.49451477197,"NRI_P108",50
"47784",104884.799544772,"NRI_P108",100
"47785",3956.213604772,"NRI_P108",25
"47786",2314.78200477199,"NRI_P108",50
"47787",14433.100784772,"NRI_P108",100
"47788",62.5264447719674,"NRI_P108",25
"47789",4035.521984772,"NRI_P108",50
"47790",8813.83926477196,"NRI_P108",100
"47791",5453.03024477197,"NRI_P108",25
"47792",8691.10247477196,"NRI_P108",50
"47793",-2203.14014522801,"NRI_P108",100
"47794",-2015.911135228,"NRI_P108",25
"47795",4975.66179477196,"NRI_P108",50
"47796",49477.926494772,"NRI_P108",100
"47797",186.742484771996,"NRI_P108",25
"47798",-6137.56083522801,"NRI_P108",50
"47799",-949.970435228024,"NRI_P108",100
"47800",-4436.28485522803,"NRI_P108",25
"47801",-6170.65309522802,"NRI_P108",50
"47802",69536.158704772,"NRI_P108",100
"47803",-5075.47685522801,"NRI_P108",25
"47804",5384.28950477199,"NRI_P108",50
"47805",11087.456134772,"NRI_P108",100
"47806",3066.313714772,"NRI_P108",25
"47807",-2882.30783522798,"NRI_P108",50
"47808",-1649.48550522799,"NRI_P108",100
"47809",6361.85971477197,"NRI_P108",25
"47810",9338.69113477197,"NRI_P108",50
"47811",426.545114771987,"NRI_P108",100
"47812",4396.76992477197,"NRI_P108",25
"47813",1748.72296477197,"NRI_P108",50
"47814",3009.21916477196,"NRI_P108",100
"47815",888.589614772005,"NRI_P108",25
"47816",5620.28953477199,"NRI_P108",50
"47817",7674.63823477196,"NRI_P108",100
"47818",-4008.83626522799,"NRI_P108",25
"47819",-1189.51729522803,"NRI_P108",50
"47820",-133.449125227984,"NRI_P108",100
"47821",4134.66071477201,"NRI_P108",25
"47822",5121.25662477198,"NRI_P108",50
"47823",52594.284204772,"NRI_P108",100
"47824",9816.18669477198,"NRI_P108",25
"47825",3240.45349477197,"NRI_P108",50
"47826",-5831.33427522803,"NRI_P108",100
"47827",-37.3939852280309,"NRI_P108",25
"47828",5131.39700477198,"NRI_P108",50
"47829",17999.849074772,"NRI_P108",100
"47830",3405.57064477197,"NRI_P108",25
"47831",3198.59010477201,"NRI_P108",50
"47832",54099.467874772,"NRI_P108",100
"47833",4355.077894772,"NRI_P108",25
"47834",8105.90494477196,"NRI_P108",50
"47835",903.604474772001,"NRI_P108",100
"47836",-1812.65356522799,"NRI_P108",25
"47837",-4576.055055228,"NRI_P108",50
"47838",12066.005134772,"NRI_P108",100
"47839",-1731.98918522801,"NRI_P108",25
"47840",41046.301984772,"NRI_P108",50
"47841",-6787.10862522799,"NRI_P108",100
"47842",3214.61806477199,"NRI_P108",25
"47843",8468.297034772,"NRI_P108",50
"47844",-4859.746185228,"NRI_P108",100
"47845",3440.96527477197,"NRI_P108",25
"47846",12710.117344772,"NRI_P108",50
"47847",-2109.109535228,"NRI_P108",100
"47848",3116.25299477199,"NRI_P108",25
"47849",-1601.17929522804,"NRI_P108",50
"47850",-699.833005228022,"NRI_P108",100
"47851",5292.11708477198,"NRI_P108",25
"47852",8413.48452477198,"NRI_P108",50
"47853",18316.936544772,"NRI_P108",100
"47854",-8555.520915228,"NRI_P108",25
"47855",2397.89019477199,"NRI_P108",50
"47856",7293.99100477196,"NRI_P108",100
"47857",-410.841795228014,"NRI_P108",25
"47858",-81.1405252279947,"NRI_P108",50
"47859",-7560.00188522803,"NRI_P108",100
"47860",-819.900005228003,"NRI_P108",25
"47861",50472.389344772,"NRI_P108",50
"47862",-5088.95842522802,"NRI_P108",100
"47863",-4283.594905228,"NRI_P108",25
"47864",15133.769444772,"NRI_P108",50
"47865",-1513.60076522804,"NRI_P108",100
"47866",-478.734115227999,"NRI_P108",25
"47867",3730.92590477201,"NRI_P108",50
"47868",12209.900734772,"NRI_P108",100
"47869",5300.396304772,"NRI_P108",25
"47870",2600.05272477202,"NRI_P108",50
"47871",-1392.27473522798,"NRI_P108",100
"47872",10225.874534772,"NRI_P108",25
"47873",-1996.12338522798,"NRI_P108",50
"47874",2826.37077477196,"NRI_P108",100
"47875",-4376.76353522803,"NRI_P108",25
"47876",6162.12431477197,"NRI_P108",50
"47877",1824.05351477198,"NRI_P108",100
"47878",1430.11967477197,"NRI_P108",25
"47879",8968.93299477198,"NRI_P108",50
"47880",12116.067964772,"NRI_P108",100
"47881",2437.23455477197,"NRI_P108",25
"47882",214.78873477201,"NRI_P108",50
"47883",-3550.52700522804,"NRI_P108",100
"47884",-3232.61874522798,"NRI_P108",25
"47885",9171.213574772,"NRI_P108",50
"47886",13513.205874772,"NRI_P108",100
"47887",5133.77939477196,"NRI_P108",25
"47888",-3398.55377522804,"NRI_P108",50
"47889",-551.143475227989,"NRI_P108",100
"47890",-2592.075755228,"NRI_P108",25
"47891",12760.562114772,"NRI_P108",50
"47892",68930.109964772,"NRI_P108",100
"47893",-581.320915227989,"NRI_P108",25
"47894",-2463.29863522801,"NRI_P108",50
"47895",12994.241484772,"NRI_P108",100
"47896",62988.116904772,"NRI_P108",25
"47897",13641.890764772,"NRI_P108",50
"47898",3035.18272477196,"NRI_P108",100
"47899",-4861.94091522798,"NRI_P108",25
"47900",-3295.66500522802,"NRI_P108",50
"47901",27135.930604772,"NRI_P108",100
"47902",7386.527664772,"NRI_P108",25
"47903",1303.91190477199,"NRI_P108",50
"47904",10484.798364772,"NRI_P108",100
"47905",-2679.67681522801,"NRI_P108",25
"47906",-8538.47609522799,"NRI_P108",50
"47907",4765.75139477197,"NRI_P108",100
"47908",6440.00051477196,"NRI_P108",25
"47909",2971.27083477197,"NRI_P108",50
"47910",-2920.831145228,"NRI_P108",100
"47911",2470.66956477199,"NRI_P108",25
"47912",-1985.351325228,"NRI_P108",50
"47913",4284.44405477197,"NRI_P108",100
"47914",-1484.29192522803,"NRI_P108",25
"47915",12496.027294772,"NRI_P108",50
"47916",53056.590964772,"NRI_P108",100
"47917",6278.79392477201,"NRI_P108",25
"47918",-4731.30974522803,"NRI_P108",50
"47919",-3769.91542522801,"NRI_P108",100
"47920",9949.56632477196,"NRI_P108",25
"47921",-5706.40167522803,"NRI_P108",50
"47922",12319.228784772,"NRI_P108",100
"47923",-102.903945228027,"NRI_P108",25
"47924",3417.46550477197,"NRI_P108",50
"47925",4068.03638477199,"NRI_P108",100
"47926",4157.74604477198,"NRI_P108",25
"47927",852.483084772015,"NRI_P108",50
"47928",5478.31743477198,"NRI_P108",100
"47929",-3230.46976522799,"NRI_P108",25
"47930",-3763.66170522803,"NRI_P108",50
"47931",8755.57647477201,"NRI_P108",100
"47932",-4332.07787522802,"NRI_P108",25
"47933",6090.52617477201,"NRI_P108",50
"47934",1089.51600477198,"NRI_P108",100
"47935",668.660574771988,"NRI_P108",25
"47936",4207.89067477197,"NRI_P108",50
"47937",-4482.433005228,"NRI_P108",100
"47938",4992.90472477197,"NRI_P108",25
"47939",688.281504771963,"NRI_P108",50
"47940",2986.411814772,"NRI_P108",100
"47941",1800.67417477199,"NRI_P108",25
"47942",409.52907477197,"NRI_P108",50
"47943",9280.35270477197,"NRI_P108",100
"47944",9871.09564477199,"NRI_P108",25
"47945",-6370.48877522803,"NRI_P108",50
"47946",8513.58352477197,"NRI_P108",100
"47947",4633.30050477199,"NRI_P108",25
"47948",2806.87546477199,"NRI_P108",50
"47949",90225.672754772,"NRI_P108",100
"47950",10767.811384772,"NRI_P108",25
"47951",-123.332605228003,"NRI_P108",50
"47952",24541.140544772,"NRI_P108",100
"47953",4203.98165477201,"NRI_P108",25
"47954",1320.32908477198,"NRI_P108",50
"47955",14443.376964772,"NRI_P108",100
"47956",-687.600935227994,"NRI_P108",25
"47957",12467.324014772,"NRI_P108",50
"47958",12741.735354772,"NRI_P108",100
"47959",2701.455134772,"NRI_P108",25
"47960",-1381.05927522801,"NRI_P108",50
"47961",44546.973184772,"NRI_P108",100
"47962",-6659.07615522802,"NRI_P108",25
"47963",890.549184772011,"NRI_P108",50
"47964",4722.621054772,"NRI_P108",100
"47965",5164.895784772,"NRI_P108",25
"47966",1689.38253477198,"NRI_P108",50
"47967",48871.888304772,"NRI_P108",100
"47968",-810.042315228027,"NRI_P108",25
"47969",-461.029165228014,"NRI_P108",50
"47970",12260.750854772,"NRI_P108",100
"47971",3729.953774772,"NRI_P108",25
"47972",2413.48843477201,"NRI_P108",50
"47973",-6105.98016522801,"NRI_P108",100
"47974",623.289324771962,"NRI_P108",25
"47975",1471.214284772,"NRI_P108",50
"47976",12465.048254772,"NRI_P108",100
"47977",1226.726554772,"NRI_P108",25
"47978",132.510674771969,"NRI_P108",50
"47979",6928.125014772,"NRI_P108",100
"47980",-297.831395227986,"NRI_P108",25
"47981",46395.275304772,"NRI_P108",50
"47982",-2514.30593522801,"NRI_P108",100
"47983",675.46630477201,"NRI_P108",25
"47984",13723.916814772,"NRI_P108",50
"47985",16746.419894772,"NRI_P108",100
"47986",1592.80371477199,"NRI_P108",25
"47987",-7365.737265228,"NRI_P108",50
"47988",8793.98805477197,"NRI_P108",100
"47989",-2543.45862522803,"NRI_P108",25
"47990",18420.424074772,"NRI_P108",50
"47991",10304.565864772,"NRI_P108",100
"47992",48.9826647719601,"NRI_P108",25
"47993",-4617.78851522802,"NRI_P108",50
"47994",10086.076254772,"NRI_P108",100
"47995",-6678.42253522802,"NRI_P108",25
"47996",-6364.62121522799,"NRI_P108",50
"47997",12742.218864772,"NRI_P108",100
"47998",234.52404477197,"NRI_P108",25
"47999",3455.23445477197,"NRI_P108",50
"48000",13115.361264772,"NRI_P108",100
"48001",-161.984705468989,"NRI_P109",25
"48002",-13547.976505469,"NRI_P109",50
"48003",14809.641664531,"NRI_P109",100
"48004",9387.60421453102,"NRI_P109",25
"48005",14835.395774531,"NRI_P109",50
"48006",5462.881494531,"NRI_P109",100
"48007",-12158.176655469,"NRI_P109",25
"48008",2441.71801453101,"NRI_P109",50
"48009",19929.628654531,"NRI_P109",100
"48010",8662.45906453102,"NRI_P109",25
"48011",25550.845414531,"NRI_P109",50
"48012",27362.108364531,"NRI_P109",100
"48013",-1232.81322546897,"NRI_P109",25
"48014",5992.61743453104,"NRI_P109",50
"48015",14179.182474531,"NRI_P109",100
"48016",2674.82176453102,"NRI_P109",25
"48017",22260.451254531,"NRI_P109",50
"48018",3549.59992453101,"NRI_P109",100
"48019",-467.441845469002,"NRI_P109",25
"48020",-1127.625675469,"NRI_P109",50
"48021",-1842.53996546898,"NRI_P109",100
"48022",8702.34974453103,"NRI_P109",25
"48023",2829.44934453099,"NRI_P109",50
"48024",6255.636164531,"NRI_P109",100
"48025",4746.78754453099,"NRI_P109",25
"48026",-585.511515468999,"NRI_P109",50
"48027",12233.352274531,"NRI_P109",100
"48028",8891.432184531,"NRI_P109",25
"48029",10992.925164531,"NRI_P109",50
"48030",13209.134894531,"NRI_P109",100
"48031",4749.99585453101,"NRI_P109",25
"48032",13262.800314531,"NRI_P109",50
"48033",-6947.97836546897,"NRI_P109",100
"48034",-1590.05700546899,"NRI_P109",25
"48035",5079.564644531,"NRI_P109",50
"48036",14757.203274531,"NRI_P109",100
"48037",1930.80681453104,"NRI_P109",25
"48038",5112.35470453103,"NRI_P109",50
"48039",12081.744804531,"NRI_P109",100
"48040",2526.70799453103,"NRI_P109",25
"48041",25132.027204531,"NRI_P109",50
"48042",-5635.02363546897,"NRI_P109",100
"48043",-3253.97118546901,"NRI_P109",25
"48044",-1050.88297546899,"NRI_P109",50
"48045",-5299.28551546898,"NRI_P109",100
"48046",7002.94332453102,"NRI_P109",25
"48047",-16155.788085469,"NRI_P109",50
"48048",3288.95192453102,"NRI_P109",100
"48049",9350.45099453104,"NRI_P109",25
"48050",2298.37833453104,"NRI_P109",50
"48051",12690.587554531,"NRI_P109",100
"48052",-1485.57408546901,"NRI_P109",25
"48053",991.960894530988,"NRI_P109",50
"48054",-3273.316095469,"NRI_P109",100
"48055",515.905714531022,"NRI_P109",25
"48056",-8659.05275546899,"NRI_P109",50
"48057",30683.627684531,"NRI_P109",100
"48058",12814.905824531,"NRI_P109",25
"48059",-3945.29642546899,"NRI_P109",50
"48060",19903.874344531,"NRI_P109",100
"48061",-4895.50813546899,"NRI_P109",25
"48062",-3799.35612546897,"NRI_P109",50
"48063",-8883.61235546897,"NRI_P109",100
"48064",12401.168084531,"NRI_P109",25
"48065",3397.22808453103,"NRI_P109",50
"48066",41691.341694531,"NRI_P109",100
"48067",6655.57330453099,"NRI_P109",25
"48068",9262.99533453101,"NRI_P109",50
"48069",4046.989944531,"NRI_P109",100
"48070",-886.406635469,"NRI_P109",25
"48071",11067.800164531,"NRI_P109",50
"48072",4927.70280453103,"NRI_P109",100
"48073",1331.53103453101,"NRI_P109",25
"48074",36345.895404531,"NRI_P109",50
"48075",26512.326714531,"NRI_P109",100
"48076",-4255.27187546901,"NRI_P109",25
"48077",-71.8795154689578,"NRI_P109",50
"48078",24449.917644531,"NRI_P109",100
"48079",-4911.81494546897,"NRI_P109",25
"48080",14430.412504531,"NRI_P109",50
"48081",38134.619004531,"NRI_P109",100
"48082",-851.962285468995,"NRI_P109",25
"48083",-3455.54334546899,"NRI_P109",50
"48084",5794.15647453099,"NRI_P109",100
"48085",4539.16185453103,"NRI_P109",25
"48086",5233.87402453099,"NRI_P109",50
"48087",25799.079034531,"NRI_P109",100
"48088",-2016.74558546901,"NRI_P109",25
"48089",-10050.990595469,"NRI_P109",50
"48090",-2288.51925546897,"NRI_P109",100
"48091",-1332.79694546899,"NRI_P109",25
"48092",8334.83834453102,"NRI_P109",50
"48093",30726.541484531,"NRI_P109",100
"48094",-2871.415755469,"NRI_P109",25
"48095",16843.128184531,"NRI_P109",50
"48096",16118.385954531,"NRI_P109",100
"48097",12194.230434531,"NRI_P109",25
"48098",6163.60268453101,"NRI_P109",50
"48099",9102.740624531,"NRI_P109",100
"48100",7494.900024531,"NRI_P109",25
"48101",4627.93530453101,"NRI_P109",50
"48102",5459.33046453103,"NRI_P109",100
"48103",1720.55052453099,"NRI_P109",25
"48104",-3094.06530546898,"NRI_P109",50
"48105",25788.375954531,"NRI_P109",100
"48106",3201.920404531,"NRI_P109",25
"48107",2123.74585453101,"NRI_P109",50
"48108",27351.803104531,"NRI_P109",100
"48109",9480.012984531,"NRI_P109",25
"48110",2437.65951453103,"NRI_P109",50
"48111",9758.75335453101,"NRI_P109",100
"48112",-2791.062885469,"NRI_P109",25
"48113",-4169.93321546901,"NRI_P109",50
"48114",13640.322904531,"NRI_P109",100
"48115",9838.28647453099,"NRI_P109",25
"48116",3564.81720453099,"NRI_P109",50
"48117",-7115.40768546896,"NRI_P109",100
"48118",8288.169654531,"NRI_P109",25
"48119",516.506914530997,"NRI_P109",50
"48120",24112.885334531,"NRI_P109",100
"48121",8017.89274453104,"NRI_P109",25
"48122",1865.65890453104,"NRI_P109",50
"48123",1119.69491453102,"NRI_P109",100
"48124",3243.89266453101,"NRI_P109",25
"48125",12397.980924531,"NRI_P109",50
"48126",-8288.94686546898,"NRI_P109",100
"48127",-5905.42359546898,"NRI_P109",25
"48128",3166.68664453103,"NRI_P109",50
"48129",3588.79086453101,"NRI_P109",100
"48130",4664.670304531,"NRI_P109",25
"48131",-1036.34324546898,"NRI_P109",50
"48132",-6502.97543546901,"NRI_P109",100
"48133",12303.851234531,"NRI_P109",25
"48134",15736.412934531,"NRI_P109",50
"48135",7575.740854531,"NRI_P109",100
"48136",4652.55584453099,"NRI_P109",25
"48137",1284.76226453099,"NRI_P109",50
"48138",15846.374294531,"NRI_P109",100
"48139",2706.83120453102,"NRI_P109",25
"48140",15542.470394531,"NRI_P109",50
"48141",16150.295294531,"NRI_P109",100
"48142",-4021.071125469,"NRI_P109",25
"48143",1127.42907453101,"NRI_P109",50
"48144",8038.16108453099,"NRI_P109",100
"48145",1820.640514531,"NRI_P109",25
"48146",13288.783614531,"NRI_P109",50
"48147",10957.487044531,"NRI_P109",100
"48148",7630.14906453103,"NRI_P109",25
"48149",27877.555104531,"NRI_P109",50
"48150",-2977.80503546901,"NRI_P109",100
"48151",955.16453453101,"NRI_P109",25
"48152",-2761.88656546897,"NRI_P109",50
"48153",28091.949684531,"NRI_P109",100
"48154",-2800.08788546897,"NRI_P109",25
"48155",4180.442924531,"NRI_P109",50
"48156",11815.906424531,"NRI_P109",100
"48157",18269.978174531,"NRI_P109",25
"48158",1644.93264453101,"NRI_P109",50
"48159",-5930.03265546897,"NRI_P109",100
"48160",4813.31531453104,"NRI_P109",25
"48161",10490.443164531,"NRI_P109",50
"48162",3666.33952453104,"NRI_P109",100
"48163",14725.804774531,"NRI_P109",25
"48164",10537.094044531,"NRI_P109",50
"48165",1536.81347453099,"NRI_P109",100
"48166",-2108.04576546897,"NRI_P109",25
"48167",1056.24887453101,"NRI_P109",50
"48168",25973.290454531,"NRI_P109",100
"48169",10338.001234531,"NRI_P109",25
"48170",13701.966934531,"NRI_P109",50
"48171",39829.038644531,"NRI_P109",100
"48172",3241.23165453103,"NRI_P109",25
"48173",5278.220084531,"NRI_P109",50
"48174",5866.74446453102,"NRI_P109",100
"48175",413.963724531,"NRI_P109",25
"48176",-214.373945468978,"NRI_P109",50
"48177",21084.736454531,"NRI_P109",100
"48178",2191.59584453102,"NRI_P109",25
"48179",4195.97062453104,"NRI_P109",50
"48180",-315.508905468974,"NRI_P109",100
"48181",-826.085615468968,"NRI_P109",25
"48182",-9981.95423546899,"NRI_P109",50
"48183",18229.960444531,"NRI_P109",100
"48184",-9826.20134546899,"NRI_P109",25
"48185",21437.947984531,"NRI_P109",50
"48186",4862.70943453099,"NRI_P109",100
"48187",3851.77977453102,"NRI_P109",25
"48188",2591.94023453101,"NRI_P109",50
"48189",-8123.69230546901,"NRI_P109",100
"48190",15553.070174531,"NRI_P109",25
"48191",11045.356234531,"NRI_P109",50
"48192",9707.20696453104,"NRI_P109",100
"48193",225.933534531039,"NRI_P109",25
"48194",20405.582474531,"NRI_P109",50
"48195",-7598.112175469,"NRI_P109",100
"48196",-3712.02295546897,"NRI_P109",25
"48197",751.206384530989,"NRI_P109",50
"48198",6231.708954531,"NRI_P109",100
"48199",90.5541745310184,"NRI_P109",25
"48200",-12713.802235469,"NRI_P109",50
"48201",25830.197524531,"NRI_P109",100
"48202",-1751.042215469,"NRI_P109",25
"48203",1471.14875453099,"NRI_P109",50
"48204",3387.935914531,"NRI_P109",100
"48205",4751.47195453104,"NRI_P109",25
"48206",19622.620954531,"NRI_P109",50
"48207",33215.333364531,"NRI_P109",100
"48208",-3245.05984546896,"NRI_P109",25
"48209",10132.799824531,"NRI_P109",50
"48210",10086.101754531,"NRI_P109",100
"48211",5872.55343453103,"NRI_P109",25
"48212",6537.77039453102,"NRI_P109",50
"48213",15507.007534531,"NRI_P109",100
"48214",28.2172545309877,"NRI_P109",25
"48215",-7537.64917546901,"NRI_P109",50
"48216",2335.82632453099,"NRI_P109",100
"48217",13339.818904531,"NRI_P109",25
"48218",2420.34282453102,"NRI_P109",50
"48219",20646.989864531,"NRI_P109",100
"48220",18050.698734531,"NRI_P109",25
"48221",-5106.73347546899,"NRI_P109",50
"48222",22271.566454531,"NRI_P109",100
"48223",-4943.942945469,"NRI_P109",25
"48224",-13137.878525469,"NRI_P109",50
"48225",17455.105334531,"NRI_P109",100
"48226",3441.00157453102,"NRI_P109",25
"48227",-3996.80583546899,"NRI_P109",50
"48228",25004.711464531,"NRI_P109",100
"48229",-313.12333546899,"NRI_P109",25
"48230",14191.684904531,"NRI_P109",50
"48231",15416.526534531,"NRI_P109",100
"48232",1748.80362453102,"NRI_P109",25
"48233",15023.273574531,"NRI_P109",50
"48234",24678.404564531,"NRI_P109",100
"48235",3552.65471453103,"NRI_P109",25
"48236",2363.37850453099,"NRI_P109",50
"48237",-15213.232045469,"NRI_P109",100
"48238",-10992.627215469,"NRI_P109",25
"48239",-6867.12179546896,"NRI_P109",50
"48240",3782.18387453101,"NRI_P109",100
"48241",6584.687764531,"NRI_P109",25
"48242",1805.40298453101,"NRI_P109",50
"48243",-11607.716675469,"NRI_P109",100
"48244",5210.82103453099,"NRI_P109",25
"48245",-3439.80440546898,"NRI_P109",50
"48246",554.033364531002,"NRI_P109",100
"48247",-2963.46498546901,"NRI_P109",25
"48248",-5233.84586546896,"NRI_P109",50
"48249",16617.233724531,"NRI_P109",100
"48250",-1276.37286546896,"NRI_P109",25
"48251",139.835024530999,"NRI_P109",50
"48252",28869.004184531,"NRI_P109",100
"48253",2370.07570453099,"NRI_P109",25
"48254",17096.550094531,"NRI_P109",50
"48255",16274.517654531,"NRI_P109",100
"48256",-8278.67747546901,"NRI_P109",25
"48257",-2224.975335469,"NRI_P109",50
"48258",10612.360644531,"NRI_P109",100
"48259",6416.538654531,"NRI_P109",25
"48260",-2218.49512546899,"NRI_P109",50
"48261",14359.881704531,"NRI_P109",100
"48262",1987.46079453104,"NRI_P109",25
"48263",44.061384531029,"NRI_P109",50
"48264",-13126.339135469,"NRI_P109",100
"48265",12836.197144531,"NRI_P109",25
"48266",8811.71040453104,"NRI_P109",50
"48267",-5789.655695469,"NRI_P109",100
"48268",4727.56835453102,"NRI_P109",25
"48269",-5920.446645469,"NRI_P109",50
"48270",5013.864844531,"NRI_P109",100
"48271",-2164.33513546898,"NRI_P109",25
"48272",8809.34191453102,"NRI_P109",50
"48273",-7333.52992546896,"NRI_P109",100
"48274",567.032714531,"NRI_P109",25
"48275",14682.616854531,"NRI_P109",50
"48276",-5570.13959546899,"NRI_P109",100
"48277",2847.56192453101,"NRI_P109",25
"48278",13671.242634531,"NRI_P109",50
"48279",-6155.42560546898,"NRI_P109",100
"48280",10855.847114531,"NRI_P109",25
"48281",3949.72590453102,"NRI_P109",50
"48282",-3590.68835546897,"NRI_P109",100
"48283",2771.89261453104,"NRI_P109",25
"48284",-4856.07569546899,"NRI_P109",50
"48285",4870.403074531,"NRI_P109",100
"48286",6971.559454531,"NRI_P109",25
"48287",8412.75134453102,"NRI_P109",50
"48288",-7424.70530546899,"NRI_P109",100
"48289",5160.57056453102,"NRI_P109",25
"48290",1705.20282453101,"NRI_P109",50
"48291",13365.561694531,"NRI_P109",100
"48292",4132.22575453104,"NRI_P109",25
"48293",19588.210874531,"NRI_P109",50
"48294",-2837.23283546901,"NRI_P109",100
"48295",107.824494531029,"NRI_P109",25
"48296",-14564.589865469,"NRI_P109",50
"48297",26291.730494531,"NRI_P109",100
"48298",-2158.74106546899,"NRI_P109",25
"48299",-4361.54501546896,"NRI_P109",50
"48300",32321.951254531,"NRI_P109",100
"48301",-23009.85607306,"NRI_P110",25
"48302",-25691.85232306,"NRI_P110",50
"48303",-32772.40295306,"NRI_P110",100
"48304",-31053.29804306,"NRI_P110",25
"48305",21677.89699694,"NRI_P110",50
"48306",-26201.90631306,"NRI_P110",100
"48307",-27007.42188306,"NRI_P110",25
"48308",-2632.65983306,"NRI_P110",50
"48309",7452.04685693997,"NRI_P110",100
"48310",-3130.31201306003,"NRI_P110",25
"48311",10200.60656694,"NRI_P110",50
"48312",-38510.43716306,"NRI_P110",100
"48313",-6670.77751306002,"NRI_P110",25
"48314",-11044.83695306,"NRI_P110",50
"48315",-30326.81163306,"NRI_P110",100
"48316",1667.46844694001,"NRI_P110",25
"48317",-28703.78627306,"NRI_P110",50
"48318",-35983.09111306,"NRI_P110",100
"48319",7838.95507694001,"NRI_P110",25
"48320",-34140.16990306,"NRI_P110",50
"48321",-39436.92803306,"NRI_P110",100
"48322",33539.61013694,"NRI_P110",25
"48323",-43297.54384306,"NRI_P110",50
"48324",-23367.18417306,"NRI_P110",100
"48325",1069.78154693998,"NRI_P110",25
"48326",-19166.09282306,"NRI_P110",50
"48327",-22801.13947306,"NRI_P110",100
"48328",8244.38784693996,"NRI_P110",25
"48329",-13365.28637306,"NRI_P110",50
"48330",7290.03124693997,"NRI_P110",100
"48331",-20.5484830600326,"NRI_P110",25
"48332",-34320.98346306,"NRI_P110",50
"48333",-9685.69041306002,"NRI_P110",100
"48334",3124.64900693996,"NRI_P110",25
"48335",1350.21133694,"NRI_P110",50
"48336",-5224.59180306003,"NRI_P110",100
"48337",-31480.13135306,"NRI_P110",25
"48338",13114.13819694,"NRI_P110",50
"48339",-46534.92111306,"NRI_P110",100
"48340",5501.52702693996,"NRI_P110",25
"48341",14345.17788694,"NRI_P110",50
"48342",-19711.44945306,"NRI_P110",100
"48343",1626.43194693996,"NRI_P110",25
"48344",570.137086939998,"NRI_P110",50
"48345",-28321.25009306,"NRI_P110",100
"48346",3820.31736693997,"NRI_P110",25
"48347",-24583.60626306,"NRI_P110",50
"48348",-15317.07128306,"NRI_P110",100
"48349",4659.59400693997,"NRI_P110",25
"48350",3410.56958693999,"NRI_P110",50
"48351",-15342.14637306,"NRI_P110",100
"48352",-1469.24363306002,"NRI_P110",25
"48353",-9545.94228305999,"NRI_P110",50
"48354",-10659.01347306,"NRI_P110",100
"48355",-22807.61386306,"NRI_P110",25
"48356",-10395.10832306,"NRI_P110",50
"48357",-26199.60082306,"NRI_P110",100
"48358",-28760.73611306,"NRI_P110",25
"48359",-29666.29857306,"NRI_P110",50
"48360",5350.36266693997,"NRI_P110",100
"48361",2899.12093693996,"NRI_P110",25
"48362",12974.41079694,"NRI_P110",50
"48363",-11574.21064306,"NRI_P110",100
"48364",390.281996939972,"NRI_P110",25
"48365",14060.77101694,"NRI_P110",50
"48366",-3891.60861306003,"NRI_P110",100
"48367",7222.60266693996,"NRI_P110",25
"48368",903.181576939998,"NRI_P110",50
"48369",-26680.38431306,"NRI_P110",100
"48370",3508.01264693995,"NRI_P110",25
"48371",-35112.63435306,"NRI_P110",50
"48372",-24597.96832306,"NRI_P110",100
"48373",-21325.40694306,"NRI_P110",25
"48374",-6738.61345306004,"NRI_P110",50
"48375",-15478.76164306,"NRI_P110",100
"48376",3899.86462693999,"NRI_P110",25
"48377",-5580.07114305999,"NRI_P110",50
"48378",-8465.16333306005,"NRI_P110",100
"48379",-821.984893059998,"NRI_P110",25
"48380",16914.43475694,"NRI_P110",50
"48381",-16675.81739306,"NRI_P110",100
"48382",434.361506939982,"NRI_P110",25
"48383",-30093.70496306,"NRI_P110",50
"48384",-27755.63884306,"NRI_P110",100
"48385",10376.29144694,"NRI_P110",25
"48386",-27483.41841306,"NRI_P110",50
"48387",-25088.90950306,"NRI_P110",100
"48388",14219.87054694,"NRI_P110",25
"48389",-2995.57377305999,"NRI_P110",50
"48390",-26157.47531306,"NRI_P110",100
"48391",-20447.63893306,"NRI_P110",25
"48392",-19024.84453306,"NRI_P110",50
"48393",-33096.23995306,"NRI_P110",100
"48394",-32738.43138306,"NRI_P110",25
"48395",4345.97496694,"NRI_P110",50
"48396",10875.14678694,"NRI_P110",100
"48397",-281.851963060035,"NRI_P110",25
"48398",1813.31268693996,"NRI_P110",50
"48399",-26098.54646306,"NRI_P110",100
"48400",-35054.26795306,"NRI_P110",25
"48401",-30125.23694306,"NRI_P110",50
"48402",-20890.93041306,"NRI_P110",100
"48403",16716.25855694,"NRI_P110",25
"48404",-23914.54904306,"NRI_P110",50
"48405",-15160.77829306,"NRI_P110",100
"48406",17947.26695694,"NRI_P110",25
"48407",-25359.85787306,"NRI_P110",50
"48408",-26761.39738306,"NRI_P110",100
"48409",2766.31452694,"NRI_P110",25
"48410",689.178766939964,"NRI_P110",50
"48411",31803.26676694,"NRI_P110",100
"48412",3661.05960693996,"NRI_P110",25
"48413",-35441.02762306,"NRI_P110",50
"48414",-26893.96955306,"NRI_P110",100
"48415",4670.90255693998,"NRI_P110",25
"48416",-24071.73605306,"NRI_P110",50
"48417",1616.40747693996,"NRI_P110",100
"48418",-29925.07317306,"NRI_P110",25
"48419",13237.62419694,"NRI_P110",50
"48420",-33488.47471306,"NRI_P110",100
"48421",3949.84914693999,"NRI_P110",25
"48422",-25770.86581306,"NRI_P110",50
"48423",-35699.16292306,"NRI_P110",100
"48424",-27912.00532306,"NRI_P110",25
"48425",-30153.69888306,"NRI_P110",50
"48426",-28418.05876306,"NRI_P110",100
"48427",2832.11364693998,"NRI_P110",25
"48428",-33242.32057306,"NRI_P110",50
"48429",-24743.50483306,"NRI_P110",100
"48430",-32966.34982306,"NRI_P110",25
"48431",-31329.32818306,"NRI_P110",50
"48432",-252.927593060012,"NRI_P110",100
"48433",3585.64940693998,"NRI_P110",25
"48434",48799.66436694,"NRI_P110",50
"48435",16176.57535694,"NRI_P110",100
"48436",-21200.31227306,"NRI_P110",25
"48437",-38207.44871306,"NRI_P110",50
"48438",-44423.99009306,"NRI_P110",100
"48439",40200.49961694,"NRI_P110",25
"48440",-9188.85395306,"NRI_P110",50
"48441",-40980.68585306,"NRI_P110",100
"48442",36924.45130694,"NRI_P110",25
"48443",-3165.39379306004,"NRI_P110",50
"48444",-10027.39649306,"NRI_P110",100
"48445",-865.360493060027,"NRI_P110",25
"48446",-19003.93751306,"NRI_P110",50
"48447",42770.72516694,"NRI_P110",100
"48448",-28230.50257306,"NRI_P110",25
"48449",13060.96587694,"NRI_P110",50
"48450",-29100.56921306,"NRI_P110",100
"48451",-4762.85028306005,"NRI_P110",25
"48452",-1256.08133305999,"NRI_P110",50
"48453",-33915.01586306,"NRI_P110",100
"48454",-34116.61783306,"NRI_P110",25
"48455",-17698.48329306,"NRI_P110",50
"48456",-5014.46362306003,"NRI_P110",100
"48457",12762.88707694,"NRI_P110",25
"48458",-21226.13336306,"NRI_P110",50
"48459",-24074.53363306,"NRI_P110",100
"48460",-4381.81845306,"NRI_P110",25
"48461",-20381.02162306,"NRI_P110",50
"48462",-31230.98560306,"NRI_P110",100
"48463",-31923.67799306,"NRI_P110",25
"48464",-26197.88830306,"NRI_P110",50
"48465",-38569.51860306,"NRI_P110",100
"48466",-18973.73145306,"NRI_P110",25
"48467",-2141.45746306004,"NRI_P110",50
"48468",-14506.33914306,"NRI_P110",100
"48469",-23229.33072306,"NRI_P110",25
"48470",-9757.10767306003,"NRI_P110",50
"48471",-15288.98787306,"NRI_P110",100
"48472",5859.14749693999,"NRI_P110",25
"48473",-9611.97380306001,"NRI_P110",50
"48474",-21490.24838306,"NRI_P110",100
"48475",-29306.07857306,"NRI_P110",25
"48476",6304.19400694,"NRI_P110",50
"48477",-29431.60862306,"NRI_P110",100
"48478",633.964876940008,"NRI_P110",25
"48479",-13756.65260306,"NRI_P110",50
"48480",-377.487513060041,"NRI_P110",100
"48481",5398.07227693999,"NRI_P110",25
"48482",-32080.73663306,"NRI_P110",50
"48483",-19376.74930306,"NRI_P110",100
"48484",-5039.20512306003,"NRI_P110",25
"48485",-37405.47369306,"NRI_P110",50
"48486",-18509.18997306,"NRI_P110",100
"48487",-1170.04989306,"NRI_P110",25
"48488",24603.90366694,"NRI_P110",50
"48489",-34959.03435306,"NRI_P110",100
"48490",-283.56115306,"NRI_P110",25
"48491",13586.43362694,"NRI_P110",50
"48492",-17295.11960306,"NRI_P110",100
"48493",15657.49035694,"NRI_P110",25
"48494",15816.78692694,"NRI_P110",50
"48495",18059.43638694,"NRI_P110",100
"48496",4514.57959693996,"NRI_P110",25
"48497",-5200.16906306002,"NRI_P110",50
"48498",-10805.79209306,"NRI_P110",100
"48499",-26194.40679306,"NRI_P110",25
"48500",58466.06694694,"NRI_P110",50
"48501",-13182.64073306,"NRI_P110",100
"48502",5709.45258693997,"NRI_P110",25
"48503",3630.96151693998,"NRI_P110",50
"48504",-38946.29721306,"NRI_P110",100
"48505",-34490.49111306,"NRI_P110",25
"48506",-17288.16754306,"NRI_P110",50
"48507",-31179.98259306,"NRI_P110",100
"48508",5118.82878693996,"NRI_P110",25
"48509",-31377.03054306,"NRI_P110",50
"48510",-19045.18742306,"NRI_P110",100
"48511",1412.42621693999,"NRI_P110",25
"48512",-35070.90093306,"NRI_P110",50
"48513",-31687.55400306,"NRI_P110",100
"48514",10666.25493694,"NRI_P110",25
"48515",8486.05437693995,"NRI_P110",50
"48516",-28172.45234306,"NRI_P110",100
"48517",-27740.48727306,"NRI_P110",25
"48518",2848.35548693995,"NRI_P110",50
"48519",-24216.97958306,"NRI_P110",100
"48520",-35500.11193306,"NRI_P110",25
"48521",5813.99288693996,"NRI_P110",50
"48522",-8545.48384306004,"NRI_P110",100
"48523",4216.59131693997,"NRI_P110",25
"48524",-37677.75122306,"NRI_P110",50
"48525",-36411.32931306,"NRI_P110",100
"48526",-3267.49196305999,"NRI_P110",25
"48527",-11574.76962306,"NRI_P110",50
"48528",-20746.23701306,"NRI_P110",100
"48529",-33451.01327306,"NRI_P110",25
"48530",34495.77142694,"NRI_P110",50
"48531",60068.48635694,"NRI_P110",100
"48532",-25143.08145306,"NRI_P110",25
"48533",30138.88122694,"NRI_P110",50
"48534",-16823.00610306,"NRI_P110",100
"48535",7824.96414693998,"NRI_P110",25
"48536",-48672.69727306,"NRI_P110",50
"48537",-30765.74729306,"NRI_P110",100
"48538",-8439.26547306002,"NRI_P110",25
"48539",40021.41936694,"NRI_P110",50
"48540",-30390.86732306,"NRI_P110",100
"48541",-5007.20909306,"NRI_P110",25
"48542",-15899.83268306,"NRI_P110",50
"48543",-35973.31119306,"NRI_P110",100
"48544",-142.773893060046,"NRI_P110",25
"48545",8822.39300693996,"NRI_P110",50
"48546",-18305.75689306,"NRI_P110",100
"48547",-38010.85461306,"NRI_P110",25
"48548",-30239.95332306,"NRI_P110",50
"48549",-14963.99182306,"NRI_P110",100
"48550",-30400.70478306,"NRI_P110",25
"48551",-17947.10354306,"NRI_P110",50
"48552",21059.55752694,"NRI_P110",100
"48553",3271.76088694,"NRI_P110",25
"48554",-19188.66102306,"NRI_P110",50
"48555",-23320.20708306,"NRI_P110",100
"48556",-89.0581130600185,"NRI_P110",25
"48557",-37235.56304306,"NRI_P110",50
"48558",-35779.01810306,"NRI_P110",100
"48559",-2116.49729306001,"NRI_P110",25
"48560",-26265.43775306,"NRI_P110",50
"48561",1053.72533693997,"NRI_P110",100
"48562",3681.90018693998,"NRI_P110",25
"48563",-6258.30524305999,"NRI_P110",50
"48564",-14597.83889306,"NRI_P110",100
"48565",-1836.07904306002,"NRI_P110",25
"48566",-19795.91882306,"NRI_P110",50
"48567",-12539.60148306,"NRI_P110",100
"48568",-23132.05856306,"NRI_P110",25
"48569",-37424.87025306,"NRI_P110",50
"48570",-28683.20298306,"NRI_P110",100
"48571",-3315.30201306002,"NRI_P110",25
"48572",-38164.63527306,"NRI_P110",50
"48573",-32697.18767306,"NRI_P110",100
"48574",-10572.91023306,"NRI_P110",25
"48575",-21673.46281306,"NRI_P110",50
"48576",3441.50619693997,"NRI_P110",100
"48577",-11250.31196306,"NRI_P110",25
"48578",24715.95738694,"NRI_P110",50
"48579",58295.36759694,"NRI_P110",100
"48580",-4189.72663306003,"NRI_P110",25
"48581",-7089.30600306002,"NRI_P110",50
"48582",-13188.86169306,"NRI_P110",100
"48583",-30783.41742306,"NRI_P110",25
"48584",-9063.66237306001,"NRI_P110",50
"48585",-29391.60294306,"NRI_P110",100
"48586",17486.64456694,"NRI_P110",25
"48587",884.257806940004,"NRI_P110",50
"48588",-28704.15863306,"NRI_P110",100
"48589",37544.61258694,"NRI_P110",25
"48590",-30759.16149306,"NRI_P110",50
"48591",-5674.45635306003,"NRI_P110",100
"48592",-5056.43871305999,"NRI_P110",25
"48593",-35022.05665306,"NRI_P110",50
"48594",62638.74180694,"NRI_P110",100
"48595",8510.92242694,"NRI_P110",25
"48596",-1729.37298306002,"NRI_P110",50
"48597",12424.91269694,"NRI_P110",100
"48598",41619.35273694,"NRI_P110",25
"48599",3340.53640693997,"NRI_P110",50
"48600",18335.60133694,"NRI_P110",100
"48601",855.678408777982,"NRI_P113",25
"48602",-2069.25454122201,"NRI_P113",50
"48603",-2024.71779122204,"NRI_P113",100
"48604",253.91920877801,"NRI_P113",25
"48605",12379.686408778,"NRI_P113",50
"48606",-1073.59073122201,"NRI_P113",100
"48607",-487.678791221988,"NRI_P113",25
"48608",57.818608778005,"NRI_P113",50
"48609",-1524.69429122203,"NRI_P113",100
"48610",-455.851891222002,"NRI_P113",25
"48611",-2711.12099122204,"NRI_P113",50
"48612",-242.587391222012,"NRI_P113",100
"48613",-4.66949122201186,"NRI_P113",25
"48614",356.586808777996,"NRI_P113",50
"48615",-3518.30393122201,"NRI_P113",100
"48616",12.6986087780097,"NRI_P113",25
"48617",-3438.90904122201,"NRI_P113",50
"48618",-2969.16505122202,"NRI_P113",100
"48619",-2654.93919122202,"NRI_P113",25
"48620",1359.13290877797,"NRI_P113",50
"48621",-3120.57494122203,"NRI_P113",100
"48622",68.2177087779855,"NRI_P113",25
"48623",1799.41510877799,"NRI_P113",50
"48624",-2310.36679122201,"NRI_P113",100
"48625",-61.6088412220124,"NRI_P113",25
"48626",-2135.112341222,"NRI_P113",50
"48627",-3196.30809122202,"NRI_P113",100
"48628",-2951.268201222,"NRI_P113",25
"48629",-3319.45259122201,"NRI_P113",50
"48630",-1701.37679122202,"NRI_P113",100
"48631",252.251508778019,"NRI_P113",25
"48632",-169.77319122199,"NRI_P113",50
"48633",-1583.51139122201,"NRI_P113",100
"48634",38.2688087779679,"NRI_P113",25
"48635",-2808.191391222,"NRI_P113",50
"48636",724.571308778017,"NRI_P113",100
"48637",-2939.13919122203,"NRI_P113",25
"48638",-2159.52759122202,"NRI_P113",50
"48639",-1166.52479122201,"NRI_P113",100
"48640",-2977.297241222,"NRI_P113",25
"48641",1710.02980877797,"NRI_P113",50
"48642",-3114.339491222,"NRI_P113",100
"48643",-2940.922891222,"NRI_P113",25
"48644",-3113.16089122201,"NRI_P113",50
"48645",-2509.06659122201,"NRI_P113",100
"48646",3117.65820877801,"NRI_P113",25
"48647",-865.456791221979,"NRI_P113",50
"48648",-3064.74372122198,"NRI_P113",100
"48649",-146.30549122201,"NRI_P113",25
"48650",5298.95640877797,"NRI_P113",50
"48651",-2091.26688122202,"NRI_P113",100
"48652",-48.4284612220363,"NRI_P113",25
"48653",-3114.371621222,"NRI_P113",50
"48654",-2930.32629122201,"NRI_P113",100
"48655",-52.3705012220307,"NRI_P113",25
"48656",457.532508777978,"NRI_P113",50
"48657",-2790.97486122203,"NRI_P113",100
"48658",-71.2768112220219,"NRI_P113",25
"48659",-2342.81569122203,"NRI_P113",50
"48660",-858.949851221987,"NRI_P113",100
"48661",-439.564991221996,"NRI_P113",25
"48662",-2274.38329122198,"NRI_P113",50
"48663",-455.482491222036,"NRI_P113",100
"48664",-1892.66019122204,"NRI_P113",25
"48665",302.403408778016,"NRI_P113",50
"48666",-1372.96059122198,"NRI_P113",100
"48667",-2764.34859122202,"NRI_P113",25
"48668",1144.72890877799,"NRI_P113",50
"48669",-2863.11959122203,"NRI_P113",100
"48670",623.983408777975,"NRI_P113",25
"48671",-2311.536891222,"NRI_P113",50
"48672",-1412.59519122203,"NRI_P113",100
"48673",-2904.085891222,"NRI_P113",25
"48674",-2088.806591222,"NRI_P113",50
"48675",-241.350291221985,"NRI_P113",100
"48676",-2769.05849122204,"NRI_P113",25
"48677",36836.561808778,"NRI_P113",50
"48678",8180.42755877797,"NRI_P113",100
"48679",-115.381291222002,"NRI_P113",25
"48680",6227.28220877796,"NRI_P113",50
"48681",-2805.97868122201,"NRI_P113",100
"48682",265.681708777964,"NRI_P113",25
"48683",-3094.09628122201,"NRI_P113",50
"48684",-2800.42889122199,"NRI_P113",100
"48685",-2328.13049122202,"NRI_P113",25
"48686",902.335308777983,"NRI_P113",50
"48687",-2915.64269122202,"NRI_P113",100
"48688",-57.3640712220222,"NRI_P113",25
"48689",-1842.81079122203,"NRI_P113",50
"48690",1120.97990877798,"NRI_P113",100
"48691",511.013108777988,"NRI_P113",25
"48692",-176.838011222018,"NRI_P113",50
"48693",-2515.40719122201,"NRI_P113",100
"48694",-55.7478012220236,"NRI_P113",25
"48695",-2812.666891222,"NRI_P113",50
"48696",-1766.89699122199,"NRI_P113",100
"48697",-2968.51193122199,"NRI_P113",25
"48698",-2355.22369122203,"NRI_P113",50
"48699",-1302.15189122199,"NRI_P113",100
"48700",-2578.508791222,"NRI_P113",25
"48701",-1426.55135122204,"NRI_P113",50
"48702",-3538.376001222,"NRI_P113",100
"48703",-2962.56942122203,"NRI_P113",25
"48704",1017.084408778,"NRI_P113",50
"48705",-2930.74884122203,"NRI_P113",100
"48706",2293.54420877801,"NRI_P113",25
"48707",-2978.78949122201,"NRI_P113",50
"48708",-2871.21879122203,"NRI_P113",100
"48709",-2957.82679122203,"NRI_P113",25
"48710",-2844.80879122199,"NRI_P113",50
"48711",-3376.495191222,"NRI_P113",100
"48712",1755.796408778,"NRI_P113",25
"48713",-2548.11639122199,"NRI_P113",50
"48714",35902.416108778,"NRI_P113",100
"48715",36363.703208778,"NRI_P113",25
"48716",-3014.470691222,"NRI_P113",50
"48717",-2793.97349122202,"NRI_P113",100
"48718",-1399.43219122203,"NRI_P113",25
"48719",-2049.52609122201,"NRI_P113",50
"48720",-3534.28123122203,"NRI_P113",100
"48721",524.984608777973,"NRI_P113",25
"48722",-2804.58129122201,"NRI_P113",50
"48723",-2047.27179122198,"NRI_P113",100
"48724",1932.24840877799,"NRI_P113",25
"48725",-3454.63909122202,"NRI_P113",50
"48726",-2414.18925122201,"NRI_P113",100
"48727",92.3694087779731,"NRI_P113",25
"48728",253.090208777983,"NRI_P113",50
"48729",-1952.33548122202,"NRI_P113",100
"48730",385.578108777991,"NRI_P113",25
"48731",-614.403111222025,"NRI_P113",50
"48732",-167.140071222035,"NRI_P113",100
"48733",28.388208777993,"NRI_P113",25
"48734",-1373.68239122198,"NRI_P113",50
"48735",-3118.85999122198,"NRI_P113",100
"48736",-28.7508812220185,"NRI_P113",25
"48737",-3145.53629122203,"NRI_P113",50
"48738",11860.887798778,"NRI_P113",100
"48739",-476.586691221979,"NRI_P113",25
"48740",704.492068777967,"NRI_P113",50
"48741",-2629.85209122201,"NRI_P113",100
"48742",-2720.001391222,"NRI_P113",25
"48743",-1576.26749122201,"NRI_P113",50
"48744",-1348.10519122198,"NRI_P113",100
"48745",-61.9633712220239,"NRI_P113",25
"48746",-1519.18969122198,"NRI_P113",50
"48747",-2901.23038122203,"NRI_P113",100
"48748",6110.40520877799,"NRI_P113",25
"48749",-1647.54119122203,"NRI_P113",50
"48750",-3046.94179122202,"NRI_P113",100
"48751",-2944.439281222,"NRI_P113",25
"48752",-3555.95369122201,"NRI_P113",50
"48753",6934.29441877798,"NRI_P113",100
"48754",-533.173491222027,"NRI_P113",25
"48755",177.542408777983,"NRI_P113",50
"48756",-2300.36359122203,"NRI_P113",100
"48757",-33.8979812220205,"NRI_P113",25
"48758",-478.347551222018,"NRI_P113",50
"48759",-3422.440251222,"NRI_P113",100
"48760",-350.32999122201,"NRI_P113",25
"48761",3648.52020877798,"NRI_P113",50
"48762",-2350.17099122202,"NRI_P113",100
"48763",543.383008777979,"NRI_P113",25
"48764",-3527.11126122199,"NRI_P113",50
"48765",-2501.76319122198,"NRI_P113",100
"48766",-496.114791222033,"NRI_P113",25
"48767",-2623.686391222,"NRI_P113",50
"48768",-3305.39856122201,"NRI_P113",100
"48769",-2372.30539122201,"NRI_P113",25
"48770",-2894.54359122203,"NRI_P113",50
"48771",-3109.74979122198,"NRI_P113",100
"48772",-2394.94599122199,"NRI_P113",25
"48773",-2220.76060122199,"NRI_P113",50
"48774",-948.489491222019,"NRI_P113",100
"48775",-2986.96521122201,"NRI_P113",25
"48776",341.919908777985,"NRI_P113",50
"48777",-2190.42319122201,"NRI_P113",100
"48778",-531.304091222002,"NRI_P113",25
"48779",-2155.55919122201,"NRI_P113",50
"48780",-55.5209912220016,"NRI_P113",100
"48781",-2949.58638122201,"NRI_P113",25
"48782",-2274.43839122204,"NRI_P113",50
"48783",-2821.48641122202,"NRI_P113",100
"48784",-544.030021222017,"NRI_P113",25
"48785",-1753.58019122202,"NRI_P113",50
"48786",-2465.83989122201,"NRI_P113",100
"48787",2304.860208778,"NRI_P113",25
"48788",-2655.44203122199,"NRI_P113",50
"48789",-3271.47279122198,"NRI_P113",100
"48790",-2964.11686122202,"NRI_P113",25
"48791",-2538.18299122201,"NRI_P113",50
"48792",-2450.74489122198,"NRI_P113",100
"48793",2967.94920877798,"NRI_P113",25
"48794",-377.960991222004,"NRI_P113",50
"48795",-2834.39949122199,"NRI_P113",100
"48796",-2641.20089122199,"NRI_P113",25
"48797",-2699.57039122202,"NRI_P113",50
"48798",-3251.14478122198,"NRI_P113",100
"48799",-2942.93050122203,"NRI_P113",25
"48800",15128.824808778,"NRI_P113",50
"48801",-2042.42759122199,"NRI_P113",100
"48802",463.567008777987,"NRI_P113",25
"48803",-432.721891221998,"NRI_P113",50
"48804",-2485.77092122199,"NRI_P113",100
"48805",-364.056891222019,"NRI_P113",25
"48806",-407.662421222019,"NRI_P113",50
"48807",2834.20050877798,"NRI_P113",100
"48808",-35.5798012220184,"NRI_P113",25
"48809",-2168.35644122201,"NRI_P113",50
"48810",-1607.525501222,"NRI_P113",100
"48811",-62.9909212220227,"NRI_P113",25
"48812",-1340.76498122199,"NRI_P113",50
"48813",699.87677877798,"NRI_P113",100
"48814",-1306.848191222,"NRI_P113",25
"48815",-3217.37959122198,"NRI_P113",50
"48816",-300.861391221988,"NRI_P113",100
"48817",-563.909821222012,"NRI_P113",25
"48818",625.819408777985,"NRI_P113",50
"48819",-3169.07659122202,"NRI_P113",100
"48820",431.539908777981,"NRI_P113",25
"48821",-529.893041222007,"NRI_P113",50
"48822",-1122.51299122203,"NRI_P113",100
"48823",-439.564991221996,"NRI_P113",25
"48824",-512.112261222035,"NRI_P113",50
"48825",-1886.30319122202,"NRI_P113",100
"48826",587.557908778021,"NRI_P113",25
"48827",2443.14540877799,"NRI_P113",50
"48828",8557.26990877802,"NRI_P113",100
"48829",-487.678791221988,"NRI_P113",25
"48830",-1102.43349122204,"NRI_P113",50
"48831",-2882.10162122198,"NRI_P113",100
"48832",-2940.922891222,"NRI_P113",25
"48833",-1587.579691222,"NRI_P113",50
"48834",8474.08460877801,"NRI_P113",100
"48835",-509.598991221981,"NRI_P113",25
"48836",-2922.05679122201,"NRI_P113",50
"48837",-2639.68294122198,"NRI_P113",100
"48838",-46.4562912220135,"NRI_P113",25
"48839",-2957.78412122198,"NRI_P113",50
"48840",2360.53590877797,"NRI_P113",100
"48841",-2946.171951222,"NRI_P113",25
"48842",-505.255591222027,"NRI_P113",50
"48843",22642.909508778,"NRI_P113",100
"48844",-2913.51219122199,"NRI_P113",25
"48845",637.515208777972,"NRI_P113",50
"48846",-2926.93049122201,"NRI_P113",100
"48847",345.365608777967,"NRI_P113",25
"48848",-2078.14189122198,"NRI_P113",50
"48849",-2685.77739122201,"NRI_P113",100
"48850",-77.7569912220351,"NRI_P113",25
"48851",-1776.37249122199,"NRI_P113",50
"48852",-2505.76419122203,"NRI_P113",100
"48853",468.221808778006,"NRI_P113",25
"48854",-3473.36230122199,"NRI_P113",50
"48855",378.399058778014,"NRI_P113",100
"48856",1485.98820877797,"NRI_P113",25
"48857",480.964408778003,"NRI_P113",50
"48858",26124.604108778,"NRI_P113",100
"48859",-455.851891222002,"NRI_P113",25
"48860",-2687.522321222,"NRI_P113",50
"48861",171.654008777987,"NRI_P113",100
"48862",-2570.32279122202,"NRI_P113",25
"48863",-2895.42894122202,"NRI_P113",50
"48864",-3198.58452122199,"NRI_P113",100
"48865",-16.1446912219981,"NRI_P113",25
"48866",178.028958778013,"NRI_P113",50
"48867",-1768.05689122202,"NRI_P113",100
"48868",-234.975491221994,"NRI_P113",25
"48869",-2079.804351222,"NRI_P113",50
"48870",-2136.38529122202,"NRI_P113",100
"48871",-521.698291221983,"NRI_P113",25
"48872",-1571.89429122198,"NRI_P113",50
"48873",-2507.60917122202,"NRI_P113",100
"48874",-2159.00299122202,"NRI_P113",25
"48875",1014.97440877801,"NRI_P113",50
"48876",-1987.76402122201,"NRI_P113",100
"48877",463.567008777987,"NRI_P113",25
"48878",4742.35980877798,"NRI_P113",50
"48879",3204.74280877801,"NRI_P113",100
"48880",-2506.84969122201,"NRI_P113",25
"48881",-2102.37059122202,"NRI_P113",50
"48882",-1889.23826122202,"NRI_P113",100
"48883",1743.50540877797,"NRI_P113",25
"48884",-3367.76108122198,"NRI_P113",50
"48885",-2416.93079122202,"NRI_P113",100
"48886",-2940.922891222,"NRI_P113",25
"48887",-2375.807791222,"NRI_P113",50
"48888",-135.173941222019,"NRI_P113",100
"48889",-571.480621221999,"NRI_P113",25
"48890",-2218.20209122199,"NRI_P113",50
"48891",-944.237091222021,"NRI_P113",100
"48892",-2838.22459122201,"NRI_P113",25
"48893",339.310608777974,"NRI_P113",50
"48894",24056.609508778,"NRI_P113",100
"48895",64.6732087779674,"NRI_P113",25
"48896",3690.91180877801,"NRI_P113",50
"48897",-1883.82499122201,"NRI_P113",100
"48898",-569.758961222018,"NRI_P113",25
"48899",-259.212291222007,"NRI_P113",50
"48900",-1128.57889122202,"NRI_P113",100
"48901",-4158.518493607,"NRI_P114",25
"48902",-5273.91013360699,"NRI_P114",50
"48903",-8619.15231360699,"NRI_P114",100
"48904",-12.6729636070086,"NRI_P114",25
"48905",-6135.03295360698,"NRI_P114",50
"48906",-7183.41371360701,"NRI_P114",100
"48907",-3912.253793607,"NRI_P114",25
"48908",-2574.64653360698,"NRI_P114",50
"48909",-5716.67201360699,"NRI_P114",100
"48910",-1798.97866360698,"NRI_P114",25
"48911",6494.23950639303,"NRI_P114",50
"48912",-4141.74320360698,"NRI_P114",100
"48913",-4137.93521360698,"NRI_P114",25
"48914",1053.36240639305,"NRI_P114",50
"48915",-7143.82893360697,"NRI_P114",100
"48916",-4462.41634360701,"NRI_P114",25
"48917",2230.94800639304,"NRI_P114",50
"48918",-7425.87119360699,"NRI_P114",100
"48919",-920.879063606961,"NRI_P114",25
"48920",-3164.02079360699,"NRI_P114",50
"48921",-6257.76228360698,"NRI_P114",100
"48922",-5923.76656360697,"NRI_P114",25
"48923",-7742.44801360701,"NRI_P114",50
"48924",190.184936392994,"NRI_P114",100
"48925",-3140.999963607,"NRI_P114",25
"48926",-2535.93829360697,"NRI_P114",50
"48927",2595.61890639301,"NRI_P114",100
"48928",-4483.90840360697,"NRI_P114",25
"48929",-1036.89949360699,"NRI_P114",50
"48930",1106.72283639305,"NRI_P114",100
"48931",-93.1470636070007,"NRI_P114",25
"48932",2109.10461639304,"NRI_P114",50
"48933",-3097.129733607,"NRI_P114",100
"48934",-1103.38876360696,"NRI_P114",25
"48935",-2333.06060360698,"NRI_P114",50
"48936",-5041.26100360695,"NRI_P114",100
"48937",-5228.72896360699,"NRI_P114",25
"48938",-6714.692913607,"NRI_P114",50
"48939",-3424.84816360701,"NRI_P114",100
"48940",-4435.36446360697,"NRI_P114",25
"48941",-1325.10889360699,"NRI_P114",50
"48942",-4114.07844360697,"NRI_P114",100
"48943",572.193636393,"NRI_P114",25
"48944",-2962.12276360695,"NRI_P114",50
"48945",-206.646653606964,"NRI_P114",100
"48946",-1634.16299360699,"NRI_P114",25
"48947",-3694.16969360696,"NRI_P114",50
"48948",-7683.34833360696,"NRI_P114",100
"48949",-1071.736203607,"NRI_P114",25
"48950",-1031.15009360696,"NRI_P114",50
"48951",-4663.921693607,"NRI_P114",100
"48952",-220.442963606969,"NRI_P114",25
"48953",-1529.84314360697,"NRI_P114",50
"48954",-6715.13770360698,"NRI_P114",100
"48955",-4000.01116360701,"NRI_P114",25
"48956",5412.07011639304,"NRI_P114",50
"48957",-2143.99999360699,"NRI_P114",100
"48958",220.37450639304,"NRI_P114",25
"48959",-4437.75329360698,"NRI_P114",50
"48960",-4904.00469360698,"NRI_P114",100
"48961",1848.37433639303,"NRI_P114",25
"48962",-3013.83239360701,"NRI_P114",50
"48963",-6315.78227360698,"NRI_P114",100
"48964",-4152.07078360696,"NRI_P114",25
"48965",3850.41250639304,"NRI_P114",50
"48966",7325.85940639302,"NRI_P114",100
"48967",2911.88883639302,"NRI_P114",25
"48968",3294.78583639301,"NRI_P114",50
"48969",-2005.470793607,"NRI_P114",100
"48970",-2066.03906360699,"NRI_P114",25
"48971",-4852.73456360697,"NRI_P114",50
"48972",-6508.43203360698,"NRI_P114",100
"48973",-4951.27836360701,"NRI_P114",25
"48974",-6260.96645360696,"NRI_P114",50
"48975",-10192.572483607,"NRI_P114",100
"48976",-3545.96516360698,"NRI_P114",25
"48977",296.938106393034,"NRI_P114",50
"48978",-5428.62953360699,"NRI_P114",100
"48979",473.631536393019,"NRI_P114",25
"48980",-7286.764373607,"NRI_P114",50
"48981",2063.071846393,"NRI_P114",100
"48982",1359.33243639302,"NRI_P114",25
"48983",-3495.82819360698,"NRI_P114",50
"48984",4536.58030639304,"NRI_P114",100
"48985",-1336.83066360699,"NRI_P114",25
"48986",339.069906393008,"NRI_P114",50
"48987",-825.232333606982,"NRI_P114",100
"48988",-2367.00003360701,"NRI_P114",25
"48989",-3426.90266360698,"NRI_P114",50
"48990",-965.015283607005,"NRI_P114",100
"48991",-1058.95559360698,"NRI_P114",25
"48992",-2296.49499360699,"NRI_P114",50
"48993",-6055.67069360695,"NRI_P114",100
"48994",-3016.55664360698,"NRI_P114",25
"48995",-1023.17446360696,"NRI_P114",50
"48996",-5736.88491360698,"NRI_P114",100
"48997",-6401.09626360697,"NRI_P114",25
"48998",885.016506393033,"NRI_P114",50
"48999",-1783.83078360697,"NRI_P114",100
"49000",-3300.94335360697,"NRI_P114",25
"49001",-2144.76748360699,"NRI_P114",50
"49002",-3831.55603360699,"NRI_P114",100
"49003",12614.350906393,"NRI_P114",25
"49004",433.744296393008,"NRI_P114",50
"49005",-3527.92716360698,"NRI_P114",100
"49006",-4157.34799360699,"NRI_P114",25
"49007",294.555506393022,"NRI_P114",50
"49008",-4806.18008360697,"NRI_P114",100
"49009",2313.99553639302,"NRI_P114",25
"49010",-1178.56695360696,"NRI_P114",50
"49011",-2485.76126360695,"NRI_P114",100
"49012",2244.21353639301,"NRI_P114",25
"49013",742.166506392998,"NRI_P114",50
"49014",-7871.40492360695,"NRI_P114",100
"49015",-863.269893607008,"NRI_P114",25
"49016",-4462.47391360695,"NRI_P114",50
"49017",-1561.801753607,"NRI_P114",100
"49018",-2477.931363607,"NRI_P114",25
"49019",1405.65298639302,"NRI_P114",50
"49020",3821.91460639302,"NRI_P114",100
"49021",3817.25880639302,"NRI_P114",25
"49022",-1911.21088360698,"NRI_P114",50
"49023",-6994.52094360697,"NRI_P114",100
"49024",-3174.87966360699,"NRI_P114",25
"49025",2327.39240639302,"NRI_P114",50
"49026",-7070.79574360698,"NRI_P114",100
"49027",-219.115593606955,"NRI_P114",25
"49028",-2919.31576360698,"NRI_P114",50
"49029",-2349.60305360699,"NRI_P114",100
"49030",-894.344963606971,"NRI_P114",25
"49031",-195.660393606988,"NRI_P114",50
"49032",-3782.67747360701,"NRI_P114",100
"49033",3675.37293639302,"NRI_P114",25
"49034",-5910.16380360699,"NRI_P114",50
"49035",-3317.96136360697,"NRI_P114",100
"49036",-1883.10826360696,"NRI_P114",25
"49037",-4590.495553607,"NRI_P114",50
"49038",779.790026393021,"NRI_P114",100
"49039",-2732.65526360698,"NRI_P114",25
"49040",-4548.89354360697,"NRI_P114",50
"49041",-5274.451193607,"NRI_P114",100
"49042",1462.25510639302,"NRI_P114",25
"49043",2481.78562639304,"NRI_P114",50
"49044",-4191.12627360696,"NRI_P114",100
"49045",-3179.75056360697,"NRI_P114",25
"49046",-4359.92425360699,"NRI_P114",50
"49047",-3115.291953607,"NRI_P114",100
"49048",2368.26033639302,"NRI_P114",25
"49049",-2660.27559360699,"NRI_P114",50
"49050",-4938.73394360696,"NRI_P114",100
"49051",1843.58043639304,"NRI_P114",25
"49052",1226.82420639304,"NRI_P114",50
"49053",-654.799043606967,"NRI_P114",100
"49054",1144.85863639304,"NRI_P114",25
"49055",-922.295363607001,"NRI_P114",50
"49056",7647.98610639304,"NRI_P114",100
"49057",263.266936393047,"NRI_P114",25
"49058",739.218536393018,"NRI_P114",50
"49059",-5920.72064360697,"NRI_P114",100
"49060",-3196.70658360695,"NRI_P114",25
"49061",-2833.32776360697,"NRI_P114",50
"49062",-7765.66398360697,"NRI_P114",100
"49063",-2839.61066360696,"NRI_P114",25
"49064",-731.231043606997,"NRI_P114",50
"49065",-3528.58411360701,"NRI_P114",100
"49066",-1535.38576360699,"NRI_P114",25
"49067",3711.52780639305,"NRI_P114",50
"49068",-2295.25243360701,"NRI_P114",100
"49069",-2984.90229360695,"NRI_P114",25
"49070",-2653.49109360698,"NRI_P114",50
"49071",-282.306733606965,"NRI_P114",100
"49072",-49.2954836069839,"NRI_P114",25
"49073",-5603.36007360701,"NRI_P114",50
"49074",-847.330763606995,"NRI_P114",100
"49075",-5201.20616360696,"NRI_P114",25
"49076",-2704.76037360699,"NRI_P114",50
"49077",-9162.30959360697,"NRI_P114",100
"49078",945.389036393026,"NRI_P114",25
"49079",-6624.38695360697,"NRI_P114",50
"49080",8501.51488639304,"NRI_P114",100
"49081",175.214686393039,"NRI_P114",25
"49082",2186.36797639303,"NRI_P114",50
"49083",-2325.35251360701,"NRI_P114",100
"49084",-3202.42501360696,"NRI_P114",25
"49085",-2012.10236360697,"NRI_P114",50
"49086",-3138.89262360695,"NRI_P114",100
"49087",2482.99080639303,"NRI_P114",25
"49088",-664.596663606993,"NRI_P114",50
"49089",-8740.67997360701,"NRI_P114",100
"49090",-149.564453606959,"NRI_P114",25
"49091",-4225.33749360696,"NRI_P114",50
"49092",2073.53301639302,"NRI_P114",100
"49093",4418.03120639303,"NRI_P114",25
"49094",2320.81933639303,"NRI_P114",50
"49095",-9968.09259360697,"NRI_P114",100
"49096",2207.42003639304,"NRI_P114",25
"49097",-2931.90619360696,"NRI_P114",50
"49098",-7298.49805360701,"NRI_P114",100
"49099",-12.4875636069919,"NRI_P114",25
"49100",-1730.67664360697,"NRI_P114",50
"49101",2891.06710639299,"NRI_P114",100
"49102",528.425736393023,"NRI_P114",25
"49103",-2447.991853607,"NRI_P114",50
"49104",4340.89504639304,"NRI_P114",100
"49105",-269.291583606973,"NRI_P114",25
"49106",-1845.30420360697,"NRI_P114",50
"49107",-3555.500743607,"NRI_P114",100
"49108",1678.17593639303,"NRI_P114",25
"49109",-4778.27719360701,"NRI_P114",50
"49110",-1072.516743607,"NRI_P114",100
"49111",-581.322193606989,"NRI_P114",25
"49112",-3308.14344360697,"NRI_P114",50
"49113",1603.69620639301,"NRI_P114",100
"49114",-2798.48439360695,"NRI_P114",25
"49115",-3092.397093607,"NRI_P114",50
"49116",-3772.24432360695,"NRI_P114",100
"49117",3041.80803639302,"NRI_P114",25
"49118",-3230.77179360698,"NRI_P114",50
"49119",-4915.82350360695,"NRI_P114",100
"49120",-121.954933606961,"NRI_P114",25
"49121",-2529.57602360699,"NRI_P114",50
"49122",-6108.84745360696,"NRI_P114",100
"49123",1438.580936393,"NRI_P114",25
"49124",-5296.76509360695,"NRI_P114",50
"49125",-2914.13091360696,"NRI_P114",100
"49126",3540.32043639303,"NRI_P114",25
"49127",-235.237693606992,"NRI_P114",50
"49128",-4325.90246360697,"NRI_P114",100
"49129",50.5065363930189,"NRI_P114",25
"49130",-5221.16988360696,"NRI_P114",50
"49131",-2963.99220360699,"NRI_P114",100
"49132",-4390.39396360697,"NRI_P114",25
"49133",-1700.06128360698,"NRI_P114",50
"49134",-4959.33827360696,"NRI_P114",100
"49135",175.266636393033,"NRI_P114",25
"49136",7618.75641639304,"NRI_P114",50
"49137",-1677.51929360698,"NRI_P114",100
"49138",-1450.47816360695,"NRI_P114",25
"49139",1213.46403639304,"NRI_P114",50
"49140",-8957.27387360699,"NRI_P114",100
"49141",-105.023163606995,"NRI_P114",25
"49142",-4840.23936360696,"NRI_P114",50
"49143",-6020.56722360698,"NRI_P114",100
"49144",5304.171116393,"NRI_P114",25
"49145",-2366.11165360699,"NRI_P114",50
"49146",-3744.10860360699,"NRI_P114",100
"49147",-316.363513607008,"NRI_P114",25
"49148",-1031.36665360699,"NRI_P114",50
"49149",-4311.59008360701,"NRI_P114",100
"49150",-1734.24779360701,"NRI_P114",25
"49151",-6993.883593607,"NRI_P114",50
"49152",-5203.65099360701,"NRI_P114",100
"49153",-229.994163606956,"NRI_P114",25
"49154",-2929.586833607,"NRI_P114",50
"49155",-6756.76925360697,"NRI_P114",100
"49156",-754.463593606954,"NRI_P114",25
"49157",-1757.37276360695,"NRI_P114",50
"49158",-767.482263606973,"NRI_P114",100
"49159",-4228.48586360697,"NRI_P114",25
"49160",-5577.900763607,"NRI_P114",50
"49161",-8528.32905360695,"NRI_P114",100
"49162",-688.60006360698,"NRI_P114",25
"49163",-1993.69368360698,"NRI_P114",50
"49164",-4039.02964360698,"NRI_P114",100
"49165",3020.87783639302,"NRI_P114",25
"49166",1622.654956393,"NRI_P114",50
"49167",-4099.12619360699,"NRI_P114",100
"49168",-1087.770993607,"NRI_P114",25
"49169",-670.667603606998,"NRI_P114",50
"49170",-4225.715793607,"NRI_P114",100
"49171",-2120.93726360699,"NRI_P114",25
"49172",1438.88560639304,"NRI_P114",50
"49173",-6147.161213607,"NRI_P114",100
"49174",-695.062513606972,"NRI_P114",25
"49175",-5442.682273607,"NRI_P114",50
"49176",-1869.43398360698,"NRI_P114",100
"49177",-3458.992663607,"NRI_P114",25
"49178",5551.29393639299,"NRI_P114",50
"49179",7013.613806393,"NRI_P114",100
"49180",-1032.30066360696,"NRI_P114",25
"49181",-3908.99216360698,"NRI_P114",50
"49182",-4211.31162360701,"NRI_P114",100
"49183",-974.619563606975,"NRI_P114",25
"49184",-6459.77423360699,"NRI_P114",50
"49185",-10091.404933607,"NRI_P114",100
"49186",-1379.69279360696,"NRI_P114",25
"49187",-6832.90896360698,"NRI_P114",50
"49188",-4907.93102360697,"NRI_P114",100
"49189",-44.2582936069812,"NRI_P114",25
"49190",-3278.49036360701,"NRI_P114",50
"49191",-302.460463606985,"NRI_P114",100
"49192",2653.85240639304,"NRI_P114",25
"49193",-899.431693606952,"NRI_P114",50
"49194",-8706.49092360697,"NRI_P114",100
"49195",1180.57450639299,"NRI_P114",25
"49196",-1156.83565360698,"NRI_P114",50
"49197",2950.57650639303,"NRI_P114",100
"49198",-2230.41811360698,"NRI_P114",25
"49199",-3266.18462360697,"NRI_P114",50
"49200",-2274.70543360699,"NRI_P114",100
"49201",1346.66363128001,"NRI_P115",25
"49202",26300.37353128,"NRI_P115",50
"49203",15912.45817128,"NRI_P115",100
"49204",1141.01553128002,"NRI_P115",25
"49205",14812.91990128,"NRI_P115",50
"49206",4646.79446127999,"NRI_P115",100
"49207",-135.869048719993,"NRI_P115",25
"49208",1867.07943128003,"NRI_P115",50
"49209",9508.37416127999,"NRI_P115",100
"49210",48.8700512800133,"NRI_P115",25
"49211",-7201.24478871998,"NRI_P115",50
"49212",13746.65459128,"NRI_P115",100
"49213",-5862.27536872,"NRI_P115",25
"49214",-1101.03417871997,"NRI_P115",50
"49215",2008.58746128,"NRI_P115",100
"49216",-3708.82505872002,"NRI_P115",25
"49217",12755.08667128,"NRI_P115",50
"49218",232.570691280009,"NRI_P115",100
"49219",5620.07494128001,"NRI_P115",25
"49220",4127.83212128002,"NRI_P115",50
"49221",16887.56066128,"NRI_P115",100
"49222",1753.09504128003,"NRI_P115",25
"49223",12853.14602128,"NRI_P115",50
"49224",12798.23147128,"NRI_P115",100
"49225",1164.82694127999,"NRI_P115",25
"49226",3874.76219128002,"NRI_P115",50
"49227",1075.27807127999,"NRI_P115",100
"49228",11053.07393128,"NRI_P115",25
"49229",-1303.07157872,"NRI_P115",50
"49230",5736.79218128003,"NRI_P115",100
"49231",-2473.78894871997,"NRI_P115",25
"49232",2880.26224128,"NRI_P115",50
"49233",5563.89547128003,"NRI_P115",100
"49234",3189.85184128,"NRI_P115",25
"49235",-2792.97202872002,"NRI_P115",50
"49236",-768.921958719962,"NRI_P115",100
"49237",3178.42254127999,"NRI_P115",25
"49238",11516.60758128,"NRI_P115",50
"49239",17072.49198128,"NRI_P115",100
"49240",8234.80393127998,"NRI_P115",25
"49241",4482.93665128003,"NRI_P115",50
"49242",14824.11869128,"NRI_P115",100
"49243",-4972.19916871999,"NRI_P115",25
"49244",2517.88133127999,"NRI_P115",50
"49245",5895.25406127999,"NRI_P115",100
"49246",-3261.74685871997,"NRI_P115",25
"49247",-2056.13331871998,"NRI_P115",50
"49248",5667.81041128002,"NRI_P115",100
"49249",4148.38188127999,"NRI_P115",25
"49250",2892.50253127998,"NRI_P115",50
"49251",6621.20186128002,"NRI_P115",100
"49252",1775.79974128003,"NRI_P115",25
"49253",12983.05212128,"NRI_P115",50
"49254",2738.98149128002,"NRI_P115",100
"49255",5432.13534128002,"NRI_P115",25
"49256",-5672.03042872,"NRI_P115",50
"49257",17793.05376128,"NRI_P115",100
"49258",180.665271279984,"NRI_P115",25
"49259",-2074.99326871999,"NRI_P115",50
"49260",30940.85846128,"NRI_P115",100
"49261",1014.65238128003,"NRI_P115",25
"49262",5105.23032128002,"NRI_P115",50
"49263",2442.88977128,"NRI_P115",100
"49264",9156.38673128001,"NRI_P115",25
"49265",10407.05346128,"NRI_P115",50
"49266",17298.20026128,"NRI_P115",100
"49267",1405.82894128002,"NRI_P115",25
"49268",-619.881168719963,"NRI_P115",50
"49269",-1975.07610871998,"NRI_P115",100
"49270",2254.83468128002,"NRI_P115",25
"49271",3961.35148128,"NRI_P115",50
"49272",22052.57446128,"NRI_P115",100
"49273",9154.77278127999,"NRI_P115",25
"49274",4170.76598128001,"NRI_P115",50
"49275",16168.90964128,"NRI_P115",100
"49276",765.21058128,"NRI_P115",25
"49277",-364.667838719964,"NRI_P115",50
"49278",16483.26236128,"NRI_P115",100
"49279",5798.26243127999,"NRI_P115",25
"49280",2031.17863128003,"NRI_P115",50
"49281",-991.654718720005,"NRI_P115",100
"49282",-3253.30105871998,"NRI_P115",25
"49283",2699.12861128,"NRI_P115",50
"49284",13926.49711128,"NRI_P115",100
"49285",-5147.42535872001,"NRI_P115",25
"49286",-1289.91297871998,"NRI_P115",50
"49287",-2054.46345872001,"NRI_P115",100
"49288",4709.44198127999,"NRI_P115",25
"49289",1923.81762128003,"NRI_P115",50
"49290",9398.37950128003,"NRI_P115",100
"49291",8132.20844128,"NRI_P115",25
"49292",-5222.00095871999,"NRI_P115",50
"49293",1470.43250127998,"NRI_P115",100
"49294",2583.05724127998,"NRI_P115",25
"49295",6909.16784128,"NRI_P115",50
"49296",6025.50016127998,"NRI_P115",100
"49297",6815.77998128004,"NRI_P115",25
"49298",12206.73057128,"NRI_P115",50
"49299",1281.71841128002,"NRI_P115",100
"49300",3027.84973128,"NRI_P115",25
"49301",10487.30811128,"NRI_P115",50
"49302",10213.60127128,"NRI_P115",100
"49303",1128.53874128003,"NRI_P115",25
"49304",3239.08882127999,"NRI_P115",50
"49305",2795.48055128002,"NRI_P115",100
"49306",3034.08052128,"NRI_P115",25
"49307",3410.96702128003,"NRI_P115",50
"49308",11638.29909128,"NRI_P115",100
"49309",45.3944112799945,"NRI_P115",25
"49310",3487.29797128,"NRI_P115",50
"49311",25178.71796128,"NRI_P115",100
"49312",1133.65638127999,"NRI_P115",25
"49313",-1286.69240871997,"NRI_P115",50
"49314",1109.25385128002,"NRI_P115",100
"49315",2343.85868127999,"NRI_P115",25
"49316",-2955.22269872,"NRI_P115",50
"49317",5801.65704128001,"NRI_P115",100
"49318",-6543.81545871997,"NRI_P115",25
"49319",5658.49254127999,"NRI_P115",50
"49320",1344.50806128001,"NRI_P115",100
"49321",1065.56753127999,"NRI_P115",25
"49322",3958.03948128002,"NRI_P115",50
"49323",6399.75377128,"NRI_P115",100
"49324",-5536.78005871997,"NRI_P115",25
"49325",6282.64558128,"NRI_P115",50
"49326",4901.97467128001,"NRI_P115",100
"49327",3746.98488127999,"NRI_P115",25
"49328",-523.766668719996,"NRI_P115",50
"49329",10710.04936128,"NRI_P115",100
"49330",7302.47218128003,"NRI_P115",25
"49331",1334.54938128003,"NRI_P115",50
"49332",-510.513838719984,"NRI_P115",100
"49333",7991.88243127998,"NRI_P115",25
"49334",3978.22448128002,"NRI_P115",50
"49335",24100.48629128,"NRI_P115",100
"49336",-3201.75616871996,"NRI_P115",25
"49337",4311.98827128002,"NRI_P115",50
"49338",26374.25236128,"NRI_P115",100
"49339",8802.30548128003,"NRI_P115",25
"49340",8881.83116127999,"NRI_P115",50
"49341",4045.71636128001,"NRI_P115",100
"49342",1294.89893128001,"NRI_P115",25
"49343",-5232.41791871999,"NRI_P115",50
"49344",-87.2720287200063,"NRI_P115",100
"49345",-8732.45795871998,"NRI_P115",25
"49346",-65.854128720006,"NRI_P115",50
"49347",-2480.13436872,"NRI_P115",100
"49348",1970.28664127999,"NRI_P115",25
"49349",-985.327458720014,"NRI_P115",50
"49350",13825.16441128,"NRI_P115",100
"49351",3782.64037128002,"NRI_P115",25
"49352",16238.79941128,"NRI_P115",50
"49353",-3738.07501872,"NRI_P115",100
"49354",1748.35123128002,"NRI_P115",25
"49355",-2467.18971871998,"NRI_P115",50
"49356",22557.47236128,"NRI_P115",100
"49357",5817.78023128002,"NRI_P115",25
"49358",-2277.86306871998,"NRI_P115",50
"49359",14384.69942128,"NRI_P115",100
"49360",8584.90563127998,"NRI_P115",25
"49361",2011.06373127998,"NRI_P115",50
"49362",3654.51092128002,"NRI_P115",100
"49363",12029.32263128,"NRI_P115",25
"49364",6992.18127127999,"NRI_P115",50
"49365",1397.18277128,"NRI_P115",100
"49366",1981.62257127999,"NRI_P115",25
"49367",9707.48697128001,"NRI_P115",50
"49368",7714.96809128002,"NRI_P115",100
"49369",21.0898312799982,"NRI_P115",25
"49370",-86.2580187199637,"NRI_P115",50
"49371",10.1643512800219,"NRI_P115",100
"49372",4536.20298127999,"NRI_P115",25
"49373",5162.34086127998,"NRI_P115",50
"49374",15629.87127128,"NRI_P115",100
"49375",813.863641279982,"NRI_P115",25
"49376",11264.34308128,"NRI_P115",50
"49377",23502.85896128,"NRI_P115",100
"49378",7894.18112128001,"NRI_P115",25
"49379",7722.11294128001,"NRI_P115",50
"49380",282.438851280021,"NRI_P115",100
"49381",-2881.81905871996,"NRI_P115",25
"49382",13436.64097128,"NRI_P115",50
"49383",3509.08899128,"NRI_P115",100
"49384",1379.42044128,"NRI_P115",25
"49385",6618.78207128,"NRI_P115",50
"49386",9110.92927128001,"NRI_P115",100
"49387",-3940.33885871997,"NRI_P115",25
"49388",6650.19147128001,"NRI_P115",50
"49389",3300.00046128,"NRI_P115",100
"49390",2434.06518128002,"NRI_P115",25
"49391",-529.880558719975,"NRI_P115",50
"49392",7955.45646128,"NRI_P115",100
"49393",842.338741280022,"NRI_P115",25
"49394",4038.92953128001,"NRI_P115",50
"49395",3081.59626128001,"NRI_P115",100
"49396",979.492941280012,"NRI_P115",25
"49397",3937.52398127998,"NRI_P115",50
"49398",4415.82878128003,"NRI_P115",100
"49399",-940.055008719966,"NRI_P115",25
"49400",-702.078148719971,"NRI_P115",50
"49401",3282.57617128,"NRI_P115",100
"49402",1066.86708127998,"NRI_P115",25
"49403",9164.91788128001,"NRI_P115",50
"49404",11689.14233128,"NRI_P115",100
"49405",7400.76348128001,"NRI_P115",25
"49406",-3023.03921871999,"NRI_P115",50
"49407",13018.51247128,"NRI_P115",100
"49408",875.306941280025,"NRI_P115",25
"49409",6099.52154128003,"NRI_P115",50
"49410",17880.19119128,"NRI_P115",100
"49411",-331.045138720016,"NRI_P115",25
"49412",4088.88423128001,"NRI_P115",50
"49413",-1000.49602871999,"NRI_P115",100
"49414",-725.149358719995,"NRI_P115",25
"49415",7071.83063128003,"NRI_P115",50
"49416",4043.53118128004,"NRI_P115",100
"49417",410.479241280002,"NRI_P115",25
"49418",3055.92053127999,"NRI_P115",50
"49419",8486.24711127998,"NRI_P115",100
"49420",-3790.02482871996,"NRI_P115",25
"49421",409.121421280026,"NRI_P115",50
"49422",15908.43146128,"NRI_P115",100
"49423",225.455841279996,"NRI_P115",25
"49424",-3304.64615872002,"NRI_P115",50
"49425",8699.90776128002,"NRI_P115",100
"49426",-7265.03175872,"NRI_P115",25
"49427",3253.14779128,"NRI_P115",50
"49428",9458.10507128004,"NRI_P115",100
"49429",146.289681280032,"NRI_P115",25
"49430",-2327.92948871996,"NRI_P115",50
"49431",10708.96872128,"NRI_P115",100
"49432",16643.87948128,"NRI_P115",25
"49433",6254.82051128004,"NRI_P115",50
"49434",11207.01136128,"NRI_P115",100
"49435",9669.14674127998,"NRI_P115",25
"49436",11675.99197128,"NRI_P115",50
"49437",-3947.64978872001,"NRI_P115",100
"49438",-180.885568719998,"NRI_P115",25
"49439",5853.64167128003,"NRI_P115",50
"49440",13654.97351128,"NRI_P115",100
"49441",-5747.82502871996,"NRI_P115",25
"49442",9966.94717127999,"NRI_P115",50
"49443",2979.07996127999,"NRI_P115",100
"49444",-7239.42374871997,"NRI_P115",25
"49445",2795.18328127998,"NRI_P115",50
"49446",-1584.45838872,"NRI_P115",100
"49447",-5634.76015872002,"NRI_P115",25
"49448",3297.87580128002,"NRI_P115",50
"49449",13839.44437128,"NRI_P115",100
"49450",4251.68267128,"NRI_P115",25
"49451",6169.36057128001,"NRI_P115",50
"49452",8105.53006128001,"NRI_P115",100
"49453",4297.89224128,"NRI_P115",25
"49454",-741.690818719973,"NRI_P115",50
"49455",9987.32476128003,"NRI_P115",100
"49456",3589.14188128,"NRI_P115",25
"49457",8989.46568128001,"NRI_P115",50
"49458",-2753.07466872002,"NRI_P115",100
"49459",-5177.23228871997,"NRI_P115",25
"49460",8893.70378128003,"NRI_P115",50
"49461",6090.29727128003,"NRI_P115",100
"49462",10927.26003128,"NRI_P115",25
"49463",11662.40467128,"NRI_P115",50
"49464",2707.02684127999,"NRI_P115",100
"49465",3012.83343127999,"NRI_P115",25
"49466",13954.93376128,"NRI_P115",50
"49467",15004.19716128,"NRI_P115",100
"49468",1837.00423128001,"NRI_P115",25
"49469",325.015231280006,"NRI_P115",50
"49470",13757.09737128,"NRI_P115",100
"49471",-7873.79282872,"NRI_P115",25
"49472",6345.87097128003,"NRI_P115",50
"49473",9303.84321128001,"NRI_P115",100
"49474",3217.39364128001,"NRI_P115",25
"49475",244.238091279985,"NRI_P115",50
"49476",14919.99927128,"NRI_P115",100
"49477",-1426.22235871997,"NRI_P115",25
"49478",-2536.09642871999,"NRI_P115",50
"49479",447.731261280016,"NRI_P115",100
"49480",-669.841358719976,"NRI_P115",25
"49481",15209.56407128,"NRI_P115",50
"49482",1311.81780128001,"NRI_P115",100
"49483",1948.14648127998,"NRI_P115",25
"49484",9922.50272128003,"NRI_P115",50
"49485",1841.58407128003,"NRI_P115",100
"49486",1224.79413127998,"NRI_P115",25
"49487",5388.54652128002,"NRI_P115",50
"49488",14423.31325128,"NRI_P115",100
"49489",523.705341280031,"NRI_P115",25
"49490",12838.27948128,"NRI_P115",50
"49491",-1281.45323872002,"NRI_P115",100
"49492",2075.56453128002,"NRI_P115",25
"49493",6552.93093128002,"NRI_P115",50
"49494",2939.50834127999,"NRI_P115",100
"49495",2677.34213127999,"NRI_P115",25
"49496",532.677111280034,"NRI_P115",50
"49497",12900.88924128,"NRI_P115",100
"49498",5068.80524128,"NRI_P115",25
"49499",-85.8169987199944,"NRI_P115",50
"49500",19495.33326128,"NRI_P115",100
"49501",-4482.08561257098,"NRI_P118",25
"49502",17297.827517429,"NRI_P118",50
"49503",12868.421467429,"NRI_P118",100
"49504",2816.16842742899,"NRI_P118",25
"49505",6329.59584742901,"NRI_P118",50
"49506",23182.850217429,"NRI_P118",100
"49507",-5800.70763257099,"NRI_P118",25
"49508",38783.783567429,"NRI_P118",50
"49509",23673.717777429,"NRI_P118",100
"49510",-3010.17823257099,"NRI_P118",25
"49511",4757.87579742901,"NRI_P118",50
"49512",43262.214097429,"NRI_P118",100
"49513",-458.769812571001,"NRI_P118",25
"49514",44197.567117429,"NRI_P118",50
"49515",13166.041627429,"NRI_P118",100
"49516",3873.69135742902,"NRI_P118",25
"49517",20165.707187429,"NRI_P118",50
"49518",30071.046557429,"NRI_P118",100
"49519",15940.929387429,"NRI_P118",25
"49520",1344.49249742902,"NRI_P118",50
"49521",-2154.54557257099,"NRI_P118",100
"49522",-1061.46905257099,"NRI_P118",25
"49523",22347.292317429,"NRI_P118",50
"49524",16428.237797429,"NRI_P118",100
"49525",15490.109997429,"NRI_P118",25
"49526",13697.251177429,"NRI_P118",50
"49527",18408.609757429,"NRI_P118",100
"49528",-1113.072672571,"NRI_P118",25
"49529",22749.341267429,"NRI_P118",50
"49530",9435.547197429,"NRI_P118",100
"49531",-1468.16453257098,"NRI_P118",25
"49532",-852.650352570985,"NRI_P118",50
"49533",551.816927428998,"NRI_P118",100
"49534",11514.941607429,"NRI_P118",25
"49535",8662.75944742898,"NRI_P118",50
"49536",5223.38700742897,"NRI_P118",100
"49537",616.040577428997,"NRI_P118",25
"49538",2130.79880742898,"NRI_P118",50
"49539",16995.728367429,"NRI_P118",100
"49540",-646.286012571014,"NRI_P118",25
"49541",20461.283817429,"NRI_P118",50
"49542",7878.01572742901,"NRI_P118",100
"49543",-435.611982571019,"NRI_P118",25
"49544",3398.77781742899,"NRI_P118",50
"49545",13023.742607429,"NRI_P118",100
"49546",-1538.74920257099,"NRI_P118",25
"49547",44321.555927429,"NRI_P118",50
"49548",18782.357247429,"NRI_P118",100
"49549",2788.88103742898,"NRI_P118",25
"49550",16078.604837429,"NRI_P118",50
"49551",14536.371197429,"NRI_P118",100
"49552",-1976.333612571,"NRI_P118",25
"49553",-2179.16291257099,"NRI_P118",50
"49554",263.429217429017,"NRI_P118",100
"49555",7287.07553742902,"NRI_P118",25
"49556",1859.52241742902,"NRI_P118",50
"49557",34350.076277429,"NRI_P118",100
"49558",10981.410787429,"NRI_P118",25
"49559",8372.06203742902,"NRI_P118",50
"49560",54535.093337429,"NRI_P118",100
"49561",1596.57128742902,"NRI_P118",25
"49562",11851.351567429,"NRI_P118",50
"49563",19617.694457429,"NRI_P118",100
"49564",13958.261157429,"NRI_P118",25
"49565",5359.31603742897,"NRI_P118",50
"49566",12170.082297429,"NRI_P118",100
"49567",9225.42715742899,"NRI_P118",25
"49568",18017.458537429,"NRI_P118",50
"49569",-194.388182570983,"NRI_P118",100
"49570",7972.96847742901,"NRI_P118",25
"49571",5203.465847429,"NRI_P118",50
"49572",11649.648757429,"NRI_P118",100
"49573",2227.64976742899,"NRI_P118",25
"49574",14445.311187429,"NRI_P118",50
"49575",21162.456077429,"NRI_P118",100
"49576",15872.667637429,"NRI_P118",25
"49577",6027.13108742901,"NRI_P118",50
"49578",38238.851517429,"NRI_P118",100
"49579",4454.89226742898,"NRI_P118",25
"49580",14737.032397429,"NRI_P118",50
"49581",23501.531707429,"NRI_P118",100
"49582",2898.79016742902,"NRI_P118",25
"49583",6224.94346742902,"NRI_P118",50
"49584",6006.35126742901,"NRI_P118",100
"49585",10223.782367429,"NRI_P118",25
"49586",-8177.51511257101,"NRI_P118",50
"49587",9087.28556742897,"NRI_P118",100
"49588",9858.30110742903,"NRI_P118",25
"49589",5158.27895742899,"NRI_P118",50
"49590",28455.831737429,"NRI_P118",100
"49591",-3892.07897257101,"NRI_P118",25
"49592",3542.610607429,"NRI_P118",50
"49593",25291.180187429,"NRI_P118",100
"49594",3810.932097429,"NRI_P118",25
"49595",15692.092367429,"NRI_P118",50
"49596",8831.78095742897,"NRI_P118",100
"49597",6591.54244742898,"NRI_P118",25
"49598",5875.17614742898,"NRI_P118",50
"49599",4758.46838742902,"NRI_P118",100
"49600",-3547.46283257101,"NRI_P118",25
"49601",-8559.673852571,"NRI_P118",50
"49602",15348.281987429,"NRI_P118",100
"49603",-2708.84685257101,"NRI_P118",25
"49604",-1343.70874257101,"NRI_P118",50
"49605",8102.05886742898,"NRI_P118",100
"49606",-297.731592571014,"NRI_P118",25
"49607",1869.54688742902,"NRI_P118",50
"49608",38885.648907429,"NRI_P118",100
"49609",11193.613957429,"NRI_P118",25
"49610",21291.479747429,"NRI_P118",50
"49611",16455.511887429,"NRI_P118",100
"49612",6041.937127429,"NRI_P118",25
"49613",3276.11171742901,"NRI_P118",50
"49614",24128.708327429,"NRI_P118",100
"49615",-3141.40736257099,"NRI_P118",25
"49616",6523.63170742901,"NRI_P118",50
"49617",33840.310167429,"NRI_P118",100
"49618",13095.219077429,"NRI_P118",25
"49619",12466.288677429,"NRI_P118",50
"49620",25921.793057429,"NRI_P118",100
"49621",20164.764387429,"NRI_P118",25
"49622",3248.171647429,"NRI_P118",50
"49623",10492.572547429,"NRI_P118",100
"49624",-1316.59363257099,"NRI_P118",25
"49625",23462.267107429,"NRI_P118",50
"49626",4262.46964742901,"NRI_P118",100
"49627",621.297637428972,"NRI_P118",25
"49628",22345.104997429,"NRI_P118",50
"49629",1630.366157429,"NRI_P118",100
"49630",13246.336567429,"NRI_P118",25
"49631",-8237.20097257098,"NRI_P118",50
"49632",10999.029187429,"NRI_P118",100
"49633",-1613.98179257102,"NRI_P118",25
"49634",8381.24549742899,"NRI_P118",50
"49635",-436.30656257103,"NRI_P118",100
"49636",6035.35021742899,"NRI_P118",25
"49637",11282.005647429,"NRI_P118",50
"49638",-1797.69208257098,"NRI_P118",100
"49639",-9859.85253257101,"NRI_P118",25
"49640",6703.61413742899,"NRI_P118",50
"49641",73585.138007429,"NRI_P118",100
"49642",20836.933347429,"NRI_P118",25
"49643",5318.64865742897,"NRI_P118",50
"49644",8177.89580742898,"NRI_P118",100
"49645",6046.84427742899,"NRI_P118",25
"49646",8086.20482742897,"NRI_P118",50
"49647",21300.699907429,"NRI_P118",100
"49648",-5867.31423257099,"NRI_P118",25
"49649",-1337.51450257102,"NRI_P118",50
"49650",10692.477587429,"NRI_P118",100
"49651",1554.30266742897,"NRI_P118",25
"49652",7387.17065742897,"NRI_P118",50
"49653",-11871.318452571,"NRI_P118",100
"49654",-966.897992571001,"NRI_P118",25
"49655",16488.991577429,"NRI_P118",50
"49656",15132.560997429,"NRI_P118",100
"49657",-606.687562571024,"NRI_P118",25
"49658",-5572.53631257103,"NRI_P118",50
"49659",10674.724167429,"NRI_P118",100
"49660",-1475.71072257101,"NRI_P118",25
"49661",8755.236127429,"NRI_P118",50
"49662",22550.424057429,"NRI_P118",100
"49663",2878.92041742901,"NRI_P118",25
"49664",-1129.704522571,"NRI_P118",50
"49665",6851.26808742899,"NRI_P118",100
"49666",17444.329907429,"NRI_P118",25
"49667",-5039.61683257099,"NRI_P118",50
"49668",9911.06509742897,"NRI_P118",100
"49669",-397.210422570992,"NRI_P118",25
"49670",25108.991867429,"NRI_P118",50
"49671",25150.672537429,"NRI_P118",100
"49672",17872.535967429,"NRI_P118",25
"49673",8627.14716742898,"NRI_P118",50
"49674",42340.089837429,"NRI_P118",100
"49675",3124.64797742898,"NRI_P118",25
"49676",715.700947428995,"NRI_P118",50
"49677",34824.320407429,"NRI_P118",100
"49678",7887.71546742902,"NRI_P118",25
"49679",5725.90151742898,"NRI_P118",50
"49680",29011.132797429,"NRI_P118",100
"49681",-5222.03485257103,"NRI_P118",25
"49682",10696.475207429,"NRI_P118",50
"49683",5549.76131742902,"NRI_P118",100
"49684",-2625.08897257101,"NRI_P118",25
"49685",-4522.92876257101,"NRI_P118",50
"49686",15548.075197429,"NRI_P118",100
"49687",-3572.26752257103,"NRI_P118",25
"49688",15145.549007429,"NRI_P118",50
"49689",-4894.87174257101,"NRI_P118",100
"49690",-1727.01411257102,"NRI_P118",25
"49691",20757.254437429,"NRI_P118",50
"49692",26487.961837429,"NRI_P118",100
"49693",7789.28851742897,"NRI_P118",25
"49694",20182.449927429,"NRI_P118",50
"49695",29360.069657429,"NRI_P118",100
"49696",-3659.933362571,"NRI_P118",25
"49697",-497.768232571019,"NRI_P118",50
"49698",-4579.41695257102,"NRI_P118",100
"49699",-3923.79332257103,"NRI_P118",25
"49700",-5352.38666257099,"NRI_P118",50
"49701",25852.690287429,"NRI_P118",100
"49702",12791.234867429,"NRI_P118",25
"49703",-11607.984022571,"NRI_P118",50
"49704",-9117.66468257102,"NRI_P118",100
"49705",-2386.56173257099,"NRI_P118",25
"49706",12528.440597429,"NRI_P118",50
"49707",16815.252697429,"NRI_P118",100
"49708",-2864.13550257101,"NRI_P118",25
"49709",-3292.99652257102,"NRI_P118",50
"49710",15051.720307429,"NRI_P118",100
"49711",4137.67600742902,"NRI_P118",25
"49712",10873.131587429,"NRI_P118",50
"49713",-1154.49139257101,"NRI_P118",100
"49714",-4803.40301257098,"NRI_P118",25
"49715",-11016.671652571,"NRI_P118",50
"49716",28845.448697429,"NRI_P118",100
"49717",3156.46677742898,"NRI_P118",25
"49718",18033.318567429,"NRI_P118",50
"49719",15633.687927429,"NRI_P118",100
"49720",-2069.83781257103,"NRI_P118",25
"49721",7587.08596742898,"NRI_P118",50
"49722",4993.007737429,"NRI_P118",100
"49723",3260.45532742899,"NRI_P118",25
"49724",-8787.34473257099,"NRI_P118",50
"49725",5399.27306742902,"NRI_P118",100
"49726",6271.652467429,"NRI_P118",25
"49727",17893.664487429,"NRI_P118",50
"49728",-3533.56786257098,"NRI_P118",100
"49729",16083.791797429,"NRI_P118",25
"49730",20993.417117429,"NRI_P118",50
"49731",23655.857137429,"NRI_P118",100
"49732",-1350.16572257102,"NRI_P118",25
"49733",20291.323187429,"NRI_P118",50
"49734",4385.59153742902,"NRI_P118",100
"49735",1671.93445742899,"NRI_P118",25
"49736",8378.19465742901,"NRI_P118",50
"49737",24474.918027429,"NRI_P118",100
"49738",3511.07877742901,"NRI_P118",25
"49739",-687.008982571017,"NRI_P118",50
"49740",4177.312807429,"NRI_P118",100
"49741",12112.980737429,"NRI_P118",25
"49742",-7498.58973257098,"NRI_P118",50
"49743",14529.038387429,"NRI_P118",100
"49744",-5510.83821257099,"NRI_P118",25
"49745",3895.47586742899,"NRI_P118",50
"49746",20592.360757429,"NRI_P118",100
"49747",-897.641082571005,"NRI_P118",25
"49748",3441.63983742899,"NRI_P118",50
"49749",23339.713487429,"NRI_P118",100
"49750",12135.225587429,"NRI_P118",25
"49751",9965.48578742897,"NRI_P118",50
"49752",7659.55613742903,"NRI_P118",100
"49753",1661.48116742901,"NRI_P118",25
"49754",31947.155857429,"NRI_P118",50
"49755",10058.423557429,"NRI_P118",100
"49756",8935.615407429,"NRI_P118",25
"49757",17504.897697429,"NRI_P118",50
"49758",34792.580397429,"NRI_P118",100
"49759",7704.75902742898,"NRI_P118",25
"49760",1776.03518742899,"NRI_P118",50
"49761",22931.752777429,"NRI_P118",100
"49762",-5297.74517257098,"NRI_P118",25
"49763",33042.708367429,"NRI_P118",50
"49764",31608.782697429,"NRI_P118",100
"49765",-1183.311902571,"NRI_P118",25
"49766",-1906.52518257103,"NRI_P118",50
"49767",41012.218527429,"NRI_P118",100
"49768",1175.47441742901,"NRI_P118",25
"49769",8297.105607429,"NRI_P118",50
"49770",12622.400447429,"NRI_P118",100
"49771",-1853.47398257098,"NRI_P118",25
"49772",7197.56790742901,"NRI_P118",50
"49773",4205.02748742898,"NRI_P118",100
"49774",2362.86940742901,"NRI_P118",25
"49775",24121.950737429,"NRI_P118",50
"49776",33142.756197429,"NRI_P118",100
"49777",5671.49434742902,"NRI_P118",25
"49778",-603.412252571026,"NRI_P118",50
"49779",22008.067597429,"NRI_P118",100
"49780",-6018.98326257098,"NRI_P118",25
"49781",16944.191937429,"NRI_P118",50
"49782",41387.829177429,"NRI_P118",100
"49783",1311.18532742898,"NRI_P118",25
"49784",1575.32121742901,"NRI_P118",50
"49785",9587.02498742897,"NRI_P118",100
"49786",-5874.481652571,"NRI_P118",25
"49787",10624.958867429,"NRI_P118",50
"49788",2340.44557742903,"NRI_P118",100
"49789",9976.10426742898,"NRI_P118",25
"49790",8804.59409742901,"NRI_P118",50
"49791",11990.742517429,"NRI_P118",100
"49792",-3507.25795257097,"NRI_P118",25
"49793",-3395.959162571,"NRI_P118",50
"49794",-1168.34518257098,"NRI_P118",100
"49795",15618.247457429,"NRI_P118",25
"49796",30213.271157429,"NRI_P118",50
"49797",27729.598037429,"NRI_P118",100
"49798",7591.04938742903,"NRI_P118",25
"49799",15664.369797429,"NRI_P118",50
"49800",20503.014987429,"NRI_P118",100
"49801",9199.48378397699,"NRI_P119",25
"49802",-2671.38564602297,"NRI_P119",50
"49803",18733.459263977,"NRI_P119",100
"49804",-3519.01428602298,"NRI_P119",25
"49805",-1010.41826602293,"NRI_P119",50
"49806",21509.335353977,"NRI_P119",100
"49807",2190.060243977,"NRI_P119",25
"49808",3874.012083977,"NRI_P119",50
"49809",12557.553333977,"NRI_P119",100
"49810",1454.24821397697,"NRI_P119",25
"49811",-5142.87075602298,"NRI_P119",50
"49812",51845.917083977,"NRI_P119",100
"49813",-6898.77305602294,"NRI_P119",25
"49814",-6211.68268602295,"NRI_P119",50
"49815",19667.119483977,"NRI_P119",100
"49816",27522.6224639771,"NRI_P119",25
"49817",11317.389143977,"NRI_P119",50
"49818",-3766.64975602296,"NRI_P119",100
"49819",-4635.61357602302,"NRI_P119",25
"49820",208.306743977009,"NRI_P119",50
"49821",27944.423853977,"NRI_P119",100
"49822",994.899843977066,"NRI_P119",25
"49823",-5125.91746602301,"NRI_P119",50
"49824",10304.093493977,"NRI_P119",100
"49825",-2931.76265602303,"NRI_P119",25
"49826",7264.97545397701,"NRI_P119",50
"49827",34824.125923977,"NRI_P119",100
"49828",-4410.15361602302,"NRI_P119",25
"49829",27360.1247539771,"NRI_P119",50
"49830",28430.0575939771,"NRI_P119",100
"49831",20.7771839770721,"NRI_P119",25
"49832",4597.63308397704,"NRI_P119",50
"49833",21443.2570939771,"NRI_P119",100
"49834",-1826.57495602302,"NRI_P119",25
"49835",46529.451543977,"NRI_P119",50
"49836",1302.71893397707,"NRI_P119",100
"49837",7841.41234397702,"NRI_P119",25
"49838",13870.7529339771,"NRI_P119",50
"49839",9628.20173397707,"NRI_P119",100
"49840",-1668.63883602293,"NRI_P119",25
"49841",38661.719043977,"NRI_P119",50
"49842",52668.031703977,"NRI_P119",100
"49843",227.729883976979,"NRI_P119",25
"49844",22862.8078839771,"NRI_P119",50
"49845",43668.527883977,"NRI_P119",100
"49846",12018.559843977,"NRI_P119",25
"49847",11528.522463977,"NRI_P119",50
"49848",76010.500223977,"NRI_P119",100
"49849",-2371.12663602293,"NRI_P119",25
"49850",9567.72128397704,"NRI_P119",50
"49851",25419.155953977,"NRI_P119",100
"49852",2447.95194397704,"NRI_P119",25
"49853",26158.6889839771,"NRI_P119",50
"49854",10190.739483977,"NRI_P119",100
"49855",14524.138143977,"NRI_P119",25
"49856",296.453083976987,"NRI_P119",50
"49857",64901.7224939771,"NRI_P119",100
"49858",11127.118283977,"NRI_P119",25
"49859",-3921.02201602294,"NRI_P119",50
"49860",9948.18026397703,"NRI_P119",100
"49861",2684.921483977,"NRI_P119",25
"49862",3286.50875397702,"NRI_P119",50
"49863",10265.466603977,"NRI_P119",100
"49864",11414.5257439771,"NRI_P119",25
"49865",4854.95240397705,"NRI_P119",50
"49866",26044.065183977,"NRI_P119",100
"49867",6484.33824397705,"NRI_P119",25
"49868",5207.40378397703,"NRI_P119",50
"49869",16672.949613977,"NRI_P119",100
"49870",32969.4795439771,"NRI_P119",25
"49871",2920.28368397697,"NRI_P119",50
"49872",-1101.91291602293,"NRI_P119",100
"49873",3881.30848397699,"NRI_P119",25
"49874",24285.7748439771,"NRI_P119",50
"49875",-554.167316023028,"NRI_P119",100
"49876",18877.782083977,"NRI_P119",25
"49877",-5278.55627602292,"NRI_P119",50
"49878",85096.054843977,"NRI_P119",100
"49879",15682.508043977,"NRI_P119",25
"49880",18747.599463977,"NRI_P119",50
"49881",22024.5757239771,"NRI_P119",100
"49882",3813.03494397702,"NRI_P119",25
"49883",6124.36590397707,"NRI_P119",50
"49884",68949.7067639771,"NRI_P119",100
"49885",-3180.63515602297,"NRI_P119",25
"49886",33829.290203977,"NRI_P119",50
"49887",14039.760783977,"NRI_P119",100
"49888",4319.22028397699,"NRI_P119",25
"49889",-13465.093546023,"NRI_P119",50
"49890",43068.452383977,"NRI_P119",100
"49891",269.463213977055,"NRI_P119",25
"49892",45711.262483977,"NRI_P119",50
"49893",3972.77329397702,"NRI_P119",100
"49894",-8479.80975602299,"NRI_P119",25
"49895",-1020.57571602298,"NRI_P119",50
"49896",31235.9531239771,"NRI_P119",100
"49897",-3847.65011602303,"NRI_P119",25
"49898",14354.141683977,"NRI_P119",50
"49899",11610.312093977,"NRI_P119",100
"49900",5082.95902397705,"NRI_P119",25
"49901",28011.200443977,"NRI_P119",50
"49902",33065.518863977,"NRI_P119",100
"49903",1590.53904397704,"NRI_P119",25
"49904",13715.952613977,"NRI_P119",50
"49905",-8239.75161602302,"NRI_P119",100
"49906",4289.436283977,"NRI_P119",25
"49907",-2271.11141602299,"NRI_P119",50
"49908",21863.2747839771,"NRI_P119",100
"49909",6227.71294397698,"NRI_P119",25
"49910",42916.3663939771,"NRI_P119",50
"49911",42160.6467539771,"NRI_P119",100
"49912",-401.349036023021,"NRI_P119",25
"49913",3026.27300397702,"NRI_P119",50
"49914",5387.59291397699,"NRI_P119",100
"49915",33283.586343977,"NRI_P119",25
"49916",17201.708043977,"NRI_P119",50
"49917",18770.177993977,"NRI_P119",100
"49918",15297.7186439771,"NRI_P119",25
"49919",26016.938773977,"NRI_P119",50
"49920",43181.663683977,"NRI_P119",100
"49921",11757.8899839771,"NRI_P119",25
"49922",15330.303243977,"NRI_P119",50
"49923",-4127.86404602299,"NRI_P119",100
"49924",15517.401043977,"NRI_P119",25
"49925",3027.17234397703,"NRI_P119",50
"49926",32597.795203977,"NRI_P119",100
"49927",1183.17708397703,"NRI_P119",25
"49928",48269.910963977,"NRI_P119",50
"49929",-1664.44871602301,"NRI_P119",100
"49930",3051.72414397704,"NRI_P119",25
"49931",-1464.796716023,"NRI_P119",50
"49932",3814.89932397706,"NRI_P119",100
"49933",-4166.55245602294,"NRI_P119",25
"49934",-3732.58050602302,"NRI_P119",50
"49935",23898.215193977,"NRI_P119",100
"49936",-3664.50195602293,"NRI_P119",25
"49937",16357.3505239771,"NRI_P119",50
"49938",16921.1037339771,"NRI_P119",100
"49939",11532.2469439771,"NRI_P119",25
"49940",-424.848706022953,"NRI_P119",50
"49941",32929.868993977,"NRI_P119",100
"49942",-3833.80811602296,"NRI_P119",25
"49943",52036.846243977,"NRI_P119",50
"49944",19620.534303977,"NRI_P119",100
"49945",8424.990343977,"NRI_P119",25
"49946",-4033.74825602293,"NRI_P119",50
"49947",19324.648113977,"NRI_P119",100
"49948",-1781.06070602301,"NRI_P119",25
"49949",6418.58541397704,"NRI_P119",50
"49950",11450.458523977,"NRI_P119",100
"49951",-2076.79351602297,"NRI_P119",25
"49952",-643.248956023017,"NRI_P119",50
"49953",-9903.72777602298,"NRI_P119",100
"49954",-4733.77683602297,"NRI_P119",25
"49955",-1408.98463602294,"NRI_P119",50
"49956",14835.389803977,"NRI_P119",100
"49957",11221.891303977,"NRI_P119",25
"49958",9891.26102397707,"NRI_P119",50
"49959",34132.080423977,"NRI_P119",100
"49960",-3624.14411602297,"NRI_P119",25
"49961",-3627.66137602297,"NRI_P119",50
"49962",-7223.33589602297,"NRI_P119",100
"49963",10010.307843977,"NRI_P119",25
"49964",5275.54424397706,"NRI_P119",50
"49965",6002.770783977,"NRI_P119",100
"49966",7029.60904397699,"NRI_P119",25
"49967",18445.6464639771,"NRI_P119",50
"49968",22021.5629739771,"NRI_P119",100
"49969",-10990.500956023,"NRI_P119",25
"49970",25069.556483977,"NRI_P119",50
"49971",57269.183933977,"NRI_P119",100
"49972",551.800783977029,"NRI_P119",25
"49973",18803.184713977,"NRI_P119",50
"49974",43615.1525639771,"NRI_P119",100
"49975",1443.520493977,"NRI_P119",25
"49976",-5502.56115602294,"NRI_P119",50
"49977",35856.252283977,"NRI_P119",100
"49978",6187.771883977,"NRI_P119",25
"49979",30955.2594939771,"NRI_P119",50
"49980",3565.57779397699,"NRI_P119",100
"49981",9120.61984397704,"NRI_P119",25
"49982",-2852.82105602301,"NRI_P119",50
"49983",61863.1747339771,"NRI_P119",100
"49984",1825.05614397698,"NRI_P119",25
"49985",21548.477383977,"NRI_P119",50
"49986",7808.67817397707,"NRI_P119",100
"49987",4008.35448397708,"NRI_P119",25
"49988",-3131.05541602301,"NRI_P119",50
"49989",-14468.403526023,"NRI_P119",100
"49990",-8696.52335602301,"NRI_P119",25
"49991",48482.3751539771,"NRI_P119",50
"49992",-12021.768456023,"NRI_P119",100
"49993",-401.940556022921,"NRI_P119",25
"49994",21790.1432839771,"NRI_P119",50
"49995",50805.873723977,"NRI_P119",100
"49996",2245.271883977,"NRI_P119",25
"49997",2468.29338397703,"NRI_P119",50
"49998",-5869.62296602293,"NRI_P119",100
"49999",-2244.04422602302,"NRI_P119",25
"50000",11029.418683977,"NRI_P119",50
"50001",25094.780353977,"NRI_P119",100
"50002",3493.89574397705,"NRI_P119",25
"50003",14622.573503977,"NRI_P119",50
"50004",29445.120893977,"NRI_P119",100
"50005",-4084.76301602297,"NRI_P119",25
"50006",15285.913293977,"NRI_P119",50
"50007",-12163.186006023,"NRI_P119",100
"50008",10482.1916439771,"NRI_P119",25
"50009",10096.023033977,"NRI_P119",50
"50010",-3659.77778602298,"NRI_P119",100
"50011",4240.39278397697,"NRI_P119",25
"50012",9679.394743977,"NRI_P119",50
"50013",-978.155466023018,"NRI_P119",100
"50014",-3492.85715602303,"NRI_P119",25
"50015",12597.099883977,"NRI_P119",50
"50016",26917.786943977,"NRI_P119",100
"50017",4984.34948397707,"NRI_P119",25
"50018",395.503083977033,"NRI_P119",50
"50019",-2568.32555602293,"NRI_P119",100
"50020",3699.48558397708,"NRI_P119",25
"50021",-2372.54874602298,"NRI_P119",50
"50022",12651.8050239771,"NRI_P119",100
"50023",1453.65088397707,"NRI_P119",25
"50024",-2583.22063602298,"NRI_P119",50
"50025",-3737.53711602301,"NRI_P119",100
"50026",-697.816056023003,"NRI_P119",25
"50027",-3235.182876023,"NRI_P119",50
"50028",76244.766783977,"NRI_P119",100
"50029",9758.58944397699,"NRI_P119",25
"50030",12375.643443977,"NRI_P119",50
"50031",16972.673573977,"NRI_P119",100
"50032",17917.384943977,"NRI_P119",25
"50033",10665.7708839771,"NRI_P119",50
"50034",36369.383293977,"NRI_P119",100
"50035",-2351.34321602294,"NRI_P119",25
"50036",6721.000113977,"NRI_P119",50
"50037",7642.15679397702,"NRI_P119",100
"50038",8342.62924397702,"NRI_P119",25
"50039",-3931.979186023,"NRI_P119",50
"50040",6082.36644397699,"NRI_P119",100
"50041",31368.907783977,"NRI_P119",25
"50042",9160.90755397698,"NRI_P119",50
"50043",-8816.29234602302,"NRI_P119",100
"50044",1602.31074397697,"NRI_P119",25
"50045",11647.926453977,"NRI_P119",50
"50046",-9211.19816602301,"NRI_P119",100
"50047",11820.9976439771,"NRI_P119",25
"50048",25597.287343977,"NRI_P119",50
"50049",-4991.86338602297,"NRI_P119",100
"50050",-2257.57078602293,"NRI_P119",25
"50051",-6337.33227602299,"NRI_P119",50
"50052",42266.050643977,"NRI_P119",100
"50053",-3478.49462602299,"NRI_P119",25
"50054",-7910.89404602302,"NRI_P119",50
"50055",27617.6705439771,"NRI_P119",100
"50056",-3306.124366023,"NRI_P119",25
"50057",23279.523183977,"NRI_P119",50
"50058",13825.8785639771,"NRI_P119",100
"50059",11014.702643977,"NRI_P119",25
"50060",-2458.89798602299,"NRI_P119",50
"50061",-2652.22241602303,"NRI_P119",100
"50062",-2991.010756023,"NRI_P119",25
"50063",1618.35958397703,"NRI_P119",50
"50064",63564.614493977,"NRI_P119",100
"50065",-3326.63655602303,"NRI_P119",25
"50066",6995.75136397697,"NRI_P119",50
"50067",10850.9866839771,"NRI_P119",100
"50068",17347.265153977,"NRI_P119",25
"50069",10016.929143977,"NRI_P119",50
"50070",51710.1934639771,"NRI_P119",100
"50071",-5949.30745602294,"NRI_P119",25
"50072",-1844.61155602301,"NRI_P119",50
"50073",-2717.22705602297,"NRI_P119",100
"50074",10717.888643977,"NRI_P119",25
"50075",-960.527216022951,"NRI_P119",50
"50076",14113.531843977,"NRI_P119",100
"50077",-1293.96115602297,"NRI_P119",25
"50078",24460.403533977,"NRI_P119",50
"50079",19777.271133977,"NRI_P119",100
"50080",-7101.12135602301,"NRI_P119",25
"50081",-6538.77375602303,"NRI_P119",50
"50082",-5046.83360602299,"NRI_P119",100
"50083",-8140.95135602297,"NRI_P119",25
"50084",6179.64995397697,"NRI_P119",50
"50085",25796.266223977,"NRI_P119",100
"50086",-3223.913016023,"NRI_P119",25
"50087",20337.728093977,"NRI_P119",50
"50088",602.518793976982,"NRI_P119",100
"50089",-606.343016022933,"NRI_P119",25
"50090",-456.16651602299,"NRI_P119",50
"50091",5811.07962397707,"NRI_P119",100
"50092",-34.0094560229918,"NRI_P119",25
"50093",5111.36218397703,"NRI_P119",50
"50094",6093.50554397702,"NRI_P119",100
"50095",26436.455193977,"NRI_P119",25
"50096",679.030443976982,"NRI_P119",50
"50097",39054.806623977,"NRI_P119",100
"50098",15553.6898239771,"NRI_P119",25
"50099",47179.694213977,"NRI_P119",50
"50100",20610.481963977,"NRI_P119",100
"50101",2600.08176374098,"NRI_P120",25
"50102",-9802.04829625902,"NRI_P120",50
"50103",-35177.865266259,"NRI_P120",100
"50104",-11160.965306259,"NRI_P120",25
"50105",-11511.415556259,"NRI_P120",50
"50106",-25870.652146259,"NRI_P120",100
"50107",-5682.25974625902,"NRI_P120",25
"50108",-17469.218296259,"NRI_P120",50
"50109",-24255.870846259,"NRI_P120",100
"50110",-24836.519526259,"NRI_P120",25
"50111",-6201.79745625902,"NRI_P120",50
"50112",-24615.852186259,"NRI_P120",100
"50113",-13539.005906259,"NRI_P120",25
"50114",-24615.514896259,"NRI_P120",50
"50115",-34058.658556259,"NRI_P120",100
"50116",-11999.460606259,"NRI_P120",25
"50117",-13560.504226259,"NRI_P120",50
"50118",-26940.334856259,"NRI_P120",100
"50119",2491.82472374098,"NRI_P120",25
"50120",-25585.675126259,"NRI_P120",50
"50121",-30871.384806259,"NRI_P120",100
"50122",-12672.743376259,"NRI_P120",25
"50123",-22764.942206259,"NRI_P120",50
"50124",-29110.993306259,"NRI_P120",100
"50125",1523.31129374099,"NRI_P120",25
"50126",-13191.446226259,"NRI_P120",50
"50127",-28582.762386259,"NRI_P120",100
"50128",-16998.941806259,"NRI_P120",25
"50129",-16592.645636259,"NRI_P120",50
"50130",-34555.319046259,"NRI_P120",100
"50131",-15886.261596259,"NRI_P120",25
"50132",-3437.78576625901,"NRI_P120",50
"50133",-35936.209736259,"NRI_P120",100
"50134",-8905.01837625902,"NRI_P120",25
"50135",-14295.554366259,"NRI_P120",50
"50136",-13393.690696259,"NRI_P120",100
"50137",1346.70899374096,"NRI_P120",25
"50138",-16407.434816259,"NRI_P120",50
"50139",-28939.226916259,"NRI_P120",100
"50140",-3496.344206259,"NRI_P120",25
"50141",-9802.26404625899,"NRI_P120",50
"50142",-26951.485216259,"NRI_P120",100
"50143",-12323.797926259,"NRI_P120",25
"50144",-18403.978976259,"NRI_P120",50
"50145",-14065.508166259,"NRI_P120",100
"50146",-9308.84610625904,"NRI_P120",25
"50147",-15692.477026259,"NRI_P120",50
"50148",-25648.200246259,"NRI_P120",100
"50149",-2500.591706259,"NRI_P120",25
"50150",-17048.949816259,"NRI_P120",50
"50151",-25657.535196259,"NRI_P120",100
"50152",-6674.06370625901,"NRI_P120",25
"50153",-5575.26456625899,"NRI_P120",50
"50154",-26888.108946259,"NRI_P120",100
"50155",-7547.22210625903,"NRI_P120",25
"50156",-16233.340676259,"NRI_P120",50
"50157",-30831.605006259,"NRI_P120",100
"50158",-11429.773536259,"NRI_P120",25
"50159",-6131.52626625902,"NRI_P120",50
"50160",-22763.847686259,"NRI_P120",100
"50161",1476.58636374096,"NRI_P120",25
"50162",-1797.93183625903,"NRI_P120",50
"50163",-25835.847206259,"NRI_P120",100
"50164",-6850.795106259,"NRI_P120",25
"50165",-9932.85485625901,"NRI_P120",50
"50166",-21947.137856259,"NRI_P120",100
"50167",3328.82319374097,"NRI_P120",25
"50168",5681.62595374096,"NRI_P120",50
"50169",-32826.862316259,"NRI_P120",100
"50170",-4212.794166259,"NRI_P120",25
"50171",2061.751653741,"NRI_P120",50
"50172",-26156.580976259,"NRI_P120",100
"50173",-13407.103756259,"NRI_P120",25
"50174",-18174.505006259,"NRI_P120",50
"50175",-22518.820796259,"NRI_P120",100
"50176",-7606.192366259,"NRI_P120",25
"50177",-2299.63361625903,"NRI_P120",50
"50178",-29790.773526259,"NRI_P120",100
"50179",-4032.84442625899,"NRI_P120",25
"50180",-23556.365676259,"NRI_P120",50
"50181",-23120.088546259,"NRI_P120",100
"50182",-3502.67050625902,"NRI_P120",25
"50183",-14385.327996259,"NRI_P120",50
"50184",-25380.012526259,"NRI_P120",100
"50185",-22543.238686259,"NRI_P120",25
"50186",-10980.176456259,"NRI_P120",50
"50187",-29505.749606259,"NRI_P120",100
"50188",-10385.538506259,"NRI_P120",25
"50189",-14197.510146259,"NRI_P120",50
"50190",-34915.290166259,"NRI_P120",100
"50191",-3652.67050625902,"NRI_P120",25
"50192",-4533.643466259,"NRI_P120",50
"50193",-26791.215156259,"NRI_P120",100
"50194",-9417.73120625899,"NRI_P120",25
"50195",1092.90717374097,"NRI_P120",50
"50196",-14429.647506259,"NRI_P120",100
"50197",-8290.52110625902,"NRI_P120",25
"50198",-13545.929476259,"NRI_P120",50
"50199",-22219.693786259,"NRI_P120",100
"50200",-28784.247726259,"NRI_P120",25
"50201",-18420.159056259,"NRI_P120",50
"50202",-32290.072456259,"NRI_P120",100
"50203",-2703.29810625903,"NRI_P120",25
"50204",-26227.500066259,"NRI_P120",50
"50205",-23206.024356259,"NRI_P120",100
"50206",-1415.509636259,"NRI_P120",25
"50207",-12867.326836259,"NRI_P120",50
"50208",-23389.987166259,"NRI_P120",100
"50209",-3497.33740625903,"NRI_P120",25
"50210",-18186.136736259,"NRI_P120",50
"50211",-25191.832266259,"NRI_P120",100
"50212",-12392.479906259,"NRI_P120",25
"50213",-26439.203996259,"NRI_P120",50
"50214",-20844.757246259,"NRI_P120",100
"50215",-9756.53422625898,"NRI_P120",25
"50216",-19543.242046259,"NRI_P120",50
"50217",-31494.647786259,"NRI_P120",100
"50218",-20287.261406259,"NRI_P120",25
"50219",-5680.73590625898,"NRI_P120",50
"50220",-29907.469686259,"NRI_P120",100
"50221",-10165.154266259,"NRI_P120",25
"50222",-16085.268406259,"NRI_P120",50
"50223",-17154.720876259,"NRI_P120",100
"50224",-13640.845966259,"NRI_P120",25
"50225",-24920.521496259,"NRI_P120",50
"50226",-32810.076376259,"NRI_P120",100
"50227",-5948.51400625904,"NRI_P120",25
"50228",-5969.696486259,"NRI_P120",50
"50229",-13182.330416259,"NRI_P120",100
"50230",-4536.74408625899,"NRI_P120",25
"50231",-12255.991336259,"NRI_P120",50
"50232",-33904.167096259,"NRI_P120",100
"50233",-3881.82519625901,"NRI_P120",25
"50234",-8402.32036625902,"NRI_P120",50
"50235",-7209.02645625902,"NRI_P120",100
"50236",-17946.819006259,"NRI_P120",25
"50237",-6499.23391625902,"NRI_P120",50
"50238",-27767.097076259,"NRI_P120",100
"50239",-3339.75132625899,"NRI_P120",25
"50240",-14489.504786259,"NRI_P120",50
"50241",-23741.673546259,"NRI_P120",100
"50242",-9845.95340625901,"NRI_P120",25
"50243",9704.25287374097,"NRI_P120",50
"50244",-29149.291446259,"NRI_P120",100
"50245",189.706373740977,"NRI_P120",25
"50246",-5183.40869625902,"NRI_P120",50
"50247",-20448.050006259,"NRI_P120",100
"50248",504.007893741014,"NRI_P120",25
"50249",-19810.919386259,"NRI_P120",50
"50250",-29954.315586259,"NRI_P120",100
"50251",6417.66489374096,"NRI_P120",25
"50252",-24406.275756259,"NRI_P120",50
"50253",-20180.163286259,"NRI_P120",100
"50254",2082.08587374102,"NRI_P120",25
"50255",-11500.571256259,"NRI_P120",50
"50256",-11641.890576259,"NRI_P120",100
"50257",-4151.94957625901,"NRI_P120",25
"50258",-20978.999086259,"NRI_P120",50
"50259",-36061.709106259,"NRI_P120",100
"50260",-10690.470206259,"NRI_P120",25
"50261",-11472.564626259,"NRI_P120",50
"50262",-36290.037196259,"NRI_P120",100
"50263",-52.2641562590143,"NRI_P120",25
"50264",-2837.00049625902,"NRI_P120",50
"50265",-35305.472846259,"NRI_P120",100
"50266",-12475.092156259,"NRI_P120",25
"50267",719.920033740986,"NRI_P120",50
"50268",-27095.059636259,"NRI_P120",100
"50269",5270.44677374099,"NRI_P120",25
"50270",-22323.034096259,"NRI_P120",50
"50271",-21825.851156259,"NRI_P120",100
"50272",-15297.108206259,"NRI_P120",25
"50273",-2208.80441625899,"NRI_P120",50
"50274",-31073.116676259,"NRI_P120",100
"50275",-10979.154856259,"NRI_P120",25
"50276",-14114.617406259,"NRI_P120",50
"50277",-25502.531186259,"NRI_P120",100
"50278",-17489.977136259,"NRI_P120",25
"50279",-13651.326386259,"NRI_P120",50
"50280",-4528.98167625902,"NRI_P120",100
"50281",-7849.66269625904,"NRI_P120",25
"50282",1988.38017374097,"NRI_P120",50
"50283",-32638.799446259,"NRI_P120",100
"50284",7409.968523741,"NRI_P120",25
"50285",-13829.369686259,"NRI_P120",50
"50286",-25017.065006259,"NRI_P120",100
"50287",-13869.662606259,"NRI_P120",25
"50288",12263.357223741,"NRI_P120",50
"50289",-22425.394566259,"NRI_P120",100
"50290",-5590.45510625903,"NRI_P120",25
"50291",-21587.691326259,"NRI_P120",50
"50292",-9361.64905625902,"NRI_P120",100
"50293",-12798.341476259,"NRI_P120",25
"50294",-17592.439726259,"NRI_P120",50
"50295",-30861.672046259,"NRI_P120",100
"50296",-1889.26775625901,"NRI_P120",25
"50297",1781.79096374102,"NRI_P120",50
"50298",-33285.050776259,"NRI_P120",100
"50299",-14868.475926259,"NRI_P120",25
"50300",-2477.54379625904,"NRI_P120",50
"50301",-17609.102766259,"NRI_P120",100
"50302",-957.678846259019,"NRI_P120",25
"50303",-16747.479446259,"NRI_P120",50
"50304",-12246.241916259,"NRI_P120",100
"50305",-1928.98946625902,"NRI_P120",25
"50306",-16413.081076259,"NRI_P120",50
"50307",-18970.878636259,"NRI_P120",100
"50308",-5646.306206259,"NRI_P120",25
"50309",-10474.778896259,"NRI_P120",50
"50310",6653.12283374101,"NRI_P120",100
"50311",5808.15462374099,"NRI_P120",25
"50312",-20346.449786259,"NRI_P120",50
"50313",-13885.667286259,"NRI_P120",100
"50314",-4927.90253625903,"NRI_P120",25
"50315",-19733.670846259,"NRI_P120",50
"50316",-31492.866936259,"NRI_P120",100
"50317",-13.0416262589861,"NRI_P120",25
"50318",-17237.166546259,"NRI_P120",50
"50319",-32101.766036259,"NRI_P120",100
"50320",-13043.772406259,"NRI_P120",25
"50321",-13359.347316259,"NRI_P120",50
"50322",-31273.428626259,"NRI_P120",100
"50323",-22537.117286259,"NRI_P120",25
"50324",-12340.421026259,"NRI_P120",50
"50325",-25275.679616259,"NRI_P120",100
"50326",-3399.06651625899,"NRI_P120",25
"50327",-2977.33987625904,"NRI_P120",50
"50328",-18880.103586259,"NRI_P120",100
"50329",-15618.095816259,"NRI_P120",25
"50330",-18822.379236259,"NRI_P120",50
"50331",-15611.975316259,"NRI_P120",100
"50332",-21073.629806259,"NRI_P120",25
"50333",19587.186823741,"NRI_P120",50
"50334",-20990.549246259,"NRI_P120",100
"50335",-4239.743316259,"NRI_P120",25
"50336",-3301.23347625899,"NRI_P120",50
"50337",-12492.897876259,"NRI_P120",100
"50338",-420.889626258984,"NRI_P120",25
"50339",-8528.93482625904,"NRI_P120",50
"50340",-12364.638286259,"NRI_P120",100
"50341",4104.82914374099,"NRI_P120",25
"50342",-1315.15130625898,"NRI_P120",50
"50343",-35036.393236259,"NRI_P120",100
"50344",-5258.82560625899,"NRI_P120",25
"50345",-2521.17511625902,"NRI_P120",50
"50346",-25584.950506259,"NRI_P120",100
"50347",-5520.00002625899,"NRI_P120",25
"50348",-11185.191126259,"NRI_P120",50
"50349",-22605.425086259,"NRI_P120",100
"50350",-14936.623526259,"NRI_P120",25
"50351",406.323093740968,"NRI_P120",50
"50352",-13361.113276259,"NRI_P120",100
"50353",-4390.07769625902,"NRI_P120",25
"50354",-19624.895966259,"NRI_P120",50
"50355",-22788.037406259,"NRI_P120",100
"50356",-25650.736356259,"NRI_P120",25
"50357",651.219473741017,"NRI_P120",50
"50358",-23053.241976259,"NRI_P120",100
"50359",425.650793740992,"NRI_P120",25
"50360",-6695.57864625903,"NRI_P120",50
"50361",-28628.625556259,"NRI_P120",100
"50362",-1735.77582625899,"NRI_P120",25
"50363",-23247.575526259,"NRI_P120",50
"50364",-25437.710846259,"NRI_P120",100
"50365",-5660.07101625903,"NRI_P120",25
"50366",1017.87116374099,"NRI_P120",50
"50367",-26804.497006259,"NRI_P120",100
"50368",-13563.482406259,"NRI_P120",25
"50369",-15659.746096259,"NRI_P120",50
"50370",-27815.101316259,"NRI_P120",100
"50371",7588.255453741,"NRI_P120",25
"50372",-5918.11683625903,"NRI_P120",50
"50373",-17099.580136259,"NRI_P120",100
"50374",-1285.255356259,"NRI_P120",25
"50375",-12113.941596259,"NRI_P120",50
"50376",-21985.005116259,"NRI_P120",100
"50377",-13224.519326259,"NRI_P120",25
"50378",-27686.521956259,"NRI_P120",50
"50379",-30816.402346259,"NRI_P120",100
"50380",-283.824126259016,"NRI_P120",25
"50381",-23990.602826259,"NRI_P120",50
"50382",-30884.660556259,"NRI_P120",100
"50383",-13825.879106259,"NRI_P120",25
"50384",-8274.85485625901,"NRI_P120",50
"50385",-31296.468376259,"NRI_P120",100
"50386",-2701.88620625902,"NRI_P120",25
"50387",-19185.501036259,"NRI_P120",50
"50388",-17069.083516259,"NRI_P120",100
"50389",2473.37487374101,"NRI_P120",25
"50390",-16823.210126259,"NRI_P120",50
"50391",-31078.796186259,"NRI_P120",100
"50392",-18181.976346259,"NRI_P120",25
"50393",-10133.480306259,"NRI_P120",50
"50394",-27280.495696259,"NRI_P120",100
"50395",5356.97701374098,"NRI_P120",25
"50396",-21850.695046259,"NRI_P120",50
"50397",-32162.736436259,"NRI_P120",100
"50398",-3686.64288625901,"NRI_P120",25
"50399",-18344.339746259,"NRI_P120",50
"50400",-4.39382625900907,"NRI_P120",100
"50401",-7640.16246745398,"NRI_P122",25
"50402",-9654.21328745398,"NRI_P122",50
"50403",5850.91356254602,"NRI_P122",100
"50404",9921.46417254605,"NRI_P122",25
"50405",-14027.167987454,"NRI_P122",50
"50406",9131.58987254603,"NRI_P122",100
"50407",3035.91647254606,"NRI_P122",25
"50408",-8990.92522745399,"NRI_P122",50
"50409",26950.564732546,"NRI_P122",100
"50410",-154.886687453953,"NRI_P122",25
"50411",-6859.10325745394,"NRI_P122",50
"50412",6576.60277254606,"NRI_P122",100
"50413",-5844.33788745396,"NRI_P122",25
"50414",8120.80316254601,"NRI_P122",50
"50415",12029.228202546,"NRI_P122",100
"50416",-8921.38525745395,"NRI_P122",25
"50417",10551.344082546,"NRI_P122",50
"50418",2248.41695254605,"NRI_P122",100
"50419",-6630.39054745395,"NRI_P122",25
"50420",-1623.427957454,"NRI_P122",50
"50421",-3944.65830745397,"NRI_P122",100
"50422",957.794212546025,"NRI_P122",25
"50423",-2280.83100745396,"NRI_P122",50
"50424",6926.15974254603,"NRI_P122",100
"50425",-1379.177957454,"NRI_P122",25
"50426",1863.51892254601,"NRI_P122",50
"50427",12436.4268525461,"NRI_P122",100
"50428",7199.47833254602,"NRI_P122",25
"50429",-12769.880137454,"NRI_P122",50
"50430",13433.977032546,"NRI_P122",100
"50431",-6029.092287454,"NRI_P122",25
"50432",-4131.40065745398,"NRI_P122",50
"50433",11446.248582546,"NRI_P122",100
"50434",1815.51465254603,"NRI_P122",25
"50435",-2970.53024745395,"NRI_P122",50
"50436",708.749112546036,"NRI_P122",100
"50437",-3078.58964745398,"NRI_P122",25
"50438",5186.98899254604,"NRI_P122",50
"50439",9045.33951254602,"NRI_P122",100
"50440",5657.38085254602,"NRI_P122",25
"50441",-5421.21554745396,"NRI_P122",50
"50442",11970.306822546,"NRI_P122",100
"50443",13151.202542546,"NRI_P122",25
"50444",4914.78827254602,"NRI_P122",50
"50445",-1079.376587454,"NRI_P122",100
"50446",-3183.06738745398,"NRI_P122",25
"50447",-1164.15767745394,"NRI_P122",50
"50448",538.434822546027,"NRI_P122",100
"50449",-4859.77088745398,"NRI_P122",25
"50450",-13183.331437454,"NRI_P122",50
"50451",-13481.409147454,"NRI_P122",100
"50452",-3801.49196745397,"NRI_P122",25
"50453",-12608.6738074539,"NRI_P122",50
"50454",790.281922546041,"NRI_P122",100
"50455",-2392.109487454,"NRI_P122",25
"50456",-5362.18136745394,"NRI_P122",50
"50457",-1730.23191745399,"NRI_P122",100
"50458",704.527292546001,"NRI_P122",25
"50459",10901.879422546,"NRI_P122",50
"50460",-6615.29158745398,"NRI_P122",100
"50461",6801.59624254605,"NRI_P122",25
"50462",-2275.28413745394,"NRI_P122",50
"50463",9393.77277254604,"NRI_P122",100
"50464",-5750.41129745397,"NRI_P122",25
"50465",-11971.183167454,"NRI_P122",50
"50466",-1786.19027745398,"NRI_P122",100
"50467",3507.18743254605,"NRI_P122",25
"50468",20923.616062546,"NRI_P122",50
"50469",4851.50805254601,"NRI_P122",100
"50470",-6483.39437745395,"NRI_P122",25
"50471",-1306.56088745396,"NRI_P122",50
"50472",8799.72135254601,"NRI_P122",100
"50473",310.72770254605,"NRI_P122",25
"50474",2256.84091254603,"NRI_P122",50
"50475",13184.350162546,"NRI_P122",100
"50476",403.247242546058,"NRI_P122",25
"50477",-10621.5522474539,"NRI_P122",50
"50478",15253.6879525461,"NRI_P122",100
"50479",-6879.57752745395,"NRI_P122",25
"50480",15733.587602546,"NRI_P122",50
"50481",2787.45017254603,"NRI_P122",100
"50482",-5995.67790745397,"NRI_P122",25
"50483",-13682.375387454,"NRI_P122",50
"50484",-13505.140627454,"NRI_P122",100
"50485",-13533.609687454,"NRI_P122",25
"50486",12340.628382546,"NRI_P122",50
"50487",26745.482812546,"NRI_P122",100
"50488",-10758.881377454,"NRI_P122",25
"50489",-11323.1186074539,"NRI_P122",50
"50490",-7857.54382745398,"NRI_P122",100
"50491",-4992.25790745398,"NRI_P122",25
"50492",-809.417627453979,"NRI_P122",50
"50493",-10463.749357454,"NRI_P122",100
"50494",-2920.43159745395,"NRI_P122",25
"50495",1025.34143254603,"NRI_P122",50
"50496",56961.605942546,"NRI_P122",100
"50497",-1317.31189745397,"NRI_P122",25
"50498",-4642.753047454,"NRI_P122",50
"50499",-14227.6673174539,"NRI_P122",100
"50500",3869.90196254605,"NRI_P122",25
"50501",10496.961572546,"NRI_P122",50
"50502",10492.5874225461,"NRI_P122",100
"50503",-2859.48617745395,"NRI_P122",25
"50504",413.932122546015,"NRI_P122",50
"50505",11078.9787425461,"NRI_P122",100
"50506",-313.068587453978,"NRI_P122",25
"50507",9453.57309254602,"NRI_P122",50
"50508",9227.79693254601,"NRI_P122",100
"50509",-388.68317745399,"NRI_P122",25
"50510",6419.28143254603,"NRI_P122",50
"50511",-13279.126507454,"NRI_P122",100
"50512",4084.668452546,"NRI_P122",25
"50513",-9648.80109745398,"NRI_P122",50
"50514",12210.756582546,"NRI_P122",100
"50515",-820.994327453955,"NRI_P122",25
"50516",3693.59710254602,"NRI_P122",50
"50517",4460.495752546,"NRI_P122",100
"50518",-5602.16819745395,"NRI_P122",25
"50519",-10926.626977454,"NRI_P122",50
"50520",-9537.68636745395,"NRI_P122",100
"50521",-8232.76581745397,"NRI_P122",25
"50522",1865.517752546,"NRI_P122",50
"50523",-6.85016745398752,"NRI_P122",100
"50524",4370.14668254601,"NRI_P122",25
"50525",-198.585987453989,"NRI_P122",50
"50526",-6593.28770745394,"NRI_P122",100
"50527",-5914.77127745398,"NRI_P122",25
"50528",-11894.709767454,"NRI_P122",50
"50529",-6036.80584745394,"NRI_P122",100
"50530",5573.36745254602,"NRI_P122",25
"50531",-7263.77379745396,"NRI_P122",50
"50532",-8050.08310745395,"NRI_P122",100
"50533",-519.848157453991,"NRI_P122",25
"50534",-11817.021017454,"NRI_P122",50
"50535",-14032.505237454,"NRI_P122",100
"50536",-4817.95979745395,"NRI_P122",25
"50537",11259.186662546,"NRI_P122",50
"50538",-5122.76363745396,"NRI_P122",100
"50539",274.100132546038,"NRI_P122",25
"50540",6777.65803254605,"NRI_P122",50
"50541",25624.352792546,"NRI_P122",100
"50542",49.0722125460161,"NRI_P122",25
"50543",-1378.85107745399,"NRI_P122",50
"50544",5883.21921254601,"NRI_P122",100
"50545",6668.78926254605,"NRI_P122",25
"50546",-3998.198757454,"NRI_P122",50
"50547",-7083.92918745399,"NRI_P122",100
"50548",10655.786612546,"NRI_P122",25
"50549",-5401.51097745396,"NRI_P122",50
"50550",-3714.38083745399,"NRI_P122",100
"50551",-9809.56150745397,"NRI_P122",25
"50552",4620.66840254603,"NRI_P122",50
"50553",-5114.97743745398,"NRI_P122",100
"50554",894.804492546013,"NRI_P122",25
"50555",-1059.88520745398,"NRI_P122",50
"50556",-19840.898547454,"NRI_P122",100
"50557",1722.74768254603,"NRI_P122",25
"50558",3401.40483254602,"NRI_P122",50
"50559",-8880.55623745394,"NRI_P122",100
"50560",-2339.10775745398,"NRI_P122",25
"50561",-12226.521707454,"NRI_P122",50
"50562",-8676.48395745398,"NRI_P122",100
"50563",2111.47152254602,"NRI_P122",25
"50564",-5761.58499745396,"NRI_P122",50
"50565",-18471.8610174539,"NRI_P122",100
"50566",-1151.28927745397,"NRI_P122",25
"50567",-13978.445137454,"NRI_P122",50
"50568",33472.170012546,"NRI_P122",100
"50569",-3818.64591745398,"NRI_P122",25
"50570",-10445.002397454,"NRI_P122",50
"50571",19124.232712546,"NRI_P122",100
"50572",-6325.48205745395,"NRI_P122",25
"50573",2474.611242546,"NRI_P122",50
"50574",3841.71386254602,"NRI_P122",100
"50575",10952.239012546,"NRI_P122",25
"50576",5276.52825254604,"NRI_P122",50
"50577",24208.646832546,"NRI_P122",100
"50578",-2874.56718745397,"NRI_P122",25
"50579",-5923.97175745398,"NRI_P122",50
"50580",15923.707472546,"NRI_P122",100
"50581",-3794.75990745396,"NRI_P122",25
"50582",9872.28558254603,"NRI_P122",50
"50583",17647.131762546,"NRI_P122",100
"50584",2362.14506254601,"NRI_P122",25
"50585",11758.558802546,"NRI_P122",50
"50586",13693.594342546,"NRI_P122",100
"50587",-2958.08159745397,"NRI_P122",25
"50588",11314.632652546,"NRI_P122",50
"50589",34947.069512546,"NRI_P122",100
"50590",2006.22481254605,"NRI_P122",25
"50591",-753.637017453962,"NRI_P122",50
"50592",-9055.34841745399,"NRI_P122",100
"50593",-3889.26856745395,"NRI_P122",25
"50594",-10048.814327454,"NRI_P122",50
"50595",5691.71143254603,"NRI_P122",100
"50596",10312.099512546,"NRI_P122",25
"50597",10047.780642546,"NRI_P122",50
"50598",-8400.11183745397,"NRI_P122",100
"50599",4509.99100254604,"NRI_P122",25
"50600",1927.87031254603,"NRI_P122",50
"50601",618.324092546012,"NRI_P122",100
"50602",-3113.00773745397,"NRI_P122",25
"50603",4778.85443254601,"NRI_P122",50
"50604",-13610.061157454,"NRI_P122",100
"50605",-2801.57548745396,"NRI_P122",25
"50606",-4824.80103745399,"NRI_P122",50
"50607",912.151822546031,"NRI_P122",100
"50608",2712.32741254603,"NRI_P122",25
"50609",-4301.34303745395,"NRI_P122",50
"50610",-9801.59527745395,"NRI_P122",100
"50611",2585.37121254602,"NRI_P122",25
"50612",-3533.51485745399,"NRI_P122",50
"50613",6803.60242254601,"NRI_P122",100
"50614",-193.131147453969,"NRI_P122",25
"50615",1130.94526254601,"NRI_P122",50
"50616",-12124.518867454,"NRI_P122",100
"50617",-5814.54585745395,"NRI_P122",25
"50618",3593.43523254601,"NRI_P122",50
"50619",17709.022922546,"NRI_P122",100
"50620",-8507.32796745398,"NRI_P122",25
"50621",8918.87666254601,"NRI_P122",50
"50622",-2922.09809745394,"NRI_P122",100
"50623",-241.340807453962,"NRI_P122",25
"50624",3622.61445254605,"NRI_P122",50
"50625",5049.06736254605,"NRI_P122",100
"50626",-1466.90359745396,"NRI_P122",25
"50627",-11837.4026174539,"NRI_P122",50
"50628",1889.92645254603,"NRI_P122",100
"50629",2903.50534254604,"NRI_P122",25
"50630",183.152722546016,"NRI_P122",50
"50631",-5920.72909745399,"NRI_P122",100
"50632",6949.83014254604,"NRI_P122",25
"50633",1280.772002546,"NRI_P122",50
"50634",25722.159812546,"NRI_P122",100
"50635",1510.51874254603,"NRI_P122",25
"50636",-1159.62049745396,"NRI_P122",50
"50637",12958.498712546,"NRI_P122",100
"50638",874.994072546018,"NRI_P122",25
"50639",-7046.04608745396,"NRI_P122",50
"50640",52022.025552546,"NRI_P122",100
"50641",2833.73672254605,"NRI_P122",25
"50642",-3779.51114745397,"NRI_P122",50
"50643",2346.75687254604,"NRI_P122",100
"50644",-6087.13456745399,"NRI_P122",25
"50645",-3933.75928745396,"NRI_P122",50
"50646",11195.465292546,"NRI_P122",100
"50647",-3524.71056745399,"NRI_P122",25
"50648",10588.023972546,"NRI_P122",50
"50649",277.882812546042,"NRI_P122",100
"50650",-5261.43602745398,"NRI_P122",25
"50651",-2366.08570745395,"NRI_P122",50
"50652",9207.85139254603,"NRI_P122",100
"50653",2648.15722254605,"NRI_P122",25
"50654",22679.3497525461,"NRI_P122",50
"50655",-5346.238347454,"NRI_P122",100
"50656",-2676.09014745394,"NRI_P122",25
"50657",-4086.391547454,"NRI_P122",50
"50658",-9731.16009745398,"NRI_P122",100
"50659",10132.456752546,"NRI_P122",25
"50660",12070.0287525461,"NRI_P122",50
"50661",-14087.723827454,"NRI_P122",100
"50662",7666.37037254602,"NRI_P122",25
"50663",5946.88150254602,"NRI_P122",50
"50664",-15001.389317454,"NRI_P122",100
"50665",4085.498672546,"NRI_P122",25
"50666",1807.33189254603,"NRI_P122",50
"50667",-2912.64013745397,"NRI_P122",100
"50668",-8445.34237745398,"NRI_P122",25
"50669",-8376.572557454,"NRI_P122",50
"50670",8861.99438254605,"NRI_P122",100
"50671",-7049.74255745398,"NRI_P122",25
"50672",9040.56229254603,"NRI_P122",50
"50673",-4212.03634745395,"NRI_P122",100
"50674",-8034.11525745399,"NRI_P122",25
"50675",17990.014682546,"NRI_P122",50
"50676",-2088.64084745396,"NRI_P122",100
"50677",16892.144562546,"NRI_P122",25
"50678",1886.27990254603,"NRI_P122",50
"50679",-7606.87088745396,"NRI_P122",100
"50680",-9625.15570745396,"NRI_P122",25
"50681",-1590.00562745397,"NRI_P122",50
"50682",8953.62901254604,"NRI_P122",100
"50683",-1394.66472745396,"NRI_P122",25
"50684",10921.055702546,"NRI_P122",50
"50685",1417.30061254604,"NRI_P122",100
"50686",7023.53412254603,"NRI_P122",25
"50687",-7334.44650745398,"NRI_P122",50
"50688",488.271172546025,"NRI_P122",100
"50689",8086.74034254602,"NRI_P122",25
"50690",2667.38488254603,"NRI_P122",50
"50691",1624.50418254605,"NRI_P122",100
"50692",-4526.63590745395,"NRI_P122",25
"50693",14466.473352546,"NRI_P122",50
"50694",-5768.33270745398,"NRI_P122",100
"50695",-8136.79125745397,"NRI_P122",25
"50696",-126.619577453996,"NRI_P122",50
"50697",7253.89311254601,"NRI_P122",100
"50698",2244.64569254604,"NRI_P122",25
"50699",1400.64903254603,"NRI_P122",50
"50700",13010.477102546,"NRI_P122",100
"50701",-4786.17776950699,"NRI_P123",25
"50702",41355.534890493,"NRI_P123",50
"50703",10864.304950493,"NRI_P123",100
"50704",5466.985000493,"NRI_P123",25
"50705",-15632.376059507,"NRI_P123",50
"50706",-20154.525319507,"NRI_P123",100
"50707",3104.94391049299,"NRI_P123",25
"50708",-198.106899506995,"NRI_P123",50
"50709",15793.138620493,"NRI_P123",100
"50710",13827.563210493,"NRI_P123",25
"50711",24396.767170493,"NRI_P123",50
"50712",30503.234940493,"NRI_P123",100
"50713",-5294.83975950704,"NRI_P123",25
"50714",-6084.68702950701,"NRI_P123",50
"50715",2799.42990049301,"NRI_P123",100
"50716",8935.66982049297,"NRI_P123",25
"50717",8240.64781049301,"NRI_P123",50
"50718",-3157.16535950702,"NRI_P123",100
"50719",6943.98913049296,"NRI_P123",25
"50720",4832.35863049299,"NRI_P123",50
"50721",17472.191560493,"NRI_P123",100
"50722",8462.102470493,"NRI_P123",25
"50723",2502.68018049299,"NRI_P123",50
"50724",71535.127270493,"NRI_P123",100
"50725",10179.598190493,"NRI_P123",25
"50726",-9973.12138950703,"NRI_P123",50
"50727",50985.540620493,"NRI_P123",100
"50728",-25383.352409507,"NRI_P123",25
"50729",-11635.235959507,"NRI_P123",50
"50730",1209.77911049296,"NRI_P123",100
"50731",-285.227679506992,"NRI_P123",25
"50732",-3905.12376950699,"NRI_P123",50
"50733",-15294.632179507,"NRI_P123",100
"50734",26676.814860493,"NRI_P123",25
"50735",-18218.792359507,"NRI_P123",50
"50736",4221.445730493,"NRI_P123",100
"50737",6965.89752049296,"NRI_P123",25
"50738",-4086.84793950699,"NRI_P123",50
"50739",14783.890920493,"NRI_P123",100
"50740",35605.807730493,"NRI_P123",25
"50741",-1927.50129950698,"NRI_P123",50
"50742",-19649.111979507,"NRI_P123",100
"50743",15411.554150493,"NRI_P123",25
"50744",-27882.116909507,"NRI_P123",50
"50745",-1778.59786950704,"NRI_P123",100
"50746",49404.828890493,"NRI_P123",25
"50747",43071.030580493,"NRI_P123",50
"50748",5430.57201049296,"NRI_P123",100
"50749",9304.59966049297,"NRI_P123",25
"50750",-21344.918769507,"NRI_P123",50
"50751",42007.545480493,"NRI_P123",100
"50752",4676.570410493,"NRI_P123",25
"50753",38932.919950493,"NRI_P123",50
"50754",9322.83520049299,"NRI_P123",100
"50755",2627.55774049298,"NRI_P123",25
"50756",25539.283250493,"NRI_P123",50
"50757",-17588.891389507,"NRI_P123",100
"50758",-23471.836089507,"NRI_P123",25
"50759",-17931.954599507,"NRI_P123",50
"50760",-23031.762589507,"NRI_P123",100
"50761",8736.040880493,"NRI_P123",25
"50762",-2164.992319507,"NRI_P123",50
"50763",34210.594080493,"NRI_P123",100
"50764",-23403.686199507,"NRI_P123",25
"50765",-459.061689506983,"NRI_P123",50
"50766",10334.407150493,"NRI_P123",100
"50767",-20595.749029507,"NRI_P123",25
"50768",22690.732020493,"NRI_P123",50
"50769",-6139.10283950699,"NRI_P123",100
"50770",975.846520492982,"NRI_P123",25
"50771",-5774.97939950699,"NRI_P123",50
"50772",58450.479790493,"NRI_P123",100
"50773",101709.564760493,"NRI_P123",25
"50774",-18467.104699507,"NRI_P123",50
"50775",-17351.583499507,"NRI_P123",100
"50776",-8311.49230950704,"NRI_P123",25
"50777",6488.271050493,"NRI_P123",50
"50778",-6566.20741950703,"NRI_P123",100
"50779",-1535.02310950699,"NRI_P123",25
"50780",11328.988070493,"NRI_P123",50
"50781",631.063590492995,"NRI_P123",100
"50782",-5760.82062950701,"NRI_P123",25
"50783",-6974.18187950703,"NRI_P123",50
"50784",13429.232370493,"NRI_P123",100
"50785",6839.02224049298,"NRI_P123",25
"50786",4184.85364049301,"NRI_P123",50
"50787",-10621.362059507,"NRI_P123",100
"50788",-196.196529506997,"NRI_P123",25
"50789",-10289.451779507,"NRI_P123",50
"50790",-13593.667919507,"NRI_P123",100
"50791",2172.75929049298,"NRI_P123",25
"50792",1621.75984049297,"NRI_P123",50
"50793",32044.333540493,"NRI_P123",100
"50794",-674.577199507039,"NRI_P123",25
"50795",47384.747010493,"NRI_P123",50
"50796",26076.124470493,"NRI_P123",100
"50797",22399.966520493,"NRI_P123",25
"50798",-20920.054329507,"NRI_P123",50
"50799",60798.316370493,"NRI_P123",100
"50800",12561.310640493,"NRI_P123",25
"50801",5604.53735049296,"NRI_P123",50
"50802",43762.724100493,"NRI_P123",100
"50803",2956.54002049298,"NRI_P123",25
"50804",371.183270492998,"NRI_P123",50
"50805",9587.72881049296,"NRI_P123",100
"50806",-16118.310849507,"NRI_P123",25
"50807",-13383.693049507,"NRI_P123",50
"50808",10568.057460493,"NRI_P123",100
"50809",46875.010970493,"NRI_P123",25
"50810",9270.70475049299,"NRI_P123",50
"50811",-11065.552899507,"NRI_P123",100
"50812",-1992.36909950699,"NRI_P123",25
"50813",-15621.746629507,"NRI_P123",50
"50814",-17815.430069507,"NRI_P123",100
"50815",-1505.25339950703,"NRI_P123",25
"50816",48629.049130493,"NRI_P123",50
"50817",4082.60904049297,"NRI_P123",100
"50818",-22249.089199507,"NRI_P123",25
"50819",16267.593730493,"NRI_P123",50
"50820",612.522040492971,"NRI_P123",100
"50821",-3182.22659950703,"NRI_P123",25
"50822",-20211.329029507,"NRI_P123",50
"50823",-26381.968939507,"NRI_P123",100
"50824",-2136.47799950698,"NRI_P123",25
"50825",7607.93578049296,"NRI_P123",50
"50826",36520.271630493,"NRI_P123",100
"50827",251.81574049301,"NRI_P123",25
"50828",-3645.33792950702,"NRI_P123",50
"50829",28234.985170493,"NRI_P123",100
"50830",-7201.72954950703,"NRI_P123",25
"50831",-1714.59056950704,"NRI_P123",50
"50832",16103.145190493,"NRI_P123",100
"50833",1857.316900493,"NRI_P123",25
"50834",-23305.376409507,"NRI_P123",50
"50835",-17374.652229507,"NRI_P123",100
"50836",-2455.47489950701,"NRI_P123",25
"50837",5994.42658049299,"NRI_P123",50
"50838",39199.963650493,"NRI_P123",100
"50839",-12295.625659507,"NRI_P123",25
"50840",13435.724220493,"NRI_P123",50
"50841",58995.690390493,"NRI_P123",100
"50842",-17623.023339507,"NRI_P123",25
"50843",15230.072530493,"NRI_P123",50
"50844",3417.91572049301,"NRI_P123",100
"50845",617.340390492987,"NRI_P123",25
"50846",-5978.99423950701,"NRI_P123",50
"50847",36970.679650493,"NRI_P123",100
"50848",2963.77643049299,"NRI_P123",25
"50849",-3728.74188950699,"NRI_P123",50
"50850",-31310.832419507,"NRI_P123",100
"50851",-15449.232079507,"NRI_P123",25
"50852",-20338.953259507,"NRI_P123",50
"50853",-16873.394299507,"NRI_P123",100
"50854",-7544.80615950702,"NRI_P123",25
"50855",8070.55170049297,"NRI_P123",50
"50856",19114.941170493,"NRI_P123",100
"50857",16115.441720493,"NRI_P123",25
"50858",78872.6754804929,"NRI_P123",50
"50859",11783.330580493,"NRI_P123",100
"50860",-3171.16032950702,"NRI_P123",25
"50861",18263.336340493,"NRI_P123",50
"50862",31510.734810493,"NRI_P123",100
"50863",5771.06161049299,"NRI_P123",25
"50864",22133.402490493,"NRI_P123",50
"50865",9079.45120049297,"NRI_P123",100
"50866",13616.464640493,"NRI_P123",25
"50867",-15306.979709507,"NRI_P123",50
"50868",38251.929780493,"NRI_P123",100
"50869",20795.659160493,"NRI_P123",25
"50870",-12416.956009507,"NRI_P123",50
"50871",-3480.50533950701,"NRI_P123",100
"50872",9564.31394049298,"NRI_P123",25
"50873",-7166.98175950703,"NRI_P123",50
"50874",-1048.11146950698,"NRI_P123",100
"50875",11389.658480493,"NRI_P123",25
"50876",15747.608750493,"NRI_P123",50
"50877",26248.742400493,"NRI_P123",100
"50878",306.898850492958,"NRI_P123",25
"50879",-9468.61010950699,"NRI_P123",50
"50880",15522.989910493,"NRI_P123",100
"50881",-6210.871279507,"NRI_P123",25
"50882",-4209.671219507,"NRI_P123",50
"50883",-14849.638169507,"NRI_P123",100
"50884",43314.014010493,"NRI_P123",25
"50885",7220.279230493,"NRI_P123",50
"50886",10607.389240493,"NRI_P123",100
"50887",31535.730580493,"NRI_P123",25
"50888",-3899.565979507,"NRI_P123",50
"50889",-2241.505949507,"NRI_P123",100
"50890",-16100.837759507,"NRI_P123",25
"50891",-4553.25884950702,"NRI_P123",50
"50892",-18627.731309507,"NRI_P123",100
"50893",29933.502740493,"NRI_P123",25
"50894",-16245.207639507,"NRI_P123",50
"50895",-460.762209506996,"NRI_P123",100
"50896",5674.131350493,"NRI_P123",25
"50897",-2419.041999507,"NRI_P123",50
"50898",14771.076530493,"NRI_P123",100
"50899",10248.876370493,"NRI_P123",25
"50900",22335.998160493,"NRI_P123",50
"50901",3730.68675049301,"NRI_P123",100
"50902",-1282.98932950699,"NRI_P123",25
"50903",-25411.693619507,"NRI_P123",50
"50904",48976.799850493,"NRI_P123",100
"50905",629.656970492972,"NRI_P123",25
"50906",12251.520080493,"NRI_P123",50
"50907",77827.369160493,"NRI_P123",100
"50908",8007.88184049301,"NRI_P123",25
"50909",-16786.828899507,"NRI_P123",50
"50910",50101.069050493,"NRI_P123",100
"50911",2450.137420493,"NRI_P123",25
"50912",-5859.858299507,"NRI_P123",50
"50913",42376.974650493,"NRI_P123",100
"50914",-8434.86217950704,"NRI_P123",25
"50915",-17718.112509507,"NRI_P123",50
"50916",4458.65664049296,"NRI_P123",100
"50917",11075.920610493,"NRI_P123",25
"50918",43310.237870493,"NRI_P123",50
"50919",48621.610370493,"NRI_P123",100
"50920",1782.69673049299,"NRI_P123",25
"50921",6146.03279049299,"NRI_P123",50
"50922",6027.22840049298,"NRI_P123",100
"50923",5159.18096049299,"NRI_P123",25
"50924",2692.43252049299,"NRI_P123",50
"50925",-15438.875839507,"NRI_P123",100
"50926",-22055.769449507,"NRI_P123",25
"50927",15579.247170493,"NRI_P123",50
"50928",-3687.02214950701,"NRI_P123",100
"50929",-4685.12861950701,"NRI_P123",25
"50930",8077.52617049299,"NRI_P123",50
"50931",51016.211710493,"NRI_P123",100
"50932",4198.05449049297,"NRI_P123",25
"50933",-3319.69485950703,"NRI_P123",50
"50934",26867.877570493,"NRI_P123",100
"50935",-3546.56783950701,"NRI_P123",25
"50936",7999.13816049299,"NRI_P123",50
"50937",37185.173560493,"NRI_P123",100
"50938",2370.42646049301,"NRI_P123",25
"50939",7473.66053049301,"NRI_P123",50
"50940",-494.234259507037,"NRI_P123",100
"50941",11718.789120493,"NRI_P123",25
"50942",-23138.354419507,"NRI_P123",50
"50943",9207.96826049301,"NRI_P123",100
"50944",12907.213540493,"NRI_P123",25
"50945",9452.25481049297,"NRI_P123",50
"50946",5528.23538049299,"NRI_P123",100
"50947",29573.605800493,"NRI_P123",25
"50948",14334.662510493,"NRI_P123",50
"50949",-9188.76147950703,"NRI_P123",100
"50950",11154.738480493,"NRI_P123",25
"50951",-12905.551969507,"NRI_P123",50
"50952",-1731.00145950704,"NRI_P123",100
"50953",-9658.218919507,"NRI_P123",25
"50954",-19784.378529507,"NRI_P123",50
"50955",24849.572810493,"NRI_P123",100
"50956",11289.459050493,"NRI_P123",25
"50957",-21926.231439507,"NRI_P123",50
"50958",-2327.14497950702,"NRI_P123",100
"50959",16931.652080493,"NRI_P123",25
"50960",-5100.25734950701,"NRI_P123",50
"50961",5774.08583049302,"NRI_P123",100
"50962",14543.575560493,"NRI_P123",25
"50963",-3174.30128950701,"NRI_P123",50
"50964",-18482.416799507,"NRI_P123",100
"50965",-3170.99852950702,"NRI_P123",25
"50966",25249.741090493,"NRI_P123",50
"50967",-23637.838099507,"NRI_P123",100
"50968",1057.272250493,"NRI_P123",25
"50969",1754.30839049298,"NRI_P123",50
"50970",-11272.493359507,"NRI_P123",100
"50971",53950.903460493,"NRI_P123",25
"50972",-27475.533289507,"NRI_P123",50
"50973",-11995.534539507,"NRI_P123",100
"50974",1595.78288049297,"NRI_P123",25
"50975",16958.125600493,"NRI_P123",50
"50976",11145.259550493,"NRI_P123",100
"50977",-22802.121319507,"NRI_P123",25
"50978",25449.847990493,"NRI_P123",50
"50979",3950.61873049301,"NRI_P123",100
"50980",-532.549089507025,"NRI_P123",25
"50981",3697.30053049297,"NRI_P123",50
"50982",-15220.573449507,"NRI_P123",100
"50983",15288.447940493,"NRI_P123",25
"50984",7378.370480493,"NRI_P123",50
"50985",56436.772740493,"NRI_P123",100
"50986",-1910.029119507,"NRI_P123",25
"50987",4313.84220049297,"NRI_P123",50
"50988",670.077040492964,"NRI_P123",100
"50989",-22388.754349507,"NRI_P123",25
"50990",-29363.559189507,"NRI_P123",50
"50991",-7087.11582950701,"NRI_P123",100
"50992",5196.976400493,"NRI_P123",25
"50993",8642.86544049298,"NRI_P123",50
"50994",31435.246960493,"NRI_P123",100
"50995",21236.701790493,"NRI_P123",25
"50996",-8426.00822950702,"NRI_P123",50
"50997",-8396.53059950704,"NRI_P123",100
"50998",16643.265580493,"NRI_P123",25
"50999",10681.320290493,"NRI_P123",50
"51000",-11950.133029507,"NRI_P123",100
"51001",323.353516898991,"NRI_P124",25
"51002",1990.48842689901,"NRI_P124",50
"51003",4724.81952689899,"NRI_P124",100
"51004",2007.716966899,"NRI_P124",25
"51005",7144.89207689901,"NRI_P124",50
"51006",10959.246826899,"NRI_P124",100
"51007",-164.882443101,"NRI_P124",25
"51008",2409.935246899,"NRI_P124",50
"51009",2482.137806899,"NRI_P124",100
"51010",930.519666898996,"NRI_P124",25
"51011",5641.072466899,"NRI_P124",50
"51012",5212.11684689901,"NRI_P124",100
"51013",759.82584689901,"NRI_P124",25
"51014",4998.54920689901,"NRI_P124",50
"51015",5678.368076899,"NRI_P124",100
"51016",2877.13086689901,"NRI_P124",25
"51017",1269.10855689901,"NRI_P124",50
"51018",6167.14496689901,"NRI_P124",100
"51019",2933.72722689901,"NRI_P124",25
"51020",7655.285196899,"NRI_P124",50
"51021",8114.91137689899,"NRI_P124",100
"51022",52.7668168990058,"NRI_P124",25
"51023",1054.04205689899,"NRI_P124",50
"51024",16392.234996899,"NRI_P124",100
"51025",623.482316898997,"NRI_P124",25
"51026",1350.486616899,"NRI_P124",50
"51027",1592.18429689901,"NRI_P124",100
"51028",7761.83691689899,"NRI_P124",25
"51029",3796.80800689899,"NRI_P124",50
"51030",2007.66558689901,"NRI_P124",100
"51031",2019.639946899,"NRI_P124",25
"51032",2190.84977689901,"NRI_P124",50
"51033",9885.77811689899,"NRI_P124",100
"51034",121.810736899002,"NRI_P124",25
"51035",1333.03092689899,"NRI_P124",50
"51036",6980.99801689902,"NRI_P124",100
"51037",6281.191446899,"NRI_P124",25
"51038",6676.19078689901,"NRI_P124",50
"51039",5827.32380689899,"NRI_P124",100
"51040",3974.59703689901,"NRI_P124",25
"51041",2688.10122689902,"NRI_P124",50
"51042",2253.33574689901,"NRI_P124",100
"51043",1320.10026689901,"NRI_P124",25
"51044",577.744796899002,"NRI_P124",50
"51045",12516.027306899,"NRI_P124",100
"51046",2152.067406899,"NRI_P124",25
"51047",7104.596706899,"NRI_P124",50
"51048",4662.142526899,"NRI_P124",100
"51049",969.564766899013,"NRI_P124",25
"51050",2198.457836899,"NRI_P124",50
"51051",8171.39843689901,"NRI_P124",100
"51052",430.299676899012,"NRI_P124",25
"51053",3911.093756899,"NRI_P124",50
"51054",5970.68690689901,"NRI_P124",100
"51055",5337.959066899,"NRI_P124",25
"51056",3896.72656689901,"NRI_P124",50
"51057",4720.999746899,"NRI_P124",100
"51058",1380.72017689899,"NRI_P124",25
"51059",4930.096656899,"NRI_P124",50
"51060",15344.440606899,"NRI_P124",100
"51061",5090.318066899,"NRI_P124",25
"51062",7187.20849689899,"NRI_P124",50
"51063",6437.941836899,"NRI_P124",100
"51064",4230.59659689901,"NRI_P124",25
"51065",4703.751366899,"NRI_P124",50
"51066",4390.815876899,"NRI_P124",100
"51067",547.363576898992,"NRI_P124",25
"51068",2310.79883689899,"NRI_P124",50
"51069",3631.78861689899,"NRI_P124",100
"51070",1922.66782689901,"NRI_P124",25
"51071",9682.96533689901,"NRI_P124",50
"51072",6736.659856899,"NRI_P124",100
"51073",252.439116899011,"NRI_P124",25
"51074",327.886316899006,"NRI_P124",50
"51075",3925.53648689901,"NRI_P124",100
"51076",166.071216898999,"NRI_P124",25
"51077",1795.58035689901,"NRI_P124",50
"51078",2606.054276899,"NRI_P124",100
"51079",4184.88018689901,"NRI_P124",25
"51080",10024.132396899,"NRI_P124",50
"51081",8566.10653689899,"NRI_P124",100
"51082",1954.62217689899,"NRI_P124",25
"51083",12511.438756899,"NRI_P124",50
"51084",12968.136266899,"NRI_P124",100
"51085",152.603536898998,"NRI_P124",25
"51086",2229.52168689901,"NRI_P124",50
"51087",14262.504146899,"NRI_P124",100
"51088",951.521326899005,"NRI_P124",25
"51089",5069.958756899,"NRI_P124",50
"51090",14391.362526899,"NRI_P124",100
"51091",1792.82132689899,"NRI_P124",25
"51092",1366.82005689901,"NRI_P124",50
"51093",6190.441446899,"NRI_P124",100
"51094",3347.807556899,"NRI_P124",25
"51095",3172.92139689901,"NRI_P124",50
"51096",9714.97056689899,"NRI_P124",100
"51097",1164.30311689901,"NRI_P124",25
"51098",5423.62583689901,"NRI_P124",50
"51099",11655.248876899,"NRI_P124",100
"51100",150.221886899002,"NRI_P124",25
"51101",4420.93921689902,"NRI_P124",50
"51102",5746.404646899,"NRI_P124",100
"51103",1223.993726899,"NRI_P124",25
"51104",2228.193116899,"NRI_P124",50
"51105",6829.490076899,"NRI_P124",100
"51106",1011.464536899,"NRI_P124",25
"51107",3166.078176899,"NRI_P124",50
"51108",6048.27079689901,"NRI_P124",100
"51109",947.464606899011,"NRI_P124",25
"51110",5160.69328689901,"NRI_P124",50
"51111",3151.90113689899,"NRI_P124",100
"51112",1027.514786899,"NRI_P124",25
"51113",2267.984946899,"NRI_P124",50
"51114",6956.84251689899,"NRI_P124",100
"51115",8870.896386899,"NRI_P124",25
"51116",6299.32438689901,"NRI_P124",50
"51117",6914.548746899,"NRI_P124",100
"51118",-253.592923101009,"NRI_P124",25
"51119",1045.25901689901,"NRI_P124",50
"51120",3656.38182689901,"NRI_P124",100
"51121",1738.87046689901,"NRI_P124",25
"51122",2143.38992689899,"NRI_P124",50
"51123",4038.59401689901,"NRI_P124",100
"51124",2811.062826899,"NRI_P124",25
"51125",3325.74345689901,"NRI_P124",50
"51126",2695.77272689901,"NRI_P124",100
"51127",308.063566899014,"NRI_P124",25
"51128",131.812986898993,"NRI_P124",50
"51129",5160.991956899,"NRI_P124",100
"51130",491.582136899,"NRI_P124",25
"51131",5452.478196899,"NRI_P124",50
"51132",3383.55545689899,"NRI_P124",100
"51133",3931.40072689901,"NRI_P124",25
"51134",4035.16568689901,"NRI_P124",50
"51135",8753.37183689899,"NRI_P124",100
"51136",2744.15669689901,"NRI_P124",25
"51137",1935.46350689899,"NRI_P124",50
"51138",4468.705966899,"NRI_P124",100
"51139",931.760136899014,"NRI_P124",25
"51140",922.556726898998,"NRI_P124",50
"51141",5724.619486899,"NRI_P124",100
"51142",706.456196899002,"NRI_P124",25
"51143",3188.87465689899,"NRI_P124",50
"51144",3597.89490689899,"NRI_P124",100
"51145",5489.383406899,"NRI_P124",25
"51146",5352.693296899,"NRI_P124",50
"51147",11579.149846899,"NRI_P124",100
"51148",3100.23840689901,"NRI_P124",25
"51149",4067.65591689901,"NRI_P124",50
"51150",5568.50794689902,"NRI_P124",100
"51151",680.331766899006,"NRI_P124",25
"51152",927.788226898992,"NRI_P124",50
"51153",5112.437846899,"NRI_P124",100
"51154",1161.744616899,"NRI_P124",25
"51155",879.062946899008,"NRI_P124",50
"51156",7109.80329689902,"NRI_P124",100
"51157",1399.46484689901,"NRI_P124",25
"51158",3161.89058689901,"NRI_P124",50
"51159",9165.26167689901,"NRI_P124",100
"51160",2893.11018689899,"NRI_P124",25
"51161",2294.883766899,"NRI_P124",50
"51162",6860.12870689901,"NRI_P124",100
"51163",3531.42037689901,"NRI_P124",25
"51164",7860.79850689901,"NRI_P124",50
"51165",3831.41838689899,"NRI_P124",100
"51166",3508.687566899,"NRI_P124",25
"51167",2791.38680689901,"NRI_P124",50
"51168",5508.773336899,"NRI_P124",100
"51169",4541.992686899,"NRI_P124",25
"51170",12104.367276899,"NRI_P124",50
"51171",3387.68186689902,"NRI_P124",100
"51172",1837.18363689899,"NRI_P124",25
"51173",11768.207806899,"NRI_P124",50
"51174",11220.633526899,"NRI_P124",100
"51175",-88.1617131009989,"NRI_P124",25
"51176",4475.26141689901,"NRI_P124",50
"51177",1914.558526899,"NRI_P124",100
"51178",1673.242816899,"NRI_P124",25
"51179",4519.49702689901,"NRI_P124",50
"51180",4925.26117689899,"NRI_P124",100
"51181",1941.53555689901,"NRI_P124",25
"51182",4701.042936899,"NRI_P124",50
"51183",3419.38274689901,"NRI_P124",100
"51184",514.698996899009,"NRI_P124",25
"51185",10398.735496899,"NRI_P124",50
"51186",9887.14121689901,"NRI_P124",100
"51187",4832.207556899,"NRI_P124",25
"51188",2646.586516899,"NRI_P124",50
"51189",12435.294706899,"NRI_P124",100
"51190",496.063676899008,"NRI_P124",25
"51191",3863.279906899,"NRI_P124",50
"51192",5284.205706899,"NRI_P124",100
"51193",42.8454668990162,"NRI_P124",25
"51194",5112.33441689902,"NRI_P124",50
"51195",9668.25843689899,"NRI_P124",100
"51196",408.772766898997,"NRI_P124",25
"51197",152.237336899008,"NRI_P124",50
"51198",3974.89913689901,"NRI_P124",100
"51199",2718.38354689901,"NRI_P124",25
"51200",5834.074266899,"NRI_P124",50
"51201",9455.32355689901,"NRI_P124",100
"51202",482.801646898995,"NRI_P124",25
"51203",4445.185896899,"NRI_P124",50
"51204",10742.946676899,"NRI_P124",100
"51205",762.388846899004,"NRI_P124",25
"51206",172.804696898995,"NRI_P124",50
"51207",2315.740056899,"NRI_P124",100
"51208",534.536776899011,"NRI_P124",25
"51209",3906.291946899,"NRI_P124",50
"51210",11395.048666899,"NRI_P124",100
"51211",2476.237136899,"NRI_P124",25
"51212",1970.47293689899,"NRI_P124",50
"51213",1739.26982689899,"NRI_P124",100
"51214",38.6052168990136,"NRI_P124",25
"51215",6365.913796899,"NRI_P124",50
"51216",4725.02210689901,"NRI_P124",100
"51217",454.466216898989,"NRI_P124",25
"51218",1474.20947689901,"NRI_P124",50
"51219",3401.88812689899,"NRI_P124",100
"51220",1033.70977689899,"NRI_P124",25
"51221",2984.31131689899,"NRI_P124",50
"51222",8211.350746899,"NRI_P124",100
"51223",1124.35339689901,"NRI_P124",25
"51224",1454.45848689901,"NRI_P124",50
"51225",7807.73125689902,"NRI_P124",100
"51226",1941.36426689901,"NRI_P124",25
"51227",996.132176899002,"NRI_P124",50
"51228",8422.322496899,"NRI_P124",100
"51229",3835.373966899,"NRI_P124",25
"51230",681.152986898989,"NRI_P124",50
"51231",7199.008926899,"NRI_P124",100
"51232",426.46097689899,"NRI_P124",25
"51233",821.379806899,"NRI_P124",50
"51234",5475.08349689899,"NRI_P124",100
"51235",3653.542856899,"NRI_P124",25
"51236",28.5539768990129,"NRI_P124",50
"51237",996.319846899016,"NRI_P124",100
"51238",3729.83391689899,"NRI_P124",25
"51239",314.223666898994,"NRI_P124",50
"51240",6449.886326899,"NRI_P124",100
"51241",1671.280376899,"NRI_P124",25
"51242",4027.77757689901,"NRI_P124",50
"51243",4754.715426899,"NRI_P124",100
"51244",2027.615366899,"NRI_P124",25
"51245",3395.90280689902,"NRI_P124",50
"51246",4743.18067689901,"NRI_P124",100
"51247",1479.89143689899,"NRI_P124",25
"51248",1082.861956899,"NRI_P124",50
"51249",9945.05920689899,"NRI_P124",100
"51250",778.044276898989,"NRI_P124",25
"51251",5451.93097689899,"NRI_P124",50
"51252",6339.99533689901,"NRI_P124",100
"51253",4476.93497689901,"NRI_P124",25
"51254",2701.02047689899,"NRI_P124",50
"51255",4728.45190689899,"NRI_P124",100
"51256",4108.36217689901,"NRI_P124",25
"51257",1209.684746899,"NRI_P124",50
"51258",4195.39892689901,"NRI_P124",100
"51259",1275.51190689899,"NRI_P124",25
"51260",3541.34651689901,"NRI_P124",50
"51261",10948.792176899,"NRI_P124",100
"51262",2377.91260689902,"NRI_P124",25
"51263",773.937896899006,"NRI_P124",50
"51264",9869.219226899,"NRI_P124",100
"51265",1510.67232689899,"NRI_P124",25
"51266",4633.012706899,"NRI_P124",50
"51267",3399.04699689901,"NRI_P124",100
"51268",2269.072806899,"NRI_P124",25
"51269",1509.72061689899,"NRI_P124",50
"51270",6214.05011689902,"NRI_P124",100
"51271",938.110776899004,"NRI_P124",25
"51272",4213.539076899,"NRI_P124",50
"51273",4753.248316899,"NRI_P124",100
"51274",3169.39842689899,"NRI_P124",25
"51275",524.003196898993,"NRI_P124",50
"51276",4211.80219689899,"NRI_P124",100
"51277",-292.880633100984,"NRI_P124",25
"51278",7243.80932689901,"NRI_P124",50
"51279",9257.97254689899,"NRI_P124",100
"51280",5700.49019689902,"NRI_P124",25
"51281",7015.769326899,"NRI_P124",50
"51282",3136.039996899,"NRI_P124",100
"51283",2069.96379689901,"NRI_P124",25
"51284",5624.20126689901,"NRI_P124",50
"51285",3920.602986899,"NRI_P124",100
"51286",5512.81661689901,"NRI_P124",25
"51287",534.780906898988,"NRI_P124",50
"51288",8732.63472689901,"NRI_P124",100
"51289",988.558116898988,"NRI_P124",25
"51290",738.806466898997,"NRI_P124",50
"51291",7698.48144689901,"NRI_P124",100
"51292",926.424056899006,"NRI_P124",25
"51293",2530.15116689901,"NRI_P124",50
"51294",6773.42354689899,"NRI_P124",100
"51295",4372.93801689899,"NRI_P124",25
"51296",3904.30038689901,"NRI_P124",50
"51297",2077.87136689899,"NRI_P124",100
"51298",233.608896899008,"NRI_P124",25
"51299",4369.67646689899,"NRI_P124",50
"51300",8070.11129689901,"NRI_P124",100
"51301",-267.238804099099,"NRI_P125",25
"51302",3574.1723259009,"NRI_P125",50
"51303",-2918.2340440991,"NRI_P125",100
"51304",-144.503224099106,"NRI_P125",25
"51305",-4443.4094240991,"NRI_P125",50
"51306",-2528.3034040991,"NRI_P125",100
"51307",1528.9648459009,"NRI_P125",25
"51308",-1075.7903540991,"NRI_P125",50
"51309",-5915.01519409911,"NRI_P125",100
"51310",386.412235900898,"NRI_P125",25
"51311",-1545.83433409911,"NRI_P125",50
"51312",12018.0929159009,"NRI_P125",100
"51313",-674.329294099101,"NRI_P125",25
"51314",-5859.0613340991,"NRI_P125",50
"51315",3356.71128590089,"NRI_P125",100
"51316",-383.227164099102,"NRI_P125",25
"51317",-5116.29889409911,"NRI_P125",50
"51318",-5011.8061040991,"NRI_P125",100
"51319",-4088.66770409911,"NRI_P125",25
"51320",-178.728894099106,"NRI_P125",50
"51321",-2763.6130740991,"NRI_P125",100
"51322",-4713.1165240991,"NRI_P125",25
"51323",1132.7217659009,"NRI_P125",50
"51324",4087.10640590089,"NRI_P125",100
"51325",1476.4103359009,"NRI_P125",25
"51326",-1376.3632040991,"NRI_P125",50
"51327",4481.00397590089,"NRI_P125",100
"51328",-438.543164099101,"NRI_P125",25
"51329",-138.163064099099,"NRI_P125",50
"51330",-5901.4809040991,"NRI_P125",100
"51331",-1428.64909409911,"NRI_P125",25
"51332",104.115385900899,"NRI_P125",50
"51333",6425.73067590089,"NRI_P125",100
"51334",-733.844864099105,"NRI_P125",25
"51335",-5910.0234640991,"NRI_P125",50
"51336",-2296.5008740991,"NRI_P125",100
"51337",1875.4840559009,"NRI_P125",25
"51338",-1423.2845640991,"NRI_P125",50
"51339",10784.7008859009,"NRI_P125",100
"51340",-954.794704099106,"NRI_P125",25
"51341",8269.3722459009,"NRI_P125",50
"51342",12276.5196259009,"NRI_P125",100
"51343",-3121.4937540991,"NRI_P125",25
"51344",-4574.7192140991,"NRI_P125",50
"51345",-2756.1685340991,"NRI_P125",100
"51346",-461.933284099105,"NRI_P125",25
"51347",-1533.3474940991,"NRI_P125",50
"51348",-3950.3072140991,"NRI_P125",100
"51349",2364.39651590089,"NRI_P125",25
"51350",1006.3326959009,"NRI_P125",50
"51351",-6365.8088040991,"NRI_P125",100
"51352",-2532.7530040991,"NRI_P125",25
"51353",-1280.84873409911,"NRI_P125",50
"51354",-5896.2028340991,"NRI_P125",100
"51355",-1394.7526740991,"NRI_P125",25
"51356",8034.1870159009,"NRI_P125",50
"51357",4432.33366590089,"NRI_P125",100
"51358",293.448695900901,"NRI_P125",25
"51359",-1272.5639440991,"NRI_P125",50
"51360",-3549.2164340991,"NRI_P125",100
"51361",1671.9122059009,"NRI_P125",25
"51362",-4690.4819640991,"NRI_P125",50
"51363",4852.3204159009,"NRI_P125",100
"51364",-638.613364099103,"NRI_P125",25
"51365",-3880.53479409911,"NRI_P125",50
"51366",12500.7875259009,"NRI_P125",100
"51367",-3674.1445640991,"NRI_P125",25
"51368",-860.452164099101,"NRI_P125",50
"51369",11655.0957259009,"NRI_P125",100
"51370",70.8989059008964,"NRI_P125",25
"51371",-5243.7416740991,"NRI_P125",50
"51372",-3881.7476840991,"NRI_P125",100
"51373",-3181.6090640991,"NRI_P125",25
"51374",8353.93540590089,"NRI_P125",50
"51375",1039.9675759009,"NRI_P125",100
"51376",-3793.9372040991,"NRI_P125",25
"51377",-644.5413140991,"NRI_P125",50
"51378",-6492.6769140991,"NRI_P125",100
"51379",-4087.3478740991,"NRI_P125",25
"51380",5606.2016259009,"NRI_P125",50
"51381",-2431.3964640991,"NRI_P125",100
"51382",-4133.3451140991,"NRI_P125",25
"51383",-4429.2343240991,"NRI_P125",50
"51384",-6099.8245240991,"NRI_P125",100
"51385",-1366.38542409911,"NRI_P125",25
"51386",-1341.8337440991,"NRI_P125",50
"51387",-3896.6250440991,"NRI_P125",100
"51388",-253.712484099102,"NRI_P125",25
"51389",-4370.4827740991,"NRI_P125",50
"51390",-3295.7382740991,"NRI_P125",100
"51391",-857.2610740991,"NRI_P125",25
"51392",3595.1730659009,"NRI_P125",50
"51393",-6076.8094840991,"NRI_P125",100
"51394",-791.6592840991,"NRI_P125",25
"51395",-4246.1455940991,"NRI_P125",50
"51396",-4954.4281840991,"NRI_P125",100
"51397",-140.411014099103,"NRI_P125",25
"51398",-887.1340540991,"NRI_P125",50
"51399",14900.4049859009,"NRI_P125",100
"51400",-414.377054099103,"NRI_P125",25
"51401",-4741.51895409911,"NRI_P125",50
"51402",4217.31045590089,"NRI_P125",100
"51403",-370.9487240991,"NRI_P125",25
"51404",-5075.8259840991,"NRI_P125",50
"51405",7013.69585590089,"NRI_P125",100
"51406",-4167.4770940991,"NRI_P125",25
"51407",-3145.1638040991,"NRI_P125",50
"51408",-3374.7433540991,"NRI_P125",100
"51409",7391.1250259009,"NRI_P125",25
"51410",-1181.5995640991,"NRI_P125",50
"51411",-5933.8698140991,"NRI_P125",100
"51412",-466.472964099099,"NRI_P125",25
"51413",-1653.10748409911,"NRI_P125",50
"51414",-5939.86831409911,"NRI_P125",100
"51415",9607.9812959009,"NRI_P125",25
"51416",-5746.8050440991,"NRI_P125",50
"51417",-4948.6558140991,"NRI_P125",100
"51418",410.498995900896,"NRI_P125",25
"51419",6750.1310459009,"NRI_P125",50
"51420",-1505.0750740991,"NRI_P125",100
"51421",-861.592814099102,"NRI_P125",25
"51422",-4818.6181040991,"NRI_P125",50
"51423",-5924.31099409911,"NRI_P125",100
"51424",430.074575900901,"NRI_P125",25
"51425",-4347.9652640991,"NRI_P125",50
"51426",-2848.5694140991,"NRI_P125",100
"51427",-473.445074099101,"NRI_P125",25
"51428",7364.7373159009,"NRI_P125",50
"51429",5634.1049159009,"NRI_P125",100
"51430",-381.823754099103,"NRI_P125",25
"51431",-1383.8182840991,"NRI_P125",50
"51432",-3654.38617409911,"NRI_P125",100
"51433",-4361.8237640991,"NRI_P125",25
"51434",-5089.5156540991,"NRI_P125",50
"51435",-6095.8460140991,"NRI_P125",100
"51436",-58.9205740991019,"NRI_P125",25
"51437",1954.7260859009,"NRI_P125",50
"51438",-5368.3151840991,"NRI_P125",100
"51439",-5067.8955540991,"NRI_P125",25
"51440",-404.7875940991,"NRI_P125",50
"51441",-5559.8966440991,"NRI_P125",100
"51442",8599.1233759009,"NRI_P125",25
"51443",170.363595900897,"NRI_P125",50
"51444",-6467.8698240991,"NRI_P125",100
"51445",1830.5169259009,"NRI_P125",25
"51446",-1008.4100040991,"NRI_P125",50
"51447",4754.0587159009,"NRI_P125",100
"51448",-3778.0774940991,"NRI_P125",25
"51449",-4445.2254840991,"NRI_P125",50
"51450",-3904.4825340991,"NRI_P125",100
"51451",-491.338774099102,"NRI_P125",25
"51452",-624.197624099106,"NRI_P125",50
"51453",2184.1207759009,"NRI_P125",100
"51454",56.7620459008976,"NRI_P125",25
"51455",-992.102814099104,"NRI_P125",50
"51456",4511.9279559009,"NRI_P125",100
"51457",-272.073404099101,"NRI_P125",25
"51458",-4106.52540409911,"NRI_P125",50
"51459",2071.26360590089,"NRI_P125",100
"51460",-854.832704099099,"NRI_P125",25
"51461",4804.6043159009,"NRI_P125",50
"51462",2146.1575759009,"NRI_P125",100
"51463",-1341.63613409911,"NRI_P125",25
"51464",-1009.6525640991,"NRI_P125",50
"51465",-5095.3111340991,"NRI_P125",100
"51466",-255.347474099101,"NRI_P125",25
"51467",1513.5053359009,"NRI_P125",50
"51468",-3369.4676540991,"NRI_P125",100
"51469",-3895.7701340991,"NRI_P125",25
"51470",-2496.1459140991,"NRI_P125",50
"51471",-5619.3512740991,"NRI_P125",100
"51472",-634.1013840991,"NRI_P125",25
"51473",2927.0535459009,"NRI_P125",50
"51474",-4371.0085640991,"NRI_P125",100
"51475",-736.588084099101,"NRI_P125",25
"51476",-972.448134099104,"NRI_P125",50
"51477",6686.19464590089,"NRI_P125",100
"51478",315.830425900895,"NRI_P125",25
"51479",-1809.3032040991,"NRI_P125",50
"51480",-5670.5731340991,"NRI_P125",100
"51481",-953.533394099104,"NRI_P125",25
"51482",4581.4951059009,"NRI_P125",50
"51483",4513.16894590089,"NRI_P125",100
"51484",-273.079964099103,"NRI_P125",25
"51485",-463.902674099103,"NRI_P125",50
"51486",3229.39513590089,"NRI_P125",100
"51487",-1407.4703540991,"NRI_P125",25
"51488",407.6948259009,"NRI_P125",50
"51489",-6178.0875240991,"NRI_P125",100
"51490",-4757.7510240991,"NRI_P125",25
"51491",-2833.98899409911,"NRI_P125",50
"51492",-5819.6066940991,"NRI_P125",100
"51493",-4185.4563340991,"NRI_P125",25
"51494",-4640.91411409911,"NRI_P125",50
"51495",-5656.0371640991,"NRI_P125",100
"51496",202.208425900899,"NRI_P125",25
"51497",-3308.3674040991,"NRI_P125",50
"51498",-2896.0348640991,"NRI_P125",100
"51499",-575.833724099102,"NRI_P125",25
"51500",4316.84208590089,"NRI_P125",50
"51501",4728.4898559009,"NRI_P125",100
"51502",-815.769464099103,"NRI_P125",25
"51503",-1050.7575540991,"NRI_P125",50
"51504",-2833.0409740991,"NRI_P125",100
"51505",603.120935900901,"NRI_P125",25
"51506",9526.61043590089,"NRI_P125",50
"51507",-3760.3391540991,"NRI_P125",100
"51508",-880.660664099101,"NRI_P125",25
"51509",6416.4523659009,"NRI_P125",50
"51510",2643.77499590089,"NRI_P125",100
"51511",3387.0678759009,"NRI_P125",25
"51512",-1004.2469240991,"NRI_P125",50
"51513",1697.3891259009,"NRI_P125",100
"51514",-4080.0080540991,"NRI_P125",25
"51515",-387.613214099103,"NRI_P125",50
"51516",-3394.3030340991,"NRI_P125",100
"51517",6990.6216759009,"NRI_P125",25
"51518",-4676.6406440991,"NRI_P125",50
"51519",-5734.8506740991,"NRI_P125",100
"51520",-963.197194099106,"NRI_P125",25
"51521",-1111.06445409911,"NRI_P125",50
"51522",-6195.0558340991,"NRI_P125",100
"51523",-3949.1410240991,"NRI_P125",25
"51524",2739.87424590089,"NRI_P125",50
"51525",4512.34905590089,"NRI_P125",100
"51526",9395.03745590089,"NRI_P125",25
"51527",-735.5038740991,"NRI_P125",50
"51528",-5106.3527740991,"NRI_P125",100
"51529",-261.792864099101,"NRI_P125",25
"51530",-864.016464099106,"NRI_P125",50
"51531",-6208.4299040991,"NRI_P125",100
"51532",-645.311234099099,"NRI_P125",25
"51533",-2807.24963409911,"NRI_P125",50
"51534",12247.2651759009,"NRI_P125",100
"51535",-324.5348440991,"NRI_P125",25
"51536",-5351.7544140991,"NRI_P125",50
"51537",-6266.9262940991,"NRI_P125",100
"51538",17568.9603959009,"NRI_P125",25
"51539",-5376.20355409911,"NRI_P125",50
"51540",6407.6230259009,"NRI_P125",100
"51541",-3544.5840240991,"NRI_P125",25
"51542",-5776.62796409911,"NRI_P125",50
"51543",-3835.83962409911,"NRI_P125",100
"51544",-154.354884099106,"NRI_P125",25
"51545",-2121.2112240991,"NRI_P125",50
"51546",6395.07403590089,"NRI_P125",100
"51547",-3959.49516409911,"NRI_P125",25
"51548",-5148.2915040991,"NRI_P125",50
"51549",-6397.1254140991,"NRI_P125",100
"51550",-640.563544099103,"NRI_P125",25
"51551",-196.622394099104,"NRI_P125",50
"51552",4418.2348259009,"NRI_P125",100
"51553",337.142775900895,"NRI_P125",25
"51554",-2249.1787540991,"NRI_P125",50
"51555",7030.4559459009,"NRI_P125",100
"51556",-4523.9083240991,"NRI_P125",25
"51557",1723.0032559009,"NRI_P125",50
"51558",-5392.8781540991,"NRI_P125",100
"51559",68.6063259008952,"NRI_P125",25
"51560",4829.3294359009,"NRI_P125",50
"51561",4047.87974590089,"NRI_P125",100
"51562",1484.1189759009,"NRI_P125",25
"51563",7099.46799590089,"NRI_P125",50
"51564",3584.6497159009,"NRI_P125",100
"51565",489.154275900895,"NRI_P125",25
"51566",917.345625900896,"NRI_P125",50
"51567",-5555.9087440991,"NRI_P125",100
"51568",-72.8047740991024,"NRI_P125",25
"51569",8750.2153959009,"NRI_P125",50
"51570",-3801.20312409911,"NRI_P125",100
"51571",-1218.4259240991,"NRI_P125",25
"51572",19954.7447159009,"NRI_P125",50
"51573",-4870.1375540991,"NRI_P125",100
"51574",-264.087614099102,"NRI_P125",25
"51575",10154.0616359009,"NRI_P125",50
"51576",4565.1851859009,"NRI_P125",100
"51577",-644.271494099099,"NRI_P125",25
"51578",-1552.5043540991,"NRI_P125",50
"51579",-2855.0246340991,"NRI_P125",100
"51580",7972.4793259009,"NRI_P125",25
"51581",1066.6118759009,"NRI_P125",50
"51582",-6190.4397840991,"NRI_P125",100
"51583",-120.017484099102,"NRI_P125",25
"51584",11420.8697059009,"NRI_P125",50
"51585",-6108.39049409911,"NRI_P125",100
"51586",-3691.5968240991,"NRI_P125",25
"51587",-4096.6405440991,"NRI_P125",50
"51588",-1408.4092840991,"NRI_P125",100
"51589",652.065735900898,"NRI_P125",25
"51590",8331.4754459009,"NRI_P125",50
"51591",-3857.8325640991,"NRI_P125",100
"51592",-1375.7108240991,"NRI_P125",25
"51593",-2262.2619640991,"NRI_P125",50
"51594",-6003.6235240991,"NRI_P125",100
"51595",-1594.7829340991,"NRI_P125",25
"51596",-4718.6478040991,"NRI_P125",50
"51597",-5307.4383040991,"NRI_P125",100
"51598",-110.943184099102,"NRI_P125",25
"51599",11012.4125859009,"NRI_P125",50
"51600",7980.5938759009,"NRI_P125",100
"51601",-3857.30482517998,"NRI_P126",25
"51602",-19431.46682518,"NRI_P126",50
"51603",-2200.21783518,"NRI_P126",100
"51604",-415.172675180016,"NRI_P126",25
"51605",-4180.39993517997,"NRI_P126",50
"51606",-13687.17242518,"NRI_P126",100
"51607",1887.80457481998,"NRI_P126",25
"51608",-20188.12575518,"NRI_P126",50
"51609",-21158.24106518,"NRI_P126",100
"51610",-443.948105179996,"NRI_P126",25
"51611",-10580.08744518,"NRI_P126",50
"51612",-22139.26277518,"NRI_P126",100
"51613",-430.034165179997,"NRI_P126",25
"51614",-18811.02695518,"NRI_P126",50
"51615",-12442.29404518,"NRI_P126",100
"51616",-1922.86504518002,"NRI_P126",25
"51617",-18887.72652518,"NRI_P126",50
"51618",-998.870295180008,"NRI_P126",100
"51619",-16997.81581518,"NRI_P126",25
"51620",735.506364820001,"NRI_P126",50
"51621",-22067.98005518,"NRI_P126",100
"51622",-2067.93340518,"NRI_P126",25
"51623",12874.80809482,"NRI_P126",50
"51624",-23211.68885518,"NRI_P126",100
"51625",-3247.14609518001,"NRI_P126",25
"51626",664.717954820022,"NRI_P126",50
"51627",-17149.55043518,"NRI_P126",100
"51628",5714.35740481998,"NRI_P126",25
"51629",-4135.00997517997,"NRI_P126",50
"51630",-21536.29792518,"NRI_P126",100
"51631",-18158.91373518,"NRI_P126",25
"51632",-793.066975180001,"NRI_P126",50
"51633",-21575.54776518,"NRI_P126",100
"51634",112.107744820009,"NRI_P126",25
"51635",-19528.95137518,"NRI_P126",50
"51636",-18799.96368518,"NRI_P126",100
"51637",-18974.78077518,"NRI_P126",25
"51638",-14582.31171518,"NRI_P126",50
"51639",-18842.29284518,"NRI_P126",100
"51640",32.661044819979,"NRI_P126",25
"51641",-5355.92830517999,"NRI_P126",50
"51642",-21346.81528518,"NRI_P126",100
"51643",-14715.82927518,"NRI_P126",25
"51644",3062.97488482,"NRI_P126",50
"51645",-19642.80051518,"NRI_P126",100
"51646",-17035.79074518,"NRI_P126",25
"51647",-502.224605179974,"NRI_P126",50
"51648",-19477.98980518,"NRI_P126",100
"51649",-20701.65707518,"NRI_P126",25
"51650",-4147.75519518001,"NRI_P126",50
"51651",-16142.54673518,"NRI_P126",100
"51652",-2561.06707518001,"NRI_P126",25
"51653",-12477.43977518,"NRI_P126",50
"51654",-12369.35295518,"NRI_P126",100
"51655",6639.64627482003,"NRI_P126",25
"51656",-5411.71947517997,"NRI_P126",50
"51657",-16690.37903518,"NRI_P126",100
"51658",-1275.80076517997,"NRI_P126",25
"51659",-2971.32592517999,"NRI_P126",50
"51660",-16684.47994518,"NRI_P126",100
"51661",-3258.07016518002,"NRI_P126",25
"51662",-11444.05997518,"NRI_P126",50
"51663",-15140.04634518,"NRI_P126",100
"51664",-16451.14267518,"NRI_P126",25
"51665",-2668.55933517998,"NRI_P126",50
"51666",-24230.14254518,"NRI_P126",100
"51667",-16793.26947518,"NRI_P126",25
"51668",2023.45817482,"NRI_P126",50
"51669",-19405.11165518,"NRI_P126",100
"51670",169.170914819988,"NRI_P126",25
"51671",-758.924285179994,"NRI_P126",50
"51672",-20337.71076518,"NRI_P126",100
"51673",747.591874820006,"NRI_P126",25
"51674",-6744.15920518001,"NRI_P126",50
"51675",-10675.37409518,"NRI_P126",100
"51676",-3679.95126518002,"NRI_P126",25
"51677",-409.480005179998,"NRI_P126",50
"51678",-18710.13185518,"NRI_P126",100
"51679",-1779.72275517997,"NRI_P126",25
"51680",-1397.15740517998,"NRI_P126",50
"51681",-9872.71303518,"NRI_P126",100
"51682",-4066.41025517997,"NRI_P126",25
"51683",-3812.59477517998,"NRI_P126",50
"51684",-23641.68972518,"NRI_P126",100
"51685",1656.79012482002,"NRI_P126",25
"51686",-18069.41905518,"NRI_P126",50
"51687",-20457.82618518,"NRI_P126",100
"51688",-12903.28927518,"NRI_P126",25
"51689",5121.93560482003,"NRI_P126",50
"51690",-23389.32741518,"NRI_P126",100
"51691",-5760.73437517998,"NRI_P126",25
"51692",-1262.54534517997,"NRI_P126",50
"51693",-21007.80836518,"NRI_P126",100
"51694",-1519.17867518001,"NRI_P126",25
"51695",3949.00725482003,"NRI_P126",50
"51696",-21855.71315518,"NRI_P126",100
"51697",-16568.45838518,"NRI_P126",25
"51698",-18144.74190518,"NRI_P126",50
"51699",-16213.30831518,"NRI_P126",100
"51700",-2040.42601518001,"NRI_P126",25
"51701",-13969.00861518,"NRI_P126",50
"51702",-10390.10789518,"NRI_P126",100
"51703",-1050.57428518002,"NRI_P126",25
"51704",-20445.93017518,"NRI_P126",50
"51705",-21167.26199518,"NRI_P126",100
"51706",-972.69555518002,"NRI_P126",25
"51707",-18904.92216518,"NRI_P126",50
"51708",-17708.94934518,"NRI_P126",100
"51709",3556.11108482,"NRI_P126",25
"51710",5575.63706481998,"NRI_P126",50
"51711",-14812.39228518,"NRI_P126",100
"51712",-3302.10020518,"NRI_P126",25
"51713",1033.38774481998,"NRI_P126",50
"51714",-19971.70032518,"NRI_P126",100
"51715",397.521044820023,"NRI_P126",25
"51716",-3234.21277518,"NRI_P126",50
"51717",-23643.99214518,"NRI_P126",100
"51718",-2728.99868517998,"NRI_P126",25
"51719",-8604.72165517998,"NRI_P126",50
"51720",-18453.97848518,"NRI_P126",100
"51721",1023.86043482,"NRI_P126",25
"51722",-14238.65145518,"NRI_P126",50
"51723",-15991.22435518,"NRI_P126",100
"51724",1555.04584481998,"NRI_P126",25
"51725",-20445.98435518,"NRI_P126",50
"51726",-20843.13079518,"NRI_P126",100
"51727",-17473.85887518,"NRI_P126",25
"51728",-16301.53262518,"NRI_P126",50
"51729",-12051.40620518,"NRI_P126",100
"51730",-345.008465179999,"NRI_P126",25
"51731",-927.140065180021,"NRI_P126",50
"51732",-6035.86343517998,"NRI_P126",100
"51733",-20223.47930518,"NRI_P126",25
"51734",-350.128725179995,"NRI_P126",50
"51735",-19984.84929518,"NRI_P126",100
"51736",-3888.20727517997,"NRI_P126",25
"51737",-5868.73291517998,"NRI_P126",50
"51738",-22359.29394518,"NRI_P126",100
"51739",-2117.45062517998,"NRI_P126",25
"51740",-11177.78663518,"NRI_P126",50
"51741",-16785.11655518,"NRI_P126",100
"51742",-14884.68956518,"NRI_P126",25
"51743",-18286.94333518,"NRI_P126",50
"51744",-22392.85467518,"NRI_P126",100
"51745",-2131.25696517999,"NRI_P126",25
"51746",-15907.62361518,"NRI_P126",50
"51747",-14348.35024518,"NRI_P126",100
"51748",-17479.61590518,"NRI_P126",25
"51749",-19988.46646518,"NRI_P126",50
"51750",-24008.22660518,"NRI_P126",100
"51751",-17081.71704518,"NRI_P126",25
"51752",-13457.13518518,"NRI_P126",50
"51753",-23662.02576518,"NRI_P126",100
"51754",5900.33768482,"NRI_P126",25
"51755",1530.59872482001,"NRI_P126",50
"51756",-22463.79792518,"NRI_P126",100
"51757",4343.43354482,"NRI_P126",25
"51758",-3796.43338518002,"NRI_P126",50
"51759",-9135.13339517999,"NRI_P126",100
"51760",-331.875225180003,"NRI_P126",25
"51761",-2711.95434518001,"NRI_P126",50
"51762",-23115.99061518,"NRI_P126",100
"51763",-5515.55027518002,"NRI_P126",25
"51764",-1461.06986518,"NRI_P126",50
"51765",-9914.06121517997,"NRI_P126",100
"51766",1605.18071481999,"NRI_P126",25
"51767",-16990.93256518,"NRI_P126",50
"51768",-23444.30401518,"NRI_P126",100
"51769",-16376.05144518,"NRI_P126",25
"51770",2283.44733482,"NRI_P126",50
"51771",-15665.60038518,"NRI_P126",100
"51772",-1137.33317518001,"NRI_P126",25
"51773",-9564.43494518002,"NRI_P126",50
"51774",-21996.68494518,"NRI_P126",100
"51775",-3977.37433517998,"NRI_P126",25
"51776",-14467.53883518,"NRI_P126",50
"51777",-15645.42199518,"NRI_P126",100
"51778",3786.58262482,"NRI_P126",25
"51779",2437.26525482,"NRI_P126",50
"51780",-18151.46228518,"NRI_P126",100
"51781",-1195.17955518002,"NRI_P126",25
"51782",-18527.71798518,"NRI_P126",50
"51783",-18172.83152518,"NRI_P126",100
"51784",-313.445545180002,"NRI_P126",25
"51785",2461.42454481998,"NRI_P126",50
"51786",-21794.03729518,"NRI_P126",100
"51787",490.599664820009,"NRI_P126",25
"51788",2969.74798481999,"NRI_P126",50
"51789",-19311.96445518,"NRI_P126",100
"51790",-2704.61024518003,"NRI_P126",25
"51791",-8078.18526518001,"NRI_P126",50
"51792",-15451.80618518,"NRI_P126",100
"51793",204.835944820021,"NRI_P126",25
"51794",-16335.80151518,"NRI_P126",50
"51795",-24647.09712518,"NRI_P126",100
"51796",-13886.95677518,"NRI_P126",25
"51797",-2864.61004518002,"NRI_P126",50
"51798",-24285.85490518,"NRI_P126",100
"51799",-16604.33120518,"NRI_P126",25
"51800",-10551.64919518,"NRI_P126",50
"51801",-18054.76555518,"NRI_P126",100
"51802",-14954.11215518,"NRI_P126",25
"51803",7818.19321482,"NRI_P126",50
"51804",20026.62464482,"NRI_P126",100
"51805",-17985.72665518,"NRI_P126",25
"51806",-1658.86012517998,"NRI_P126",50
"51807",-21444.88505518,"NRI_P126",100
"51808",1656.13544481999,"NRI_P126",25
"51809",-3467.10995517997,"NRI_P126",50
"51810",-21521.46106518,"NRI_P126",100
"51811",-713.780005179986,"NRI_P126",25
"51812",5969.57258481998,"NRI_P126",50
"51813",-9717.67158517998,"NRI_P126",100
"51814",3389.22792481998,"NRI_P126",25
"51815",-5001.55835518002,"NRI_P126",50
"51816",-23792.20385518,"NRI_P126",100
"51817",-2224.02885518002,"NRI_P126",25
"51818",3484.97244481998,"NRI_P126",50
"51819",-22877.83136518,"NRI_P126",100
"51820",-13302.95686518,"NRI_P126",25
"51821",-18834.26332518,"NRI_P126",50
"51822",-23857.43386518,"NRI_P126",100
"51823",1277.78463482001,"NRI_P126",25
"51824",-19629.49739518,"NRI_P126",50
"51825",-20755.13944518,"NRI_P126",100
"51826",-1976.05462517997,"NRI_P126",25
"51827",-20203.37199518,"NRI_P126",50
"51828",-22824.83196518,"NRI_P126",100
"51829",-17353.58552518,"NRI_P126",25
"51830",-17260.49756518,"NRI_P126",50
"51831",-19980.61352518,"NRI_P126",100
"51832",-112.964265179995,"NRI_P126",25
"51833",-21279.60412518,"NRI_P126",50
"51834",-17031.55934518,"NRI_P126",100
"51835",1565.54122482002,"NRI_P126",25
"51836",-14704.74174518,"NRI_P126",50
"51837",-7316.97682518,"NRI_P126",100
"51838",216.55582482001,"NRI_P126",25
"51839",1345.87311481999,"NRI_P126",50
"51840",-9328.79858518002,"NRI_P126",100
"51841",-2901.73787517997,"NRI_P126",25
"51842",-1138.96948517999,"NRI_P126",50
"51843",-18256.85074518,"NRI_P126",100
"51844",-843.256975180004,"NRI_P126",25
"51845",-5698.53655517998,"NRI_P126",50
"51846",-18740.09177518,"NRI_P126",100
"51847",-1158.47319518001,"NRI_P126",25
"51848",-17884.71745518,"NRI_P126",50
"51849",-16158.51162518,"NRI_P126",100
"51850",918.032974820002,"NRI_P126",25
"51851",-18734.97122518,"NRI_P126",50
"51852",-22664.35078518,"NRI_P126",100
"51853",-1877.36583517998,"NRI_P126",25
"51854",-1130.98471518001,"NRI_P126",50
"51855",-5968.78647518001,"NRI_P126",100
"51856",7439.68724482,"NRI_P126",25
"51857",3470.41138482001,"NRI_P126",50
"51858",-2355.10096518003,"NRI_P126",100
"51859",-235.955975180026,"NRI_P126",25
"51860",-2589.22999517998,"NRI_P126",50
"51861",-19081.24384518,"NRI_P126",100
"51862",-18650.80707518,"NRI_P126",25
"51863",-5610.93026518001,"NRI_P126",50
"51864",-21358.87376518,"NRI_P126",100
"51865",-3538.68955517997,"NRI_P126",25
"51866",-13570.97964518,"NRI_P126",50
"51867",-21643.54377518,"NRI_P126",100
"51868",-17012.84322518,"NRI_P126",25
"51869",5206.48802481999,"NRI_P126",50
"51870",-23350.37021518,"NRI_P126",100
"51871",-4561.51046517998,"NRI_P126",25
"51872",-2958.32970518002,"NRI_P126",50
"51873",-11035.35026518,"NRI_P126",100
"51874",-16693.80292518,"NRI_P126",25
"51875",-2393.72436518001,"NRI_P126",50
"51876",-10132.33530518,"NRI_P126",100
"51877",26.2009248199756,"NRI_P126",25
"51878",-15415.14314518,"NRI_P126",50
"51879",-23262.55350518,"NRI_P126",100
"51880",-2151.91569518001,"NRI_P126",25
"51881",14215.54895482,"NRI_P126",50
"51882",-14618.57524518,"NRI_P126",100
"51883",-1103.95646517997,"NRI_P126",25
"51884",-21568.43917518,"NRI_P126",50
"51885",-22092.65836518,"NRI_P126",100
"51886",-19654.81054518,"NRI_P126",25
"51887",5215.19496482,"NRI_P126",50
"51888",-21400.69034518,"NRI_P126",100
"51889",-1789.19896518002,"NRI_P126",25
"51890",3794.67659481999,"NRI_P126",50
"51891",-21046.67354518,"NRI_P126",100
"51892",168.529074819991,"NRI_P126",25
"51893",-16187.01321518,"NRI_P126",50
"51894",-19808.92241518,"NRI_P126",100
"51895",1252.96478481998,"NRI_P126",25
"51896",-5492.18773518002,"NRI_P126",50
"51897",-19150.71681518,"NRI_P126",100
"51898",2073.74512481998,"NRI_P126",25
"51899",-295.196215179982,"NRI_P126",50
"51900",-23577.87501518,"NRI_P126",100
"51901",8509.501465009,"NRI_P129",25
"51902",2617.66108500905,"NRI_P129",50
"51903",25009.160115009,"NRI_P129",100
"51904",4309.04625500902,"NRI_P129",25
"51905",15748.834425009,"NRI_P129",50
"51906",25732.2832950091,"NRI_P129",100
"51907",1790.66577500902,"NRI_P129",25
"51908",6382.69052500901,"NRI_P129",50
"51909",43466.232615009,"NRI_P129",100
"51910",14227.6263650091,"NRI_P129",25
"51911",12537.9207250091,"NRI_P129",50
"51912",32433.745625009,"NRI_P129",100
"51913",441.195425009006,"NRI_P129",25
"51914",7908.13346500904,"NRI_P129",50
"51915",13741.333785009,"NRI_P129",100
"51916",-1233.02951499098,"NRI_P129",25
"51917",2396.05097500904,"NRI_P129",50
"51918",28001.906675009,"NRI_P129",100
"51919",1775.252665009,"NRI_P129",25
"51920",3454.699415009,"NRI_P129",50
"51921",36246.891125009,"NRI_P129",100
"51922",3222.04113500903,"NRI_P129",25
"51923",13982.956585009,"NRI_P129",50
"51924",15297.037765009,"NRI_P129",100
"51925",8011.32700500905,"NRI_P129",25
"51926",1911.46762500901,"NRI_P129",50
"51927",22134.644415009,"NRI_P129",100
"51928",12709.157945009,"NRI_P129",25
"51929",36541.863965009,"NRI_P129",50
"51930",10997.855705009,"NRI_P129",100
"51931",11870.767385009,"NRI_P129",25
"51932",8488.064745009,"NRI_P129",50
"51933",9986.69174500904,"NRI_P129",100
"51934",5210.548745009,"NRI_P129",25
"51935",30501.104375009,"NRI_P129",50
"51936",37948.8554650091,"NRI_P129",100
"51937",-182.75422499096,"NRI_P129",25
"51938",3397.51070500904,"NRI_P129",50
"51939",12673.2184250091,"NRI_P129",100
"51940",22851.893965009,"NRI_P129",25
"51941",24005.630805009,"NRI_P129",50
"51942",40238.856165009,"NRI_P129",100
"51943",124.189945009013,"NRI_P129",25
"51944",9775.57288500905,"NRI_P129",50
"51945",19342.604535009,"NRI_P129",100
"51946",161.048195009003,"NRI_P129",25
"51947",29143.2658050091,"NRI_P129",50
"51948",31685.431415009,"NRI_P129",100
"51949",6931.047025009,"NRI_P129",25
"51950",16406.209125009,"NRI_P129",50
"51951",25708.4473650091,"NRI_P129",100
"51952",5205.82563500904,"NRI_P129",25
"51953",8709.82188500901,"NRI_P129",50
"51954",8988.69294500904,"NRI_P129",100
"51955",11236.544075009,"NRI_P129",25
"51956",14028.662975009,"NRI_P129",50
"51957",13623.964415009,"NRI_P129",100
"51958",19292.885145009,"NRI_P129",25
"51959",6263.08542500902,"NRI_P129",50
"51960",32791.408645009,"NRI_P129",100
"51961",912.079865009,"NRI_P129",25
"51962",36800.305025009,"NRI_P129",50
"51963",46867.142775009,"NRI_P129",100
"51964",3309.61029500904,"NRI_P129",25
"51965",8218.77383500902,"NRI_P129",50
"51966",17149.0134350091,"NRI_P129",100
"51967",1038.38209500903,"NRI_P129",25
"51968",47585.393315009,"NRI_P129",50
"51969",17558.594175009,"NRI_P129",100
"51970",6393.57208500901,"NRI_P129",25
"51971",21883.917725009,"NRI_P129",50
"51972",28856.108085009,"NRI_P129",100
"51973",4806.51857500902,"NRI_P129",25
"51974",9812.11948500905,"NRI_P129",50
"51975",38171.038235009,"NRI_P129",100
"51976",-252.006134990952,"NRI_P129",25
"51977",20266.242255009,"NRI_P129",50
"51978",30972.690775009,"NRI_P129",100
"51979",1281.13939500903,"NRI_P129",25
"51980",-778.458524991001,"NRI_P129",50
"51981",13293.494965009,"NRI_P129",100
"51982",24605.736495009,"NRI_P129",25
"51983",7609.83978500904,"NRI_P129",50
"51984",37141.809605009,"NRI_P129",100
"51985",6267.64527500904,"NRI_P129",25
"51986",12363.7823550091,"NRI_P129",50
"51987",40952.503525009,"NRI_P129",100
"51988",1141.56368500902,"NRI_P129",25
"51989",10565.8545250091,"NRI_P129",50
"51990",15446.856725009,"NRI_P129",100
"51991",4255.678385009,"NRI_P129",25
"51992",29028.218085009,"NRI_P129",50
"51993",11920.997655009,"NRI_P129",100
"51994",1743.36214500904,"NRI_P129",25
"51995",11860.568985009,"NRI_P129",50
"51996",23748.470415009,"NRI_P129",100
"51997",4784.30280500901,"NRI_P129",25
"51998",52803.458255009,"NRI_P129",50
"51999",28117.029805009,"NRI_P129",100
"52000",4844.17425500904,"NRI_P129",25
"52001",8053.37953500904,"NRI_P129",50
"52002",27478.757785009,"NRI_P129",100
"52003",2059.18624500901,"NRI_P129",25
"52004",9178.61875500903,"NRI_P129",50
"52005",28686.538405009,"NRI_P129",100
"52006",8127.76024500903,"NRI_P129",25
"52007",7596.37558500905,"NRI_P129",50
"52008",22717.254395009,"NRI_P129",100
"52009",-1023.17014499096,"NRI_P129",25
"52010",31341.792865009,"NRI_P129",50
"52011",42078.388815009,"NRI_P129",100
"52012",3727.07501500903,"NRI_P129",25
"52013",19679.5318350091,"NRI_P129",50
"52014",23845.912535009,"NRI_P129",100
"52015",7295.91000500903,"NRI_P129",25
"52016",5147.49103500904,"NRI_P129",50
"52017",12126.0501050091,"NRI_P129",100
"52018",1094.45955500903,"NRI_P129",25
"52019",3615.43865500903,"NRI_P129",50
"52020",12323.0551350091,"NRI_P129",100
"52021",491.858095009055,"NRI_P129",25
"52022",19498.070275009,"NRI_P129",50
"52023",9043.93196500902,"NRI_P129",100
"52024",28304.324785009,"NRI_P129",25
"52025",6975.073085009,"NRI_P129",50
"52026",49587.783595009,"NRI_P129",100
"52027",1241.55599500902,"NRI_P129",25
"52028",15038.103915009,"NRI_P129",50
"52029",36537.412485009,"NRI_P129",100
"52030",6253.14284500905,"NRI_P129",25
"52031",29965.374785009,"NRI_P129",50
"52032",18448.248775009,"NRI_P129",100
"52033",10073.960635009,"NRI_P129",25
"52034",5841.57690500905,"NRI_P129",50
"52035",33119.515315009,"NRI_P129",100
"52036",-12.5983049909701,"NRI_P129",25
"52037",6665.46043500904,"NRI_P129",50
"52038",21732.296815009,"NRI_P129",100
"52039",-34.9532349910005,"NRI_P129",25
"52040",8845.87098500901,"NRI_P129",50
"52041",21815.950755009,"NRI_P129",100
"52042",8114.796865009,"NRI_P129",25
"52043",31060.0214850091,"NRI_P129",50
"52044",22773.099035009,"NRI_P129",100
"52045",7189.56641500903,"NRI_P129",25
"52046",10819.748355009,"NRI_P129",50
"52047",21954.4796550091,"NRI_P129",100
"52048",12376.239495009,"NRI_P129",25
"52049",8669.80514500901,"NRI_P129",50
"52050",10386.4791350091,"NRI_P129",100
"52051",11530.245875009,"NRI_P129",25
"52052",11578.066165009,"NRI_P129",50
"52053",21369.121895009,"NRI_P129",100
"52054",3654.81439500902,"NRI_P129",25
"52055",28461.750315009,"NRI_P129",50
"52056",20754.132175009,"NRI_P129",100
"52057",24983.8436850091,"NRI_P129",25
"52058",6271.760225009,"NRI_P129",50
"52059",24036.398045009,"NRI_P129",100
"52060",-193.068854990997,"NRI_P129",25
"52061",29929.037855009,"NRI_P129",50
"52062",18759.913565009,"NRI_P129",100
"52063",14739.864095009,"NRI_P129",25
"52064",5210.20698500902,"NRI_P129",50
"52065",35433.135935009,"NRI_P129",100
"52066",3161.13896500901,"NRI_P129",25
"52067",9166.58472500904,"NRI_P129",50
"52068",24292.2985150091,"NRI_P129",100
"52069",5959.735205009,"NRI_P129",25
"52070",10425.005735009,"NRI_P129",50
"52071",41094.0422850091,"NRI_P129",100
"52072",9521.39215500903,"NRI_P129",25
"52073",24773.021625009,"NRI_P129",50
"52074",56814.944725009,"NRI_P129",100
"52075",11399.601715009,"NRI_P129",25
"52076",9522.318215009,"NRI_P129",50
"52077",32166.820395009,"NRI_P129",100
"52078",69.7976450090064,"NRI_P129",25
"52079",8898.48630500905,"NRI_P129",50
"52080",16838.870625009,"NRI_P129",100
"52081",26081.826525009,"NRI_P129",25
"52082",36494.809285009,"NRI_P129",50
"52083",11519.042145009,"NRI_P129",100
"52084",3003.66041500901,"NRI_P129",25
"52085",3600.22328500904,"NRI_P129",50
"52086",19610.306915009,"NRI_P129",100
"52087",-709.57672499097,"NRI_P129",25
"52088",11471.105895009,"NRI_P129",50
"52089",21820.903485009,"NRI_P129",100
"52090",5185.34866500902,"NRI_P129",25
"52091",6558.81270500901,"NRI_P129",50
"52092",46749.878535009,"NRI_P129",100
"52093",8201.85685500904,"NRI_P129",25
"52094",12648.585205009,"NRI_P129",50
"52095",31686.413645009,"NRI_P129",100
"52096",9534.90426500904,"NRI_P129",25
"52097",10591.7696350091,"NRI_P129",50
"52098",22040.572785009,"NRI_P129",100
"52099",-147.280624990992,"NRI_P129",25
"52100",21629.146455009,"NRI_P129",50
"52101",31956.241525009,"NRI_P129",100
"52102",-371.663484990946,"NRI_P129",25
"52103",11128.950105009,"NRI_P129",50
"52104",15685.470745009,"NRI_P129",100
"52105",1655.10577500903,"NRI_P129",25
"52106",770.458225009032,"NRI_P129",50
"52107",13402.4913350091,"NRI_P129",100
"52108",7291.96088500903,"NRI_P129",25
"52109",10243.098565009,"NRI_P129",50
"52110",19221.196785009,"NRI_P129",100
"52111",5226.33159500902,"NRI_P129",25
"52112",15250.136025009,"NRI_P129",50
"52113",23549.838215009,"NRI_P129",100
"52114",6939.65507500904,"NRI_P129",25
"52115",17303.346615009,"NRI_P129",50
"52116",19303.833845009,"NRI_P129",100
"52117",5940.69819500903,"NRI_P129",25
"52118",9912.23753500904,"NRI_P129",50
"52119",11512.243265009,"NRI_P129",100
"52120",-1444.125094991,"NRI_P129",25
"52121",13478.443225009,"NRI_P129",50
"52122",27264.123355009,"NRI_P129",100
"52123",10478.9486950091,"NRI_P129",25
"52124",8696.06975500903,"NRI_P129",50
"52125",17293.300385009,"NRI_P129",100
"52126",8384.220735009,"NRI_P129",25
"52127",11008.373925009,"NRI_P129",50
"52128",34344.497115009,"NRI_P129",100
"52129",5980.45187500905,"NRI_P129",25
"52130",11761.070505009,"NRI_P129",50
"52131",13706.538695009,"NRI_P129",100
"52132",7708.22116500902,"NRI_P129",25
"52133",12222.774605009,"NRI_P129",50
"52134",37108.778685009,"NRI_P129",100
"52135",3185.24939500901,"NRI_P129",25
"52136",16031.8717250091,"NRI_P129",50
"52137",32483.859095009,"NRI_P129",100
"52138",1649.93411500903,"NRI_P129",25
"52139",10346.859095009,"NRI_P129",50
"52140",14452.843875009,"NRI_P129",100
"52141",1517.43949500902,"NRI_P129",25
"52142",9987.992185009,"NRI_P129",50
"52143",34411.027885009,"NRI_P129",100
"52144",4321.06227500906,"NRI_P129",25
"52145",3744.84701500903,"NRI_P129",50
"52146",26153.153795009,"NRI_P129",100
"52147",2443.37628500903,"NRI_P129",25
"52148",33975.5279750091,"NRI_P129",50
"52149",34531.9979550091,"NRI_P129",100
"52150",2062.467845009,"NRI_P129",25
"52151",12951.885395009,"NRI_P129",50
"52152",21203.906915009,"NRI_P129",100
"52153",23572.108305009,"NRI_P129",25
"52154",8283.95810500905,"NRI_P129",50
"52155",18865.532895009,"NRI_P129",100
"52156",11122.792595009,"NRI_P129",25
"52157",7507.68016500905,"NRI_P129",50
"52158",24190.288625009,"NRI_P129",100
"52159",-239.836104990973,"NRI_P129",25
"52160",8143.195615009,"NRI_P129",50
"52161",21092.759955009,"NRI_P129",100
"52162",3417.61289500905,"NRI_P129",25
"52163",9238.67836500902,"NRI_P129",50
"52164",8172.81207500905,"NRI_P129",100
"52165",4779.09528500901,"NRI_P129",25
"52166",22879.837575009,"NRI_P129",50
"52167",32070.025365009,"NRI_P129",100
"52168",208.280305009044,"NRI_P129",25
"52169",4292.61080500903,"NRI_P129",50
"52170",23330.706675009,"NRI_P129",100
"52171",17180.004955009,"NRI_P129",25
"52172",7198.55383500905,"NRI_P129",50
"52173",40345.726515009,"NRI_P129",100
"52174",17817.432465009,"NRI_P129",25
"52175",13061.740925009,"NRI_P129",50
"52176",30662.261395009,"NRI_P129",100
"52177",18137.068805009,"NRI_P129",25
"52178",8583.344305009,"NRI_P129",50
"52179",22397.627575009,"NRI_P129",100
"52180",13660.131345009,"NRI_P129",25
"52181",6474.56034500903,"NRI_P129",50
"52182",38669.450535009,"NRI_P129",100
"52183",1118.05583500903,"NRI_P129",25
"52184",10410.932885009,"NRI_P129",50
"52185",29115.422505009,"NRI_P129",100
"52186",3052.97562500904,"NRI_P129",25
"52187",35033.186925009,"NRI_P129",50
"52188",14305.849995009,"NRI_P129",100
"52189",9940.864815009,"NRI_P129",25
"52190",-161.907334990974,"NRI_P129",50
"52191",38769.4689450091,"NRI_P129",100
"52192",3240.50676500902,"NRI_P129",25
"52193",22279.502675009,"NRI_P129",50
"52194",25292.766835009,"NRI_P129",100
"52195",3680.21393500903,"NRI_P129",25
"52196",10849.288425009,"NRI_P129",50
"52197",51303.119995009,"NRI_P129",100
"52198",61.3208550090203,"NRI_P129",25
"52199",14020.471155009,"NRI_P129",50
"52200",24672.409045009,"NRI_P129",100
"52201",712.793376174988,"NRI_P130",25
"52202",-6050.60198382501,"NRI_P130",50
"52203",11813.175166175,"NRI_P130",100
"52204",-6716.60727382501,"NRI_P130",25
"52205",-628.349763825012,"NRI_P130",50
"52206",-11168.228253825,"NRI_P130",100
"52207",-10801.498843825,"NRI_P130",25
"52208",-3985.22520382502,"NRI_P130",50
"52209",27250.506366175,"NRI_P130",100
"52210",1009.07627617498,"NRI_P130",25
"52211",9793.24321617497,"NRI_P130",50
"52212",150.432276174979,"NRI_P130",100
"52213",-8621.11597382501,"NRI_P130",25
"52214",-14511.872573825,"NRI_P130",50
"52215",-15875.534663825,"NRI_P130",100
"52216",-7002.24188382502,"NRI_P130",25
"52217",-8174.67838382503,"NRI_P130",50
"52218",-5748.43843382501,"NRI_P130",100
"52219",-12774.644963825,"NRI_P130",25
"52220",-6807.95352382501,"NRI_P130",50
"52221",-17234.820393825,"NRI_P130",100
"52222",-2907.68050382502,"NRI_P130",25
"52223",-683.499333825021,"NRI_P130",50
"52224",-11666.066863825,"NRI_P130",100
"52225",-6552.90242382503,"NRI_P130",25
"52226",-7884.20367382502,"NRI_P130",50
"52227",-8806.76717382501,"NRI_P130",100
"52228",-6180.39718382503,"NRI_P130",25
"52229",-13520.154353825,"NRI_P130",50
"52230",7011.82791617498,"NRI_P130",100
"52231",16711.874746175,"NRI_P130",25
"52232",-6793.88491382502,"NRI_P130",50
"52233",29473.530966175,"NRI_P130",100
"52234",-8376.538733825,"NRI_P130",25
"52235",-2651.01250382501,"NRI_P130",50
"52236",-14130.231103825,"NRI_P130",100
"52237",-6273.457363825,"NRI_P130",25
"52238",-6847.54890382502,"NRI_P130",50
"52239",8599.50947617498,"NRI_P130",100
"52240",-1837.18586382503,"NRI_P130",25
"52241",-11813.504563825,"NRI_P130",50
"52242",-10328.880243825,"NRI_P130",100
"52243",-3736.28064382501,"NRI_P130",25
"52244",-661.440583825024,"NRI_P130",50
"52245",15235.685196175,"NRI_P130",100
"52246",11.1020561749756,"NRI_P130",25
"52247",-13586.001273825,"NRI_P130",50
"52248",-18739.242883825,"NRI_P130",100
"52249",6418.31605617498,"NRI_P130",25
"52250",4193.48879617499,"NRI_P130",50
"52251",-8053.37525382501,"NRI_P130",100
"52252",-5041.60530382502,"NRI_P130",25
"52253",-13060.490273825,"NRI_P130",50
"52254",-15112.303623825,"NRI_P130",100
"52255",7028.31061617497,"NRI_P130",25
"52256",-3283.27420382501,"NRI_P130",50
"52257",-1589.67580382503,"NRI_P130",100
"52258",-9617.89628382502,"NRI_P130",25
"52259",-20689.132903825,"NRI_P130",50
"52260",-6530.94702382502,"NRI_P130",100
"52261",-544.712403825019,"NRI_P130",25
"52262",362.907516174979,"NRI_P130",50
"52263",-14419.920673825,"NRI_P130",100
"52264",-747.409043825028,"NRI_P130",25
"52265",-14230.683733825,"NRI_P130",50
"52266",-9418.19639382503,"NRI_P130",100
"52267",2575.91983617499,"NRI_P130",25
"52268",-2224.19452382502,"NRI_P130",50
"52269",1768.38595617499,"NRI_P130",100
"52270",-6566.01940382502,"NRI_P130",25
"52271",15008.085916175,"NRI_P130",50
"52272",-2672.69419382501,"NRI_P130",100
"52273",-922.514383825008,"NRI_P130",25
"52274",-4507.56301382501,"NRI_P130",50
"52275",-17254.386473825,"NRI_P130",100
"52276",-5409.64851382503,"NRI_P130",25
"52277",-17613.694163825,"NRI_P130",50
"52278",-8553.43232382502,"NRI_P130",100
"52279",12361.727286175,"NRI_P130",25
"52280",-11215.043303825,"NRI_P130",50
"52281",-4263.95223382502,"NRI_P130",100
"52282",-1697.773613825,"NRI_P130",25
"52283",1472.65615617498,"NRI_P130",50
"52284",-14236.885473825,"NRI_P130",100
"52285",-9156.47627382501,"NRI_P130",25
"52286",-5417.41844382501,"NRI_P130",50
"52287",-20454.911493825,"NRI_P130",100
"52288",6422.27052617498,"NRI_P130",25
"52289",-5386.743773825,"NRI_P130",50
"52290",-12663.946753825,"NRI_P130",100
"52291",-3054.99470382501,"NRI_P130",25
"52292",-1048.70867382502,"NRI_P130",50
"52293",-13171.592693825,"NRI_P130",100
"52294",-4610.06853382502,"NRI_P130",25
"52295",-5378.97963382502,"NRI_P130",50
"52296",-5476.841143825,"NRI_P130",100
"52297",-4966.808123825,"NRI_P130",25
"52298",1018.55881617498,"NRI_P130",50
"52299",-8220.54648382502,"NRI_P130",100
"52300",-3561.46530382501,"NRI_P130",25
"52301",923.372026174999,"NRI_P130",50
"52302",-12071.057233825,"NRI_P130",100
"52303",-2017.06954382503,"NRI_P130",25
"52304",1573.19192617497,"NRI_P130",50
"52305",-10779.136573825,"NRI_P130",100
"52306",-5362.00896382501,"NRI_P130",25
"52307",-7135.362883825,"NRI_P130",50
"52308",-20272.787993825,"NRI_P130",100
"52309",749.751016174996,"NRI_P130",25
"52310",-11303.676363825,"NRI_P130",50
"52311",-6200.39291382502,"NRI_P130",100
"52312",2597.620436175,"NRI_P130",25
"52313",-17421.258203825,"NRI_P130",50
"52314",-4029.26015382502,"NRI_P130",100
"52315",2111.50329617498,"NRI_P130",25
"52316",-15032.146363825,"NRI_P130",50
"52317",-19398.205513825,"NRI_P130",100
"52318",-3918.203503825,"NRI_P130",25
"52319",-7167.25986382502,"NRI_P130",50
"52320",-22149.393083825,"NRI_P130",100
"52321",-5114.88376382503,"NRI_P130",25
"52322",-18226.285123825,"NRI_P130",50
"52323",-7754.141263825,"NRI_P130",100
"52324",-1196.86975382501,"NRI_P130",25
"52325",5112.33232617498,"NRI_P130",50
"52326",-5855.202383825,"NRI_P130",100
"52327",-3122.863873825,"NRI_P130",25
"52328",3109.38671617498,"NRI_P130",50
"52329",-11681.820483825,"NRI_P130",100
"52330",-16849.412123825,"NRI_P130",25
"52331",21553.185396175,"NRI_P130",50
"52332",-16638.934073825,"NRI_P130",100
"52333",-4386.00909382501,"NRI_P130",25
"52334",-10510.139473825,"NRI_P130",50
"52335",-7841.88182382501,"NRI_P130",100
"52336",-10509.874573825,"NRI_P130",25
"52337",-6428.33230382501,"NRI_P130",50
"52338",-5241.31545382502,"NRI_P130",100
"52339",3776.64672617498,"NRI_P130",25
"52340",3418.64423617499,"NRI_P130",50
"52341",-18002.293273825,"NRI_P130",100
"52342",-11514.969003825,"NRI_P130",25
"52343",-15658.112313825,"NRI_P130",50
"52344",-8513.49675382502,"NRI_P130",100
"52345",-3165.99144382501,"NRI_P130",25
"52346",-4922.559243825,"NRI_P130",50
"52347",-770.47027382502,"NRI_P130",100
"52348",-1461.322483825,"NRI_P130",25
"52349",-5405.66703382501,"NRI_P130",50
"52350",-1427.42771382502,"NRI_P130",100
"52351",-4064.48696382501,"NRI_P130",25
"52352",7342.19674617497,"NRI_P130",50
"52353",-21281.294813825,"NRI_P130",100
"52354",-1527.26445382502,"NRI_P130",25
"52355",-12726.765993825,"NRI_P130",50
"52356",-14792.474663825,"NRI_P130",100
"52357",3049.25771617499,"NRI_P130",25
"52358",-10584.828523825,"NRI_P130",50
"52359",-5780.76543382503,"NRI_P130",100
"52360",5515.086166175,"NRI_P130",25
"52361",6494.87781617499,"NRI_P130",50
"52362",-10953.692143825,"NRI_P130",100
"52363",-1215.50389382502,"NRI_P130",25
"52364",-10478.583903825,"NRI_P130",50
"52365",526.408326174977,"NRI_P130",100
"52366",-901.530543825007,"NRI_P130",25
"52367",-13685.718183825,"NRI_P130",50
"52368",-14932.509463825,"NRI_P130",100
"52369",-12209.676253825,"NRI_P130",25
"52370",-6078.44033382501,"NRI_P130",50
"52371",-7016.35957382503,"NRI_P130",100
"52372",-8172.41100382502,"NRI_P130",25
"52373",-2140.10172382501,"NRI_P130",50
"52374",1696.50834617499,"NRI_P130",100
"52375",-15267.190093825,"NRI_P130",25
"52376",-378.545323825005,"NRI_P130",50
"52377",-14627.375103825,"NRI_P130",100
"52378",-22646.716193825,"NRI_P130",25
"52379",11686.844586175,"NRI_P130",50
"52380",5129.87719617499,"NRI_P130",100
"52381",7411.152416175,"NRI_P130",25
"52382",-9142.37581382503,"NRI_P130",50
"52383",-9562.58050382501,"NRI_P130",100
"52384",-2473.68210382501,"NRI_P130",25
"52385",-16542.170803825,"NRI_P130",50
"52386",15105.654006175,"NRI_P130",100
"52387",-5618.51575382502,"NRI_P130",25
"52388",97.5620261749718,"NRI_P130",50
"52389",-5295.73224382501,"NRI_P130",100
"52390",10501.866216175,"NRI_P130",25
"52391",12260.525286175,"NRI_P130",50
"52392",-9063.67409382502,"NRI_P130",100
"52393",1874.29643617498,"NRI_P130",25
"52394",-2911.28184382501,"NRI_P130",50
"52395",-2772.29728382503,"NRI_P130",100
"52396",8948.09472617498,"NRI_P130",25
"52397",4581.81433617498,"NRI_P130",50
"52398",-19841.714053825,"NRI_P130",100
"52399",-13535.240273825,"NRI_P130",25
"52400",22161.490116175,"NRI_P130",50
"52401",3870.536826175,"NRI_P130",100
"52402",-4394.77076382501,"NRI_P130",25
"52403",17073.287856175,"NRI_P130",50
"52404",2019.95692617499,"NRI_P130",100
"52405",-3960.77258382502,"NRI_P130",25
"52406",-11462.843513825,"NRI_P130",50
"52407",18369.784946175,"NRI_P130",100
"52408",-408.641733825003,"NRI_P130",25
"52409",-7637.20274382501,"NRI_P130",50
"52410",-9802.64954382501,"NRI_P130",100
"52411",5934.92708617498,"NRI_P130",25
"52412",-5169.07440382501,"NRI_P130",50
"52413",-11874.449103825,"NRI_P130",100
"52414",-4496.607773825,"NRI_P130",25
"52415",-7989.30234382502,"NRI_P130",50
"52416",19420.706056175,"NRI_P130",100
"52417",757.79660617499,"NRI_P130",25
"52418",-4284.29203382501,"NRI_P130",50
"52419",138.58732617498,"NRI_P130",100
"52420",22.3360161749879,"NRI_P130",25
"52421",4538.35582617499,"NRI_P130",50
"52422",12551.495326175,"NRI_P130",100
"52423",322.234886174992,"NRI_P130",25
"52424",-4272.119293825,"NRI_P130",50
"52425",3891.048426175,"NRI_P130",100
"52426",984.158306174999,"NRI_P130",25
"52427",21988.213806175,"NRI_P130",50
"52428",-18949.290303825,"NRI_P130",100
"52429",14503.816446175,"NRI_P130",25
"52430",-13754.098543825,"NRI_P130",50
"52431",-17785.193833825,"NRI_P130",100
"52432",-3457.50094382503,"NRI_P130",25
"52433",-5305.22968382502,"NRI_P130",50
"52434",-21364.948593825,"NRI_P130",100
"52435",-5532.31802382501,"NRI_P130",25
"52436",-15918.852483825,"NRI_P130",50
"52437",-8609.30594382502,"NRI_P130",100
"52438",-6068.33899382502,"NRI_P130",25
"52439",-3461.72663382502,"NRI_P130",50
"52440",-3311.30390382503,"NRI_P130",100
"52441",-356.433823825006,"NRI_P130",25
"52442",-7569.39829382501,"NRI_P130",50
"52443",-16644.274133825,"NRI_P130",100
"52444",-3957.76953382502,"NRI_P130",25
"52445",-1016.259903825,"NRI_P130",50
"52446",692.440666174982,"NRI_P130",100
"52447",-4166.65754382501,"NRI_P130",25
"52448",-11517.942303825,"NRI_P130",50
"52449",-3312.296913825,"NRI_P130",100
"52450",7664.18655617497,"NRI_P130",25
"52451",-1226.55987382503,"NRI_P130",50
"52452",16048.741186175,"NRI_P130",100
"52453",285.64095617499,"NRI_P130",25
"52454",6795.98191617499,"NRI_P130",50
"52455",-7654.21920382502,"NRI_P130",100
"52456",-8496.80874382501,"NRI_P130",25
"52457",-19887.147963825,"NRI_P130",50
"52458",-19658.128133825,"NRI_P130",100
"52459",-4997.88002382501,"NRI_P130",25
"52460",-19665.511903825,"NRI_P130",50
"52461",-10140.406533825,"NRI_P130",100
"52462",-6858.83162382501,"NRI_P130",25
"52463",-11437.477923825,"NRI_P130",50
"52464",-17354.142983825,"NRI_P130",100
"52465",-8813.04166382502,"NRI_P130",25
"52466",-5552.91692382502,"NRI_P130",50
"52467",-10377.063353825,"NRI_P130",100
"52468",-2481.16134382502,"NRI_P130",25
"52469",1732.76006617499,"NRI_P130",50
"52470",-5535.026613825,"NRI_P130",100
"52471",-721.316573825025,"NRI_P130",25
"52472",-3202.29145382502,"NRI_P130",50
"52473",-14544.546083825,"NRI_P130",100
"52474",1012.305176175,"NRI_P130",25
"52475",-12298.281053825,"NRI_P130",50
"52476",-13821.959763825,"NRI_P130",100
"52477",-4883.62895382501,"NRI_P130",25
"52478",6901.51608617499,"NRI_P130",50
"52479",-4898.93157382502,"NRI_P130",100
"52480",10763.107636175,"NRI_P130",25
"52481",-13272.338573825,"NRI_P130",50
"52482",-8683.90012382501,"NRI_P130",100
"52483",8303.17217617499,"NRI_P130",25
"52484",6272.295976175,"NRI_P130",50
"52485",-2787.80847382502,"NRI_P130",100
"52486",-3205.76012382502,"NRI_P130",25
"52487",9716.10128617499,"NRI_P130",50
"52488",-14902.421593825,"NRI_P130",100
"52489",-4525.79485382501,"NRI_P130",25
"52490",-2169.84979382501,"NRI_P130",50
"52491",-16129.665433825,"NRI_P130",100
"52492",3871.74033617499,"NRI_P130",25
"52493",-10263.630523825,"NRI_P130",50
"52494",-19597.703433825,"NRI_P130",100
"52495",-6385.62058382502,"NRI_P130",25
"52496",9998.11140617498,"NRI_P130",50
"52497",22265.178756175,"NRI_P130",100
"52498",-1263.12670382502,"NRI_P130",25
"52499",-13579.233513825,"NRI_P130",50
"52500",-7859.22354382501,"NRI_P130",100
"52501",-179.518625888013,"NRI_P131",25
"52502",13192.072374112,"NRI_P131",50
"52503",-3415.561965888,"NRI_P131",100
"52504",-2347.71552588801,"NRI_P131",25
"52505",-1191.24683588801,"NRI_P131",50
"52506",-4544.08256588801,"NRI_P131",100
"52507",298.25949411199,"NRI_P131",25
"52508",5493.15706411199,"NRI_P131",50
"52509",12320.308544112,"NRI_P131",100
"52510",1036.49962411198,"NRI_P131",25
"52511",931.110134111979,"NRI_P131",50
"52512",2546.70862411198,"NRI_P131",100
"52513",-57.3543358879979,"NRI_P131",25
"52514",802.444464111992,"NRI_P131",50
"52515",10284.059414112,"NRI_P131",100
"52516",3840.908044112,"NRI_P131",25
"52517",1326.35340411199,"NRI_P131",50
"52518",-6470.012065888,"NRI_P131",100
"52519",-1797.63273588801,"NRI_P131",25
"52520",-1174.26521588801,"NRI_P131",50
"52521",10516.282404112,"NRI_P131",100
"52522",-1389.65556588801,"NRI_P131",25
"52523",-811.536595887999,"NRI_P131",50
"52524",-5610.14676588801,"NRI_P131",100
"52525",725.222344112,"NRI_P131",25
"52526",-1334.961015888,"NRI_P131",50
"52527",-5589.472645888,"NRI_P131",100
"52528",2793.32937411199,"NRI_P131",25
"52529",762.029204111983,"NRI_P131",50
"52530",-4682.81154588801,"NRI_P131",100
"52531",3567.13997411198,"NRI_P131",25
"52532",-621.070305888017,"NRI_P131",50
"52533",-7392.53934588801,"NRI_P131",100
"52534",-676.767495888023,"NRI_P131",25
"52535",-3055.05107588801,"NRI_P131",50
"52536",-5489.666295888,"NRI_P131",100
"52537",-2065.48977588801,"NRI_P131",25
"52538",-3988.50132588801,"NRI_P131",50
"52539",-3234.43057588801,"NRI_P131",100
"52540",-1148.86932588802,"NRI_P131",25
"52541",-5382.852245888,"NRI_P131",50
"52542",-4114.67525588801,"NRI_P131",100
"52543",497.551104112004,"NRI_P131",25
"52544",-1682.16153588801,"NRI_P131",50
"52545",682.350014111988,"NRI_P131",100
"52546",-1543.050015888,"NRI_P131",25
"52547",-39.0266158879967,"NRI_P131",50
"52548",-3595.808405888,"NRI_P131",100
"52549",-3962.79397588801,"NRI_P131",25
"52550",-709.744525888003,"NRI_P131",50
"52551",-5357.34709588801,"NRI_P131",100
"52552",-2009.49215588802,"NRI_P131",25
"52553",-409.782665888022,"NRI_P131",50
"52554",-7810.45441588802,"NRI_P131",100
"52555",245.105934111984,"NRI_P131",25
"52556",125.780284111999,"NRI_P131",50
"52557",11196.678554112,"NRI_P131",100
"52558",-1099.56704588802,"NRI_P131",25
"52559",-2113.17243588802,"NRI_P131",50
"52560",-3665.11271588801,"NRI_P131",100
"52561",-605.094285888015,"NRI_P131",25
"52562",-231.550065888005,"NRI_P131",50
"52563",-4993.383195888,"NRI_P131",100
"52564",-2948.70624588801,"NRI_P131",25
"52565",-4808.590035888,"NRI_P131",50
"52566",-3066.51763588801,"NRI_P131",100
"52567",-2228.81163588801,"NRI_P131",25
"52568",-1743.129015888,"NRI_P131",50
"52569",12058.903274112,"NRI_P131",100
"52570",-3792.15659588801,"NRI_P131",25
"52571",-2164.14425588801,"NRI_P131",50
"52572",1540.359074112,"NRI_P131",100
"52573",612.976494111994,"NRI_P131",25
"52574",-1847.95984588802,"NRI_P131",50
"52575",24.8432141119847,"NRI_P131",100
"52576",-2737.70250588801,"NRI_P131",25
"52577",-3146.786995888,"NRI_P131",50
"52578",305.621194111998,"NRI_P131",100
"52579",-1739.56284588802,"NRI_P131",25
"52580",-5041.32386588801,"NRI_P131",50
"52581",-2758.925275888,"NRI_P131",100
"52582",-2168.57844588801,"NRI_P131",25
"52583",4769.31217411198,"NRI_P131",50
"52584",-5165.11994588801,"NRI_P131",100
"52585",-3006.62361588801,"NRI_P131",25
"52586",-3097.336125888,"NRI_P131",50
"52587",-3426.121025888,"NRI_P131",100
"52588",-366.912395888008,"NRI_P131",25
"52589",-1234.47549588801,"NRI_P131",50
"52590",-5061.966495888,"NRI_P131",100
"52591",-768.575945888006,"NRI_P131",25
"52592",-2955.76506588802,"NRI_P131",50
"52593",-3992.29265588801,"NRI_P131",100
"52594",-2891.58443588801,"NRI_P131",25
"52595",-2016.48981588801,"NRI_P131",50
"52596",-4583.776335888,"NRI_P131",100
"52597",-211.765585888003,"NRI_P131",25
"52598",602.546014111984,"NRI_P131",50
"52599",-4979.056685888,"NRI_P131",100
"52600",-5.16692588801379,"NRI_P131",25
"52601",-5650.82595588801,"NRI_P131",50
"52602",9218.004584112,"NRI_P131",100
"52603",744.788734111993,"NRI_P131",25
"52604",4321.014724112,"NRI_P131",50
"52605",-6951.94703588801,"NRI_P131",100
"52606",192.111134111998,"NRI_P131",25
"52607",9788.11112411198,"NRI_P131",50
"52608",-5992.88330588801,"NRI_P131",100
"52609",80.2538441119832,"NRI_P131",25
"52610",-4719.26691588802,"NRI_P131",50
"52611",-5672.43596588801,"NRI_P131",100
"52612",40.8342641119962,"NRI_P131",25
"52613",-5304.55455588801,"NRI_P131",50
"52614",9097.72528411198,"NRI_P131",100
"52615",5137.53352411199,"NRI_P131",25
"52616",-216.069175887998,"NRI_P131",50
"52617",-4505.67040588801,"NRI_P131",100
"52618",-1840.01885588802,"NRI_P131",25
"52619",-5986.62013588801,"NRI_P131",50
"52620",-7278.36180588801,"NRI_P131",100
"52621",-2121.60691588801,"NRI_P131",25
"52622",-2248.76729588801,"NRI_P131",50
"52623",16946.690014112,"NRI_P131",100
"52624",-1681.520015888,"NRI_P131",25
"52625",2691.410604112,"NRI_P131",50
"52626",-3504.62878588801,"NRI_P131",100
"52627",206.359234111995,"NRI_P131",25
"52628",-3739.43983588801,"NRI_P131",50
"52629",-3469.59215588801,"NRI_P131",100
"52630",-1801.35004588802,"NRI_P131",25
"52631",-1325.52300588801,"NRI_P131",50
"52632",-7012.14240588801,"NRI_P131",100
"52633",-918.433775887999,"NRI_P131",25
"52634",7823.02753411199,"NRI_P131",50
"52635",-5318.641875888,"NRI_P131",100
"52636",831.296494112001,"NRI_P131",25
"52637",-3721.971875888,"NRI_P131",50
"52638",-7231.007675888,"NRI_P131",100
"52639",-644.02625588802,"NRI_P131",25
"52640",1901.95982411198,"NRI_P131",50
"52641",-3095.12208588801,"NRI_P131",100
"52642",-2954.54486588801,"NRI_P131",25
"52643",-3354.14586588801,"NRI_P131",50
"52644",-7707.70219588801,"NRI_P131",100
"52645",-488.83008588801,"NRI_P131",25
"52646",5052.34684411198,"NRI_P131",50
"52647",-3132.45092588801,"NRI_P131",100
"52648",-2104.93487588801,"NRI_P131",25
"52649",-5114.47366588801,"NRI_P131",50
"52650",-7350.25636588801,"NRI_P131",100
"52651",-1314.50008588802,"NRI_P131",25
"52652",667.560024111997,"NRI_P131",50
"52653",-5238.49737588801,"NRI_P131",100
"52654",-164.543665888021,"NRI_P131",25
"52655",-3474.470665888,"NRI_P131",50
"52656",1507.84470411198,"NRI_P131",100
"52657",-912.950655888009,"NRI_P131",25
"52658",-501.136285888002,"NRI_P131",50
"52659",-1789.34045588801,"NRI_P131",100
"52660",-850.686635888007,"NRI_P131",25
"52661",-5897.82501588801,"NRI_P131",50
"52662",-6611.649705888,"NRI_P131",100
"52663",-930.886635888019,"NRI_P131",25
"52664",131.831524112,"NRI_P131",50
"52665",-3317.35928588801,"NRI_P131",100
"52666",3518.748874112,"NRI_P131",25
"52667",-42.0078558880195,"NRI_P131",50
"52668",-5836.67032588802,"NRI_P131",100
"52669",-2533.90479588801,"NRI_P131",25
"52670",-3087.440965888,"NRI_P131",50
"52671",-7471.80004588801,"NRI_P131",100
"52672",-367.529235888011,"NRI_P131",25
"52673",-3280.72746588801,"NRI_P131",50
"52674",10001.421734112,"NRI_P131",100
"52675",-1156.003675888,"NRI_P131",25
"52676",-1148.769575888,"NRI_P131",50
"52677",-4900.44898588801,"NRI_P131",100
"52678",219.095844111987,"NRI_P131",25
"52679",-1500.48461588801,"NRI_P131",50
"52680",-4363.06379588801,"NRI_P131",100
"52681",-865.94111588801,"NRI_P131",25
"52682",-1903.60728588802,"NRI_P131",50
"52683",-4200.61081588801,"NRI_P131",100
"52684",-1767.80967588801,"NRI_P131",25
"52685",-3854.57548588801,"NRI_P131",50
"52686",-7195.38503588802,"NRI_P131",100
"52687",2294.17148411198,"NRI_P131",25
"52688",609.104304111999,"NRI_P131",50
"52689",9679.29672411198,"NRI_P131",100
"52690",-555.406905887998,"NRI_P131",25
"52691",-1192.780445888,"NRI_P131",50
"52692",-632.184815888002,"NRI_P131",100
"52693",676.199684111984,"NRI_P131",25
"52694",-185.921595888009,"NRI_P131",50
"52695",-1249.55600588801,"NRI_P131",100
"52696",-3292.628165888,"NRI_P131",25
"52697",-3695.85961588801,"NRI_P131",50
"52698",-5163.567385888,"NRI_P131",100
"52699",-4496.47545588801,"NRI_P131",25
"52700",13988.817834112,"NRI_P131",50
"52701",-3238.93036588801,"NRI_P131",100
"52702",-1259.03979588801,"NRI_P131",25
"52703",-2638.99855588801,"NRI_P131",50
"52704",-5460.73430588801,"NRI_P131",100
"52705",11492.367164112,"NRI_P131",25
"52706",682.071564112004,"NRI_P131",50
"52707",-6948.82488588801,"NRI_P131",100
"52708",-1766.942345888,"NRI_P131",25
"52709",-5419.01201588802,"NRI_P131",50
"52710",-5648.69786588801,"NRI_P131",100
"52711",-3358.24848588801,"NRI_P131",25
"52712",-3921.926955888,"NRI_P131",50
"52713",-3812.38573588801,"NRI_P131",100
"52714",-1696.94280588801,"NRI_P131",25
"52715",13607.362454112,"NRI_P131",50
"52716",-4356.53550588801,"NRI_P131",100
"52717",798.966704111983,"NRI_P131",25
"52718",-1434.27196588801,"NRI_P131",50
"52719",-4319.97463588801,"NRI_P131",100
"52720",739.749484111991,"NRI_P131",25
"52721",2044.98484411198,"NRI_P131",50
"52722",-5351.79161588801,"NRI_P131",100
"52723",-2543.01678588802,"NRI_P131",25
"52724",718.443724112003,"NRI_P131",50
"52725",-5435.80566588801,"NRI_P131",100
"52726",-4786.622925888,"NRI_P131",25
"52727",-3610.58774588801,"NRI_P131",50
"52728",-4457.19726588801,"NRI_P131",100
"52729",-613.957515888003,"NRI_P131",25
"52730",1493.00541411198,"NRI_P131",50
"52731",-5841.17590588801,"NRI_P131",100
"52732",-1932.66431588802,"NRI_P131",25
"52733",3137.61950411199,"NRI_P131",50
"52734",-2408.03907588801,"NRI_P131",100
"52735",983.065194111987,"NRI_P131",25
"52736",-2725.47665588801,"NRI_P131",50
"52737",8027.14487411198,"NRI_P131",100
"52738",3623.83129411199,"NRI_P131",25
"52739",-4839.89784588802,"NRI_P131",50
"52740",11921.595334112,"NRI_P131",100
"52741",1547.756744112,"NRI_P131",25
"52742",-971.823025888007,"NRI_P131",50
"52743",-970.750515888009,"NRI_P131",100
"52744",-1537.93749588801,"NRI_P131",25
"52745",-1381.787975888,"NRI_P131",50
"52746",-5586.23933588801,"NRI_P131",100
"52747",-1681.273905888,"NRI_P131",25
"52748",-805.454325888015,"NRI_P131",50
"52749",-6699.019155888,"NRI_P131",100
"52750",614.407614111988,"NRI_P131",25
"52751",-732.645015888003,"NRI_P131",50
"52752",-7653.41549588801,"NRI_P131",100
"52753",-418.794645888003,"NRI_P131",25
"52754",-2680.31875588802,"NRI_P131",50
"52755",-5588.03002588802,"NRI_P131",100
"52756",-809.593495887995,"NRI_P131",25
"52757",-2804.49788588801,"NRI_P131",50
"52758",-3735.07726588802,"NRI_P131",100
"52759",-2830.29449588801,"NRI_P131",25
"52760",1552.211944112,"NRI_P131",50
"52761",-7574.14022588801,"NRI_P131",100
"52762",138.726544111996,"NRI_P131",25
"52763",-3999.70951588801,"NRI_P131",50
"52764",-4620.80553588801,"NRI_P131",100
"52765",14315.111334112,"NRI_P131",25
"52766",-1032.945975888,"NRI_P131",50
"52767",-6534.10221588801,"NRI_P131",100
"52768",-1328.72848588802,"NRI_P131",25
"52769",15569.505544112,"NRI_P131",50
"52770",-5160.27380588801,"NRI_P131",100
"52771",-992.507545888016,"NRI_P131",25
"52772",-6171.28932588801,"NRI_P131",50
"52773",-7683.62203588801,"NRI_P131",100
"52774",1190.885504112,"NRI_P131",25
"52775",-2171.61528588801,"NRI_P131",50
"52776",-4119.39783588801,"NRI_P131",100
"52777",3354.350294112,"NRI_P131",25
"52778",1864.83907411198,"NRI_P131",50
"52779",-5572.88527588801,"NRI_P131",100
"52780",-1792.568545888,"NRI_P131",25
"52781",1086.83101411199,"NRI_P131",50
"52782",-5182.40548588801,"NRI_P131",100
"52783",-1264.45499588802,"NRI_P131",25
"52784",-2168.74238588801,"NRI_P131",50
"52785",1540.25761411199,"NRI_P131",100
"52786",-33.3860258880013,"NRI_P131",25
"52787",4934.491374112,"NRI_P131",50
"52788",-584.299055887997,"NRI_P131",100
"52789",-849.749505888001,"NRI_P131",25
"52790",-2077.62233588801,"NRI_P131",50
"52791",-5591.54452588801,"NRI_P131",100
"52792",-1389.15824588801,"NRI_P131",25
"52793",-2058.68096588801,"NRI_P131",50
"52794",-6869.27129588801,"NRI_P131",100
"52795",-3236.43940588801,"NRI_P131",25
"52796",-3081.64262588801,"NRI_P131",50
"52797",-6121.477845888,"NRI_P131",100
"52798",-1736.15251588801,"NRI_P131",25
"52799",-2306.90096588801,"NRI_P131",50
"52800",-5138.87256588801,"NRI_P131",100
"52801",-1617.86924902201,"NRI_P133",25
"52802",-5853.882969022,"NRI_P133",50
"52803",-3566.55616902199,"NRI_P133",100
"52804",3277.68418097799,"NRI_P133",25
"52805",-14013.797469022,"NRI_P133",50
"52806",-12157.758929022,"NRI_P133",100
"52807",-2518.613009022,"NRI_P133",25
"52808",-9778.26566902199,"NRI_P133",50
"52809",-16624.929859022,"NRI_P133",100
"52810",-4028.102919022,"NRI_P133",25
"52811",-2330.19875902199,"NRI_P133",50
"52812",-2609.37838902199,"NRI_P133",100
"52813",-11597.695479022,"NRI_P133",25
"52814",-6342.76806902199,"NRI_P133",50
"52815",-12323.158109022,"NRI_P133",100
"52816",-2807.42277902199,"NRI_P133",25
"52817",-9230.66297902199,"NRI_P133",50
"52818",-17731.714489022,"NRI_P133",100
"52819",-1625.85793902201,"NRI_P133",25
"52820",-2830.53501902201,"NRI_P133",50
"52821",-14192.573659022,"NRI_P133",100
"52822",-3912.76493902199,"NRI_P133",25
"52823",13406.259690978,"NRI_P133",50
"52824",-10632.649609022,"NRI_P133",100
"52825",-10587.838879022,"NRI_P133",25
"52826",-17654.213419022,"NRI_P133",50
"52827",-14868.950499022,"NRI_P133",100
"52828",-1021.23580902201,"NRI_P133",25
"52829",4782.35854097799,"NRI_P133",50
"52830",-19591.988389022,"NRI_P133",100
"52831",584.221050977998,"NRI_P133",25
"52832",-12601.454759022,"NRI_P133",50
"52833",-12980.199849022,"NRI_P133",100
"52834",-1005.56148902199,"NRI_P133",25
"52835",-12809.732429022,"NRI_P133",50
"52836",-11980.910449022,"NRI_P133",100
"52837",-5268.41967902199,"NRI_P133",25
"52838",-8197.22123902201,"NRI_P133",50
"52839",-13666.136849022,"NRI_P133",100
"52840",-1785.038489022,"NRI_P133",25
"52841",-15292.971429022,"NRI_P133",50
"52842",-17874.774779022,"NRI_P133",100
"52843",-4874.11433902199,"NRI_P133",25
"52844",-10929.182349022,"NRI_P133",50
"52845",-10026.021259022,"NRI_P133",100
"52846",-6609.97922902199,"NRI_P133",25
"52847",-8374.08770902199,"NRI_P133",50
"52848",-15896.365969022,"NRI_P133",100
"52849",-15578.618559022,"NRI_P133",25
"52850",-2385.681679022,"NRI_P133",50
"52851",-16619.026599022,"NRI_P133",100
"52852",-6820.21859902199,"NRI_P133",25
"52853",-272.192259022006,"NRI_P133",50
"52854",-19166.400209022,"NRI_P133",100
"52855",-1064.45206902199,"NRI_P133",25
"52856",-9721.826049022,"NRI_P133",50
"52857",-19987.629209022,"NRI_P133",100
"52858",-5671.281689022,"NRI_P133",25
"52859",-4453.05398902201,"NRI_P133",50
"52860",-14418.227279022,"NRI_P133",100
"52861",-1404.79613902199,"NRI_P133",25
"52862",-19372.996859022,"NRI_P133",50
"52863",-17655.770579022,"NRI_P133",100
"52864",-4762.57610902199,"NRI_P133",25
"52865",-1048.992909022,"NRI_P133",50
"52866",-9948.50024902201,"NRI_P133",100
"52867",5648.545560978,"NRI_P133",25
"52868",-4224.22639902201,"NRI_P133",50
"52869",-18161.146079022,"NRI_P133",100
"52870",-6097.07879902201,"NRI_P133",25
"52871",-5066.92520902201,"NRI_P133",50
"52872",-18135.185799022,"NRI_P133",100
"52873",-9264.56601902199,"NRI_P133",25
"52874",-10857.194999022,"NRI_P133",50
"52875",-12251.762489022,"NRI_P133",100
"52876",6263.17113097798,"NRI_P133",25
"52877",-4748.54504902201,"NRI_P133",50
"52878",-8405.66977902199,"NRI_P133",100
"52879",-1197.24543902199,"NRI_P133",25
"52880",-16839.711699022,"NRI_P133",50
"52881",-16975.375809022,"NRI_P133",100
"52882",-8273.39545902199,"NRI_P133",25
"52883",-1034.736129022,"NRI_P133",50
"52884",-14859.875219022,"NRI_P133",100
"52885",-6326.53359902199,"NRI_P133",25
"52886",-3134.660049022,"NRI_P133",50
"52887",-17279.358679022,"NRI_P133",100
"52888",-4492.01251902198,"NRI_P133",25
"52889",6220.27364097798,"NRI_P133",50
"52890",-10015.002259022,"NRI_P133",100
"52891",4868.10013097798,"NRI_P133",25
"52892",-5489.865249022,"NRI_P133",50
"52893",-13368.714469022,"NRI_P133",100
"52894",-8820.070989022,"NRI_P133",25
"52895",-10312.500029022,"NRI_P133",50
"52896",-17005.246599022,"NRI_P133",100
"52897",-8606.33882902199,"NRI_P133",25
"52898",-15731.074159022,"NRI_P133",50
"52899",-20609.555219022,"NRI_P133",100
"52900",-5380.075449022,"NRI_P133",25
"52901",-7526.96332902199,"NRI_P133",50
"52902",-12967.146679022,"NRI_P133",100
"52903",-2898.66884902201,"NRI_P133",25
"52904",-10933.730769022,"NRI_P133",50
"52905",-18558.055449022,"NRI_P133",100
"52906",1047.08110097802,"NRI_P133",25
"52907",-7881.37583902199,"NRI_P133",50
"52908",-13540.671169022,"NRI_P133",100
"52909",-3652.511179022,"NRI_P133",25
"52910",-10049.876659022,"NRI_P133",50
"52911",-17717.895629022,"NRI_P133",100
"52912",-1555.053029022,"NRI_P133",25
"52913",-7106.67280902198,"NRI_P133",50
"52914",-18792.667529022,"NRI_P133",100
"52915",-7230.906219022,"NRI_P133",25
"52916",2671.81481097802,"NRI_P133",50
"52917",-10662.433729022,"NRI_P133",100
"52918",-3702.099609022,"NRI_P133",25
"52919",-6231.055199022,"NRI_P133",50
"52920",-11789.047469022,"NRI_P133",100
"52921",-6642.89239902201,"NRI_P133",25
"52922",2141.66623097798,"NRI_P133",50
"52923",-21760.121179022,"NRI_P133",100
"52924",2670.67411097803,"NRI_P133",25
"52925",-8171.61845902199,"NRI_P133",50
"52926",-18315.446379022,"NRI_P133",100
"52927",-3732.250099022,"NRI_P133",25
"52928",-3030.506329022,"NRI_P133",50
"52929",-15500.756519022,"NRI_P133",100
"52930",-5165.83926902199,"NRI_P133",25
"52931",885.861680977978,"NRI_P133",50
"52932",-20214.598259022,"NRI_P133",100
"52933",-5612.37247902199,"NRI_P133",25
"52934",-7845.95726902201,"NRI_P133",50
"52935",-19743.966849022,"NRI_P133",100
"52936",-7930.961499022,"NRI_P133",25
"52937",-9780.84279902201,"NRI_P133",50
"52938",-11914.855879022,"NRI_P133",100
"52939",-6107.84766902201,"NRI_P133",25
"52940",-13805.194609022,"NRI_P133",50
"52941",-18637.706159022,"NRI_P133",100
"52942",-9194.38782902199,"NRI_P133",25
"52943",-2421.45241902201,"NRI_P133",50
"52944",-14660.845959022,"NRI_P133",100
"52945",-12929.160649022,"NRI_P133",25
"52946",-7358.08697902199,"NRI_P133",50
"52947",-17811.414939022,"NRI_P133",100
"52948",-2586.347159022,"NRI_P133",25
"52949",-3639.04253902199,"NRI_P133",50
"52950",-12366.998029022,"NRI_P133",100
"52951",-4484.82259902201,"NRI_P133",25
"52952",-5590.08612902201,"NRI_P133",50
"52953",-19947.191569022,"NRI_P133",100
"52954",-2151.60436902201,"NRI_P133",25
"52955",-9832.32696902199,"NRI_P133",50
"52956",-14892.047539022,"NRI_P133",100
"52957",-2994.59159902201,"NRI_P133",25
"52958",-9435.727289022,"NRI_P133",50
"52959",-18424.423439022,"NRI_P133",100
"52960",1559.31378097797,"NRI_P133",25
"52961",2299.00886097801,"NRI_P133",50
"52962",-12376.003989022,"NRI_P133",100
"52963",-7028.33087902199,"NRI_P133",25
"52964",-3123.92329902199,"NRI_P133",50
"52965",-12812.626029022,"NRI_P133",100
"52966",-4758.10475902201,"NRI_P133",25
"52967",-11181.584159022,"NRI_P133",50
"52968",-16502.672849022,"NRI_P133",100
"52969",-1866.73136902199,"NRI_P133",25
"52970",-14060.928099022,"NRI_P133",50
"52971",-14939.075149022,"NRI_P133",100
"52972",782.943370977999,"NRI_P133",25
"52973",-7118.77413902199,"NRI_P133",50
"52974",-17016.492539022,"NRI_P133",100
"52975",-2103.01762902201,"NRI_P133",25
"52976",-15649.896029022,"NRI_P133",50
"52977",-19803.268709022,"NRI_P133",100
"52978",-9338.504559022,"NRI_P133",25
"52979",-12730.036849022,"NRI_P133",50
"52980",-21133.039159022,"NRI_P133",100
"52981",571.720750977984,"NRI_P133",25
"52982",-2564.76110902199,"NRI_P133",50
"52983",-6608.605939022,"NRI_P133",100
"52984",-10942.352919022,"NRI_P133",25
"52985",-7141.03544902199,"NRI_P133",50
"52986",-10345.085229022,"NRI_P133",100
"52987",-4734.11176902201,"NRI_P133",25
"52988",-389.441959021991,"NRI_P133",50
"52989",-18707.895379022,"NRI_P133",100
"52990",-8439.42353902201,"NRI_P133",25
"52991",-16081.318679022,"NRI_P133",50
"52992",-21110.062649022,"NRI_P133",100
"52993",-5085.23588902201,"NRI_P133",25
"52994",-835.595889021992,"NRI_P133",50
"52995",-7777.62369902199,"NRI_P133",100
"52996",-1023.85251902201,"NRI_P133",25
"52997",-5856.40774902201,"NRI_P133",50
"52998",-10374.698259022,"NRI_P133",100
"52999",-3183.166829022,"NRI_P133",25
"53000",-11908.905619022,"NRI_P133",50
"53001",-13830.639299022,"NRI_P133",100
"53002",-4966.83922902201,"NRI_P133",25
"53003",-16958.528549022,"NRI_P133",50
"53004",-21488.048409022,"NRI_P133",100
"53005",2932.52623097802,"NRI_P133",25
"53006",-10377.625509022,"NRI_P133",50
"53007",-12110.960739022,"NRI_P133",100
"53008",-1690.282909022,"NRI_P133",25
"53009",2136.318730978,"NRI_P133",50
"53010",-20238.292909022,"NRI_P133",100
"53011",-5872.93862902198,"NRI_P133",25
"53012",-9409.314349022,"NRI_P133",50
"53013",-22291.377409022,"NRI_P133",100
"53014",-5138.93516902201,"NRI_P133",25
"53015",-8836.144799022,"NRI_P133",50
"53016",-10748.141429022,"NRI_P133",100
"53017",-4298.29196902199,"NRI_P133",25
"53018",-5441.25972902199,"NRI_P133",50
"53019",-15656.800549022,"NRI_P133",100
"53020",-3071.062699022,"NRI_P133",25
"53021",-7351.42981902199,"NRI_P133",50
"53022",-6566.67699902199,"NRI_P133",100
"53023",-3826.49001902199,"NRI_P133",25
"53024",-6384.07070902199,"NRI_P133",50
"53025",-14669.629319022,"NRI_P133",100
"53026",-7668.85819902201,"NRI_P133",25
"53027",-8907.147569022,"NRI_P133",50
"53028",-6744.880729022,"NRI_P133",100
"53029",742.842380977992,"NRI_P133",25
"53030",-231.927699021995,"NRI_P133",50
"53031",-11117.123259022,"NRI_P133",100
"53032",-2360.545109022,"NRI_P133",25
"53033",-11897.776049022,"NRI_P133",50
"53034",-6255.23653902201,"NRI_P133",100
"53035",-290.988589021988,"NRI_P133",25
"53036",-4143.47359902199,"NRI_P133",50
"53037",-11969.162399022,"NRI_P133",100
"53038",-5538.91089902201,"NRI_P133",25
"53039",-13113.200059022,"NRI_P133",50
"53040",-13250.046329022,"NRI_P133",100
"53041",152.384620977973,"NRI_P133",25
"53042",-8454.13959902199,"NRI_P133",50
"53043",-16697.656529022,"NRI_P133",100
"53044",-4658.60972902199,"NRI_P133",25
"53045",-4077.527359022,"NRI_P133",50
"53046",-19170.120469022,"NRI_P133",100
"53047",-11944.413649022,"NRI_P133",25
"53048",-14302.570359022,"NRI_P133",50
"53049",-17068.593779022,"NRI_P133",100
"53050",-1990.78795902201,"NRI_P133",25
"53051",-9634.393419022,"NRI_P133",50
"53052",-16706.557619022,"NRI_P133",100
"53053",-7810.22780902201,"NRI_P133",25
"53054",-4597.050739022,"NRI_P133",50
"53055",-15173.004819022,"NRI_P133",100
"53056",1447.00987097801,"NRI_P133",25
"53057",-14984.781059022,"NRI_P133",50
"53058",-17291.848659022,"NRI_P133",100
"53059",-7826.262169022,"NRI_P133",25
"53060",-4006.50774902198,"NRI_P133",50
"53061",-8994.07407902199,"NRI_P133",100
"53062",-4446.610659022,"NRI_P133",25
"53063",-10970.961379022,"NRI_P133",50
"53064",-11090.203309022,"NRI_P133",100
"53065",-1657.86866902199,"NRI_P133",25
"53066",-10815.110899022,"NRI_P133",50
"53067",-16649.171099022,"NRI_P133",100
"53068",-671.891689021984,"NRI_P133",25
"53069",-11228.806779022,"NRI_P133",50
"53070",-11936.327199022,"NRI_P133",100
"53071",-2029.26043902201,"NRI_P133",25
"53072",-1870.174799022,"NRI_P133",50
"53073",-12728.734369022,"NRI_P133",100
"53074",-2565.70720902199,"NRI_P133",25
"53075",-15932.964879022,"NRI_P133",50
"53076",-11264.174879022,"NRI_P133",100
"53077",6409.97943097801,"NRI_P133",25
"53078",2279.26586097799,"NRI_P133",50
"53079",-19582.743829022,"NRI_P133",100
"53080",156.139870978019,"NRI_P133",25
"53081",-1921.90706902201,"NRI_P133",50
"53082",-17229.687209022,"NRI_P133",100
"53083",487.681190977979,"NRI_P133",25
"53084",-6387.14434902201,"NRI_P133",50
"53085",-16671.449859022,"NRI_P133",100
"53086",-4930.30827902199,"NRI_P133",25
"53087",-16077.054959022,"NRI_P133",50
"53088",-19349.156159022,"NRI_P133",100
"53089",-12313.865989022,"NRI_P133",25
"53090",-2383.26994902201,"NRI_P133",50
"53091",-14923.638379022,"NRI_P133",100
"53092",-2330.62820902199,"NRI_P133",25
"53093",-5950.067499022,"NRI_P133",50
"53094",-9886.713919022,"NRI_P133",100
"53095",-6476.78893902199,"NRI_P133",25
"53096",-4426.00252902199,"NRI_P133",50
"53097",-20181.445079022,"NRI_P133",100
"53098",-12167.963619022,"NRI_P133",25
"53099",-7340.97811902201,"NRI_P133",50
"53100",-14286.804329022,"NRI_P133",100
"53101",-1178.34054061095,"NRI_P134",25
"53102",-22063.767400611,"NRI_P134",50
"53103",-13897.504950611,"NRI_P134",100
"53104",2289.54788938904,"NRI_P134",25
"53105",3347.33575938904,"NRI_P134",50
"53106",-19840.722860611,"NRI_P134",100
"53107",-3563.09700061096,"NRI_P134",25
"53108",-24309.702520611,"NRI_P134",50
"53109",-21990.431080611,"NRI_P134",100
"53110",-18721.942870611,"NRI_P134",25
"53111",-11941.517820611,"NRI_P134",50
"53112",-14046.398230611,"NRI_P134",100
"53113",-20691.825130611,"NRI_P134",25
"53114",-23358.543830611,"NRI_P134",50
"53115",-17645.208580611,"NRI_P134",100
"53116",175.634889389039,"NRI_P134",25
"53117",-20753.701200611,"NRI_P134",50
"53118",-25574.248640611,"NRI_P134",100
"53119",-14161.068100611,"NRI_P134",25
"53120",-1387.22736061097,"NRI_P134",50
"53121",-21201.417330611,"NRI_P134",100
"53122",-2367.346020611,"NRI_P134",25
"53123",3130.501039389,"NRI_P134",50
"53124",-21915.266520611,"NRI_P134",100
"53125",2102.70068938902,"NRI_P134",25
"53126",-21434.739530611,"NRI_P134",50
"53127",-23277.831060611,"NRI_P134",100
"53128",-12023.182450611,"NRI_P134",25
"53129",705.310919389012,"NRI_P134",50
"53130",-28766.395700611,"NRI_P134",100
"53131",-14596.938880611,"NRI_P134",25
"53132",307.69128938904,"NRI_P134",50
"53133",-23428.835080611,"NRI_P134",100
"53134",-104.919420610997,"NRI_P134",25
"53135",-18555.073630611,"NRI_P134",50
"53136",-22012.551980611,"NRI_P134",100
"53137",-2079.85412061098,"NRI_P134",25
"53138",-17388.840470611,"NRI_P134",50
"53139",-20479.149030611,"NRI_P134",100
"53140",-19730.744040611,"NRI_P134",25
"53141",-20061.883710611,"NRI_P134",50
"53142",-24281.649650611,"NRI_P134",100
"53143",-2315.21652061096,"NRI_P134",25
"53144",-22437.632060611,"NRI_P134",50
"53145",-20116.019840611,"NRI_P134",100
"53146",-2790.68113061099,"NRI_P134",25
"53147",-2316.58764061099,"NRI_P134",50
"53148",-26075.973850611,"NRI_P134",100
"53149",165.237259389018,"NRI_P134",25
"53150",1907.211709389,"NRI_P134",50
"53151",-25558.303390611,"NRI_P134",100
"53152",-12799.423590611,"NRI_P134",25
"53153",-19928.116120611,"NRI_P134",50
"53154",-25095.759830611,"NRI_P134",100
"53155",-997.57002061099,"NRI_P134",25
"53156",-16310.896430611,"NRI_P134",50
"53157",-18899.073530611,"NRI_P134",100
"53158",-5410.035270611,"NRI_P134",25
"53159",-2226.60557061096,"NRI_P134",50
"53160",-11751.949900611,"NRI_P134",100
"53161",-21780.346160611,"NRI_P134",25
"53162",2144.73608938901,"NRI_P134",50
"53163",-26028.090120611,"NRI_P134",100
"53164",-18358.328700611,"NRI_P134",25
"53165",-20196.344950611,"NRI_P134",50
"53166",-21655.758500611,"NRI_P134",100
"53167",-1150.72713061096,"NRI_P134",25
"53168",-17557.157110611,"NRI_P134",50
"53169",-26679.447620611,"NRI_P134",100
"53170",-2262.25898061099,"NRI_P134",25
"53171",-18700.383270611,"NRI_P134",50
"53172",-7725.60911061097,"NRI_P134",100
"53173",-2507.62859061098,"NRI_P134",25
"53174",-25253.108990611,"NRI_P134",50
"53175",-24907.468830611,"NRI_P134",100
"53176",-21352.268460611,"NRI_P134",25
"53177",-4903.31263061095,"NRI_P134",50
"53178",-10212.853260611,"NRI_P134",100
"53179",-1887.82922061096,"NRI_P134",25
"53180",-15485.283420611,"NRI_P134",50
"53181",-8588.72804061096,"NRI_P134",100
"53182",7365.31588938902,"NRI_P134",25
"53183",-1448.97984061099,"NRI_P134",50
"53184",-24435.965860611,"NRI_P134",100
"53185",1193.82495938905,"NRI_P134",25
"53186",-22424.818430611,"NRI_P134",50
"53187",-5754.79278061097,"NRI_P134",100
"53188",-1428.15591061098,"NRI_P134",25
"53189",-18105.293790611,"NRI_P134",50
"53190",-6690.35111061099,"NRI_P134",100
"53191",-2767.27634061099,"NRI_P134",25
"53192",5368.615459389,"NRI_P134",50
"53193",-22902.101220611,"NRI_P134",100
"53194",-4430.032450611,"NRI_P134",25
"53195",-2565.45069061097,"NRI_P134",50
"53196",-15474.550240611,"NRI_P134",100
"53197",-17888.220950611,"NRI_P134",25
"53198",-20893.815620611,"NRI_P134",50
"53199",-19996.186130611,"NRI_P134",100
"53200",-20102.063170611,"NRI_P134",25
"53201",-12298.834940611,"NRI_P134",50
"53202",-22387.450320611,"NRI_P134",100
"53203",-168.795210610959,"NRI_P134",25
"53204",-5870.07735061098,"NRI_P134",50
"53205",-14598.887530611,"NRI_P134",100
"53206",-1416.61702061095,"NRI_P134",25
"53207",-2597.80486061098,"NRI_P134",50
"53208",-17685.114940611,"NRI_P134",100
"53209",-2303.45363061095,"NRI_P134",25
"53210",-3242.10114061099,"NRI_P134",50
"53211",-8845.21353061096,"NRI_P134",100
"53212",-27.1939006109606,"NRI_P134",25
"53213",-3922.06259061099,"NRI_P134",50
"53214",-16673.493800611,"NRI_P134",100
"53215",-19973.373230611,"NRI_P134",25
"53216",-18957.9133906109,"NRI_P134",50
"53217",-14157.475640611,"NRI_P134",100
"53218",-21001.093920611,"NRI_P134",25
"53219",-22099.421590611,"NRI_P134",50
"53220",-25653.6418106109,"NRI_P134",100
"53221",-2077.72088061098,"NRI_P134",25
"53222",1195.96918938903,"NRI_P134",50
"53223",-13209.482690611,"NRI_P134",100
"53224",4070.65038938902,"NRI_P134",25
"53225",1005.93675938901,"NRI_P134",50
"53226",-21625.293020611,"NRI_P134",100
"53227",4378.57114938903,"NRI_P134",25
"53228",-21117.803340611,"NRI_P134",50
"53229",-25940.081000611,"NRI_P134",100
"53230",-3272.597770611,"NRI_P134",25
"53231",-19645.009120611,"NRI_P134",50
"53232",-24923.557110611,"NRI_P134",100
"53233",-10165.830410611,"NRI_P134",25
"53234",-2389.29213061096,"NRI_P134",50
"53235",-18587.265910611,"NRI_P134",100
"53236",-4099.28280061099,"NRI_P134",25
"53237",-14974.422230611,"NRI_P134",50
"53238",-26487.965400611,"NRI_P134",100
"53239",-2214.805680611,"NRI_P134",25
"53240",-6038.80086061097,"NRI_P134",50
"53241",-23625.975950611,"NRI_P134",100
"53242",2253.73429938901,"NRI_P134",25
"53243",-4560.28367061098,"NRI_P134",50
"53244",-15147.496390611,"NRI_P134",100
"53245",-3269.51943061099,"NRI_P134",25
"53246",-3807.640280611,"NRI_P134",50
"53247",-21209.911890611,"NRI_P134",100
"53248",-2746.09789061098,"NRI_P134",25
"53249",-12509.227000611,"NRI_P134",50
"53250",-24134.108690611,"NRI_P134",100
"53251",125.929099389003,"NRI_P134",25
"53252",1416.673549389,"NRI_P134",50
"53253",-23043.149820611,"NRI_P134",100
"53254",-1246.380480611,"NRI_P134",25
"53255",1529.91881938901,"NRI_P134",50
"53256",-10573.630410611,"NRI_P134",100
"53257",-20830.224610611,"NRI_P134",25
"53258",-5383.10081061098,"NRI_P134",50
"53259",-22363.272440611,"NRI_P134",100
"53260",-18048.383240611,"NRI_P134",25
"53261",-18188.528210611,"NRI_P134",50
"53262",-13561.271860611,"NRI_P134",100
"53263",-21193.491780611,"NRI_P134",25
"53264",-18036.781410611,"NRI_P134",50
"53265",-16943.787020611,"NRI_P134",100
"53266",-30.6686406109948,"NRI_P134",25
"53267",2483.96166938904,"NRI_P134",50
"53268",-24102.595000611,"NRI_P134",100
"53269",-15535.683130611,"NRI_P134",25
"53270",-13619.383580611,"NRI_P134",50
"53271",-25835.072460611,"NRI_P134",100
"53272",-3636.73780061095,"NRI_P134",25
"53273",-20031.930510611,"NRI_P134",50
"53274",-14806.891660611,"NRI_P134",100
"53275",1333.72509938903,"NRI_P134",25
"53276",-3303.65730061097,"NRI_P134",50
"53277",-20911.007620611,"NRI_P134",100
"53278",-19658.677510611,"NRI_P134",25
"53279",-20841.956680611,"NRI_P134",50
"53280",-28380.323000611,"NRI_P134",100
"53281",5045.14866938902,"NRI_P134",25
"53282",-20236.478670611,"NRI_P134",50
"53283",-24249.749260611,"NRI_P134",100
"53284",1843.72518938902,"NRI_P134",25
"53285",-866.542370610987,"NRI_P134",50
"53286",-20793.514600611,"NRI_P134",100
"53287",348.387979389052,"NRI_P134",25
"53288",-4340.00462061097,"NRI_P134",50
"53289",-16052.055000611,"NRI_P134",100
"53290",-1091.56961061095,"NRI_P134",25
"53291",-19745.887220611,"NRI_P134",50
"53292",-21118.523810611,"NRI_P134",100
"53293",-22207.294150611,"NRI_P134",25
"53294",-3911.74170061096,"NRI_P134",50
"53295",-6642.12208061095,"NRI_P134",100
"53296",-12737.202940611,"NRI_P134",25
"53297",-4894.60534061096,"NRI_P134",50
"53298",-16081.957830611,"NRI_P134",100
"53299",-1714.41736061097,"NRI_P134",25
"53300",-18114.797350611,"NRI_P134",50
"53301",-19172.877670611,"NRI_P134",100
"53302",-19450.186850611,"NRI_P134",25
"53303",-8375.26873061096,"NRI_P134",50
"53304",-1858.08420061099,"NRI_P134",100
"53305",-21240.931440611,"NRI_P134",25
"53306",-17703.370050611,"NRI_P134",50
"53307",-7724.66227061098,"NRI_P134",100
"53308",-15933.780740611,"NRI_P134",25
"53309",-3446.461870611,"NRI_P134",50
"53310",-23199.154830611,"NRI_P134",100
"53311",-42.7965006110026,"NRI_P134",25
"53312",-2122.11942061095,"NRI_P134",50
"53313",-14843.738250611,"NRI_P134",100
"53314",-2152.79303061095,"NRI_P134",25
"53315",-2779.02864061098,"NRI_P134",50
"53316",-21800.731490611,"NRI_P134",100
"53317",-3210.82651061099,"NRI_P134",25
"53318",-496.427770610957,"NRI_P134",50
"53319",-26024.439620611,"NRI_P134",100
"53320",7.03036938904552,"NRI_P134",25
"53321",-4990.619710611,"NRI_P134",50
"53322",-14650.593600611,"NRI_P134",100
"53323",-18180.039390611,"NRI_P134",25
"53324",-54.1062506109593,"NRI_P134",50
"53325",-23845.840770611,"NRI_P134",100
"53326",-2563.05123061099,"NRI_P134",25
"53327",-23620.635670611,"NRI_P134",50
"53328",-19533.507460611,"NRI_P134",100
"53329",-954.725730610953,"NRI_P134",25
"53330",-3188.29548061098,"NRI_P134",50
"53331",-17459.389210611,"NRI_P134",100
"53332",1445.650019389,"NRI_P134",25
"53333",-17161.424230611,"NRI_P134",50
"53334",-15337.720320611,"NRI_P134",100
"53335",353.413509389036,"NRI_P134",25
"53336",-16636.311030611,"NRI_P134",50
"53337",-18320.436790611,"NRI_P134",100
"53338",-23748.708600611,"NRI_P134",25
"53339",-3228.51994061098,"NRI_P134",50
"53340",-17384.244440611,"NRI_P134",100
"53341",-3648.98712061095,"NRI_P134",25
"53342",1830.09593938902,"NRI_P134",50
"53343",-10560.734350611,"NRI_P134",100
"53344",-2628.04155061097,"NRI_P134",25
"53345",245.983639389044,"NRI_P134",50
"53346",-20951.767420611,"NRI_P134",100
"53347",-18997.568320611,"NRI_P134",25
"53348",-25535.855200611,"NRI_P134",50
"53349",-8208.526900611,"NRI_P134",100
"53350",-199.232400610985,"NRI_P134",25
"53351",-1731.79401061096,"NRI_P134",50
"53352",-21552.967040611,"NRI_P134",100
"53353",-13378.547210611,"NRI_P134",25
"53354",-3772.07971061097,"NRI_P134",50
"53355",-22583.062300611,"NRI_P134",100
"53356",-2157.988540611,"NRI_P134",25
"53357",-11451.442830611,"NRI_P134",50
"53358",-21783.063320611,"NRI_P134",100
"53359",-22230.281740611,"NRI_P134",25
"53360",2827.44640938903,"NRI_P134",50
"53361",-25296.196420611,"NRI_P134",100
"53362",-18766.039510611,"NRI_P134",25
"53363",-2878.40794061095,"NRI_P134",50
"53364",-13443.546010611,"NRI_P134",100
"53365",-1277.005970611,"NRI_P134",25
"53366",7875.60375938902,"NRI_P134",50
"53367",-23367.616280611,"NRI_P134",100
"53368",1132.66208938905,"NRI_P134",25
"53369",-3027.118930611,"NRI_P134",50
"53370",-20087.355430611,"NRI_P134",100
"53371",-3149.90914061095,"NRI_P134",25
"53372",-3729.99093061098,"NRI_P134",50
"53373",-22207.480570611,"NRI_P134",100
"53374",-17102.916610611,"NRI_P134",25
"53375",-3506.78652061097,"NRI_P134",50
"53376",-24135.9182906109,"NRI_P134",100
"53377",-487.212880610954,"NRI_P134",25
"53378",-19003.275550611,"NRI_P134",50
"53379",-14854.478430611,"NRI_P134",100
"53380",333.376729389012,"NRI_P134",25
"53381",6253.38562938903,"NRI_P134",50
"53382",-19533.006540611,"NRI_P134",100
"53383",5120.35807938903,"NRI_P134",25
"53384",-19291.031270611,"NRI_P134",50
"53385",-26994.660220611,"NRI_P134",100
"53386",5690.20316938905,"NRI_P134",25
"53387",-1959.09156061098,"NRI_P134",50
"53388",-17070.591120611,"NRI_P134",100
"53389",-17589.043430611,"NRI_P134",25
"53390",-370.418180610985,"NRI_P134",50
"53391",-24977.479680611,"NRI_P134",100
"53392",-4659.36636061099,"NRI_P134",25
"53393",-2715.44899061095,"NRI_P134",50
"53394",-15938.542010611,"NRI_P134",100
"53395",-266.891120610991,"NRI_P134",25
"53396",-19475.443720611,"NRI_P134",50
"53397",-19867.825270611,"NRI_P134",100
"53398",10320.805609389,"NRI_P134",25
"53399",13315.111789389,"NRI_P134",50
"53400",-22156.184140611,"NRI_P134",100
"53401",-7031.200084607,"NRI_P135",25
"53402",-10785.314084607,"NRI_P135",50
"53403",4788.89255539299,"NRI_P135",100
"53404",-15118.150694607,"NRI_P135",25
"53405",178.29249539302,"NRI_P135",50
"53406",-6628.078134607,"NRI_P135",100
"53407",-10122.947214607,"NRI_P135",25
"53408",-92.2724746069871,"NRI_P135",50
"53409",-5603.73290460702,"NRI_P135",100
"53410",-41.6993846070254,"NRI_P135",25
"53411",20965.743775393,"NRI_P135",50
"53412",-25052.663494607,"NRI_P135",100
"53413",2527.14519539301,"NRI_P135",25
"53414",-7459.18247460702,"NRI_P135",50
"53415",-5740.17105460702,"NRI_P135",100
"53416",-14589.331984607,"NRI_P135",25
"53417",5380.03477539297,"NRI_P135",50
"53418",-2197.72968460701,"NRI_P135",100
"53419",-2522.92939460702,"NRI_P135",25
"53420",5716.50262539298,"NRI_P135",50
"53421",-29196.949884607,"NRI_P135",100
"53422",3209.34967539296,"NRI_P135",25
"53423",-4595.37276460702,"NRI_P135",50
"53424",-21509.139044607,"NRI_P135",100
"53425",-4757.11453460698,"NRI_P135",25
"53426",8438.979175393,"NRI_P135",50
"53427",-11285.603354607,"NRI_P135",100
"53428",275.754045392969,"NRI_P135",25
"53429",-9567.29546460701,"NRI_P135",50
"53430",-7704.79491460702,"NRI_P135",100
"53431",962.214775393018,"NRI_P135",25
"53432",262.444765392982,"NRI_P135",50
"53433",-11120.480744607,"NRI_P135",100
"53434",-4909.76046460698,"NRI_P135",25
"53435",-1270.32499460701,"NRI_P135",50
"53436",-10295.436174607,"NRI_P135",100
"53437",1123.993775393,"NRI_P135",25
"53438",11914.476125393,"NRI_P135",50
"53439",-12647.903184607,"NRI_P135",100
"53440",15006.073605393,"NRI_P135",25
"53441",-4472.00899460702,"NRI_P135",50
"53442",13331.343895393,"NRI_P135",100
"53443",-3905.62480460701,"NRI_P135",25
"53444",-12062.826934607,"NRI_P135",50
"53445",-10872.460444607,"NRI_P135",100
"53446",1365.78672539297,"NRI_P135",25
"53447",10266.047515393,"NRI_P135",50
"53448",-12473.763334607,"NRI_P135",100
"53449",-2019.51979460701,"NRI_P135",25
"53450",-2863.83842460701,"NRI_P135",50
"53451",822.830255392997,"NRI_P135",100
"53452",177.420695392997,"NRI_P135",25
"53453",-12176.731444607,"NRI_P135",50
"53454",-8774.84881460702,"NRI_P135",100
"53455",9110.19109539298,"NRI_P135",25
"53456",3851.343495393,"NRI_P135",50
"53457",-4172.027674607,"NRI_P135",100
"53458",-7631.27708460699,"NRI_P135",25
"53459",-3985.08341460698,"NRI_P135",50
"53460",-17742.814864607,"NRI_P135",100
"53461",-1368.75983460702,"NRI_P135",25
"53462",-2346.53269460698,"NRI_P135",50
"53463",-15131.888254607,"NRI_P135",100
"53464",-928.984734606987,"NRI_P135",25
"53465",-429.049194607011,"NRI_P135",50
"53466",526.414725392999,"NRI_P135",100
"53467",7438.22350539302,"NRI_P135",25
"53468",-7659.18453460699,"NRI_P135",50
"53469",-12330.735334607,"NRI_P135",100
"53470",1614.56492539297,"NRI_P135",25
"53471",-20719.629854607,"NRI_P135",50
"53472",-16732.955144607,"NRI_P135",100
"53473",-14171.647134607,"NRI_P135",25
"53474",-11242.998794607,"NRI_P135",50
"53475",-6303.68394460704,"NRI_P135",100
"53476",3148.73842539301,"NRI_P135",25
"53477",5853.40698539297,"NRI_P135",50
"53478",-19669.831524607,"NRI_P135",100
"53479",11925.621275393,"NRI_P135",25
"53480",-1681.304674607,"NRI_P135",50
"53481",-5531.64421460702,"NRI_P135",100
"53482",-8452.95692460699,"NRI_P135",25
"53483",-669.160074607003,"NRI_P135",50
"53484",-3473.42064460699,"NRI_P135",100
"53485",-4738.05102460703,"NRI_P135",25
"53486",-16809.280944607,"NRI_P135",50
"53487",-17057.692014607,"NRI_P135",100
"53488",-401.522854607028,"NRI_P135",25
"53489",-9473.017514607,"NRI_P135",50
"53490",-22193.616844607,"NRI_P135",100
"53491",-7054.74307460699,"NRI_P135",25
"53492",4387.22494539298,"NRI_P135",50
"53493",2054.45424539299,"NRI_P135",100
"53494",-8212.94095460698,"NRI_P135",25
"53495",466.289335392998,"NRI_P135",50
"53496",9526.25703539298,"NRI_P135",100
"53497",1201.05912539299,"NRI_P135",25
"53498",2315.61486539297,"NRI_P135",50
"53499",6348.46347539301,"NRI_P135",100
"53500",-14279.021344607,"NRI_P135",25
"53501",-11406.728954607,"NRI_P135",50
"53502",2230.92996539298,"NRI_P135",100
"53503",-2734.93725460698,"NRI_P135",25
"53504",-4052.729064607,"NRI_P135",50
"53505",-23199.477134607,"NRI_P135",100
"53506",-6148.32348460698,"NRI_P135",25
"53507",388.602175392967,"NRI_P135",50
"53508",-11118.633284607,"NRI_P135",100
"53509",-10169.736604607,"NRI_P135",25
"53510",-849.553824606992,"NRI_P135",50
"53511",-8004.02060460701,"NRI_P135",100
"53512",-5917.93748460698,"NRI_P135",25
"53513",-13956.960004607,"NRI_P135",50
"53514",-12349.408684607,"NRI_P135",100
"53515",1383.60658539302,"NRI_P135",25
"53516",-5278.827224607,"NRI_P135",50
"53517",-15970.539654607,"NRI_P135",100
"53518",15875.710985393,"NRI_P135",25
"53519",-3603.95650460699,"NRI_P135",50
"53520",15659.223655393,"NRI_P135",100
"53521",-3389.92176460702,"NRI_P135",25
"53522",16705.276875393,"NRI_P135",50
"53523",3677.443735393,"NRI_P135",100
"53524",1074.96723539301,"NRI_P135",25
"53525",3832.289335393,"NRI_P135",50
"53526",-8125.32526460703,"NRI_P135",100
"53527",990.313405392983,"NRI_P135",25
"53528",-3789.075894607,"NRI_P135",50
"53529",21388.033745393,"NRI_P135",100
"53530",8035.79177539301,"NRI_P135",25
"53531",-5488.01145460701,"NRI_P135",50
"53532",-2452.185154607,"NRI_P135",100
"53533",2371.47306539299,"NRI_P135",25
"53534",-12387.758754607,"NRI_P135",50
"53535",1387.05060539301,"NRI_P135",100
"53536",6325.23326539301,"NRI_P135",25
"53537",-6081.50371460698,"NRI_P135",50
"53538",25519.231995393,"NRI_P135",100
"53539",-904.093044607027,"NRI_P135",25
"53540",-7801.18046460702,"NRI_P135",50
"53541",-12878.025884607,"NRI_P135",100
"53542",-12251.873274607,"NRI_P135",25
"53543",2390.24882539298,"NRI_P135",50
"53544",-19943.557874607,"NRI_P135",100
"53545",-15070.261814607,"NRI_P135",25
"53546",-3335.11725460703,"NRI_P135",50
"53547",-19474.730174607,"NRI_P135",100
"53548",-2492.43329460704,"NRI_P135",25
"53549",-8118.05832460703,"NRI_P135",50
"53550",-9634.121064607,"NRI_P135",100
"53551",18.6450053930166,"NRI_P135",25
"53552",-6135.21236460702,"NRI_P135",50
"53553",-8981.94431460701,"NRI_P135",100
"53554",-4687.22668460698,"NRI_P135",25
"53555",9320.150125393,"NRI_P135",50
"53556",5582.82001539296,"NRI_P135",100
"53557",-1733.305124607,"NRI_P135",25
"53558",-4133.40449460701,"NRI_P135",50
"53559",-11312.153684607,"NRI_P135",100
"53560",911.231435392983,"NRI_P135",25
"53561",-2398.04416460701,"NRI_P135",50
"53562",13439.758895393,"NRI_P135",100
"53563",1368.36779539299,"NRI_P135",25
"53564",-15598.293424607,"NRI_P135",50
"53565",-22170.990744607,"NRI_P135",100
"53566",5947.011135393,"NRI_P135",25
"53567",-16268.299394607,"NRI_P135",50
"53568",1606.011135393,"NRI_P135",100
"53569",-13411.263404607,"NRI_P135",25
"53570",-11870.461844607,"NRI_P135",50
"53571",-4009.95834460703,"NRI_P135",100
"53572",6133.26352539298,"NRI_P135",25
"53573",-2126.293284607,"NRI_P135",50
"53574",3978.56822539301,"NRI_P135",100
"53575",2733.62300539302,"NRI_P135",25
"53576",1893.84318539297,"NRI_P135",50
"53577",-1910.306164607,"NRI_P135",100
"53578",-3822.047564607,"NRI_P135",25
"53579",9611.97123539296,"NRI_P135",50
"53580",14634.592875393,"NRI_P135",100
"53581",-83.3095046069939,"NRI_P135",25
"53582",357.197455392976,"NRI_P135",50
"53583",-6373.78165460698,"NRI_P135",100
"53584",-707.286924607004,"NRI_P135",25
"53585",-4293.29992460698,"NRI_P135",50
"53586",-5342.953164607,"NRI_P135",100
"53587",2806.61154539301,"NRI_P135",25
"53588",-3473.75473460701,"NRI_P135",50
"53589",-7074.05411460699,"NRI_P135",100
"53590",1627.53356539301,"NRI_P135",25
"53591",4519.61879539298,"NRI_P135",50
"53592",-21485.415594607,"NRI_P135",100
"53593",-8595.010214607,"NRI_P135",25
"53594",-2773.187914607,"NRI_P135",50
"53595",-12080.904414607,"NRI_P135",100
"53596",1756.25057539297,"NRI_P135",25
"53597",-14770.032024607,"NRI_P135",50
"53598",-20303.307244607,"NRI_P135",100
"53599",-7143.54288460698,"NRI_P135",25
"53600",-17347.891964607,"NRI_P135",50
"53601",-3220.62855460698,"NRI_P135",100
"53602",-2488.72197460703,"NRI_P135",25
"53603",5939.17814539297,"NRI_P135",50
"53604",4796.17081539298,"NRI_P135",100
"53605",-2812.29828460701,"NRI_P135",25
"53606",5566.22507539298,"NRI_P135",50
"53607",-1602.17186460702,"NRI_P135",100
"53608",-6505.33927460702,"NRI_P135",25
"53609",6101.01521539298,"NRI_P135",50
"53610",-10398.709424607,"NRI_P135",100
"53611",26332.842195393,"NRI_P135",25
"53612",-1677.67404460703,"NRI_P135",50
"53613",3052.59881539299,"NRI_P135",100
"53614",-1604.80223460699,"NRI_P135",25
"53615",-17975.408054607,"NRI_P135",50
"53616",-9119.79771460703,"NRI_P135",100
"53617",1189.05801539298,"NRI_P135",25
"53618",15216.063465393,"NRI_P135",50
"53619",280.913515392982,"NRI_P135",100
"53620",4269.19071539299,"NRI_P135",25
"53621",5315.41321539297,"NRI_P135",50
"53622",-6991.52072460699,"NRI_P135",100
"53623",694.898205392994,"NRI_P135",25
"53624",-5082.42670460703,"NRI_P135",50
"53625",9301.65115539299,"NRI_P135",100
"53626",9398.921315393,"NRI_P135",25
"53627",10311.246725393,"NRI_P135",50
"53628",-13738.064984607,"NRI_P135",100
"53629",3777.89893539296,"NRI_P135",25
"53630",-7526.90547460702,"NRI_P135",50
"53631",6759.04911539302,"NRI_P135",100
"53632",-9431.98867460701,"NRI_P135",25
"53633",8673.38925539301,"NRI_P135",50
"53634",-872.725054607028,"NRI_P135",100
"53635",-5094.55816460703,"NRI_P135",25
"53636",-7085.75627460703,"NRI_P135",50
"53637",10228.314565393,"NRI_P135",100
"53638",4168.97830539302,"NRI_P135",25
"53639",-9885.44082460698,"NRI_P135",50
"53640",-6082.75539460703,"NRI_P135",100
"53641",-6100.88550460699,"NRI_P135",25
"53642",-8733.426134607,"NRI_P135",50
"53643",-9360.41537460702,"NRI_P135",100
"53644",1478.05084539298,"NRI_P135",25
"53645",11177.622885393,"NRI_P135",50
"53646",-9664.83081460703,"NRI_P135",100
"53647",7170.29778539302,"NRI_P135",25
"53648",-4080.15850460698,"NRI_P135",50
"53649",13234.908835393,"NRI_P135",100
"53650",-10343.562004607,"NRI_P135",25
"53651",-8200.10164460703,"NRI_P135",50
"53652",1747.60337539297,"NRI_P135",100
"53653",381.21874539298,"NRI_P135",25
"53654",3255.55703539297,"NRI_P135",50
"53655",-7161.04502460698,"NRI_P135",100
"53656",-1909.77075460699,"NRI_P135",25
"53657",-11435.956804607,"NRI_P135",50
"53658",14042.895215393,"NRI_P135",100
"53659",-2486.88936460699,"NRI_P135",25
"53660",-5131.87359460699,"NRI_P135",50
"53661",4527.154145393,"NRI_P135",100
"53662",10048.378175393,"NRI_P135",25
"53663",2224.36441539298,"NRI_P135",50
"53664",-4469.94949460699,"NRI_P135",100
"53665",-2511.529294607,"NRI_P135",25
"53666",-510.233054607001,"NRI_P135",50
"53667",6244.601545393,"NRI_P135",100
"53668",-3528.19630460703,"NRI_P135",25
"53669",-8766.95963460702,"NRI_P135",50
"53670",-15395.608224607,"NRI_P135",100
"53671",-1082.35453460703,"NRI_P135",25
"53672",-18835.717634607,"NRI_P135",50
"53673",-2835.096374607,"NRI_P135",100
"53674",10709.587415393,"NRI_P135",25
"53675",-13594.335404607,"NRI_P135",50
"53676",-21790.548604607,"NRI_P135",100
"53677",-957.178464606986,"NRI_P135",25
"53678",-8639.38274460699,"NRI_P135",50
"53679",10179.803305393,"NRI_P135",100
"53680",1217.823995393,"NRI_P135",25
"53681",-13830.455154607,"NRI_P135",50
"53682",-1079.25310460699,"NRI_P135",100
"53683",-3398.64760460699,"NRI_P135",25
"53684",-3659.85861460702,"NRI_P135",50
"53685",1413.00744539301,"NRI_P135",100
"53686",-8747.93136460701,"NRI_P135",25
"53687",-4395.29866460699,"NRI_P135",50
"53688",-4543.76528460701,"NRI_P135",100
"53689",-9738.064244607,"NRI_P135",25
"53690",-10088.293934607,"NRI_P135",50
"53691",-17808.367214607,"NRI_P135",100
"53692",-424.398494607012,"NRI_P135",25
"53693",-11276.040964607,"NRI_P135",50
"53694",-13788.456594607,"NRI_P135",100
"53695",-6652.83828460699,"NRI_P135",25
"53696",12673.307485393,"NRI_P135",50
"53697",-5306.339234607,"NRI_P135",100
"53698",-5424.87667460699,"NRI_P135",25
"53699",-8374.97703460703,"NRI_P135",50
"53700",4118.805235393,"NRI_P135",100
"53701",-7047.95523558301,"NRI_P136",25
"53702",-4567.49732558301,"NRI_P136",50
"53703",-11781.888275583,"NRI_P136",100
"53704",-7059.12195558299,"NRI_P136",25
"53705",7740.42646441702,"NRI_P136",50
"53706",-3486.56123558298,"NRI_P136",100
"53707",3167.38546441699,"NRI_P136",25
"53708",12841.376924417,"NRI_P136",50
"53709",-3567.213405583,"NRI_P136",100
"53710",-2272.04631558299,"NRI_P136",25
"53711",12273.091964417,"NRI_P136",50
"53712",2265.33461441699,"NRI_P136",100
"53713",-6817.32965558302,"NRI_P136",25
"53714",4854.01988441701,"NRI_P136",50
"53715",16958.670774417,"NRI_P136",100
"53716",14684.194964417,"NRI_P136",25
"53717",1806.80895441701,"NRI_P136",50
"53718",16378.391914417,"NRI_P136",100
"53719",1104.20561441703,"NRI_P136",25
"53720",-3155.67909558298,"NRI_P136",50
"53721",14634.734884417,"NRI_P136",100
"53722",-7247.91405558301,"NRI_P136",25
"53723",4788.92289441702,"NRI_P136",50
"53724",-6337.13002558297,"NRI_P136",100
"53725",13887.634364417,"NRI_P136",25
"53726",-6442.13214558299,"NRI_P136",50
"53727",4229.36678441701,"NRI_P136",100
"53728",-5364.52104558301,"NRI_P136",25
"53729",1043.15936441702,"NRI_P136",50
"53730",12716.302324417,"NRI_P136",100
"53731",-4255.33213558298,"NRI_P136",25
"53732",3384.87302441703,"NRI_P136",50
"53733",8929.85859441699,"NRI_P136",100
"53734",828.691124417004,"NRI_P136",25
"53735",-8637.91426558298,"NRI_P136",50
"53736",5646.31982441701,"NRI_P136",100
"53737",5376.90544441703,"NRI_P136",25
"53738",-6932.253355583,"NRI_P136",50
"53739",-3769.72600558301,"NRI_P136",100
"53740",2150.60446441703,"NRI_P136",25
"53741",16938.447924417,"NRI_P136",50
"53742",9502.56982441701,"NRI_P136",100
"53743",1730.007514417,"NRI_P136",25
"53744",9052.96627441701,"NRI_P136",50
"53745",-7984.317315583,"NRI_P136",100
"53746",3472.11586441699,"NRI_P136",25
"53747",-3067.026135583,"NRI_P136",50
"53748",-369.493875582993,"NRI_P136",100
"53749",-2123.63147558301,"NRI_P136",25
"53750",-2546.93113558297,"NRI_P136",50
"53751",22312.623574417,"NRI_P136",100
"53752",2972.90752441698,"NRI_P136",25
"53753",-8905.745045583,"NRI_P136",50
"53754",2737.51645441703,"NRI_P136",100
"53755",8652.61862441699,"NRI_P136",25
"53756",341.925724417029,"NRI_P136",50
"53757",3347.707964417,"NRI_P136",100
"53758",-8010.863135583,"NRI_P136",25
"53759",-35.4336955830222,"NRI_P136",50
"53760",-5781.948445583,"NRI_P136",100
"53761",134.345904416987,"NRI_P136",25
"53762",2614.14811441698,"NRI_P136",50
"53763",-3229.68107558298,"NRI_P136",100
"53764",4842.871384417,"NRI_P136",25
"53765",6895.96374441701,"NRI_P136",50
"53766",-3235.95644558297,"NRI_P136",100
"53767",-6034.31133558298,"NRI_P136",25
"53768",-8741.928265583,"NRI_P136",50
"53769",14427.554004417,"NRI_P136",100
"53770",5023.47726441699,"NRI_P136",25
"53771",-8362.17447558302,"NRI_P136",50
"53772",-12249.702775583,"NRI_P136",100
"53773",7205.28006441699,"NRI_P136",25
"53774",4434.26694441703,"NRI_P136",50
"53775",6254.490804417,"NRI_P136",100
"53776",172.247044417018,"NRI_P136",25
"53777",3884.57719441701,"NRI_P136",50
"53778",10495.852624417,"NRI_P136",100
"53779",-1706.38465558301,"NRI_P136",25
"53780",-5799.28799558297,"NRI_P136",50
"53781",-3318.45971558301,"NRI_P136",100
"53782",70.24259441701,"NRI_P136",25
"53783",-1705.95827558299,"NRI_P136",50
"53784",8450.45311441703,"NRI_P136",100
"53785",1571.95226441702,"NRI_P136",25
"53786",5386.538864417,"NRI_P136",50
"53787",-11555.456125583,"NRI_P136",100
"53788",3662.406824417,"NRI_P136",25
"53789",5801.16752441699,"NRI_P136",50
"53790",3860.98798441701,"NRI_P136",100
"53791",4289.163244417,"NRI_P136",25
"53792",737.643464417022,"NRI_P136",50
"53793",-2442.48291558301,"NRI_P136",100
"53794",7431.763424417,"NRI_P136",25
"53795",1995.40699441702,"NRI_P136",50
"53796",1589.67186441703,"NRI_P136",100
"53797",4927.29166441702,"NRI_P136",25
"53798",-441.000665583008,"NRI_P136",50
"53799",4590.85770441702,"NRI_P136",100
"53800",6081.650264417,"NRI_P136",25
"53801",-13017.292555583,"NRI_P136",50
"53802",-10568.434385583,"NRI_P136",100
"53803",7374.24196441699,"NRI_P136",25
"53804",-3743.39455558301,"NRI_P136",50
"53805",-367.830185582978,"NRI_P136",100
"53806",3823.61289441702,"NRI_P136",25
"53807",2165.25802441698,"NRI_P136",50
"53808",2158.62252441701,"NRI_P136",100
"53809",2846.74616441701,"NRI_P136",25
"53810",1231.24536441703,"NRI_P136",50
"53811",-3901.88126558298,"NRI_P136",100
"53812",2921.63659441698,"NRI_P136",25
"53813",2691.71294441703,"NRI_P136",50
"53814",-7895.91860558302,"NRI_P136",100
"53815",3281.639364417,"NRI_P136",25
"53816",-11289.028305583,"NRI_P136",50
"53817",2818.94411441701,"NRI_P136",100
"53818",-4260.61127558298,"NRI_P136",25
"53819",6064.69737441698,"NRI_P136",50
"53820",-143.579915583017,"NRI_P136",100
"53821",7531.500864417,"NRI_P136",25
"53822",-12219.624655583,"NRI_P136",50
"53823",-89.8450055830181,"NRI_P136",100
"53824",4964.10502441699,"NRI_P136",25
"53825",685.499104416987,"NRI_P136",50
"53826",15865.245594417,"NRI_P136",100
"53827",7258.43886441702,"NRI_P136",25
"53828",-4507.469995583,"NRI_P136",50
"53829",5221.26135441702,"NRI_P136",100
"53830",1939.34720441699,"NRI_P136",25
"53831",-9687.60232558299,"NRI_P136",50
"53832",-5737.92999558302,"NRI_P136",100
"53833",3294.63134441699,"NRI_P136",25
"53834",-1217.72207558301,"NRI_P136",50
"53835",-2151.23652558302,"NRI_P136",100
"53836",968.776254417025,"NRI_P136",25
"53837",-3633.816375583,"NRI_P136",50
"53838",2630.19717441703,"NRI_P136",100
"53839",294.641034417029,"NRI_P136",25
"53840",1906.55391441699,"NRI_P136",50
"53841",-8661.19070558297,"NRI_P136",100
"53842",12589.998164417,"NRI_P136",25
"53843",2270.23862441699,"NRI_P136",50
"53844",5693.26270441699,"NRI_P136",100
"53845",-2198.01170558302,"NRI_P136",25
"53846",7812.813624417,"NRI_P136",50
"53847",-8680.965225583,"NRI_P136",100
"53848",-1272.43123558298,"NRI_P136",25
"53849",-6790.03020558297,"NRI_P136",50
"53850",-4274.64891558298,"NRI_P136",100
"53851",-3537.82215558301,"NRI_P136",25
"53852",2839.62856441701,"NRI_P136",50
"53853",-4241.66120558302,"NRI_P136",100
"53854",212.158764416992,"NRI_P136",25
"53855",5506.44366441702,"NRI_P136",50
"53856",15198.487394417,"NRI_P136",100
"53857",-10079.590025583,"NRI_P136",25
"53858",5640.70986441703,"NRI_P136",50
"53859",-8309.20559558301,"NRI_P136",100
"53860",9099.27426441701,"NRI_P136",25
"53861",-11693.176695583,"NRI_P136",50
"53862",-7309.343115583,"NRI_P136",100
"53863",4600.22846441698,"NRI_P136",25
"53864",850.763844417001,"NRI_P136",50
"53865",13665.799724417,"NRI_P136",100
"53866",-328.94013558299,"NRI_P136",25
"53867",-12757.954295583,"NRI_P136",50
"53868",3366.79992441699,"NRI_P136",100
"53869",3391.15333441703,"NRI_P136",25
"53870",-8704.56733558298,"NRI_P136",50
"53871",250.867554416996,"NRI_P136",100
"53872",-5234.00603558298,"NRI_P136",25
"53873",-5440.20125558297,"NRI_P136",50
"53874",-2038.45207558299,"NRI_P136",100
"53875",-1271.97843558301,"NRI_P136",25
"53876",-1901.480575583,"NRI_P136",50
"53877",-1820.00052558299,"NRI_P136",100
"53878",-137.340395583014,"NRI_P136",25
"53879",2853.22444441699,"NRI_P136",50
"53880",15867.180184417,"NRI_P136",100
"53881",-8149.35893558298,"NRI_P136",25
"53882",-2704.079775583,"NRI_P136",50
"53883",-976.615105582983,"NRI_P136",100
"53884",14247.984324417,"NRI_P136",25
"53885",16789.641424417,"NRI_P136",50
"53886",-5924.18279558298,"NRI_P136",100
"53887",-612.721415582986,"NRI_P136",25
"53888",14687.391324417,"NRI_P136",50
"53889",-138.686375582998,"NRI_P136",100
"53890",-6984.56765558297,"NRI_P136",25
"53891",10563.695824417,"NRI_P136",50
"53892",-6043.18698558299,"NRI_P136",100
"53893",6844.34576441703,"NRI_P136",25
"53894",-2036.05133558298,"NRI_P136",50
"53895",18288.817814417,"NRI_P136",100
"53896",-5158.92237558297,"NRI_P136",25
"53897",3434.48922441702,"NRI_P136",50
"53898",366.346564417006,"NRI_P136",100
"53899",-7703.573935583,"NRI_P136",25
"53900",-944.675155583012,"NRI_P136",50
"53901",5423.659224417,"NRI_P136",100
"53902",-5984.631245583,"NRI_P136",25
"53903",-11532.123935583,"NRI_P136",50
"53904",14312.953674417,"NRI_P136",100
"53905",-10976.667835583,"NRI_P136",25
"53906",3916.890404417,"NRI_P136",50
"53907",14948.185054417,"NRI_P136",100
"53908",-4117.084415583,"NRI_P136",25
"53909",5162.533864417,"NRI_P136",50
"53910",9872.93896441703,"NRI_P136",100
"53911",12184.935224417,"NRI_P136",25
"53912",-4782.74507558299,"NRI_P136",50
"53913",-365.194885583012,"NRI_P136",100
"53914",4431.14612441702,"NRI_P136",25
"53915",-803.904825582984,"NRI_P136",50
"53916",-15.3421255829744,"NRI_P136",100
"53917",3133.94236441702,"NRI_P136",25
"53918",-512.887775583018,"NRI_P136",50
"53919",-1525.11837558297,"NRI_P136",100
"53920",8834.96706441703,"NRI_P136",25
"53921",1853.84493441699,"NRI_P136",50
"53922",-5226.62655558297,"NRI_P136",100
"53923",-1395.51454558299,"NRI_P136",25
"53924",-8095.421935583,"NRI_P136",50
"53925",-2266.41084558301,"NRI_P136",100
"53926",-4573.84183558298,"NRI_P136",25
"53927",16538.150894417,"NRI_P136",50
"53928",26139.131664417,"NRI_P136",100
"53929",-6889.86552558298,"NRI_P136",25
"53930",-4632.604795583,"NRI_P136",50
"53931",-2470.04367558297,"NRI_P136",100
"53932",5969.385664417,"NRI_P136",25
"53933",938.088024416997,"NRI_P136",50
"53934",-1791.86687558301,"NRI_P136",100
"53935",2431.94146441703,"NRI_P136",25
"53936",-1075.777305583,"NRI_P136",50
"53937",-9742.73309558298,"NRI_P136",100
"53938",5059.56640441698,"NRI_P136",25
"53939",4436.59126441699,"NRI_P136",50
"53940",-2308.40371558297,"NRI_P136",100
"53941",2609.30534441699,"NRI_P136",25
"53942",6531.11929441703,"NRI_P136",50
"53943",776.156284417026,"NRI_P136",100
"53944",8007.94336441701,"NRI_P136",25
"53945",9703.43225441698,"NRI_P136",50
"53946",2267.24206441699,"NRI_P136",100
"53947",14321.113964417,"NRI_P136",25
"53948",7282.82815441699,"NRI_P136",50
"53949",1414.11620441702,"NRI_P136",100
"53950",-6464.41203558299,"NRI_P136",25
"53951",-210.000505583012,"NRI_P136",50
"53952",4107.48112441698,"NRI_P136",100
"53953",-2410.28521558299,"NRI_P136",25
"53954",22851.918314417,"NRI_P136",50
"53955",-5687.83407558297,"NRI_P136",100
"53956",-1084.45223558298,"NRI_P136",25
"53957",-1693.82943558297,"NRI_P136",50
"53958",103.510674417019,"NRI_P136",100
"53959",5372.64800441702,"NRI_P136",25
"53960",-5815.67717558297,"NRI_P136",50
"53961",3680.03898441698,"NRI_P136",100
"53962",1907.15822441701,"NRI_P136",25
"53963",-5225.532915583,"NRI_P136",50
"53964",5209.67902441701,"NRI_P136",100
"53965",5351.23138441698,"NRI_P136",25
"53966",-16460.672355583,"NRI_P136",50
"53967",-1977.19269558298,"NRI_P136",100
"53968",-3613.57719558297,"NRI_P136",25
"53969",-7264.83417558298,"NRI_P136",50
"53970",6881.93231441703,"NRI_P136",100
"53971",509.990364417026,"NRI_P136",25
"53972",-1197.54262558301,"NRI_P136",50
"53973",-5803.389615583,"NRI_P136",100
"53974",-8605.357165583,"NRI_P136",25
"53975",-5033.55218558299,"NRI_P136",50
"53976",-4334.53988558298,"NRI_P136",100
"53977",-2073.88623558299,"NRI_P136",25
"53978",-819.845805582998,"NRI_P136",50
"53979",-6968.62537558301,"NRI_P136",100
"53980",3630.95610441698,"NRI_P136",25
"53981",233.728024417011,"NRI_P136",50
"53982",-4555.72475558298,"NRI_P136",100
"53983",11244.450124417,"NRI_P136",25
"53984",-2555.368035583,"NRI_P136",50
"53985",11341.284524417,"NRI_P136",100
"53986",2264.52076441702,"NRI_P136",25
"53987",-1205.26087558299,"NRI_P136",50
"53988",2253.63078441698,"NRI_P136",100
"53989",-3729.76017558301,"NRI_P136",25
"53990",11910.257724417,"NRI_P136",50
"53991",7351.459424417,"NRI_P136",100
"53992",-1068.46423558297,"NRI_P136",25
"53993",1997.10868441698,"NRI_P136",50
"53994",-166.327305582992,"NRI_P136",100
"53995",-2071.62923558301,"NRI_P136",25
"53996",7538.26372441702,"NRI_P136",50
"53997",3205.27639441699,"NRI_P136",100
"53998",-6415.73290558299,"NRI_P136",25
"53999",-5629.599735583,"NRI_P136",50
"54000",-4864.09892558301,"NRI_P136",100
"54001",361.963463034976,"NRI_P137",25
"54002",-5370.19557696502,"NRI_P137",50
"54003",-5567.44700696503,"NRI_P137",100
"54004",-2408.12135696501,"NRI_P137",25
"54005",-11854.961746965,"NRI_P137",50
"54006",-12238.998126965,"NRI_P137",100
"54007",-6767.10595696501,"NRI_P137",25
"54008",-3002.49293696502,"NRI_P137",50
"54009",-5463.08897696502,"NRI_P137",100
"54010",-5393.43783696502,"NRI_P137",25
"54011",2823.40997303498,"NRI_P137",50
"54012",-6224.63516696502,"NRI_P137",100
"54013",-1950.593246965,"NRI_P137",25
"54014",-13147.801616965,"NRI_P137",50
"54015",-12973.108206965,"NRI_P137",100
"54016",-115.897936965019,"NRI_P137",25
"54017",-3194.211286965,"NRI_P137",50
"54018",-19241.415516965,"NRI_P137",100
"54019",-2962.84656696502,"NRI_P137",25
"54020",-6883.91900696501,"NRI_P137",50
"54021",-4298.08053696502,"NRI_P137",100
"54022",-1895.92852696503,"NRI_P137",25
"54023",5153.43207303499,"NRI_P137",50
"54024",-22074.736726965,"NRI_P137",100
"54025",11793.812223035,"NRI_P137",25
"54026",-7067.34435696501,"NRI_P137",50
"54027",-14771.979396965,"NRI_P137",100
"54028",-11258.751906965,"NRI_P137",25
"54029",886.568033035001,"NRI_P137",50
"54030",-10590.918206965,"NRI_P137",100
"54031",2579.20363303498,"NRI_P137",25
"54032",-7525.64026696503,"NRI_P137",50
"54033",-10673.378606965,"NRI_P137",100
"54034",-3010.12307696501,"NRI_P137",25
"54035",3704.46124303498,"NRI_P137",50
"54036",-10997.037716965,"NRI_P137",100
"54037",8135.33244303497,"NRI_P137",25
"54038",8118.62183303499,"NRI_P137",50
"54039",-10869.871446965,"NRI_P137",100
"54040",-13302.241086965,"NRI_P137",25
"54041",-15535.672506965,"NRI_P137",50
"54042",-345.591276965017,"NRI_P137",100
"54043",-7018.63818696502,"NRI_P137",25
"54044",-5156.46625696501,"NRI_P137",50
"54045",-4992.48952696502,"NRI_P137",100
"54046",-9102.78811696501,"NRI_P137",25
"54047",-8834.60650696501,"NRI_P137",50
"54048",-13034.435106965,"NRI_P137",100
"54049",-309.673066965013,"NRI_P137",25
"54050",-1277.466186965,"NRI_P137",50
"54051",-13412.297976965,"NRI_P137",100
"54052",904.454373034998,"NRI_P137",25
"54053",-9582.469106965,"NRI_P137",50
"54054",-3250.445466965,"NRI_P137",100
"54055",-5006.41608696501,"NRI_P137",25
"54056",-4166.00773696502,"NRI_P137",50
"54057",1186.26092303498,"NRI_P137",100
"54058",-5189.29350696501,"NRI_P137",25
"54059",5921.84033303498,"NRI_P137",50
"54060",-442.296666965005,"NRI_P137",100
"54061",8692.27971303498,"NRI_P137",25
"54062",-4817.86400696501,"NRI_P137",50
"54063",-7102.95326696502,"NRI_P137",100
"54064",-10955.349496965,"NRI_P137",25
"54065",-12207.146546965,"NRI_P137",50
"54066",-9493.49562696501,"NRI_P137",100
"54067",-11090.299006965,"NRI_P137",25
"54068",-2697.021076965,"NRI_P137",50
"54069",-12418.393866965,"NRI_P137",100
"54070",-3397.48118696501,"NRI_P137",25
"54071",-5938.61053696502,"NRI_P137",50
"54072",-20928.181456965,"NRI_P137",100
"54073",5776.08140303497,"NRI_P137",25
"54074",-6202.53843696503,"NRI_P137",50
"54075",-15158.154086965,"NRI_P137",100
"54076",-9244.977966965,"NRI_P137",25
"54077",-8227.39340696501,"NRI_P137",50
"54078",-24253.114846965,"NRI_P137",100
"54079",2217.42447303497,"NRI_P137",25
"54080",-368.484796965,"NRI_P137",50
"54081",-16015.998716965,"NRI_P137",100
"54082",643.90298303499,"NRI_P137",25
"54083",-12317.269966965,"NRI_P137",50
"54084",3398.35484303499,"NRI_P137",100
"54085",-3696.23852696503,"NRI_P137",25
"54086",9982.21330303498,"NRI_P137",50
"54087",-14761.562706965,"NRI_P137",100
"54088",1021.118053035,"NRI_P137",25
"54089",5634.881003035,"NRI_P137",50
"54090",-16488.528356965,"NRI_P137",100
"54091",-8184.82714696502,"NRI_P137",25
"54092",-719.02729696501,"NRI_P137",50
"54093",-7960.080396965,"NRI_P137",100
"54094",-7443.179176965,"NRI_P137",25
"54095",9251.341493035,"NRI_P137",50
"54096",-7272.357136965,"NRI_P137",100
"54097",6086.047573035,"NRI_P137",25
"54098",-8985.91218696503,"NRI_P137",50
"54099",-13222.786936965,"NRI_P137",100
"54100",136.762063034985,"NRI_P137",25
"54101",-1205.716316965,"NRI_P137",50
"54102",-14848.026366965,"NRI_P137",100
"54103",-3728.01924696501,"NRI_P137",25
"54104",-7900.97276696502,"NRI_P137",50
"54105",13651.128843035,"NRI_P137",100
"54106",-12150.679726965,"NRI_P137",25
"54107",-9161.338396965,"NRI_P137",50
"54108",-8740.79507696501,"NRI_P137",100
"54109",-3730.72258696501,"NRI_P137",25
"54110",1393.63751303498,"NRI_P137",50
"54111",-11763.367286965,"NRI_P137",100
"54112",-1649.77200696501,"NRI_P137",25
"54113",-10489.892466965,"NRI_P137",50
"54114",-16072.645586965,"NRI_P137",100
"54115",-4329.15483696503,"NRI_P137",25
"54116",-11292.318586965,"NRI_P137",50
"54117",5264.17908303498,"NRI_P137",100
"54118",5842.22435303498,"NRI_P137",25
"54119",-2621.38933696502,"NRI_P137",50
"54120",-6912.29973696501,"NRI_P137",100
"54121",-4896.67534696503,"NRI_P137",25
"54122",4320.28771303498,"NRI_P137",50
"54123",-15940.545076965,"NRI_P137",100
"54124",1142.36306303498,"NRI_P137",25
"54125",-1739.994436965,"NRI_P137",50
"54126",-4093.12051696502,"NRI_P137",100
"54127",-8911.67628696503,"NRI_P137",25
"54128",-9632.14627696501,"NRI_P137",50
"54129",-11713.007536965,"NRI_P137",100
"54130",4662.434433035,"NRI_P137",25
"54131",411.304313034983,"NRI_P137",50
"54132",-3287.30311696502,"NRI_P137",100
"54133",11537.012523035,"NRI_P137",25
"54134",-10164.686156965,"NRI_P137",50
"54135",-5327.39543696502,"NRI_P137",100
"54136",-1960.77361696502,"NRI_P137",25
"54137",-11318.348446965,"NRI_P137",50
"54138",-20986.540346965,"NRI_P137",100
"54139",-5341.50553696501,"NRI_P137",25
"54140",-3741.33111696501,"NRI_P137",50
"54141",20628.697183035,"NRI_P137",100
"54142",-4124.07448696502,"NRI_P137",25
"54143",-3874.25992696502,"NRI_P137",50
"54144",3915.50433303497,"NRI_P137",100
"54145",-1223.38689696501,"NRI_P137",25
"54146",-5165.30287696503,"NRI_P137",50
"54147",-5937.16711696502,"NRI_P137",100
"54148",-2155.30630696501,"NRI_P137",25
"54149",-9700.39731696501,"NRI_P137",50
"54150",-10215.092126965,"NRI_P137",100
"54151",-2349.96067696501,"NRI_P137",25
"54152",-4574.59852696501,"NRI_P137",50
"54153",-6777.91020696503,"NRI_P137",100
"54154",8120.41789303499,"NRI_P137",25
"54155",-2179.74533696502,"NRI_P137",50
"54156",-19033.717426965,"NRI_P137",100
"54157",-2145.12872696502,"NRI_P137",25
"54158",-4965.41837696501,"NRI_P137",50
"54159",-14445.973466965,"NRI_P137",100
"54160",-10944.391066965,"NRI_P137",25
"54161",-1586.562046965,"NRI_P137",50
"54162",-14282.046056965,"NRI_P137",100
"54163",-2281.91832696501,"NRI_P137",25
"54164",158.457753034978,"NRI_P137",50
"54165",-5546.81916696503,"NRI_P137",100
"54166",-1762.14325696501,"NRI_P137",25
"54167",-1077.627546965,"NRI_P137",50
"54168",-17922.029846965,"NRI_P137",100
"54169",-15058.644006965,"NRI_P137",25
"54170",-7972.344836965,"NRI_P137",50
"54171",-5608.71586696501,"NRI_P137",100
"54172",-1011.56538696503,"NRI_P137",25
"54173",-13484.855996965,"NRI_P137",50
"54174",-4495.63126696501,"NRI_P137",100
"54175",4467.86428303499,"NRI_P137",25
"54176",-10203.558076965,"NRI_P137",50
"54177",-12505.010046965,"NRI_P137",100
"54178",-6245.33311696502,"NRI_P137",25
"54179",-7385.107526965,"NRI_P137",50
"54180",-3517.603486965,"NRI_P137",100
"54181",-3911.78938696501,"NRI_P137",25
"54182",-7424.895396965,"NRI_P137",50
"54183",6078.62040303499,"NRI_P137",100
"54184",-3006.08619696501,"NRI_P137",25
"54185",3489.77241303498,"NRI_P137",50
"54186",-19161.828186965,"NRI_P137",100
"54187",-462.433026965009,"NRI_P137",25
"54188",-6251.13922696502,"NRI_P137",50
"54189",4147.40437303498,"NRI_P137",100
"54190",454.491863034986,"NRI_P137",25
"54191",-10121.471016965,"NRI_P137",50
"54192",-3187.17975696502,"NRI_P137",100
"54193",-10151.391126965,"NRI_P137",25
"54194",-3923.92708696501,"NRI_P137",50
"54195",-16758.972586965,"NRI_P137",100
"54196",-2274.44153696502,"NRI_P137",25
"54197",-10161.027276965,"NRI_P137",50
"54198",-2961.13298696501,"NRI_P137",100
"54199",-9747.71171696502,"NRI_P137",25
"54200",-2378.17939696502,"NRI_P137",50
"54201",-5261.107476965,"NRI_P137",100
"54202",3929.32728303497,"NRI_P137",25
"54203",-7118.154256965,"NRI_P137",50
"54204",476.677003034973,"NRI_P137",100
"54205",4021.82478303497,"NRI_P137",25
"54206",-7612.57659696502,"NRI_P137",50
"54207",-5600.672476965,"NRI_P137",100
"54208",-474.507246965019,"NRI_P137",25
"54209",-8744.487426965,"NRI_P137",50
"54210",-12823.871536965,"NRI_P137",100
"54211",-4617.13542696502,"NRI_P137",25
"54212",4187.01957303498,"NRI_P137",50
"54213",-7054.52831696501,"NRI_P137",100
"54214",-4491.80171696501,"NRI_P137",25
"54215",-5936.576066965,"NRI_P137",50
"54216",-8398.927716965,"NRI_P137",100
"54217",-8413.47729696502,"NRI_P137",25
"54218",-8792.25454696501,"NRI_P137",50
"54219",-7408.82120696502,"NRI_P137",100
"54220",-1680.64366696501,"NRI_P137",25
"54221",-10171.590316965,"NRI_P137",50
"54222",-7263.83541696501,"NRI_P137",100
"54223",-8723.82410696501,"NRI_P137",25
"54224",-2495.69380696502,"NRI_P137",50
"54225",-16857.759586965,"NRI_P137",100
"54226",-12068.124846965,"NRI_P137",25
"54227",-1372.96702696502,"NRI_P137",50
"54228",1964.05475303499,"NRI_P137",100
"54229",125.515133034991,"NRI_P137",25
"54230",1069.81637303499,"NRI_P137",50
"54231",17089.769803035,"NRI_P137",100
"54232",1542.44305303498,"NRI_P137",25
"54233",-577.629356965015,"NRI_P137",50
"54234",-14440.696676965,"NRI_P137",100
"54235",-4496.07875696503,"NRI_P137",25
"54236",7385.035953035,"NRI_P137",50
"54237",-8722.52515696501,"NRI_P137",100
"54238",17.4733930349757,"NRI_P137",25
"54239",-7406.94868696501,"NRI_P137",50
"54240",-5437.44959696502,"NRI_P137",100
"54241",2182.14064303497,"NRI_P137",25
"54242",-6779.798676965,"NRI_P137",50
"54243",-9895.85605696501,"NRI_P137",100
"54244",-1145.48579696502,"NRI_P137",25
"54245",-12871.578236965,"NRI_P137",50
"54246",-14868.423516965,"NRI_P137",100
"54247",3060.69128303498,"NRI_P137",25
"54248",-10400.618896965,"NRI_P137",50
"54249",-9847.38736696501,"NRI_P137",100
"54250",-14184.436636965,"NRI_P137",25
"54251",-7251.236776965,"NRI_P137",50
"54252",-7086.150976965,"NRI_P137",100
"54253",3917.36800303499,"NRI_P137",25
"54254",3148.77082303498,"NRI_P137",50
"54255",-13592.488246965,"NRI_P137",100
"54256",-6688.199216965,"NRI_P137",25
"54257",-5475.907986965,"NRI_P137",50
"54258",-5593.55366696502,"NRI_P137",100
"54259",-1975.26727696502,"NRI_P137",25
"54260",3224.01326303498,"NRI_P137",50
"54261",-6439.02294696501,"NRI_P137",100
"54262",839.771753034991,"NRI_P137",25
"54263",-4466.32975696502,"NRI_P137",50
"54264",-17012.827956965,"NRI_P137",100
"54265",-1066.77622696501,"NRI_P137",25
"54266",-7499.79711696503,"NRI_P137",50
"54267",1687.05780303499,"NRI_P137",100
"54268",1669.022423035,"NRI_P137",25
"54269",3481.286603035,"NRI_P137",50
"54270",-10115.454236965,"NRI_P137",100
"54271",2547.75036303498,"NRI_P137",25
"54272",-13509.611116965,"NRI_P137",50
"54273",-14599.909986965,"NRI_P137",100
"54274",476.129843034985,"NRI_P137",25
"54275",-2263.73177696503,"NRI_P137",50
"54276",-14576.590596965,"NRI_P137",100
"54277",-7.95645696501015,"NRI_P137",25
"54278",-5398.42431696501,"NRI_P137",50
"54279",-8724.76178696501,"NRI_P137",100
"54280",5897.03640303499,"NRI_P137",25
"54281",-5629.59266696501,"NRI_P137",50
"54282",-11956.698606965,"NRI_P137",100
"54283",-2314.63198696502,"NRI_P137",25
"54284",-2767.726456965,"NRI_P137",50
"54285",6329.67751303499,"NRI_P137",100
"54286",1994.34280303499,"NRI_P137",25
"54287",-5205.84239696502,"NRI_P137",50
"54288",-15563.788436965,"NRI_P137",100
"54289",5615.03377303499,"NRI_P137",25
"54290",-4752.02526696501,"NRI_P137",50
"54291",-16539.049686965,"NRI_P137",100
"54292",-4243.95357696502,"NRI_P137",25
"54293",-4918.77546696502,"NRI_P137",50
"54294",-8978.73691696502,"NRI_P137",100
"54295",-4805.77166696501,"NRI_P137",25
"54296",-1607.51235696502,"NRI_P137",50
"54297",-13276.649246965,"NRI_P137",100
"54298",-512.025296965003,"NRI_P137",25
"54299",-6690.77330696501,"NRI_P137",50
"54300",-522.850356965006,"NRI_P137",100
"54301",-7954.21359126299,"NRI_P138",25
"54302",-13663.650421263,"NRI_P138",50
"54303",-9428.30766126298,"NRI_P138",100
"54304",-5095.67536126298,"NRI_P138",25
"54305",-3651.08740126301,"NRI_P138",50
"54306",-4710.96223126299,"NRI_P138",100
"54307",-375.678881263011,"NRI_P138",25
"54308",4733.722248737,"NRI_P138",50
"54309",19547.620918737,"NRI_P138",100
"54310",-4072.17799126299,"NRI_P138",25
"54311",17103.471098737,"NRI_P138",50
"54312",-9563.548261263,"NRI_P138",100
"54313",-9354.490561263,"NRI_P138",25
"54314",-8626.64799126302,"NRI_P138",50
"54315",-14674.354791263,"NRI_P138",100
"54316",-3691.94319126301,"NRI_P138",25
"54317",-2503.29143126297,"NRI_P138",50
"54318",-1769.362381263,"NRI_P138",100
"54319",53.9772287370288,"NRI_P138",25
"54320",31477.827968737,"NRI_P138",50
"54321",32873.423418737,"NRI_P138",100
"54322",-2662.33498126297,"NRI_P138",25
"54323",6191.496878737,"NRI_P138",50
"54324",6403.44765873702,"NRI_P138",100
"54325",-2505.25668126298,"NRI_P138",25
"54326",4974.56873873703,"NRI_P138",50
"54327",-13419.002241263,"NRI_P138",100
"54328",-5383.23603126302,"NRI_P138",25
"54329",-2720.60650126298,"NRI_P138",50
"54330",13737.710328737,"NRI_P138",100
"54331",3203.91938873701,"NRI_P138",25
"54332",9036.72987873701,"NRI_P138",50
"54333",18815.324348737,"NRI_P138",100
"54334",10000.971738737,"NRI_P138",25
"54335",13054.718768737,"NRI_P138",50
"54336",24573.767998737,"NRI_P138",100
"54337",-3836.86792126298,"NRI_P138",25
"54338",1619.439048737,"NRI_P138",50
"54339",11910.577218737,"NRI_P138",100
"54340",2966.51497873699,"NRI_P138",25
"54341",13216.505518737,"NRI_P138",50
"54342",7819.86198873702,"NRI_P138",100
"54343",-12490.606001263,"NRI_P138",25
"54344",2514.66257873701,"NRI_P138",50
"54345",24269.865608737,"NRI_P138",100
"54346",716.684448737011,"NRI_P138",25
"54347",-7478.78592126298,"NRI_P138",50
"54348",-2485.87973126298,"NRI_P138",100
"54349",-4356.391881263,"NRI_P138",25
"54350",12873.848968737,"NRI_P138",50
"54351",8928.075048737,"NRI_P138",100
"54352",-1215.71956126299,"NRI_P138",25
"54353",-2173.75910126301,"NRI_P138",50
"54354",2863.36870873702,"NRI_P138",100
"54355",-5384.89666126302,"NRI_P138",25
"54356",-10126.773751263,"NRI_P138",50
"54357",5914.68454873702,"NRI_P138",100
"54358",11479.883438737,"NRI_P138",25
"54359",-2753.63155126298,"NRI_P138",50
"54360",-6665.96799126302,"NRI_P138",100
"54361",-402.011011263006,"NRI_P138",25
"54362",10840.712288737,"NRI_P138",50
"54363",-3304.952951263,"NRI_P138",100
"54364",-7059.96174126299,"NRI_P138",25
"54365",-5731.04319126299,"NRI_P138",50
"54366",-9441.91825126298,"NRI_P138",100
"54367",179.093468736974,"NRI_P138",25
"54368",6543.31773873698,"NRI_P138",50
"54369",10542.842148737,"NRI_P138",100
"54370",1508.59479873697,"NRI_P138",25
"54371",-6481.07304126298,"NRI_P138",50
"54372",1951.12822873698,"NRI_P138",100
"54373",-6017.314261263,"NRI_P138",25
"54374",561.300498737022,"NRI_P138",50
"54375",13798.004428737,"NRI_P138",100
"54376",11380.063258737,"NRI_P138",25
"54377",-11810.954241263,"NRI_P138",50
"54378",-7453.59311126301,"NRI_P138",100
"54379",-3622.15215126303,"NRI_P138",25
"54380",-9452.97258126299,"NRI_P138",50
"54381",-11485.305411263,"NRI_P138",100
"54382",2053.458748737,"NRI_P138",25
"54383",-11583.422381263,"NRI_P138",50
"54384",1776.92338873702,"NRI_P138",100
"54385",6815.11975873698,"NRI_P138",25
"54386",-2133.53191126301,"NRI_P138",50
"54387",7580.59096873697,"NRI_P138",100
"54388",5308.105098737,"NRI_P138",25
"54389",18259.286188737,"NRI_P138",50
"54390",-12118.766961263,"NRI_P138",100
"54391",-6560.46756126301,"NRI_P138",25
"54392",4508.20214873698,"NRI_P138",50
"54393",-4568.200031263,"NRI_P138",100
"54394",-1795.065721263,"NRI_P138",25
"54395",-8425.33842126298,"NRI_P138",50
"54396",-2752.97340126301,"NRI_P138",100
"54397",3423.03517873702,"NRI_P138",25
"54398",-2187.09582126298,"NRI_P138",50
"54399",-5518.02318126301,"NRI_P138",100
"54400",235.681548736989,"NRI_P138",25
"54401",-5822.77085126302,"NRI_P138",50
"54402",-2031.57131126302,"NRI_P138",100
"54403",1916.65392873698,"NRI_P138",25
"54404",-2491.96459126298,"NRI_P138",50
"54405",17871.456808737,"NRI_P138",100
"54406",-2532.68969126302,"NRI_P138",25
"54407",516.048618737026,"NRI_P138",50
"54408",5355.64697873697,"NRI_P138",100
"54409",-3297.72292126302,"NRI_P138",25
"54410",-3176.83092126303,"NRI_P138",50
"54411",-15767.888371263,"NRI_P138",100
"54412",-3874.70194126299,"NRI_P138",25
"54413",-4985.80860126298,"NRI_P138",50
"54414",-7959.35103126301,"NRI_P138",100
"54415",-4117.75753126299,"NRI_P138",25
"54416",16957.753378737,"NRI_P138",50
"54417",1757.23741873697,"NRI_P138",100
"54418",-2836.66665126302,"NRI_P138",25
"54419",-3896.38093126297,"NRI_P138",50
"54420",4252.638038737,"NRI_P138",100
"54421",-4616.46526126302,"NRI_P138",25
"54422",-2262.994651263,"NRI_P138",50
"54423",-6933.626761263,"NRI_P138",100
"54424",17553.018398737,"NRI_P138",25
"54425",-8815.56191126298,"NRI_P138",50
"54426",-2902.40837126301,"NRI_P138",100
"54427",2227.73789873702,"NRI_P138",25
"54428",-5577.112121263,"NRI_P138",50
"54429",1375.04552873701,"NRI_P138",100
"54430",-1110.64827126299,"NRI_P138",25
"54431",-12643.405411263,"NRI_P138",50
"54432",389.148898736981,"NRI_P138",100
"54433",11060.488898737,"NRI_P138",25
"54434",19386.052298737,"NRI_P138",50
"54435",-4132.19784126303,"NRI_P138",100
"54436",11180.720128737,"NRI_P138",25
"54437",-2458.81214126298,"NRI_P138",50
"54438",-787.346241262974,"NRI_P138",100
"54439",-2987.09122126299,"NRI_P138",25
"54440",-6224.19783126301,"NRI_P138",50
"54441",12896.371938737,"NRI_P138",100
"54442",-5101.24295126298,"NRI_P138",25
"54443",-4383.89028126298,"NRI_P138",50
"54444",-3349.83764126297,"NRI_P138",100
"54445",3402.02214873699,"NRI_P138",25
"54446",1107.82651873701,"NRI_P138",50
"54447",-11082.551601263,"NRI_P138",100
"54448",-2660.469891263,"NRI_P138",25
"54449",-4100.04259126302,"NRI_P138",50
"54450",8780.57230873703,"NRI_P138",100
"54451",2600.57951873698,"NRI_P138",25
"54452",-4941.08650126302,"NRI_P138",50
"54453",-1482.12394126301,"NRI_P138",100
"54454",3712.48252873699,"NRI_P138",25
"54455",-9162.005491263,"NRI_P138",50
"54456",22091.335428737,"NRI_P138",100
"54457",631.035258736985,"NRI_P138",25
"54458",-84.8424712630222,"NRI_P138",50
"54459",1474.18594873702,"NRI_P138",100
"54460",13367.748838737,"NRI_P138",25
"54461",7681.54740873701,"NRI_P138",50
"54462",745.146018736996,"NRI_P138",100
"54463",-6644.47016126302,"NRI_P138",25
"54464",2472.24345873698,"NRI_P138",50
"54465",10618.203458737,"NRI_P138",100
"54466",-4171.933221263,"NRI_P138",25
"54467",-9296.82174126297,"NRI_P138",50
"54468",-14856.028191263,"NRI_P138",100
"54469",-3144.74229126301,"NRI_P138",25
"54470",-1497.74679126299,"NRI_P138",50
"54471",8681.39207873697,"NRI_P138",100
"54472",-945.528091263026,"NRI_P138",25
"54473",-2359.21073126298,"NRI_P138",50
"54474",37442.631208737,"NRI_P138",100
"54475",-5301.34558126301,"NRI_P138",25
"54476",-11163.180651263,"NRI_P138",50
"54477",-13076.061461263,"NRI_P138",100
"54478",2352.07701873698,"NRI_P138",25
"54479",18783.045118737,"NRI_P138",50
"54480",3518.97070873698,"NRI_P138",100
"54481",6144.26203873701,"NRI_P138",25
"54482",10420.979538737,"NRI_P138",50
"54483",5910.63296873699,"NRI_P138",100
"54484",16733.941938737,"NRI_P138",25
"54485",-8341.178061263,"NRI_P138",50
"54486",-17251.750991263,"NRI_P138",100
"54487",-2220.69683126302,"NRI_P138",25
"54488",11344.606838737,"NRI_P138",50
"54489",1423.27104873699,"NRI_P138",100
"54490",-3016.22419126303,"NRI_P138",25
"54491",-1568.08809126302,"NRI_P138",50
"54492",8291.86391873698,"NRI_P138",100
"54493",2098.827908737,"NRI_P138",25
"54494",8542.97661873698,"NRI_P138",50
"54495",-6061.47347126302,"NRI_P138",100
"54496",5205.39792873699,"NRI_P138",25
"54497",11332.984018737,"NRI_P138",50
"54498",6265.65634873701,"NRI_P138",100
"54499",-1984.96293126303,"NRI_P138",25
"54500",2709.97045873699,"NRI_P138",50
"54501",-3377.41413126298,"NRI_P138",100
"54502",-6904.730311263,"NRI_P138",25
"54503",6286.872298737,"NRI_P138",50
"54504",-8110.58959126298,"NRI_P138",100
"54505",-7083.16029126302,"NRI_P138",25
"54506",-6625.565201263,"NRI_P138",50
"54507",-1794.35827126302,"NRI_P138",100
"54508",-4161.64322126302,"NRI_P138",25
"54509",7479.043478737,"NRI_P138",50
"54510",10810.556508737,"NRI_P138",100
"54511",-6904.13654126303,"NRI_P138",25
"54512",-2374.29618126299,"NRI_P138",50
"54513",23698.712888737,"NRI_P138",100
"54514",3351.52846873697,"NRI_P138",25
"54515",-12274.500561263,"NRI_P138",50
"54516",21232.301868737,"NRI_P138",100
"54517",682.493988736998,"NRI_P138",25
"54518",2027.526018737,"NRI_P138",50
"54519",13536.856978737,"NRI_P138",100
"54520",-1482.032521263,"NRI_P138",25
"54521",97.957858736976,"NRI_P138",50
"54522",8027.36971873703,"NRI_P138",100
"54523",3760.41119873698,"NRI_P138",25
"54524",4548.400888737,"NRI_P138",50
"54525",-4650.56405126298,"NRI_P138",100
"54526",14005.558458737,"NRI_P138",25
"54527",7708.72233873699,"NRI_P138",50
"54528",-2656.65556126297,"NRI_P138",100
"54529",-3849.61187126301,"NRI_P138",25
"54530",6605.08732873702,"NRI_P138",50
"54531",-10898.206321263,"NRI_P138",100
"54532",8143.546138737,"NRI_P138",25
"54533",-1820.11129126302,"NRI_P138",50
"54534",3979.17190873699,"NRI_P138",100
"54535",-6199.32654126297,"NRI_P138",25
"54536",-4615.24906126299,"NRI_P138",50
"54537",3203.82953873702,"NRI_P138",100
"54538",-612.101191263006,"NRI_P138",25
"54539",-6358.18580126303,"NRI_P138",50
"54540",-9828.27896126301,"NRI_P138",100
"54541",2266.18860873702,"NRI_P138",25
"54542",-1420.89379126299,"NRI_P138",50
"54543",27350.629668737,"NRI_P138",100
"54544",5919.92427873699,"NRI_P138",25
"54545",-6324.631691263,"NRI_P138",50
"54546",661.710718736984,"NRI_P138",100
"54547",23528.461738737,"NRI_P138",25
"54548",-1972.06291126303,"NRI_P138",50
"54549",-13471.983411263,"NRI_P138",100
"54550",-8412.65662126301,"NRI_P138",25
"54551",-607.833411263011,"NRI_P138",50
"54552",-7357.939941263,"NRI_P138",100
"54553",7568.86548873701,"NRI_P138",25
"54554",-531.629371263029,"NRI_P138",50
"54555",5606.01524873701,"NRI_P138",100
"54556",-5451.87889126298,"NRI_P138",25
"54557",-11953.886321263,"NRI_P138",50
"54558",939.636548737006,"NRI_P138",100
"54559",-896.167761262972,"NRI_P138",25
"54560",19060.939358737,"NRI_P138",50
"54561",-6202.05249126302,"NRI_P138",100
"54562",-227.716101263009,"NRI_P138",25
"54563",-15501.821011263,"NRI_P138",50
"54564",12511.451578737,"NRI_P138",100
"54565",-8205.78559126297,"NRI_P138",25
"54566",4463.338678737,"NRI_P138",50
"54567",7615.89726873703,"NRI_P138",100
"54568",-7613.42468126299,"NRI_P138",25
"54569",1807.14888873702,"NRI_P138",50
"54570",15522.764838737,"NRI_P138",100
"54571",-2717.11301126302,"NRI_P138",25
"54572",2391.38750873698,"NRI_P138",50
"54573",-1704.81697126298,"NRI_P138",100
"54574",-7492.123711263,"NRI_P138",25
"54575",-3510.170111263,"NRI_P138",50
"54576",2345.58039873699,"NRI_P138",100
"54577",-3847.56607126299,"NRI_P138",25
"54578",-4034.692601263,"NRI_P138",50
"54579",-6751.09770126297,"NRI_P138",100
"54580",13853.790148737,"NRI_P138",25
"54581",12139.637768737,"NRI_P138",50
"54582",1604.66817873699,"NRI_P138",100
"54583",5999.17729873699,"NRI_P138",25
"54584",782.564778737025,"NRI_P138",50
"54585",-3073.93041126302,"NRI_P138",100
"54586",120.523778736999,"NRI_P138",25
"54587",11494.896088737,"NRI_P138",50
"54588",6609.52950873697,"NRI_P138",100
"54589",-927.430961263017,"NRI_P138",25
"54590",-400.003811263014,"NRI_P138",50
"54591",41255.770678737,"NRI_P138",100
"54592",-963.611571262998,"NRI_P138",25
"54593",-7384.03143126302,"NRI_P138",50
"54594",-12168.074751263,"NRI_P138",100
"54595",-2527.798291263,"NRI_P138",25
"54596",-10087.314731263,"NRI_P138",50
"54597",-4130.78092126298,"NRI_P138",100
"54598",-3676.731121263,"NRI_P138",25
"54599",-7430.714151263,"NRI_P138",50
"54600",29571.747678737,"NRI_P138",100
"54601",-26688.942732207,"NRI_P139",25
"54602",-16418.192432207,"NRI_P139",50
"54603",-56640.296602207,"NRI_P139",100
"54604",1350.07523779303,"NRI_P139",25
"54605",-64428.179652207,"NRI_P139",50
"54606",-62550.426132207,"NRI_P139",100
"54607",1189.24445779301,"NRI_P139",25
"54608",-19870.073652207,"NRI_P139",50
"54609",-49881.330382207,"NRI_P139",100
"54610",-525.575492206961,"NRI_P139",25
"54611",-1976.01478220697,"NRI_P139",50
"54612",-62473.447532207,"NRI_P139",100
"54613",-27477.365492207,"NRI_P139",25
"54614",-28760.269832207,"NRI_P139",50
"54615",-59407.367452207,"NRI_P139",100
"54616",-10920.668462207,"NRI_P139",25
"54617",-1475.57778220699,"NRI_P139",50
"54618",-60845.473292207,"NRI_P139",100
"54619",-10975.359792207,"NRI_P139",25
"54620",-47485.678002207,"NRI_P139",50
"54621",-68921.272592207,"NRI_P139",100
"54622",-20597.623172207,"NRI_P139",25
"54623",-45884.534252207,"NRI_P139",50
"54624",-62138.060902207,"NRI_P139",100
"54625",-18166.838642207,"NRI_P139",25
"54626",-4213.43726220698,"NRI_P139",50
"54627",-60486.066702207,"NRI_P139",100
"54628",-22966.781602207,"NRI_P139",25
"54629",-17426.918452207,"NRI_P139",50
"54630",-55650.363232207,"NRI_P139",100
"54631",-26161.293502207,"NRI_P139",25
"54632",-30099.928572207,"NRI_P139",50
"54633",-60021.427442207,"NRI_P139",100
"54634",-16928.539742207,"NRI_P139",25
"54635",-25569.407912207,"NRI_P139",50
"54636",-58882.114572207,"NRI_P139",100
"54637",-15571.882192207,"NRI_P139",25
"54638",-4734.52743220696,"NRI_P139",50
"54639",-60947.207772207,"NRI_P139",100
"54640",-12582.139612207,"NRI_P139",25
"54641",-65799.532082207,"NRI_P139",50
"54642",-66405.002852207,"NRI_P139",100
"54643",-12989.981112207,"NRI_P139",25
"54644",-59169.801332207,"NRI_P139",50
"54645",-63071.267542207,"NRI_P139",100
"54646",2648.90975779301,"NRI_P139",25
"54647",-33182.150702207,"NRI_P139",50
"54648",-63393.109562207,"NRI_P139",100
"54649",-814.189522206958,"NRI_P139",25
"54650",-49607.611322207,"NRI_P139",50
"54651",14348.153107793,"NRI_P139",100
"54652",-19460.795812207,"NRI_P139",25
"54653",-36262.964032207,"NRI_P139",50
"54654",-66212.292532207,"NRI_P139",100
"54655",-1335.931662207,"NRI_P139",25
"54656",-36729.302952207,"NRI_P139",50
"54657",-60050.070062207,"NRI_P139",100
"54658",1640.25767779304,"NRI_P139",25
"54659",-18726.411302207,"NRI_P139",50
"54660",-49239.877542207,"NRI_P139",100
"54661",-8199.42227220698,"NRI_P139",25
"54662",-5165.75398220698,"NRI_P139",50
"54663",-66068.986172207,"NRI_P139",100
"54664",-2251.77751220699,"NRI_P139",25
"54665",-5291.75405220699,"NRI_P139",50
"54666",-53633.180422207,"NRI_P139",100
"54667",-5685.19272220699,"NRI_P139",25
"54668",-9383.17201220698,"NRI_P139",50
"54669",-69851.639442207,"NRI_P139",100
"54670",-1229.37502220698,"NRI_P139",25
"54671",-42759.494742207,"NRI_P139",50
"54672",-65718.370432207,"NRI_P139",100
"54673",-5765.983712207,"NRI_P139",25
"54674",-23139.251042207,"NRI_P139",50
"54675",-55513.699632207,"NRI_P139",100
"54676",-13358.489462207,"NRI_P139",25
"54677",-13664.693282207,"NRI_P139",50
"54678",-65120.502592207,"NRI_P139",100
"54679",-29757.781932207,"NRI_P139",25
"54680",-6297.32669220696,"NRI_P139",50
"54681",-53618.639852207,"NRI_P139",100
"54682",-25543.989682207,"NRI_P139",25
"54683",-43097.428572207,"NRI_P139",50
"54684",-66099.911762207,"NRI_P139",100
"54685",-4099.78982220701,"NRI_P139",25
"54686",32359.042337793,"NRI_P139",50
"54687",-53664.124662207,"NRI_P139",100
"54688",-18038.411142207,"NRI_P139",25
"54689",6284.48308779299,"NRI_P139",50
"54690",-63718.958542207,"NRI_P139",100
"54691",-46106.248952207,"NRI_P139",25
"54692",-11459.698372207,"NRI_P139",50
"54693",-58975.335232207,"NRI_P139",100
"54694",11465.447207793,"NRI_P139",25
"54695",-42336.609232207,"NRI_P139",50
"54696",-32052.688662207,"NRI_P139",100
"54697",-20721.823022207,"NRI_P139",25
"54698",-33326.006732207,"NRI_P139",50
"54699",-56734.030072207,"NRI_P139",100
"54700",-1819.60269220697,"NRI_P139",25
"54701",-15793.123732207,"NRI_P139",50
"54702",-14861.190172207,"NRI_P139",100
"54703",1052.32658779301,"NRI_P139",25
"54704",-22307.850302207,"NRI_P139",50
"54705",-65258.083602207,"NRI_P139",100
"54706",-581.669242206961,"NRI_P139",25
"54707",-32223.897132207,"NRI_P139",50
"54708",-48265.372322207,"NRI_P139",100
"54709",-4705.51529220695,"NRI_P139",25
"54710",-25618.871892207,"NRI_P139",50
"54711",-56628.487722207,"NRI_P139",100
"54712",-18377.970502207,"NRI_P139",25
"54713",-11215.996462207,"NRI_P139",50
"54714",-60863.224002207,"NRI_P139",100
"54715",11470.993987793,"NRI_P139",25
"54716",-44132.572842207,"NRI_P139",50
"54717",-55257.068982207,"NRI_P139",100
"54718",-14700.466092207,"NRI_P139",25
"54719",-28713.435172207,"NRI_P139",50
"54720",-40292.169532207,"NRI_P139",100
"54721",-11987.363292207,"NRI_P139",25
"54722",-10185.575552207,"NRI_P139",50
"54723",-58042.901182207,"NRI_P139",100
"54724",-31250.121402207,"NRI_P139",25
"54725",-39520.209202207,"NRI_P139",50
"54726",-59664.886492207,"NRI_P139",100
"54727",-679.328882206988,"NRI_P139",25
"54728",-45176.588042207,"NRI_P139",50
"54729",-69181.542332207,"NRI_P139",100
"54730",-17741.874212207,"NRI_P139",25
"54731",-15482.710672207,"NRI_P139",50
"54732",-68043.063372207,"NRI_P139",100
"54733",-1786.72700220696,"NRI_P139",25
"54734",-4966.90212220699,"NRI_P139",50
"54735",-63497.364452207,"NRI_P139",100
"54736",-3892.72179220698,"NRI_P139",25
"54737",-11661.207602207,"NRI_P139",50
"54738",-16604.685082207,"NRI_P139",100
"54739",-11242.859782207,"NRI_P139",25
"54740",11171.867457793,"NRI_P139",50
"54741",-55359.615102207,"NRI_P139",100
"54742",21699.4096877931,"NRI_P139",25
"54743",-34581.246062207,"NRI_P139",50
"54744",-41315.822872207,"NRI_P139",100
"54745",8482.77056779299,"NRI_P139",25
"54746",-26904.792842207,"NRI_P139",50
"54747",-62802.545872207,"NRI_P139",100
"54748",-16877.593242207,"NRI_P139",25
"54749",-28295.969972207,"NRI_P139",50
"54750",-62557.992092207,"NRI_P139",100
"54751",-13088.569992207,"NRI_P139",25
"54752",36822.3021777931,"NRI_P139",50
"54753",-52097.816862207,"NRI_P139",100
"54754",-5882.75115220697,"NRI_P139",25
"54755",-20781.810242207,"NRI_P139",50
"54756",-18925.779382207,"NRI_P139",100
"54757",1691.36061779299,"NRI_P139",25
"54758",-13325.032232207,"NRI_P139",50
"54759",-23976.078442207,"NRI_P139",100
"54760",4208.772387793,"NRI_P139",25
"54761",-14494.314842207,"NRI_P139",50
"54762",-62564.893622207,"NRI_P139",100
"54763",-13521.563742207,"NRI_P139",25
"54764",-17855.447512207,"NRI_P139",50
"54765",-48513.764082207,"NRI_P139",100
"54766",1479.475597793,"NRI_P139",25
"54767",2535.85266779299,"NRI_P139",50
"54768",7930.12357779301,"NRI_P139",100
"54769",-1465.59069220698,"NRI_P139",25
"54770",-57945.244022207,"NRI_P139",50
"54771",-66024.432142207,"NRI_P139",100
"54772",6554.97870779299,"NRI_P139",25
"54773",-36343.411202207,"NRI_P139",50
"54774",-64557.153572207,"NRI_P139",100
"54775",-22940.981592207,"NRI_P139",25
"54776",11755.033927793,"NRI_P139",50
"54777",-57337.140902207,"NRI_P139",100
"54778",2029.63062779303,"NRI_P139",25
"54779",-48751.723882207,"NRI_P139",50
"54780",-69542.418512207,"NRI_P139",100
"54781",-35566.232982207,"NRI_P139",25
"54782",-15414.696612207,"NRI_P139",50
"54783",-60997.075032207,"NRI_P139",100
"54784",-5564.333432207,"NRI_P139",25
"54785",-20108.166012207,"NRI_P139",50
"54786",-61190.876922207,"NRI_P139",100
"54787",1246.07471779303,"NRI_P139",25
"54788",-1989.00424220698,"NRI_P139",50
"54789",-66760.370532207,"NRI_P139",100
"54790",-32076.724472207,"NRI_P139",25
"54791",-18869.508622207,"NRI_P139",50
"54792",-62826.610022207,"NRI_P139",100
"54793",-12746.181922207,"NRI_P139",25
"54794",-25263.559122207,"NRI_P139",50
"54795",-62743.016112207,"NRI_P139",100
"54796",1078.544357793,"NRI_P139",25
"54797",-29137.755842207,"NRI_P139",50
"54798",-23994.500842207,"NRI_P139",100
"54799",-6722.31791220699,"NRI_P139",25
"54800",-24875.721162207,"NRI_P139",50
"54801",-64029.447252207,"NRI_P139",100
"54802",-53737.600982207,"NRI_P139",25
"54803",-15896.598802207,"NRI_P139",50
"54804",-66202.830672207,"NRI_P139",100
"54805",-30537.599352207,"NRI_P139",25
"54806",-5573.31734220701,"NRI_P139",50
"54807",-40521.721652207,"NRI_P139",100
"54808",1664.20420779299,"NRI_P139",25
"54809",-33570.669262207,"NRI_P139",50
"54810",-60791.209322207,"NRI_P139",100
"54811",-12039.728052207,"NRI_P139",25
"54812",-46547.545352207,"NRI_P139",50
"54813",-9118.70537220698,"NRI_P139",100
"54814",-18854.127952207,"NRI_P139",25
"54815",14142.677457793,"NRI_P139",50
"54816",-70099.806542207,"NRI_P139",100
"54817",-1775.27376220695,"NRI_P139",25
"54818",68.337227793003,"NRI_P139",50
"54819",-63635.762922207,"NRI_P139",100
"54820",-39931.663712207,"NRI_P139",25
"54821",-4340.37702220696,"NRI_P139",50
"54822",-62684.676902207,"NRI_P139",100
"54823",-656.726282207004,"NRI_P139",25
"54824",-4802.76940220699,"NRI_P139",50
"54825",-58493.138032207,"NRI_P139",100
"54826",-22669.352422207,"NRI_P139",25
"54827",-17565.840852207,"NRI_P139",50
"54828",-66940.017712207,"NRI_P139",100
"54829",3442.634897793,"NRI_P139",25
"54830",-22013.916792207,"NRI_P139",50
"54831",-66359.574602207,"NRI_P139",100
"54832",-37082.964182207,"NRI_P139",25
"54833",-54137.921572207,"NRI_P139",50
"54834",-63642.721072207,"NRI_P139",100
"54835",-4759.32403220696,"NRI_P139",25
"54836",-59473.742632207,"NRI_P139",50
"54837",-65294.816702207,"NRI_P139",100
"54838",-17088.033292207,"NRI_P139",25
"54839",-31043.666642207,"NRI_P139",50
"54840",-66214.587172207,"NRI_P139",100
"54841",-1173.01731220697,"NRI_P139",25
"54842",-10355.166722207,"NRI_P139",50
"54843",-54211.444912207,"NRI_P139",100
"54844",-24673.685952207,"NRI_P139",25
"54845",-27433.745982207,"NRI_P139",50
"54846",-63431.136922207,"NRI_P139",100
"54847",-20181.326592207,"NRI_P139",25
"54848",-39491.462082207,"NRI_P139",50
"54849",-69411.608782207,"NRI_P139",100
"54850",-26911.982132207,"NRI_P139",25
"54851",-13166.024812207,"NRI_P139",50
"54852",-63543.205422207,"NRI_P139",100
"54853",-5122.97205220698,"NRI_P139",25
"54854",2663.06136779301,"NRI_P139",50
"54855",-63005.247682207,"NRI_P139",100
"54856",-30184.134702207,"NRI_P139",25
"54857",-19437.965582207,"NRI_P139",50
"54858",-68543.654282207,"NRI_P139",100
"54859",-17705.992502207,"NRI_P139",25
"54860",-1686.41786220699,"NRI_P139",50
"54861",-53675.093592207,"NRI_P139",100
"54862",-1482.781902207,"NRI_P139",25
"54863",-18670.543152207,"NRI_P139",50
"54864",-19779.785112207,"NRI_P139",100
"54865",2108.89990779303,"NRI_P139",25
"54866",522.143897793023,"NRI_P139",50
"54867",-51709.426102207,"NRI_P139",100
"54868",-43886.735662207,"NRI_P139",25
"54869",-41894.176542207,"NRI_P139",50
"54870",-66541.224442207,"NRI_P139",100
"54871",-1103.10285220697,"NRI_P139",25
"54872",-9414.40923220699,"NRI_P139",50
"54873",-65613.441722207,"NRI_P139",100
"54874",4887.25753779302,"NRI_P139",25
"54875",12139.548977793,"NRI_P139",50
"54876",-68791.462802207,"NRI_P139",100
"54877",-21732.657992207,"NRI_P139",25
"54878",-55010.365902207,"NRI_P139",50
"54879",-68960.634232207,"NRI_P139",100
"54880",-8338.02799220697,"NRI_P139",25
"54881",-32576.399422207,"NRI_P139",50
"54882",-56551.457382207,"NRI_P139",100
"54883",7815.92051779304,"NRI_P139",25
"54884",-4915.11409220699,"NRI_P139",50
"54885",-47025.645332207,"NRI_P139",100
"54886",5028.46090779302,"NRI_P139",25
"54887",-39660.855782207,"NRI_P139",50
"54888",-53982.488012207,"NRI_P139",100
"54889",-8836.15039220697,"NRI_P139",25
"54890",-24198.860912207,"NRI_P139",50
"54891",-54745.153032207,"NRI_P139",100
"54892",-31566.619672207,"NRI_P139",25
"54893",-4553.63781220699,"NRI_P139",50
"54894",-66613.535762207,"NRI_P139",100
"54895",-28089.003122207,"NRI_P139",25
"54896",-61258.830692207,"NRI_P139",50
"54897",-69723.141842207,"NRI_P139",100
"54898",-1245.40905220696,"NRI_P139",25
"54899",-20805.780662207,"NRI_P139",50
"54900",-51018.821332207,"NRI_P139",100
"54901",-257.883333745005,"NRI_P140",25
"54902",1093.53219625502,"NRI_P140",50
"54903",2946.35990625501,"NRI_P140",100
"54904",-237.73043374499,"NRI_P140",25
"54905",-237.108283744979,"NRI_P140",50
"54906",1430.53188625502,"NRI_P140",100
"54907",-77.4592337450013,"NRI_P140",25
"54908",-548.388443745003,"NRI_P140",50
"54909",1887.66090625501,"NRI_P140",100
"54910",-107.830133744981,"NRI_P140",25
"54911",6191.00118625502,"NRI_P140",50
"54912",2659.74315625502,"NRI_P140",100
"54913",285.758176255011,"NRI_P140",25
"54914",2305.87396625502,"NRI_P140",50
"54915",2439.388266255,"NRI_P140",100
"54916",203.736486255017,"NRI_P140",25
"54917",386.025476255018,"NRI_P140",50
"54918",1274.29330625501,"NRI_P140",100
"54919",275.06816625502,"NRI_P140",25
"54920",-438.376373744977,"NRI_P140",50
"54921",2383.82413625502,"NRI_P140",100
"54922",-499.246503745002,"NRI_P140",25
"54923",375.167386255023,"NRI_P140",50
"54924",1530.652266255,"NRI_P140",100
"54925",91.7632662550022,"NRI_P140",25
"54926",1702.415116255,"NRI_P140",50
"54927",-229.165893744997,"NRI_P140",100
"54928",-102.147333745001,"NRI_P140",25
"54929",5510.009566255,"NRI_P140",50
"54930",-599.678653744981,"NRI_P140",100
"54931",146.087026255002,"NRI_P140",25
"54932",-461.190783744998,"NRI_P140",50
"54933",-684.83232374498,"NRI_P140",100
"54934",-125.798433744989,"NRI_P140",25
"54935",-109.468233744992,"NRI_P140",50
"54936",194.973656254995,"NRI_P140",100
"54937",-37.3701337449893,"NRI_P140",25
"54938",2629.37978625501,"NRI_P140",50
"54939",322.703526255005,"NRI_P140",100
"54940",-476.612823745003,"NRI_P140",25
"54941",434.227666254999,"NRI_P140",50
"54942",1826.03261625502,"NRI_P140",100
"54943",36.5640662549995,"NRI_P140",25
"54944",-117.86622374499,"NRI_P140",50
"54945",-573.690383744979,"NRI_P140",100
"54946",1261.92072625502,"NRI_P140",25
"54947",-349.304863744997,"NRI_P140",50
"54948",-754.416483744979,"NRI_P140",100
"54949",-517.693833744997,"NRI_P140",25
"54950",-411.607933744992,"NRI_P140",50
"54951",1042.62482625502,"NRI_P140",100
"54952",-283.545933744987,"NRI_P140",25
"54953",-229.632233744982,"NRI_P140",50
"54954",-943.159153744986,"NRI_P140",100
"54955",-360.033653744991,"NRI_P140",25
"54956",39.827286255022,"NRI_P140",50
"54957",-734.167223744997,"NRI_P140",100
"54958",1321.022256255,"NRI_P140",25
"54959",2801.24522625501,"NRI_P140",50
"54960",3924.423666255,"NRI_P140",100
"54961",735.407866255002,"NRI_P140",25
"54962",75.8301162550051,"NRI_P140",50
"54963",7826.54208625501,"NRI_P140",100
"54964",-442.072353744996,"NRI_P140",25
"54965",196.280766255019,"NRI_P140",50
"54966",2378.98976625502,"NRI_P140",100
"54967",2917.55355625501,"NRI_P140",25
"54968",173.203576255008,"NRI_P140",50
"54969",-626.301203744981,"NRI_P140",100
"54970",-272.600303744985,"NRI_P140",25
"54971",-238.900733744988,"NRI_P140",50
"54972",6702.372756255,"NRI_P140",100
"54973",-532.087033744989,"NRI_P140",25
"54974",1533.49183625501,"NRI_P140",50
"54975",-678.974953744997,"NRI_P140",100
"54976",118.096756255021,"NRI_P140",25
"54977",1585.089736255,"NRI_P140",50
"54978",644.175076255022,"NRI_P140",100
"54979",-569.077133744984,"NRI_P140",25
"54980",-422.480533744994,"NRI_P140",50
"54981",1477.23541625502,"NRI_P140",100
"54982",722.51572625502,"NRI_P140",25
"54983",332.840866255021,"NRI_P140",50
"54984",9056.506286255,"NRI_P140",100
"54985",412.752366255008,"NRI_P140",25
"54986",-49.7640837449871,"NRI_P140",50
"54987",11.0754162550147,"NRI_P140",100
"54988",8358.018666255,"NRI_P140",25
"54989",262.789146255003,"NRI_P140",50
"54990",2920.58954625501,"NRI_P140",100
"54991",208.330666255002,"NRI_P140",25
"54992",369.579386255005,"NRI_P140",50
"54993",7529.35518625501,"NRI_P140",100
"54994",-233.186323745002,"NRI_P140",25
"54995",-114.299473744992,"NRI_P140",50
"54996",-593.022593745001,"NRI_P140",100
"54997",-39.3611137449916,"NRI_P140",25
"54998",-241.467233745003,"NRI_P140",50
"54999",-639.384043744998,"NRI_P140",100
"55000",-479.968453744979,"NRI_P140",25
"55001",7227.308046255,"NRI_P140",50
"55002",-323.913833744999,"NRI_P140",100
"55003",-24.9225337450043,"NRI_P140",25
"55004",1179.282526255,"NRI_P140",50
"55005",122.965286254999,"NRI_P140",100
"55006",1564.87366625501,"NRI_P140",25
"55007",180.439566255023,"NRI_P140",50
"55008",278.023466255021,"NRI_P140",100
"55009",295.964366255008,"NRI_P140",25
"55010",1554.278356255,"NRI_P140",50
"55011",7441.783726255,"NRI_P140",100
"55012",-436.235733744979,"NRI_P140",25
"55013",-212.747603744996,"NRI_P140",50
"55014",-212.205133744981,"NRI_P140",100
"55015",176.891166255024,"NRI_P140",25
"55016",-364.980503744999,"NRI_P140",50
"55017",-391.10093374498,"NRI_P140",100
"55018",-40.0991337449814,"NRI_P140",25
"55019",-213.842133744998,"NRI_P140",50
"55020",486.527336255007,"NRI_P140",100
"55021",-98.4499137449893,"NRI_P140",25
"55022",-500.101023744995,"NRI_P140",50
"55023",678.643026255013,"NRI_P140",100
"55024",871.479366255022,"NRI_P140",25
"55025",2270.71094625501,"NRI_P140",50
"55026",-795.738213745004,"NRI_P140",100
"55027",-6.54643374498119,"NRI_P140",25
"55028",204.376766255009,"NRI_P140",50
"55029",-337.123293744982,"NRI_P140",100
"55030",168.403466254997,"NRI_P140",25
"55031",-369.457613744977,"NRI_P140",50
"55032",-1089.307233745,"NRI_P140",100
"55033",2635.60439625502,"NRI_P140",25
"55034",-251.600273744989,"NRI_P140",50
"55035",-870.849213744979,"NRI_P140",100
"55036",-176.20163374499,"NRI_P140",25
"55037",1505.47236625501,"NRI_P140",50
"55038",-4.88327374498476,"NRI_P140",100
"55039",64.9990662549972,"NRI_P140",25
"55040",-664.468023744994,"NRI_P140",50
"55041",2087.43761625502,"NRI_P140",100
"55042",-333.08338374499,"NRI_P140",25
"55043",-630.823513744981,"NRI_P140",50
"55044",2677.66896625501,"NRI_P140",100
"55045",-459.584633744991,"NRI_P140",25
"55046",571.291866255022,"NRI_P140",50
"55047",4617.532976255,"NRI_P140",100
"55048",66.4898162550235,"NRI_P140",25
"55049",1550.860586255,"NRI_P140",50
"55050",2391.569016255,"NRI_P140",100
"55051",-54.4004837450047,"NRI_P140",25
"55052",-318.12628374499,"NRI_P140",50
"55053",8148.72145625501,"NRI_P140",100
"55054",-136.748033744982,"NRI_P140",25
"55055",2025.079966255,"NRI_P140",50
"55056",-227.503713744984,"NRI_P140",100
"55057",-71.534533744998,"NRI_P140",25
"55058",1889.23156625501,"NRI_P140",50
"55059",1649.395876255,"NRI_P140",100
"55060",-246.535933744977,"NRI_P140",25
"55061",2214.126066255,"NRI_P140",50
"55062",809.326556255022,"NRI_P140",100
"55063",-245.076333745004,"NRI_P140",25
"55064",67.7384662550176,"NRI_P140",50
"55065",851.860566254996,"NRI_P140",100
"55066",1925.88346625501,"NRI_P140",25
"55067",-546.808663745003,"NRI_P140",50
"55068",1316.91333625501,"NRI_P140",100
"55069",-489.554703745001,"NRI_P140",25
"55070",5428.21644625501,"NRI_P140",50
"55071",-1229.24974374499,"NRI_P140",100
"55072",-86.8960337449971,"NRI_P140",25
"55073",-764.306123744987,"NRI_P140",50
"55074",-155.437893744995,"NRI_P140",100
"55075",183.020766255009,"NRI_P140",25
"55076",38.199686255015,"NRI_P140",50
"55077",-1344.65824374498,"NRI_P140",100
"55078",1532.921266255,"NRI_P140",25
"55079",362.747166255023,"NRI_P140",50
"55080",-130.352273744997,"NRI_P140",100
"55081",-294.132613744994,"NRI_P140",25
"55082",255.851006255019,"NRI_P140",50
"55083",1948.48312625501,"NRI_P140",100
"55084",-83.6372337449866,"NRI_P140",25
"55085",2529.07058625502,"NRI_P140",50
"55086",-952.17362374498,"NRI_P140",100
"55087",-276.243033744977,"NRI_P140",25
"55088",206.122466255008,"NRI_P140",50
"55089",-805.066403745004,"NRI_P140",100
"55090",-40.7647337449889,"NRI_P140",25
"55091",-65.7162337449845,"NRI_P140",50
"55092",-120.500523744995,"NRI_P140",100
"55093",658.942366255011,"NRI_P140",25
"55094",-314.602623744984,"NRI_P140",50
"55095",-1347.72788374498,"NRI_P140",100
"55096",2631.21276625502,"NRI_P140",25
"55097",263.413086255023,"NRI_P140",50
"55098",1775.46208625502,"NRI_P140",100
"55099",-248.204933745001,"NRI_P140",25
"55100",-338.269653744996,"NRI_P140",50
"55101",5493.53219625502,"NRI_P140",100
"55102",91.7914862550097,"NRI_P140",25
"55103",74.0056662550196,"NRI_P140",50
"55104",-722.44163374498,"NRI_P140",100
"55105",-49.7326237449888,"NRI_P140",25
"55106",-905.058933744993,"NRI_P140",50
"55107",-979.972913745005,"NRI_P140",100
"55108",104.965766255016,"NRI_P140",25
"55109",79.5906662550115,"NRI_P140",50
"55110",1021.54672625501,"NRI_P140",100
"55111",120.088966255018,"NRI_P140",25
"55112",-831.146313745005,"NRI_P140",50
"55113",4111.745546255,"NRI_P140",100
"55114",275.05505625502,"NRI_P140",25
"55115",-87.8801937449898,"NRI_P140",50
"55116",716.886246255017,"NRI_P140",100
"55117",-207.712133744993,"NRI_P140",25
"55118",-99.0422437450034,"NRI_P140",50
"55119",4174.23146625501,"NRI_P140",100
"55120",189.194866255013,"NRI_P140",25
"55121",7528.16033625501,"NRI_P140",50
"55122",650.398926255002,"NRI_P140",100
"55123",-168.879033745005,"NRI_P140",25
"55124",-726.400003744988,"NRI_P140",50
"55125",5838.82296625501,"NRI_P140",100
"55126",53.563716255012,"NRI_P140",25
"55127",7057.48476625502,"NRI_P140",50
"55128",7041.47994625501,"NRI_P140",100
"55129",-32.5552637449873,"NRI_P140",25
"55130",156.809266255004,"NRI_P140",50
"55131",-250.994553744997,"NRI_P140",100
"55132",-170.009533745004,"NRI_P140",25
"55133",4292.514156255,"NRI_P140",50
"55134",135.518786255008,"NRI_P140",100
"55135",-88.5328337450046,"NRI_P140",25
"55136",-484.845453744987,"NRI_P140",50
"55137",-1270.45713374499,"NRI_P140",100
"55138",-461.10788374499,"NRI_P140",25
"55139",-590.06822374498,"NRI_P140",50
"55140",222.13337625502,"NRI_P140",100
"55141",-466.168813744996,"NRI_P140",25
"55142",1176.75447625501,"NRI_P140",50
"55143",760.934666255023,"NRI_P140",100
"55144",170.724766255007,"NRI_P140",25
"55145",527.44256625502,"NRI_P140",50
"55146",517.087866255024,"NRI_P140",100
"55147",-37.6576137449883,"NRI_P140",25
"55148",1034.651766255,"NRI_P140",50
"55149",-726.269713744987,"NRI_P140",100
"55150",-173.10410374499,"NRI_P140",25
"55151",-188.862653744989,"NRI_P140",50
"55152",-719.094603745005,"NRI_P140",100
"55153",4165.35369625501,"NRI_P140",25
"55154",-128.314613744995,"NRI_P140",50
"55155",599.798456254997,"NRI_P140",100
"55156",29.471066255006,"NRI_P140",25
"55157",-433.487343744986,"NRI_P140",50
"55158",2880.442456255,"NRI_P140",100
"55159",294.488866255007,"NRI_P140",25
"55160",-279.275813744985,"NRI_P140",50
"55161",-103.35510374498,"NRI_P140",100
"55162",-130.369033744995,"NRI_P140",25
"55163",1092.920666255,"NRI_P140",50
"55164",6244.31988625502,"NRI_P140",100
"55165",-613.343823745003,"NRI_P140",25
"55166",964.569306254998,"NRI_P140",50
"55167",1032.281326255,"NRI_P140",100
"55168",-293.134533745004,"NRI_P140",25
"55169",3174.023566255,"NRI_P140",50
"55170",4013.69812625501,"NRI_P140",100
"55171",1886.652526255,"NRI_P140",25
"55172",-408.172513744998,"NRI_P140",50
"55173",-370.247333744977,"NRI_P140",100
"55174",33.7993662549998,"NRI_P140",25
"55175",1424.21456625502,"NRI_P140",50
"55176",-933.012683744979,"NRI_P140",100
"55177",-437.666243744985,"NRI_P140",25
"55178",4423.45237625501,"NRI_P140",50
"55179",-870.48043374499,"NRI_P140",100
"55180",409.937266255001,"NRI_P140",25
"55181",-110.951333745004,"NRI_P140",50
"55182",171.652106255002,"NRI_P140",100
"55183",-358.410233745002,"NRI_P140",25
"55184",88.2995662550093,"NRI_P140",50
"55185",-1040.899263745,"NRI_P140",100
"55186",-545.320473745,"NRI_P140",25
"55187",-136.886773744976,"NRI_P140",50
"55188",76.04982625501,"NRI_P140",100
"55189",788.857566254999,"NRI_P140",25
"55190",366.752986255015,"NRI_P140",50
"55191",807.228526254999,"NRI_P140",100
"55192",-519.606733744993,"NRI_P140",25
"55193",231.829586255015,"NRI_P140",50
"55194",-1214.29471374498,"NRI_P140",100
"55195",-149.391913744999,"NRI_P140",25
"55196",-204.704493744997,"NRI_P140",50
"55197",6193.962706255,"NRI_P140",100
"55198",1122.415266255,"NRI_P140",25
"55199",102.327146255004,"NRI_P140",50
"55200",1240.00340625501,"NRI_P140",100
"55201",-1287.10309084703,"NRI_P141",25
"55202",2558.24147915299,"NRI_P141",50
"55203",-358.448750847019,"NRI_P141",100
"55204",5995.94190915301,"NRI_P141",25
"55205",-308.068950847024,"NRI_P141",50
"55206",-4226.96020084701,"NRI_P141",100
"55207",-71.9555708470289,"NRI_P141",25
"55208",1313.20172915299,"NRI_P141",50
"55209",4456.64220915298,"NRI_P141",100
"55210",6278.29809915298,"NRI_P141",25
"55211",2752.93649915297,"NRI_P141",50
"55212",13186.376289153,"NRI_P141",100
"55213",1445.67026915296,"NRI_P141",25
"55214",2964.94203915301,"NRI_P141",50
"55215",4469.88995915296,"NRI_P141",100
"55216",1729.38868915301,"NRI_P141",25
"55217",-428.182040847023,"NRI_P141",50
"55218",5969.12070915301,"NRI_P141",100
"55219",-532.021320847038,"NRI_P141",25
"55220",2141.91148915299,"NRI_P141",50
"55221",16876.394609153,"NRI_P141",100
"55222",4220.92941915296,"NRI_P141",25
"55223",6317.80446915299,"NRI_P141",50
"55224",5605.86490915297,"NRI_P141",100
"55225",455.109109152982,"NRI_P141",25
"55226",-4962.041320847,"NRI_P141",50
"55227",1041.62052915298,"NRI_P141",100
"55228",983.102389152977,"NRI_P141",25
"55229",14723.663149153,"NRI_P141",50
"55230",3465.64900915301,"NRI_P141",100
"55231",10100.158309153,"NRI_P141",25
"55232",886.779789152963,"NRI_P141",50
"55233",19019.698069153,"NRI_P141",100
"55234",7158.65077915299,"NRI_P141",25
"55235",-4206.76191084704,"NRI_P141",50
"55236",6950.105549153,"NRI_P141",100
"55237",-911.916280846985,"NRI_P141",25
"55238",8231.50146915298,"NRI_P141",50
"55239",13095.244979153,"NRI_P141",100
"55240",173.167899152962,"NRI_P141",25
"55241",-513.655280846986,"NRI_P141",50
"55242",5127.26719915296,"NRI_P141",100
"55243",-3865.41494084703,"NRI_P141",25
"55244",7468.674769153,"NRI_P141",50
"55245",944.439369152999,"NRI_P141",100
"55246",-1090.17780084698,"NRI_P141",25
"55247",-1173.102200847,"NRI_P141",50
"55248",6215.50220915297,"NRI_P141",100
"55249",1249.68121915299,"NRI_P141",25
"55250",3879.81732915301,"NRI_P141",50
"55251",13390.400619153,"NRI_P141",100
"55252",2307.48678915302,"NRI_P141",25
"55253",5817.69169915299,"NRI_P141",50
"55254",9214.45597915299,"NRI_P141",100
"55255",-1418.65598084702,"NRI_P141",25
"55256",-2386.80236084701,"NRI_P141",50
"55257",-4520.15631084703,"NRI_P141",100
"55258",5686.96032915299,"NRI_P141",25
"55259",-5104.76527084701,"NRI_P141",50
"55260",10530.129239153,"NRI_P141",100
"55261",-348.11201084702,"NRI_P141",25
"55262",2554.12927915301,"NRI_P141",50
"55263",22972.024189153,"NRI_P141",100
"55264",-2732.70675084699,"NRI_P141",25
"55265",1423.42238915298,"NRI_P141",50
"55266",2967.66177915299,"NRI_P141",100
"55267",-312.582030847028,"NRI_P141",25
"55268",10771.485019153,"NRI_P141",50
"55269",4563.98406915297,"NRI_P141",100
"55270",1851.61624915298,"NRI_P141",25
"55271",-2353.49050084699,"NRI_P141",50
"55272",-858.499200847,"NRI_P141",100
"55273",276.468859152985,"NRI_P141",25
"55274",-5118.373810847,"NRI_P141",50
"55275",-512.455480846984,"NRI_P141",100
"55276",-2892.39040084701,"NRI_P141",25
"55277",21856.582469153,"NRI_P141",50
"55278",2990.31758915301,"NRI_P141",100
"55279",2341.62656915298,"NRI_P141",25
"55280",12722.710779153,"NRI_P141",50
"55281",5432.30684915301,"NRI_P141",100
"55282",-280.724140846985,"NRI_P141",25
"55283",3897.74441915296,"NRI_P141",50
"55284",5556.48261915299,"NRI_P141",100
"55285",-3166.68202084699,"NRI_P141",25
"55286",6689.57635915297,"NRI_P141",50
"55287",2942.31185915298,"NRI_P141",100
"55288",-551.206640847027,"NRI_P141",25
"55289",2449.30981915299,"NRI_P141",50
"55290",12281.086939153,"NRI_P141",100
"55291",3796.284319153,"NRI_P141",25
"55292",1529.28779915301,"NRI_P141",50
"55293",12047.705809153,"NRI_P141",100
"55294",-827.363620846998,"NRI_P141",25
"55295",-1783.90311084699,"NRI_P141",50
"55296",4614.64599915297,"NRI_P141",100
"55297",4296.29487915296,"NRI_P141",25
"55298",-2026.91508084699,"NRI_P141",50
"55299",-252.247710847005,"NRI_P141",100
"55300",-555.087970847031,"NRI_P141",25
"55301",-1314.185080847,"NRI_P141",50
"55302",2955.85257915297,"NRI_P141",100
"55303",5.01132915297057,"NRI_P141",25
"55304",7814.82842915301,"NRI_P141",50
"55305",17342.399799153,"NRI_P141",100
"55306",2382.96629915299,"NRI_P141",25
"55307",-1443.481030847,"NRI_P141",50
"55308",519.139579152979,"NRI_P141",100
"55309",-1371.53567084699,"NRI_P141",25
"55310",-2192.34427084704,"NRI_P141",50
"55311",-2225.79173084704,"NRI_P141",100
"55312",8216.40354915301,"NRI_P141",25
"55313",-1595.94593084703,"NRI_P141",50
"55314",-3421.79276084702,"NRI_P141",100
"55315",1793.71655915299,"NRI_P141",25
"55316",1168.36647915299,"NRI_P141",50
"55317",8840.15950915299,"NRI_P141",100
"55318",-2171.72594084701,"NRI_P141",25
"55319",-4389.269610847,"NRI_P141",50
"55320",3631.801129153,"NRI_P141",100
"55321",1276.36879915302,"NRI_P141",25
"55322",15502.607429153,"NRI_P141",50
"55323",-875.999650846992,"NRI_P141",100
"55324",-889.929720846994,"NRI_P141",25
"55325",831.006659152976,"NRI_P141",50
"55326",9031.92497915297,"NRI_P141",100
"55327",5910.34744915296,"NRI_P141",25
"55328",-1984.88645084703,"NRI_P141",50
"55329",7397.65924915299,"NRI_P141",100
"55330",10078.481169153,"NRI_P141",25
"55331",2005.87344915298,"NRI_P141",50
"55332",11290.270729153,"NRI_P141",100
"55333",1179.203159153,"NRI_P141",25
"55334",12517.086179153,"NRI_P141",50
"55335",-3272.92245084699,"NRI_P141",100
"55336",11445.029949153,"NRI_P141",25
"55337",-1179.87737084704,"NRI_P141",50
"55338",10655.507439153,"NRI_P141",100
"55339",15606.207849153,"NRI_P141",25
"55340",1157.66666915297,"NRI_P141",50
"55341",-5058.02285084699,"NRI_P141",100
"55342",3190.33319915301,"NRI_P141",25
"55343",-1478.68582084699,"NRI_P141",50
"55344",-4149.10527084704,"NRI_P141",100
"55345",-1298.55557084701,"NRI_P141",25
"55346",-1336.67667084699,"NRI_P141",50
"55347",17080.942509153,"NRI_P141",100
"55348",3609.826959153,"NRI_P141",25
"55349",207.566909153014,"NRI_P141",50
"55350",3406.849349153,"NRI_P141",100
"55351",1504.58468915301,"NRI_P141",25
"55352",7708.69724915299,"NRI_P141",50
"55353",11431.224859153,"NRI_P141",100
"55354",-1653.71064084698,"NRI_P141",25
"55355",3030.723409153,"NRI_P141",50
"55356",-3000.85180084698,"NRI_P141",100
"55357",-2213.39699084702,"NRI_P141",25
"55358",-1976.09543084702,"NRI_P141",50
"55359",5088.81069915299,"NRI_P141",100
"55360",-2188.82243084704,"NRI_P141",25
"55361",6415.47132915299,"NRI_P141",50
"55362",7518.46513915301,"NRI_P141",100
"55363",-922.565350847028,"NRI_P141",25
"55364",1643.28799915296,"NRI_P141",50
"55365",-637.73218084703,"NRI_P141",100
"55366",-1960.41089084704,"NRI_P141",25
"55367",-3274.94742084702,"NRI_P141",50
"55368",-1391.62814084702,"NRI_P141",100
"55369",195.202419153007,"NRI_P141",25
"55370",29375.083199153,"NRI_P141",50
"55371",1254.30306915299,"NRI_P141",100
"55372",759.567899152986,"NRI_P141",25
"55373",2585.20874915301,"NRI_P141",50
"55374",24027.140899153,"NRI_P141",100
"55375",-750.639000847004,"NRI_P141",25
"55376",7698.23063915299,"NRI_P141",50
"55377",-4502.50692084699,"NRI_P141",100
"55378",4529.00204915297,"NRI_P141",25
"55379",716.413719152973,"NRI_P141",50
"55380",-3945.03168084699,"NRI_P141",100
"55381",3726.28115915298,"NRI_P141",25
"55382",2398.17838915298,"NRI_P141",50
"55383",16074.450529153,"NRI_P141",100
"55384",4914.66889915301,"NRI_P141",25
"55385",-6393.16099084698,"NRI_P141",50
"55386",13186.068449153,"NRI_P141",100
"55387",4413.16956915299,"NRI_P141",25
"55388",4174.48510915297,"NRI_P141",50
"55389",171.734359152964,"NRI_P141",100
"55390",826.270169152995,"NRI_P141",25
"55391",12602.265479153,"NRI_P141",50
"55392",-90.6995308470214,"NRI_P141",100
"55393",6117.73708915297,"NRI_P141",25
"55394",-1283.23629084701,"NRI_P141",50
"55395",6722.64514915302,"NRI_P141",100
"55396",4348.80217915296,"NRI_P141",25
"55397",4322.81150915299,"NRI_P141",50
"55398",8759.686869153,"NRI_P141",100
"55399",499.207269152976,"NRI_P141",25
"55400",7886.30567915301,"NRI_P141",50
"55401",7899.730259153,"NRI_P141",100
"55402",-2802.03085084702,"NRI_P141",25
"55403",-3749.33838084701,"NRI_P141",50
"55404",9075.51275915297,"NRI_P141",100
"55405",2051.48762915301,"NRI_P141",25
"55406",15004.344989153,"NRI_P141",50
"55407",358.532229152974,"NRI_P141",100
"55408",7925.51672915299,"NRI_P141",25
"55409",5012.06659915298,"NRI_P141",50
"55410",-5352.48603084701,"NRI_P141",100
"55411",958.721319152974,"NRI_P141",25
"55412",1721.24841915298,"NRI_P141",50
"55413",-5184.811600847,"NRI_P141",100
"55414",821.929339152994,"NRI_P141",25
"55415",752.671309152967,"NRI_P141",50
"55416",1594.35685915296,"NRI_P141",100
"55417",-2782.26061084704,"NRI_P141",25
"55418",5748.52833915298,"NRI_P141",50
"55419",-2854.72599084699,"NRI_P141",100
"55420",2717.03745915298,"NRI_P141",25
"55421",-5316.72810084699,"NRI_P141",50
"55422",-4333.89663084701,"NRI_P141",100
"55423",-1158.66557084699,"NRI_P141",25
"55424",-1113.85677084699,"NRI_P141",50
"55425",299.310829152993,"NRI_P141",100
"55426",-319.032150847022,"NRI_P141",25
"55427",3801.51463915297,"NRI_P141",50
"55428",4324.27462915296,"NRI_P141",100
"55429",-3458.18280084699,"NRI_P141",25
"55430",-617.189580846985,"NRI_P141",50
"55431",3471.16050915298,"NRI_P141",100
"55432",-2876.133480847,"NRI_P141",25
"55433",-5.23562084703008,"NRI_P141",50
"55434",-3212.22188084701,"NRI_P141",100
"55435",1077.013939153,"NRI_P141",25
"55436",-1120.12289084704,"NRI_P141",50
"55437",13020.339589153,"NRI_P141",100
"55438",-1073.60193084698,"NRI_P141",25
"55439",2064.435119153,"NRI_P141",50
"55440",8957.98094915302,"NRI_P141",100
"55441",5186.58038915298,"NRI_P141",25
"55442",17.9459491529851,"NRI_P141",50
"55443",372.394689153007,"NRI_P141",100
"55444",337.668469152995,"NRI_P141",25
"55445",-749.052380846988,"NRI_P141",50
"55446",3471.16189915297,"NRI_P141",100
"55447",4930.314989153,"NRI_P141",25
"55448",2587.86290915299,"NRI_P141",50
"55449",3805.97864915297,"NRI_P141",100
"55450",-1683.81927084702,"NRI_P141",25
"55451",15335.389319153,"NRI_P141",50
"55452",13778.415149153,"NRI_P141",100
"55453",15428.927689153,"NRI_P141",25
"55454",129.767229153018,"NRI_P141",50
"55455",-2400.417650847,"NRI_P141",100
"55456",-4686.85425084701,"NRI_P141",25
"55457",3083.41714915301,"NRI_P141",50
"55458",2971.91073915298,"NRI_P141",100
"55459",-617.581870847032,"NRI_P141",25
"55460",-219.642990847002,"NRI_P141",50
"55461",-399.386270846997,"NRI_P141",100
"55462",353.662679152971,"NRI_P141",25
"55463",-2340.30778084701,"NRI_P141",50
"55464",3252.18912915298,"NRI_P141",100
"55465",-338.420770847006,"NRI_P141",25
"55466",-1743.10526084702,"NRI_P141",50
"55467",2352.24927915301,"NRI_P141",100
"55468",-1595.20795084699,"NRI_P141",25
"55469",-3043.36962084699,"NRI_P141",50
"55470",2039.97662915301,"NRI_P141",100
"55471",381.634079153009,"NRI_P141",25
"55472",4097.04627915297,"NRI_P141",50
"55473",-6246.387310847,"NRI_P141",100
"55474",4668.43536915298,"NRI_P141",25
"55475",6248.765599153,"NRI_P141",50
"55476",-2317.99357084703,"NRI_P141",100
"55477",1473.15732915298,"NRI_P141",25
"55478",-2900.008350847,"NRI_P141",50
"55479",-2413.48565084703,"NRI_P141",100
"55480",240.565119153005,"NRI_P141",25
"55481",342.293299152981,"NRI_P141",50
"55482",126.568179152964,"NRI_P141",100
"55483",-246.706340847013,"NRI_P141",25
"55484",9481.59628915298,"NRI_P141",50
"55485",874.408299152972,"NRI_P141",100
"55486",12313.655749153,"NRI_P141",25
"55487",7878.23460915301,"NRI_P141",50
"55488",8381.03964915301,"NRI_P141",100
"55489",1798.84322915296,"NRI_P141",25
"55490",4849.11522915302,"NRI_P141",50
"55491",-2190.64226084703,"NRI_P141",100
"55492",-632.661460847012,"NRI_P141",25
"55493",12901.742059153,"NRI_P141",50
"55494",10067.174059153,"NRI_P141",100
"55495",2687.24854915298,"NRI_P141",25
"55496",4424.91562915297,"NRI_P141",50
"55497",-3713.16786084702,"NRI_P141",100
"55498",5670.23482915299,"NRI_P141",25
"55499",-1753.60122084699,"NRI_P141",50
"55500",5955.557199153,"NRI_P141",100
"55501",1627.984728204,"NRI_P142",25
"55502",-1251.66997179599,"NRI_P142",50
"55503",2451.91916820401,"NRI_P142",100
"55504",-5215.968121796,"NRI_P142",25
"55505",-2092.841401796,"NRI_P142",50
"55506",-18748.161851796,"NRI_P142",100
"55507",4366.79342820402,"NRI_P142",25
"55508",-11406.262921796,"NRI_P142",50
"55509",-14421.556461796,"NRI_P142",100
"55510",-5698.97674179598,"NRI_P142",25
"55511",1921.47517820401,"NRI_P142",50
"55512",-16950.711081796,"NRI_P142",100
"55513",2944.31511820399,"NRI_P142",25
"55514",2540.10283820401,"NRI_P142",50
"55515",-14292.578681796,"NRI_P142",100
"55516",-3969.439371796,"NRI_P142",25
"55517",-2653.501671796,"NRI_P142",50
"55518",14014.753088204,"NRI_P142",100
"55519",-459.580851795996,"NRI_P142",25
"55520",-10631.608141796,"NRI_P142",50
"55521",-16883.644481796,"NRI_P142",100
"55522",-2097.41434179599,"NRI_P142",25
"55523",-11103.765441796,"NRI_P142",50
"55524",-526.800721795997,"NRI_P142",100
"55525",-1778.00803179599,"NRI_P142",25
"55526",19320.488598204,"NRI_P142",50
"55527",-9659.39164179598,"NRI_P142",100
"55528",-11370.324421796,"NRI_P142",25
"55529",-2625.72054179598,"NRI_P142",50
"55530",-24129.002711796,"NRI_P142",100
"55531",-7202.44879179599,"NRI_P142",25
"55532",7901.11076820403,"NRI_P142",50
"55533",-11958.079391796,"NRI_P142",100
"55534",-3101.551761796,"NRI_P142",25
"55535",-10187.729851796,"NRI_P142",50
"55536",-14457.343051796,"NRI_P142",100
"55537",-6706.91685179598,"NRI_P142",25
"55538",3158.46107820398,"NRI_P142",50
"55539",-3147.208191796,"NRI_P142",100
"55540",-1277.571521796,"NRI_P142",25
"55541",-5353.54917179598,"NRI_P142",50
"55542",4406.25349820399,"NRI_P142",100
"55543",-6467.75530179599,"NRI_P142",25
"55544",-2437.38192179598,"NRI_P142",50
"55545",-4534.94994179599,"NRI_P142",100
"55546",4450.283808204,"NRI_P142",25
"55547",-1525.053581796,"NRI_P142",50
"55548",-6856.836551796,"NRI_P142",100
"55549",-10306.504941796,"NRI_P142",25
"55550",4020.28057820402,"NRI_P142",50
"55551",-18117.596631796,"NRI_P142",100
"55552",-11146.455461796,"NRI_P142",25
"55553",1379.56449820401,"NRI_P142",50
"55554",-15514.666271796,"NRI_P142",100
"55555",436.396528204001,"NRI_P142",25
"55556",-14357.057871796,"NRI_P142",50
"55557",-12866.040331796,"NRI_P142",100
"55558",2246.925198204,"NRI_P142",25
"55559",-6668.93904179599,"NRI_P142",50
"55560",-14862.902341796,"NRI_P142",100
"55561",-9432.37777179599,"NRI_P142",25
"55562",-4476.155491796,"NRI_P142",50
"55563",-1373.96930179599,"NRI_P142",100
"55564",-1854.37864179598,"NRI_P142",25
"55565",12856.816938204,"NRI_P142",50
"55566",-8472.187521796,"NRI_P142",100
"55567",7306.37943820399,"NRI_P142",25
"55568",-8512.46659179599,"NRI_P142",50
"55569",-15314.308251796,"NRI_P142",100
"55570",2676.55261820403,"NRI_P142",25
"55571",-9306.42018179598,"NRI_P142",50
"55572",-11036.325181796,"NRI_P142",100
"55573",4932.65943820402,"NRI_P142",25
"55574",-8872.20547179598,"NRI_P142",50
"55575",-14654.148331796,"NRI_P142",100
"55576",188.273658204009,"NRI_P142",25
"55577",5435.63649820402,"NRI_P142",50
"55578",-7160.86490179598,"NRI_P142",100
"55579",-10210.289901796,"NRI_P142",25
"55580",-9740.399211796,"NRI_P142",50
"55581",-3033.89356179599,"NRI_P142",100
"55582",4202.381388204,"NRI_P142",25
"55583",-6498.29393179598,"NRI_P142",50
"55584",-18572.779081796,"NRI_P142",100
"55585",-2357.31377179601,"NRI_P142",25
"55586",973.468198204006,"NRI_P142",50
"55587",-18573.103181796,"NRI_P142",100
"55588",-3139.15699179599,"NRI_P142",25
"55589",-6172.87623179599,"NRI_P142",50
"55590",-7828.742181796,"NRI_P142",100
"55591",3.20002820400987,"NRI_P142",25
"55592",-12766.807381796,"NRI_P142",50
"55593",-6817.798531796,"NRI_P142",100
"55594",-9580.06279179599,"NRI_P142",25
"55595",-4751.52446179598,"NRI_P142",50
"55596",-473.245151796,"NRI_P142",100
"55597",-7039.91953179598,"NRI_P142",25
"55598",-4988.251121796,"NRI_P142",50
"55599",-10663.459741796,"NRI_P142",100
"55600",1047.478838204,"NRI_P142",25
"55601",-11723.340531796,"NRI_P142",50
"55602",-10521.516991796,"NRI_P142",100
"55603",-3202.022991796,"NRI_P142",25
"55604",-17190.748711796,"NRI_P142",50
"55605",-18450.789721796,"NRI_P142",100
"55606",-2631.379741796,"NRI_P142",25
"55607",-12706.319171796,"NRI_P142",50
"55608",-5948.85779179598,"NRI_P142",100
"55609",-1038.608631796,"NRI_P142",25
"55610",561.231938204,"NRI_P142",50
"55611",-3905.19635179598,"NRI_P142",100
"55612",2495.16864820401,"NRI_P142",25
"55613",-18082.590941796,"NRI_P142",50
"55614",-19724.086961796,"NRI_P142",100
"55615",-2234.59318179599,"NRI_P142",25
"55616",-22541.270791796,"NRI_P142",50
"55617",-11634.044081796,"NRI_P142",100
"55618",-9656.68947179598,"NRI_P142",25
"55619",-2130.61042179598,"NRI_P142",50
"55620",-12956.596621796,"NRI_P142",100
"55621",2984.05309820402,"NRI_P142",25
"55622",-3467.29190179598,"NRI_P142",50
"55623",-14279.967791796,"NRI_P142",100
"55624",2860.87293820403,"NRI_P142",25
"55625",-11754.951961796,"NRI_P142",50
"55626",-11084.228941796,"NRI_P142",100
"55627",-11.8202617960051,"NRI_P142",25
"55628",-11643.413501796,"NRI_P142",50
"55629",-9881.214811796,"NRI_P142",100
"55630",-2919.57023179598,"NRI_P142",25
"55631",-5654.16922179598,"NRI_P142",50
"55632",-16743.843861796,"NRI_P142",100
"55633",-9573.45498179598,"NRI_P142",25
"55634",9084.175488204,"NRI_P142",50
"55635",-14841.106231796,"NRI_P142",100
"55636",6140.043348204,"NRI_P142",25
"55637",-15435.269301796,"NRI_P142",50
"55638",1685.19444820401,"NRI_P142",100
"55639",-5087.20997179599,"NRI_P142",25
"55640",-6114.867861796,"NRI_P142",50
"55641",-1484.21521179599,"NRI_P142",100
"55642",-7675.01266179598,"NRI_P142",25
"55643",-4606.65042179599,"NRI_P142",50
"55644",-6172.977841796,"NRI_P142",100
"55645",4394.80328820401,"NRI_P142",25
"55646",-1080.070211796,"NRI_P142",50
"55647",-14759.825451796,"NRI_P142",100
"55648",446.066138204013,"NRI_P142",25
"55649",-939.144171795982,"NRI_P142",50
"55650",-25555.309561796,"NRI_P142",100
"55651",-5.18397179598105,"NRI_P142",25
"55652",-8969.73109179598,"NRI_P142",50
"55653",-2341.36179179599,"NRI_P142",100
"55654",-1566.55252179599,"NRI_P142",25
"55655",-662.593091795978,"NRI_P142",50
"55656",-13049.616681796,"NRI_P142",100
"55657",1749.41983820402,"NRI_P142",25
"55658",-15038.062951796,"NRI_P142",50
"55659",-19928.307231796,"NRI_P142",100
"55660",-7970.67583179599,"NRI_P142",25
"55661",-2445.49354179599,"NRI_P142",50
"55662",-3228.323781796,"NRI_P142",100
"55663",-395.02965179598,"NRI_P142",25
"55664",1546.518088204,"NRI_P142",50
"55665",-1752.753151796,"NRI_P142",100
"55666",-12803.210001796,"NRI_P142",25
"55667",12581.301078204,"NRI_P142",50
"55668",-12810.113731796,"NRI_P142",100
"55669",-3077.730061796,"NRI_P142",25
"55670",12959.938298204,"NRI_P142",50
"55671",-14058.788841796,"NRI_P142",100
"55672",-2869.02183179598,"NRI_P142",25
"55673",-8652.50987179598,"NRI_P142",50
"55674",-7006.343041796,"NRI_P142",100
"55675",916.347348203999,"NRI_P142",25
"55676",-7454.41872179598,"NRI_P142",50
"55677",-15603.380841796,"NRI_P142",100
"55678",5163.20476820401,"NRI_P142",25
"55679",325.549478204019,"NRI_P142",50
"55680",-2496.73638179598,"NRI_P142",100
"55681",-6651.50765179598,"NRI_P142",25
"55682",13244.977298204,"NRI_P142",50
"55683",15003.175988204,"NRI_P142",100
"55684",4529.480428204,"NRI_P142",25
"55685",-14998.261481796,"NRI_P142",50
"55686",2604.73299820401,"NRI_P142",100
"55687",14394.270768204,"NRI_P142",25
"55688",341.787968204007,"NRI_P142",50
"55689",-7374.65162179599,"NRI_P142",100
"55690",4191.72298820398,"NRI_P142",25
"55691",-7263.11558179598,"NRI_P142",50
"55692",-2259.45459179598,"NRI_P142",100
"55693",-4445.584891796,"NRI_P142",25
"55694",174.812348203995,"NRI_P142",50
"55695",-6803.617881796,"NRI_P142",100
"55696",-6653.436351796,"NRI_P142",25
"55697",-19668.259771796,"NRI_P142",50
"55698",-18548.173321796,"NRI_P142",100
"55699",-1492.403951796,"NRI_P142",25
"55700",-3846.603211796,"NRI_P142",50
"55701",-10160.545561796,"NRI_P142",100
"55702",-4701.04260179598,"NRI_P142",25
"55703",-10608.715801796,"NRI_P142",50
"55704",-17570.213801796,"NRI_P142",100
"55705",-2480.48103179599,"NRI_P142",25
"55706",-7468.77879179598,"NRI_P142",50
"55707",-13704.203971796,"NRI_P142",100
"55708",-2315.76080179599,"NRI_P142",25
"55709",-4484.887511796,"NRI_P142",50
"55710",-5168.563541796,"NRI_P142",100
"55711",-7274.062781796,"NRI_P142",25
"55712",5141.47414820403,"NRI_P142",50
"55713",-13376.306411796,"NRI_P142",100
"55714",-3661.08725179598,"NRI_P142",25
"55715",-6652.02349179599,"NRI_P142",50
"55716",-8292.27756179599,"NRI_P142",100
"55717",-15692.421701796,"NRI_P142",25
"55718",-10019.601041796,"NRI_P142",50
"55719",-5721.79067179598,"NRI_P142",100
"55720",-5066.171781796,"NRI_P142",25
"55721",-12139.325851796,"NRI_P142",50
"55722",-10043.100731796,"NRI_P142",100
"55723",11665.074908204,"NRI_P142",25
"55724",2515.47491820401,"NRI_P142",50
"55725",-13583.349631796,"NRI_P142",100
"55726",4776.02178820403,"NRI_P142",25
"55727",-9106.004431796,"NRI_P142",50
"55728",1229.44011820402,"NRI_P142",100
"55729",1777.24712820401,"NRI_P142",25
"55730",-9764.02458179599,"NRI_P142",50
"55731",-6725.403511796,"NRI_P142",100
"55732",-4729.37786179601,"NRI_P142",25
"55733",-9120.48505179599,"NRI_P142",50
"55734",-13651.206071796,"NRI_P142",100
"55735",-7769.81290179599,"NRI_P142",25
"55736",-15548.394961796,"NRI_P142",50
"55737",-7211.600761796,"NRI_P142",100
"55738",-1526.43517179598,"NRI_P142",25
"55739",-15447.509311796,"NRI_P142",50
"55740",-14900.426601796,"NRI_P142",100
"55741",266.376058204012,"NRI_P142",25
"55742",-2538.656741796,"NRI_P142",50
"55743",-10043.188951796,"NRI_P142",100
"55744",296.171048204007,"NRI_P142",25
"55745",1498.945058204,"NRI_P142",50
"55746",1057.477378204,"NRI_P142",100
"55747",-5520.02584179598,"NRI_P142",25
"55748",-1092.46843179601,"NRI_P142",50
"55749",1313.85233820401,"NRI_P142",100
"55750",-5114.20938179598,"NRI_P142",25
"55751",-2432.077221796,"NRI_P142",50
"55752",-17820.493061796,"NRI_P142",100
"55753",3183.94364820403,"NRI_P142",25
"55754",-8344.44028179598,"NRI_P142",50
"55755",-4582.808091796,"NRI_P142",100
"55756",-1063.22858179599,"NRI_P142",25
"55757",-11828.479191796,"NRI_P142",50
"55758",-8228.21060179599,"NRI_P142",100
"55759",-708.602151795989,"NRI_P142",25
"55760",-10698.430291796,"NRI_P142",50
"55761",-4440.319401796,"NRI_P142",100
"55762",1485.77807820402,"NRI_P142",25
"55763",15642.824508204,"NRI_P142",50
"55764",-7913.69715179599,"NRI_P142",100
"55765",731.982178203994,"NRI_P142",25
"55766",-1182.41663179599,"NRI_P142",50
"55767",-18376.951761796,"NRI_P142",100
"55768",3860.288418204,"NRI_P142",25
"55769",-10917.025511796,"NRI_P142",50
"55770",-7507.416801796,"NRI_P142",100
"55771",-4065.540581796,"NRI_P142",25
"55772",-560.994561795989,"NRI_P142",50
"55773",-12778.298631796,"NRI_P142",100
"55774",-6174.49036179599,"NRI_P142",25
"55775",-832.024761795998,"NRI_P142",50
"55776",-7276.95443179598,"NRI_P142",100
"55777",2492.13110820402,"NRI_P142",25
"55778",-6137.479881796,"NRI_P142",50
"55779",-13577.320931796,"NRI_P142",100
"55780",-926.659021795989,"NRI_P142",25
"55781",-5133.661751796,"NRI_P142",50
"55782",-14581.543751796,"NRI_P142",100
"55783",-13620.129991796,"NRI_P142",25
"55784",-340.075671795988,"NRI_P142",50
"55785",5848.89853820403,"NRI_P142",100
"55786",14631.827868204,"NRI_P142",25
"55787",3952.75020820403,"NRI_P142",50
"55788",6828.31258820399,"NRI_P142",100
"55789",-9210.62149179599,"NRI_P142",25
"55790",1896.222638204,"NRI_P142",50
"55791",-11087.450341796,"NRI_P142",100
"55792",3957.01994820399,"NRI_P142",25
"55793",356.096948204009,"NRI_P142",50
"55794",-19316.090891796,"NRI_P142",100
"55795",154.320878204016,"NRI_P142",25
"55796",-15130.555751796,"NRI_P142",50
"55797",-14273.355161796,"NRI_P142",100
"55798",2655.982508204,"NRI_P142",25
"55799",-6530.11990179599,"NRI_P142",50
"55800",-3499.02597179599,"NRI_P142",100
"55801",-2073.33574638999,"NRI_P143",25
"55802",-531.41624638997,"NRI_P143",50
"55803",-14142.37208639,"NRI_P143",100
"55804",-1896.03966638999,"NRI_P143",25
"55805",-2516.42407638999,"NRI_P143",50
"55806",-7339.64293638995,"NRI_P143",100
"55807",1708.52468361001,"NRI_P143",25
"55808",6444.12725361,"NRI_P143",50
"55809",-13000.60606639,"NRI_P143",100
"55810",-1324.78042639,"NRI_P143",25
"55811",-6330.26912638999,"NRI_P143",50
"55812",-9067.78435638995,"NRI_P143",100
"55813",-2676.04858638998,"NRI_P143",25
"55814",-6609.23848638998,"NRI_P143",50
"55815",-3828.90251638996,"NRI_P143",100
"55816",1325.45131361001,"NRI_P143",25
"55817",7165.82586361002,"NRI_P143",50
"55818",-3040.44756638998,"NRI_P143",100
"55819",-2752.10663638997,"NRI_P143",25
"55820",-4527.23820639,"NRI_P143",50
"55821",2887.32639361004,"NRI_P143",100
"55822",-5825.74242639,"NRI_P143",25
"55823",-1482.15075638995,"NRI_P143",50
"55824",-9677.88726638997,"NRI_P143",100
"55825",-1704.07680638996,"NRI_P143",25
"55826",-2692.03743639,"NRI_P143",50
"55827",-11928.72185639,"NRI_P143",100
"55828",-4843.00309638999,"NRI_P143",25
"55829",2804.17300361005,"NRI_P143",50
"55830",647.985193610017,"NRI_P143",100
"55831",2064.47023361002,"NRI_P143",25
"55832",-6550.63796639,"NRI_P143",50
"55833",-11377.63788639,"NRI_P143",100
"55834",-1890.90620638995,"NRI_P143",25
"55835",-2239.16983638995,"NRI_P143",50
"55836",3181.30444361002,"NRI_P143",100
"55837",-4479.87017638999,"NRI_P143",25
"55838",1352.84630361001,"NRI_P143",50
"55839",-11614.83978639,"NRI_P143",100
"55840",1089.41277361003,"NRI_P143",25
"55841",-7617.99707638996,"NRI_P143",50
"55842",-4699.39682639,"NRI_P143",100
"55843",-4807.47969638999,"NRI_P143",25
"55844",611.534373610048,"NRI_P143",50
"55845",-16378.69823639,"NRI_P143",100
"55846",-1637.33839638997,"NRI_P143",25
"55847",-2462.50474638998,"NRI_P143",50
"55848",-11552.55380639,"NRI_P143",100
"55849",-3082.17464638996,"NRI_P143",25
"55850",5004.57858361001,"NRI_P143",50
"55851",-5391.62230638997,"NRI_P143",100
"55852",-3045.50621639,"NRI_P143",25
"55853",7404.75339361001,"NRI_P143",50
"55854",-8187.52668638999,"NRI_P143",100
"55855",-1855.86169638997,"NRI_P143",25
"55856",-3369.40612638998,"NRI_P143",50
"55857",-13511.19388639,"NRI_P143",100
"55858",-5173.35942638997,"NRI_P143",25
"55859",-544.733836389962,"NRI_P143",50
"55860",-8778.39599638997,"NRI_P143",100
"55861",-2089.39996638999,"NRI_P143",25
"55862",-120.426066389948,"NRI_P143",50
"55863",-7065.02190638997,"NRI_P143",100
"55864",-6671.62238638999,"NRI_P143",25
"55865",-4976.79297638999,"NRI_P143",50
"55866",-10570.95578639,"NRI_P143",100
"55867",-5165.80189638998,"NRI_P143",25
"55868",-93.9195363899926,"NRI_P143",50
"55869",-9611.19751638995,"NRI_P143",100
"55870",2995.02994361002,"NRI_P143",25
"55871",-5096.80759638996,"NRI_P143",50
"55872",-10815.06301639,"NRI_P143",100
"55873",-2207.81146638998,"NRI_P143",25
"55874",-1405.06532638997,"NRI_P143",50
"55875",-18228.19648639,"NRI_P143",100
"55876",-1548.53325638996,"NRI_P143",25
"55877",4371.92847361002,"NRI_P143",50
"55878",-6808.81562638999,"NRI_P143",100
"55879",-7045.11402638996,"NRI_P143",25
"55880",-1484.05902638996,"NRI_P143",50
"55881",-12871.74048639,"NRI_P143",100
"55882",-5060.20666639,"NRI_P143",25
"55883",-7978.91618638998,"NRI_P143",50
"55884",-13800.49847639,"NRI_P143",100
"55885",-3470.92968638998,"NRI_P143",25
"55886",-8874.51862638997,"NRI_P143",50
"55887",-16804.90878639,"NRI_P143",100
"55888",-6047.97084639,"NRI_P143",25
"55889",-5866.11993638997,"NRI_P143",50
"55890",-8154.69110638998,"NRI_P143",100
"55891",9787.57989361003,"NRI_P143",25
"55892",2354.22828361002,"NRI_P143",50
"55893",-3932.59190638998,"NRI_P143",100
"55894",-3538.39511638996,"NRI_P143",25
"55895",-5267.56606638996,"NRI_P143",50
"55896",-7426.57483638998,"NRI_P143",100
"55897",-341.223466389987,"NRI_P143",25
"55898",-1042.13316638995,"NRI_P143",50
"55899",-11115.92861639,"NRI_P143",100
"55900",1874.48084361001,"NRI_P143",25
"55901",102.261293610034,"NRI_P143",50
"55902",-10424.50679639,"NRI_P143",100
"55903",10246.0830836101,"NRI_P143",25
"55904",-8126.42681638995,"NRI_P143",50
"55905",-11811.39430639,"NRI_P143",100
"55906",1946.75586361001,"NRI_P143",25
"55907",1595.93914361001,"NRI_P143",50
"55908",-12411.88526639,"NRI_P143",100
"55909",-3811.77313638997,"NRI_P143",25
"55910",-8407.71975638997,"NRI_P143",50
"55911",-5809.83790638996,"NRI_P143",100
"55912",901.950733610021,"NRI_P143",25
"55913",-4048.49575638998,"NRI_P143",50
"55914",-11050.87121639,"NRI_P143",100
"55915",2187.14965361002,"NRI_P143",25
"55916",1104.23951361002,"NRI_P143",50
"55917",-2515.01348639,"NRI_P143",100
"55918",-1004.12464638997,"NRI_P143",25
"55919",-11459.53785639,"NRI_P143",50
"55920",-8795.53968638997,"NRI_P143",100
"55921",-5876.28834638995,"NRI_P143",25
"55922",-3123.52238638996,"NRI_P143",50
"55923",1962.28148361004,"NRI_P143",100
"55924",1551.10677361005,"NRI_P143",25
"55925",-4330.28744638996,"NRI_P143",50
"55926",-4303.83476638998,"NRI_P143",100
"55927",-3495.04437639,"NRI_P143",25
"55928",-2589.86190639,"NRI_P143",50
"55929",-5551.45279638999,"NRI_P143",100
"55930",-1525.85958638997,"NRI_P143",25
"55931",-3914.13405638997,"NRI_P143",50
"55932",1150.27668361005,"NRI_P143",100
"55933",2070.65972361004,"NRI_P143",25
"55934",10369.17783361,"NRI_P143",50
"55935",-11507.00363639,"NRI_P143",100
"55936",-5009.69045638997,"NRI_P143",25
"55937",-8129.76944638998,"NRI_P143",50
"55938",-9368.08241638995,"NRI_P143",100
"55939",-5239.71151638997,"NRI_P143",25
"55940",-5490.90841638995,"NRI_P143",50
"55941",-11201.35242639,"NRI_P143",100
"55942",-3855.46323638997,"NRI_P143",25
"55943",-8243.38913639,"NRI_P143",50
"55944",-6834.52848638996,"NRI_P143",100
"55945",-2477.30257638998,"NRI_P143",25
"55946",-5845.95856638998,"NRI_P143",50
"55947",-13343.2374963899,"NRI_P143",100
"55948",2560.94527361001,"NRI_P143",25
"55949",3777.50073361001,"NRI_P143",50
"55950",-11957.49552639,"NRI_P143",100
"55951",-6028.19850638998,"NRI_P143",25
"55952",-4477.77271638997,"NRI_P143",50
"55953",-9078.29245638999,"NRI_P143",100
"55954",2035.26642361004,"NRI_P143",25
"55955",-9237.75545638998,"NRI_P143",50
"55956",-5217.38296639,"NRI_P143",100
"55957",-3228.13064638997,"NRI_P143",25
"55958",-7178.46544638998,"NRI_P143",50
"55959",-12960.28774639,"NRI_P143",100
"55960",-1527.36884638999,"NRI_P143",25
"55961",-6153.54636638996,"NRI_P143",50
"55962",-15260.94340639,"NRI_P143",100
"55963",6550.75880361005,"NRI_P143",25
"55964",-1730.77984638995,"NRI_P143",50
"55965",-9138.52553638996,"NRI_P143",100
"55966",2072.72383361001,"NRI_P143",25
"55967",-4994.39076638996,"NRI_P143",50
"55968",-1931.12464638997,"NRI_P143",100
"55969",-2826.65091639,"NRI_P143",25
"55970",-9819.52794638998,"NRI_P143",50
"55971",-10075.24606639,"NRI_P143",100
"55972",-3250.97854638996,"NRI_P143",25
"55973",-1899.36931638996,"NRI_P143",50
"55974",-15142.91475639,"NRI_P143",100
"55975",-853.271106389991,"NRI_P143",25
"55976",-8527.03658638999,"NRI_P143",50
"55977",-6483.23630638997,"NRI_P143",100
"55978",-7163.82240638998,"NRI_P143",25
"55979",-9685.65217638999,"NRI_P143",50
"55980",-12507.49807639,"NRI_P143",100
"55981",-7452.74799638998,"NRI_P143",25
"55982",-5142.65419638995,"NRI_P143",50
"55983",-1948.65518638998,"NRI_P143",100
"55984",1387.78869361,"NRI_P143",25
"55985",-7438.03710638999,"NRI_P143",50
"55986",-11850.30273639,"NRI_P143",100
"55987",-4516.88614639,"NRI_P143",25
"55988",-4803.59618638997,"NRI_P143",50
"55989",-618.881966389949,"NRI_P143",100
"55990",7301.09895361,"NRI_P143",25
"55991",-1079.58880638995,"NRI_P143",50
"55992",-6713.68458638998,"NRI_P143",100
"55993",-6750.77771638997,"NRI_P143",25
"55994",6772.32437361003,"NRI_P143",50
"55995",4207.24900361005,"NRI_P143",100
"55996",2035.57621361001,"NRI_P143",25
"55997",-11754.06065639,"NRI_P143",50
"55998",-1723.57996638998,"NRI_P143",100
"55999",-2545.45312639,"NRI_P143",25
"56000",-2991.94049638999,"NRI_P143",50
"56001",-8596.92996638996,"NRI_P143",100
"56002",1060.94393361005,"NRI_P143",25
"56003",-3476.04573638999,"NRI_P143",50
"56004",-14871.57725639,"NRI_P143",100
"56005",-3835.87222639,"NRI_P143",25
"56006",-10454.90293639,"NRI_P143",50
"56007",-10233.93327639,"NRI_P143",100
"56008",-5916.41539638996,"NRI_P143",25
"56009",-8538.41551639,"NRI_P143",50
"56010",-15387.65942639,"NRI_P143",100
"56011",-7801.19921638997,"NRI_P143",25
"56012",-2774.16559638997,"NRI_P143",50
"56013",-4894.59489638999,"NRI_P143",100
"56014",-3035.29729639,"NRI_P143",25
"56015",-2041.85906638997,"NRI_P143",50
"56016",-5972.53670638998,"NRI_P143",100
"56017",-6104.76394638995,"NRI_P143",25
"56018",-5568.52452638996,"NRI_P143",50
"56019",-8181.68439638999,"NRI_P143",100
"56020",-2038.43772638997,"NRI_P143",25
"56021",-2865.76690638997,"NRI_P143",50
"56022",2210.92097361002,"NRI_P143",100
"56023",6550.21841361001,"NRI_P143",25
"56024",-3111.02999638999,"NRI_P143",50
"56025",-11589.42294639,"NRI_P143",100
"56026",-2916.48130638996,"NRI_P143",25
"56027",-180.573096389999,"NRI_P143",50
"56028",-11615.81695639,"NRI_P143",100
"56029",799.571053610009,"NRI_P143",25
"56030",-5509.62852638995,"NRI_P143",50
"56031",-15716.6602963899,"NRI_P143",100
"56032",-3063.78950638999,"NRI_P143",25
"56033",9284.21134361002,"NRI_P143",50
"56034",-8242.56899638998,"NRI_P143",100
"56035",-1322.49468638998,"NRI_P143",25
"56036",446.541983610019,"NRI_P143",50
"56037",-7903.37064638996,"NRI_P143",100
"56038",-886.203006389958,"NRI_P143",25
"56039",-3227.98457638995,"NRI_P143",50
"56040",-10756.0633663899,"NRI_P143",100
"56041",-4391.05688638997,"NRI_P143",25
"56042",-5644.52996638999,"NRI_P143",50
"56043",-10174.15261639,"NRI_P143",100
"56044",-2820.73561638995,"NRI_P143",25
"56045",-2253.65231638995,"NRI_P143",50
"56046",860.029823610035,"NRI_P143",100
"56047",-2784.43288638996,"NRI_P143",25
"56048",-7521.16444639,"NRI_P143",50
"56049",-5386.54045638995,"NRI_P143",100
"56050",-6394.37756638997,"NRI_P143",25
"56051",-970.348976389971,"NRI_P143",50
"56052",-2740.38633638999,"NRI_P143",100
"56053",-961.010206389998,"NRI_P143",25
"56054",-4404.85869639,"NRI_P143",50
"56055",-12855.15489639,"NRI_P143",100
"56056",19.1210936100106,"NRI_P143",25
"56057",-15306.29435639,"NRI_P143",50
"56058",-2286.24701638997,"NRI_P143",100
"56059",395.67683361005,"NRI_P143",25
"56060",211.275703610037,"NRI_P143",50
"56061",-9196.57941638998,"NRI_P143",100
"56062",-6056.03463638999,"NRI_P143",25
"56063",-8917.63856638997,"NRI_P143",50
"56064",-15977.98094639,"NRI_P143",100
"56065",-6288.92876638996,"NRI_P143",25
"56066",-4368.90228638996,"NRI_P143",50
"56067",-14960.42686639,"NRI_P143",100
"56068",-4573.77552639,"NRI_P143",25
"56069",-207.32488638995,"NRI_P143",50
"56070",-8085.78785639,"NRI_P143",100
"56071",7833.30967361003,"NRI_P143",25
"56072",-8745.31296638999,"NRI_P143",50
"56073",-11131.76407639,"NRI_P143",100
"56074",-1402.60534638999,"NRI_P143",25
"56075",-8851.88545638998,"NRI_P143",50
"56076",4576.23494361003,"NRI_P143",100
"56077",-2238.38224638999,"NRI_P143",25
"56078",-10258.52619639,"NRI_P143",50
"56079",-9384.90953638998,"NRI_P143",100
"56080",370.891673610022,"NRI_P143",25
"56081",-8452.56244638999,"NRI_P143",50
"56082",-12078.06989639,"NRI_P143",100
"56083",-5765.39553638996,"NRI_P143",25
"56084",-2434.51878638996,"NRI_P143",50
"56085",-13087.63181639,"NRI_P143",100
"56086",-2669.22084639,"NRI_P143",25
"56087",-7820.88923638995,"NRI_P143",50
"56088",-14518.72553639,"NRI_P143",100
"56089",-4397.25553639,"NRI_P143",25
"56090",-1835.81405638997,"NRI_P143",50
"56091",-6306.53145638999,"NRI_P143",100
"56092",12804.66510361,"NRI_P143",25
"56093",-6065.54587638995,"NRI_P143",50
"56094",-8345.18426638999,"NRI_P143",100
"56095",-4235.54922638997,"NRI_P143",25
"56096",-11378.7650463899,"NRI_P143",50
"56097",-14441.42448639,"NRI_P143",100
"56098",-2094.33061638998,"NRI_P143",25
"56099",-3527.77366638999,"NRI_P143",50
"56100",-6130.43723638996,"NRI_P143",100
"56101",-6402.376309435,"NRI_P144",25
"56102",-49249.139499435,"NRI_P144",50
"56103",-61812.999559435,"NRI_P144",100
"56104",34989.959980565,"NRI_P144",25
"56105",-14507.147789435,"NRI_P144",50
"56106",-62726.863889435,"NRI_P144",100
"56107",-7375.794049435,"NRI_P144",25
"56108",-50.6149394349777,"NRI_P144",50
"56109",-24119.024649435,"NRI_P144",100
"56110",-37183.322279435,"NRI_P144",25
"56111",-545.231209434976,"NRI_P144",50
"56112",-21389.650669435,"NRI_P144",100
"56113",-34125.141879435,"NRI_P144",25
"56114",-17838.848459435,"NRI_P144",50
"56115",-45759.825479435,"NRI_P144",100
"56116",-8322.13994943496,"NRI_P144",25
"56117",-32054.896659435,"NRI_P144",50
"56118",-59858.926269435,"NRI_P144",100
"56119",-3403.12129943498,"NRI_P144",25
"56120",-39153.118079435,"NRI_P144",50
"56121",-70528.947509435,"NRI_P144",100
"56122",4603.68059056503,"NRI_P144",25
"56123",-37704.996129435,"NRI_P144",50
"56124",-60359.370739435,"NRI_P144",100
"56125",-10862.178729435,"NRI_P144",25
"56126",-11486.234869435,"NRI_P144",50
"56127",-61058.185999435,"NRI_P144",100
"56128",-10926.232359435,"NRI_P144",25
"56129",-57472.878949435,"NRI_P144",50
"56130",-63562.078649435,"NRI_P144",100
"56131",-46751.078359435,"NRI_P144",25
"56132",-46108.117449435,"NRI_P144",50
"56133",-54542.641989435,"NRI_P144",100
"56134",-54231.833119435,"NRI_P144",25
"56135",-24360.065829435,"NRI_P144",50
"56136",-56029.661779435,"NRI_P144",100
"56137",-509.944629434962,"NRI_P144",25
"56138",-23813.209059435,"NRI_P144",50
"56139",-47546.669149435,"NRI_P144",100
"56140",-32047.129619435,"NRI_P144",25
"56141",-26088.758379435,"NRI_P144",50
"56142",-56473.140109435,"NRI_P144",100
"56143",-336.527999434969,"NRI_P144",25
"56144",-11194.727939435,"NRI_P144",50
"56145",-62158.163749435,"NRI_P144",100
"56146",-1728.57398943498,"NRI_P144",25
"56147",-60439.382259435,"NRI_P144",50
"56148",-37885.429369435,"NRI_P144",100
"56149",-16087.134119435,"NRI_P144",25
"56150",-16353.696179435,"NRI_P144",50
"56151",-34613.956809435,"NRI_P144",100
"56152",-31.5913094349671,"NRI_P144",25
"56153",-24483.955929435,"NRI_P144",50
"56154",-39267.060949435,"NRI_P144",100
"56155",-33074.934649435,"NRI_P144",25
"56156",-25653.586339435,"NRI_P144",50
"56157",-66250.081659435,"NRI_P144",100
"56158",-5055.73632943496,"NRI_P144",25
"56159",3810.07281056501,"NRI_P144",50
"56160",-44863.041159435,"NRI_P144",100
"56161",-117.246039434976,"NRI_P144",25
"56162",-30780.970599435,"NRI_P144",50
"56163",-60895.091499435,"NRI_P144",100
"56164",-3910.92948943499,"NRI_P144",25
"56165",-30630.240669435,"NRI_P144",50
"56166",-58929.102039435,"NRI_P144",100
"56167",-1455.52974943497,"NRI_P144",25
"56168",-26942.620889435,"NRI_P144",50
"56169",-48313.127219435,"NRI_P144",100
"56170",-22772.318499435,"NRI_P144",25
"56171",-47730.977549435,"NRI_P144",50
"56172",-48181.042309435,"NRI_P144",100
"56173",-15062.734619435,"NRI_P144",25
"56174",-1161.60570943495,"NRI_P144",50
"56175",-58977.199449435,"NRI_P144",100
"56176",-1981.443869435,"NRI_P144",25
"56177",-33272.368049435,"NRI_P144",50
"56178",-58160.325019435,"NRI_P144",100
"56179",6406.47057056503,"NRI_P144",25
"56180",-29274.961069435,"NRI_P144",50
"56181",-63270.219759435,"NRI_P144",100
"56182",-4264.97751943499,"NRI_P144",25
"56183",-20768.498829435,"NRI_P144",50
"56184",-64531.745179435,"NRI_P144",100
"56185",-29571.276179435,"NRI_P144",25
"56186",3690.56984056503,"NRI_P144",50
"56187",-51409.404899435,"NRI_P144",100
"56188",-25344.622849435,"NRI_P144",25
"56189",-20089.562149435,"NRI_P144",50
"56190",-63001.102599435,"NRI_P144",100
"56191",-25026.495899435,"NRI_P144",25
"56192",-24515.307079435,"NRI_P144",50
"56193",-60871.064749435,"NRI_P144",100
"56194",-42367.697749435,"NRI_P144",25
"56195",-32124.517029435,"NRI_P144",50
"56196",-27967.794229435,"NRI_P144",100
"56197",-9901.01507943496,"NRI_P144",25
"56198",-53274.537429435,"NRI_P144",50
"56199",-56215.876209435,"NRI_P144",100
"56200",-30055.278819435,"NRI_P144",25
"56201",-27128.723439435,"NRI_P144",50
"56202",-59410.211309435,"NRI_P144",100
"56203",-924.295519434963,"NRI_P144",25
"56204",-52314.909209435,"NRI_P144",50
"56205",-59234.593499435,"NRI_P144",100
"56206",1197.32453056501,"NRI_P144",25
"56207",-42859.823849435,"NRI_P144",50
"56208",-58628.742129435,"NRI_P144",100
"56209",-28455.559519435,"NRI_P144",25
"56210",-27477.413669435,"NRI_P144",50
"56211",-54443.030379435,"NRI_P144",100
"56212",-12132.331709435,"NRI_P144",25
"56213",-21327.965499435,"NRI_P144",50
"56214",-66411.545799435,"NRI_P144",100
"56215",186.65103056503,"NRI_P144",25
"56216",22705.557870565,"NRI_P144",50
"56217",-45848.938789435,"NRI_P144",100
"56218",-33193.419829435,"NRI_P144",25
"56219",-22173.723509435,"NRI_P144",50
"56220",-49337.686799435,"NRI_P144",100
"56221",-6656.63551943499,"NRI_P144",25
"56222",-35886.678729435,"NRI_P144",50
"56223",-57361.6767094349,"NRI_P144",100
"56224",4522.15323056502,"NRI_P144",25
"56225",-23636.740989435,"NRI_P144",50
"56226",-53363.7626394349,"NRI_P144",100
"56227",-40053.630239435,"NRI_P144",25
"56228",4141.31214056502,"NRI_P144",50
"56229",-25170.904109435,"NRI_P144",100
"56230",-4956.54424943496,"NRI_P144",25
"56231",-21451.222739435,"NRI_P144",50
"56232",-60322.231239435,"NRI_P144",100
"56233",-26302.585869435,"NRI_P144",25
"56234",-9812.511269435,"NRI_P144",50
"56235",-57401.570519435,"NRI_P144",100
"56236",-11123.901069435,"NRI_P144",25
"56237",-8087.50363943499,"NRI_P144",50
"56238",-58081.912769435,"NRI_P144",100
"56239",-21478.681139435,"NRI_P144",25
"56240",-30823.710839435,"NRI_P144",50
"56241",-58462.136709435,"NRI_P144",100
"56242",-21218.753909435,"NRI_P144",25
"56243",-27663.552379435,"NRI_P144",50
"56244",-49738.457349435,"NRI_P144",100
"56245",-25498.328409435,"NRI_P144",25
"56246",-54750.062959435,"NRI_P144",50
"56247",-51464.820099435,"NRI_P144",100
"56248",-1248.97439943498,"NRI_P144",25
"56249",-23494.505509435,"NRI_P144",50
"56250",-53235.185439435,"NRI_P144",100
"56251",1770.16366056504,"NRI_P144",25
"56252",-47909.462879435,"NRI_P144",50
"56253",-58297.120979435,"NRI_P144",100
"56254",-15711.048919435,"NRI_P144",25
"56255",-37201.198939435,"NRI_P144",50
"56256",-62987.091459435,"NRI_P144",100
"56257",-2807.83216943499,"NRI_P144",25
"56258",10902.181510565,"NRI_P144",50
"56259",-63164.612499435,"NRI_P144",100
"56260",-7879.81297943497,"NRI_P144",25
"56261",-4192.243069435,"NRI_P144",50
"56262",-63985.698789435,"NRI_P144",100
"56263",-8372.63230943499,"NRI_P144",25
"56264",-18871.288809435,"NRI_P144",50
"56265",-44065.019329435,"NRI_P144",100
"56266",-14355.595259435,"NRI_P144",25
"56267",-39157.799359435,"NRI_P144",50
"56268",-20923.102159435,"NRI_P144",100
"56269",12899.601860565,"NRI_P144",25
"56270",-9045.73095943499,"NRI_P144",50
"56271",-53549.381389435,"NRI_P144",100
"56272",-26172.121659435,"NRI_P144",25
"56273",41774.988670565,"NRI_P144",50
"56274",-58597.553109435,"NRI_P144",100
"56275",-6579.17362943495,"NRI_P144",25
"56276",-26845.980639435,"NRI_P144",50
"56277",-62713.472989435,"NRI_P144",100
"56278",212.642730565043,"NRI_P144",25
"56279",-50954.001349435,"NRI_P144",50
"56280",-46420.234809435,"NRI_P144",100
"56281",-26309.915439435,"NRI_P144",25
"56282",-5964.591329435,"NRI_P144",50
"56283",-55853.799479435,"NRI_P144",100
"56284",-24440.706069435,"NRI_P144",25
"56285",-32746.684319435,"NRI_P144",50
"56286",-60074.050659435,"NRI_P144",100
"56287",-5434.988299435,"NRI_P144",25
"56288",-30609.269639435,"NRI_P144",50
"56289",-49677.545169435,"NRI_P144",100
"56290",-1041.00597943499,"NRI_P144",25
"56291",-50313.617549435,"NRI_P144",50
"56292",-54578.865149435,"NRI_P144",100
"56293",-48312.854969435,"NRI_P144",25
"56294",2765.227400565,"NRI_P144",50
"56295",-65466.124279435,"NRI_P144",100
"56296",-21465.332229435,"NRI_P144",25
"56297",-32478.920589435,"NRI_P144",50
"56298",-47127.766139435,"NRI_P144",100
"56299",-13325.222879435,"NRI_P144",25
"56300",-33120.829849435,"NRI_P144",50
"56301",-58266.052369435,"NRI_P144",100
"56302",-10653.021189435,"NRI_P144",25
"56303",-13753.425479435,"NRI_P144",50
"56304",-57611.5060194349,"NRI_P144",100
"56305",-854.727039435005,"NRI_P144",25
"56306",-28476.455159435,"NRI_P144",50
"56307",-51435.277899435,"NRI_P144",100
"56308",-5658.31090943498,"NRI_P144",25
"56309",-7168.17145943496,"NRI_P144",50
"56310",-59201.785099435,"NRI_P144",100
"56311",-25938.456349435,"NRI_P144",25
"56312",-15446.436739435,"NRI_P144",50
"56313",-43701.959179435,"NRI_P144",100
"56314",-30892.510419435,"NRI_P144",25
"56315",-14105.677349435,"NRI_P144",50
"56316",-55030.251399435,"NRI_P144",100
"56317",-27121.968549435,"NRI_P144",25
"56318",-19268.230399435,"NRI_P144",50
"56319",-64053.929829435,"NRI_P144",100
"56320",-10992.616899435,"NRI_P144",25
"56321",-28264.065329435,"NRI_P144",50
"56322",-16707.773629435,"NRI_P144",100
"56323",-18667.396599435,"NRI_P144",25
"56324",-817.820389434986,"NRI_P144",50
"56325",-57956.154129435,"NRI_P144",100
"56326",-54780.8973094349,"NRI_P144",25
"56327",-31885.833689435,"NRI_P144",50
"56328",-54528.868049435,"NRI_P144",100
"56329",-8782.24238943501,"NRI_P144",25
"56330",-17546.937219435,"NRI_P144",50
"56331",-58114.544569435,"NRI_P144",100
"56332",-1063.24318943499,"NRI_P144",25
"56333",-11922.243099435,"NRI_P144",50
"56334",46573.683030565,"NRI_P144",100
"56335",-3793.876409435,"NRI_P144",25
"56336",-10751.707209435,"NRI_P144",50
"56337",-57372.929449435,"NRI_P144",100
"56338",3305.353830565,"NRI_P144",25
"56339",-16801.185669435,"NRI_P144",50
"56340",-45353.758109435,"NRI_P144",100
"56341",34235.659590565,"NRI_P144",25
"56342",-33059.812689435,"NRI_P144",50
"56343",-33838.442189435,"NRI_P144",100
"56344",-1604.90782943496,"NRI_P144",25
"56345",488.470980565005,"NRI_P144",50
"56346",-62511.570039435,"NRI_P144",100
"56347",-3391.265879435,"NRI_P144",25
"56348",17052.890090565,"NRI_P144",50
"56349",-52076.976549435,"NRI_P144",100
"56350",-31490.069009435,"NRI_P144",25
"56351",-37946.840229435,"NRI_P144",50
"56352",-58610.559549435,"NRI_P144",100
"56353",4239.25552056503,"NRI_P144",25
"56354",-10355.247639435,"NRI_P144",50
"56355",-52050.787179435,"NRI_P144",100
"56356",-3802.50226943498,"NRI_P144",25
"56357",-22399.774389435,"NRI_P144",50
"56358",-16473.153319435,"NRI_P144",100
"56359",-11162.764019435,"NRI_P144",25
"56360",-12222.463279435,"NRI_P144",50
"56361",-40846.228069435,"NRI_P144",100
"56362",-25803.146589435,"NRI_P144",25
"56363",-36868.100749435,"NRI_P144",50
"56364",-65601.936189435,"NRI_P144",100
"56365",-42532.064099435,"NRI_P144",25
"56366",-31674.503629435,"NRI_P144",50
"56367",-66968.791329435,"NRI_P144",100
"56368",-743.008139434969,"NRI_P144",25
"56369",1443.60442056501,"NRI_P144",50
"56370",-49538.836729435,"NRI_P144",100
"56371",-7267.51130943495,"NRI_P144",25
"56372",-28086.022709435,"NRI_P144",50
"56373",-63130.644269435,"NRI_P144",100
"56374",-456.627439434989,"NRI_P144",25
"56375",-11817.696259435,"NRI_P144",50
"56376",-31361.263619435,"NRI_P144",100
"56377",-6201.76492943498,"NRI_P144",25
"56378",-57893.217999435,"NRI_P144",50
"56379",-35874.756599435,"NRI_P144",100
"56380",8676.41522056505,"NRI_P144",25
"56381",-35306.379499435,"NRI_P144",50
"56382",-59217.561059435,"NRI_P144",100
"56383",-2563.28910943499,"NRI_P144",25
"56384",-7294.02451943496,"NRI_P144",50
"56385",-33414.984689435,"NRI_P144",100
"56386",-21110.281449435,"NRI_P144",25
"56387",-19473.127879435,"NRI_P144",50
"56388",-35307.285229435,"NRI_P144",100
"56389",3514.67528056505,"NRI_P144",25
"56390",-17065.369629435,"NRI_P144",50
"56391",1751.48991056503,"NRI_P144",100
"56392",39109.113400565,"NRI_P144",25
"56393",-45739.6488994349,"NRI_P144",50
"56394",-49929.325579435,"NRI_P144",100
"56395",-26234.593909435,"NRI_P144",25
"56396",-27486.641969435,"NRI_P144",50
"56397",-65229.264499435,"NRI_P144",100
"56398",-8664.32971943496,"NRI_P144",25
"56399",-56730.873429435,"NRI_P144",50
"56400",-36743.018549435,"NRI_P144",100
"56401",-4997.91655656905,"NRI_P145",25
"56402",-2058.99165656901,"NRI_P145",50
"56403",-5552.33565656905,"NRI_P145",100
"56404",-1745.39089656901,"NRI_P145",25
"56405",-4581.92559656902,"NRI_P145",50
"56406",-8299.97196656902,"NRI_P145",100
"56407",1509.055723431,"NRI_P145",25
"56408",-2219.32710656902,"NRI_P145",50
"56409",-6479.35103656905,"NRI_P145",100
"56410",-2628.53081656905,"NRI_P145",25
"56411",-5420.615776569,"NRI_P145",50
"56412",856.692543430952,"NRI_P145",100
"56413",2547.78946343099,"NRI_P145",25
"56414",-2297.82928656903,"NRI_P145",50
"56415",-1276.512776569,"NRI_P145",100
"56416",2363.10764343099,"NRI_P145",25
"56417",-2339.853056569,"NRI_P145",50
"56418",-7302.84751656902,"NRI_P145",100
"56419",2341.57019343099,"NRI_P145",25
"56420",-8477.98877656902,"NRI_P145",50
"56421",16482.729253431,"NRI_P145",100
"56422",-5786.67401656904,"NRI_P145",25
"56423",-5088.73913656903,"NRI_P145",50
"56424",-3075.23085656902,"NRI_P145",100
"56425",-2526.78663656901,"NRI_P145",25
"56426",-3347.40626656904,"NRI_P145",50
"56427",-4248.46550656902,"NRI_P145",100
"56428",-435.644766569021,"NRI_P145",25
"56429",-1065.59850656905,"NRI_P145",50
"56430",11018.699353431,"NRI_P145",100
"56431",-2625.02641656902,"NRI_P145",25
"56432",-3357.56514656905,"NRI_P145",50
"56433",-4553.516866569,"NRI_P145",100
"56434",-2178.07372656901,"NRI_P145",25
"56435",-2304.423926569,"NRI_P145",50
"56436",16579.193673431,"NRI_P145",100
"56437",2774.25775343098,"NRI_P145",25
"56438",-4007.19828656904,"NRI_P145",50
"56439",-6019.03196656902,"NRI_P145",100
"56440",-2959.336276569,"NRI_P145",25
"56441",-2412.19445656904,"NRI_P145",50
"56442",-1313.707286569,"NRI_P145",100
"56443",5672.01447343099,"NRI_P145",25
"56444",4390.77445343096,"NRI_P145",50
"56445",6794.774833431,"NRI_P145",100
"56446",-1053.26654656901,"NRI_P145",25
"56447",-4175.84905656904,"NRI_P145",50
"56448",-4751.60018656903,"NRI_P145",100
"56449",-1342.24272656901,"NRI_P145",25
"56450",-3938.90374656901,"NRI_P145",50
"56451",-12618.135556569,"NRI_P145",100
"56452",-4503.64164656901,"NRI_P145",25
"56453",-6372.26653656905,"NRI_P145",50
"56454",11736.567183431,"NRI_P145",100
"56455",1556.32314343099,"NRI_P145",25
"56456",-1668.16911656904,"NRI_P145",50
"56457",-2363.060576569,"NRI_P145",100
"56458",11475.906043431,"NRI_P145",25
"56459",-8367.72657656902,"NRI_P145",50
"56460",13909.685553431,"NRI_P145",100
"56461",-5147.89081656904,"NRI_P145",25
"56462",-2501.59389656904,"NRI_P145",50
"56463",-2609.68324656901,"NRI_P145",100
"56464",-5178.14398656902,"NRI_P145",25
"56465",805.009113430977,"NRI_P145",50
"56466",-2993.42023656901,"NRI_P145",100
"56467",23179.953383431,"NRI_P145",25
"56468",-5537.16177656903,"NRI_P145",50
"56469",-9133.671656569,"NRI_P145",100
"56470",-3180.127586569,"NRI_P145",25
"56471",4077.72160343098,"NRI_P145",50
"56472",-6034.54304656904,"NRI_P145",100
"56473",1921.45829343097,"NRI_P145",25
"56474",-2288.76718656905,"NRI_P145",50
"56475",-6382.50510656903,"NRI_P145",100
"56476",-1451.61786656902,"NRI_P145",25
"56477",-3610.800616569,"NRI_P145",50
"56478",-2495.438366569,"NRI_P145",100
"56479",4204.507633431,"NRI_P145",25
"56480",-3904.48313656903,"NRI_P145",50
"56481",14151.119183431,"NRI_P145",100
"56482",4782.27928343095,"NRI_P145",25
"56483",-4786.844066569,"NRI_P145",50
"56484",-1646.85075656901,"NRI_P145",100
"56485",3771.25110343099,"NRI_P145",25
"56486",-6127.421556569,"NRI_P145",50
"56487",9525.80701343098,"NRI_P145",100
"56488",-1502.76630656904,"NRI_P145",25
"56489",19610.321773431,"NRI_P145",50
"56490",-1960.85907656903,"NRI_P145",100
"56491",4290.52571343095,"NRI_P145",25
"56492",-4537.968386569,"NRI_P145",50
"56493",1022.68101343099,"NRI_P145",100
"56494",2863.00592343096,"NRI_P145",25
"56495",4215.22688343097,"NRI_P145",50
"56496",3089.73481343099,"NRI_P145",100
"56497",-1916.005346569,"NRI_P145",25
"56498",-0.211606569006108,"NRI_P145",50
"56499",-5103.43091656902,"NRI_P145",100
"56500",1039.44924343098,"NRI_P145",25
"56501",1810.40166343097,"NRI_P145",50
"56502",-2581.04640656902,"NRI_P145",100
"56503",6319.52391343098,"NRI_P145",25
"56504",-4572.79762656905,"NRI_P145",50
"56505",3179.97410343098,"NRI_P145",100
"56506",-3260.92822656903,"NRI_P145",25
"56507",-7029.50395656901,"NRI_P145",50
"56508",3100.60993343097,"NRI_P145",100
"56509",-1675.11123656901,"NRI_P145",25
"56510",-2947.01938656904,"NRI_P145",50
"56511",8627.09482343099,"NRI_P145",100
"56512",7615.18687343097,"NRI_P145",25
"56513",-3776.41017656901,"NRI_P145",50
"56514",-6843.47514656902,"NRI_P145",100
"56515",-7008.291526569,"NRI_P145",25
"56516",-1650.74951656902,"NRI_P145",50
"56517",8486.18590343097,"NRI_P145",100
"56518",3152.81673343095,"NRI_P145",25
"56519",14126.884473431,"NRI_P145",50
"56520",-10187.9564065691,"NRI_P145",100
"56521",352.182843430957,"NRI_P145",25
"56522",-3292.93375656905,"NRI_P145",50
"56523",26732.505663431,"NRI_P145",100
"56524",-3916.70906656905,"NRI_P145",25
"56525",-9950.16458656901,"NRI_P145",50
"56526",-740.996776568994,"NRI_P145",100
"56527",6195.99772343098,"NRI_P145",25
"56528",-4700.539616569,"NRI_P145",50
"56529",2090.77636343095,"NRI_P145",100
"56530",5097.80486343097,"NRI_P145",25
"56531",-422.182296569052,"NRI_P145",50
"56532",1704.47178343096,"NRI_P145",100
"56533",-4662.10124656901,"NRI_P145",25
"56534",-1142.98176656902,"NRI_P145",50
"56535",5398.43015343096,"NRI_P145",100
"56536",-3747.38677656901,"NRI_P145",25
"56537",-2900.473056569,"NRI_P145",50
"56538",-5442.84042656905,"NRI_P145",100
"56539",1748.910993431,"NRI_P145",25
"56540",1416.12888343097,"NRI_P145",50
"56541",-7965.821706569,"NRI_P145",100
"56542",-223.025836569024,"NRI_P145",25
"56543",3000.76174343098,"NRI_P145",50
"56544",-3062.18274656904,"NRI_P145",100
"56545",-3539.45836656902,"NRI_P145",25
"56546",3618.96799343097,"NRI_P145",50
"56547",-293.138296568999,"NRI_P145",100
"56548",-2928.93537656905,"NRI_P145",25
"56549",2694.46446343098,"NRI_P145",50
"56550",-8476.17278656905,"NRI_P145",100
"56551",-4484.66751656902,"NRI_P145",25
"56552",-4588.89996656904,"NRI_P145",50
"56553",1363.581003431,"NRI_P145",100
"56554",-2843.79697656905,"NRI_P145",25
"56555",-3402.11278656905,"NRI_P145",50
"56556",26105.964573431,"NRI_P145",100
"56557",-2582.96437656903,"NRI_P145",25
"56558",-6516.36828656902,"NRI_P145",50
"56559",-3134.81773656904,"NRI_P145",100
"56560",-1248.17857656901,"NRI_P145",25
"56561",-3066.687396569,"NRI_P145",50
"56562",-9984.67818656901,"NRI_P145",100
"56563",2830.24836343096,"NRI_P145",25
"56564",16390.810463431,"NRI_P145",50
"56565",6281.50888343097,"NRI_P145",100
"56566",-4785.14628656901,"NRI_P145",25
"56567",-147.861876569048,"NRI_P145",50
"56568",-3641.91097656905,"NRI_P145",100
"56569",515.356963430997,"NRI_P145",25
"56570",-5873.93326656905,"NRI_P145",50
"56571",7336.96465343097,"NRI_P145",100
"56572",-5008.89589656901,"NRI_P145",25
"56573",7994.81843343098,"NRI_P145",50
"56574",23297.325423431,"NRI_P145",100
"56575",1234.326783431,"NRI_P145",25
"56576",3902.01672343095,"NRI_P145",50
"56577",-11689.472296569,"NRI_P145",100
"56578",-1284.63055656903,"NRI_P145",25
"56579",-6936.89740656904,"NRI_P145",50
"56580",-921.054806569009,"NRI_P145",100
"56581",-1323.62853656901,"NRI_P145",25
"56582",-5343.28550656902,"NRI_P145",50
"56583",-5821.06961656903,"NRI_P145",100
"56584",-465.568576569029,"NRI_P145",25
"56585",-4364.14724656905,"NRI_P145",50
"56586",-4114.35942656902,"NRI_P145",100
"56587",1011.889253431,"NRI_P145",25
"56588",-1264.32031656901,"NRI_P145",50
"56589",2174.43569343095,"NRI_P145",100
"56590",-2391.61868656904,"NRI_P145",25
"56591",-7099.81389656902,"NRI_P145",50
"56592",4036.87464343099,"NRI_P145",100
"56593",-3438.88590656902,"NRI_P145",25
"56594",4231.43460343097,"NRI_P145",50
"56595",2079.31518343097,"NRI_P145",100
"56596",-649.642106569023,"NRI_P145",25
"56597",-1369.79252656904,"NRI_P145",50
"56598",55.0971834309748,"NRI_P145",100
"56599",2531.32777343097,"NRI_P145",25
"56600",-7440.49779656902,"NRI_P145",50
"56601",-10680.825146569,"NRI_P145",100
"56602",-895.672636569012,"NRI_P145",25
"56603",-3826.038446569,"NRI_P145",50
"56604",22816.252973431,"NRI_P145",100
"56605",-3729.08850656904,"NRI_P145",25
"56606",3679.63376343099,"NRI_P145",50
"56607",304.685763430956,"NRI_P145",100
"56608",276.874193430995,"NRI_P145",25
"56609",-1642.40164656902,"NRI_P145",50
"56610",18072.587973431,"NRI_P145",100
"56611",-1808.30537656904,"NRI_P145",25
"56612",11617.715643431,"NRI_P145",50
"56613",-7167.62249656901,"NRI_P145",100
"56614",-1577.924806569,"NRI_P145",25
"56615",-1469.746356569,"NRI_P145",50
"56616",-11490.774936569,"NRI_P145",100
"56617",-1441.63159656903,"NRI_P145",25
"56618",291.610823430994,"NRI_P145",50
"56619",-11278.776466569,"NRI_P145",100
"56620",6815.53562343097,"NRI_P145",25
"56621",-3034.19223656901,"NRI_P145",50
"56622",-7269.35737656901,"NRI_P145",100
"56623",-1976.15677656903,"NRI_P145",25
"56624",-8586.32565656904,"NRI_P145",50
"56625",-4737.71517656901,"NRI_P145",100
"56626",5039.32401343097,"NRI_P145",25
"56627",2713.87865343096,"NRI_P145",50
"56628",-762.268886569014,"NRI_P145",100
"56629",-1370.135216569,"NRI_P145",25
"56630",-4301.30427656905,"NRI_P145",50
"56631",3797.16661343095,"NRI_P145",100
"56632",-5886.76211656904,"NRI_P145",25
"56633",793.44639343099,"NRI_P145",50
"56634",88.3641134309582,"NRI_P145",100
"56635",8408.10582343099,"NRI_P145",25
"56636",-4801.09089656902,"NRI_P145",50
"56637",-444.01619656902,"NRI_P145",100
"56638",-6778.849126569,"NRI_P145",25
"56639",-3883.55897656904,"NRI_P145",50
"56640",11279.408103431,"NRI_P145",100
"56641",22048.911703431,"NRI_P145",25
"56642",-5632.086636569,"NRI_P145",50
"56643",-9312.59580656904,"NRI_P145",100
"56644",-406.852296569035,"NRI_P145",25
"56645",-8051.59727656905,"NRI_P145",50
"56646",-1084.78721656901,"NRI_P145",100
"56647",7456.60475343099,"NRI_P145",25
"56648",197.356353430951,"NRI_P145",50
"56649",16176.837573431,"NRI_P145",100
"56650",-3141.075406569,"NRI_P145",25
"56651",-2440.31999656901,"NRI_P145",50
"56652",28615.175223431,"NRI_P145",100
"56653",6018.74326343095,"NRI_P145",25
"56654",-2792.681326569,"NRI_P145",50
"56655",-6865.08739656903,"NRI_P145",100
"56656",-3124.78382656904,"NRI_P145",25
"56657",1361.31952343095,"NRI_P145",50
"56658",16805.343173431,"NRI_P145",100
"56659",-4599.98343656905,"NRI_P145",25
"56660",4365.15831343096,"NRI_P145",50
"56661",30588.2149634309,"NRI_P145",100
"56662",-5801.19902656903,"NRI_P145",25
"56663",-3080.30140656902,"NRI_P145",50
"56664",-6023.21502656903,"NRI_P145",100
"56665",-2013.40876656905,"NRI_P145",25
"56666",3680.63378343097,"NRI_P145",50
"56667",4791.74574343098,"NRI_P145",100
"56668",-3686.21655656904,"NRI_P145",25
"56669",-3297.58380656905,"NRI_P145",50
"56670",3901.040213431,"NRI_P145",100
"56671",-2612.33100656903,"NRI_P145",25
"56672",80.9770234309835,"NRI_P145",50
"56673",11456.373183431,"NRI_P145",100
"56674",-2684.756776569,"NRI_P145",25
"56675",-729.701886569033,"NRI_P145",50
"56676",-7726.40504656901,"NRI_P145",100
"56677",522.059683430998,"NRI_P145",25
"56678",5866.71086343098,"NRI_P145",50
"56679",-11762.645646569,"NRI_P145",100
"56680",2759.23969343095,"NRI_P145",25
"56681",2956.73997343099,"NRI_P145",50
"56682",5296.84628343099,"NRI_P145",100
"56683",-1849.977826569,"NRI_P145",25
"56684",-3752.88257656904,"NRI_P145",50
"56685",16530.279373431,"NRI_P145",100
"56686",22911.844303431,"NRI_P145",25
"56687",-6937.53305656905,"NRI_P145",50
"56688",3225.36659343098,"NRI_P145",100
"56689",-6508.88408656901,"NRI_P145",25
"56690",-3772.90615656902,"NRI_P145",50
"56691",-3312.76094656903,"NRI_P145",100
"56692",561.232413430989,"NRI_P145",25
"56693",-5735.40092656901,"NRI_P145",50
"56694",-1.64249656902393,"NRI_P145",100
"56695",891.788643430977,"NRI_P145",25
"56696",7396.218203431,"NRI_P145",50
"56697",12472.956303431,"NRI_P145",100
"56698",2992.94421343098,"NRI_P145",25
"56699",-365.592996569001,"NRI_P145",50
"56700",-12920.576366569,"NRI_P145",100
"56701",976.031280475028,"NRI_P146",25
"56702",736.186630475044,"NRI_P146",50
"56703",-8010.467889525,"NRI_P146",100
"56704",5619.006020475,"NRI_P146",25
"56705",-2921.72719952499,"NRI_P146",50
"56706",-3027.44132952497,"NRI_P146",100
"56707",7190.88960047503,"NRI_P146",25
"56708",1980.53419047501,"NRI_P146",50
"56709",10445.863440475,"NRI_P146",100
"56710",-1834.656009525,"NRI_P146",25
"56711",2086.26353047503,"NRI_P146",50
"56712",17049.300080475,"NRI_P146",100
"56713",3591.71788047504,"NRI_P146",25
"56714",1796.02832047502,"NRI_P146",50
"56715",27392.939960475,"NRI_P146",100
"56716",65.6717504750122,"NRI_P146",25
"56717",-560.517999525007,"NRI_P146",50
"56718",-2850.374009525,"NRI_P146",100
"56719",-802.19959952496,"NRI_P146",25
"56720",6006.76464047504,"NRI_P146",50
"56721",9672.60443047504,"NRI_P146",100
"56722",7142.95573047502,"NRI_P146",25
"56723",3484.82552047505,"NRI_P146",50
"56724",-780.100229525007,"NRI_P146",100
"56725",1565.28281047504,"NRI_P146",25
"56726",9022.31913047499,"NRI_P146",50
"56727",6238.455620475,"NRI_P146",100
"56728",487.645800475031,"NRI_P146",25
"56729",-3807.621449525,"NRI_P146",50
"56730",7698.93396047503,"NRI_P146",100
"56731",2228.22729047504,"NRI_P146",25
"56732",5313.67944047501,"NRI_P146",50
"56733",10234.053280475,"NRI_P146",100
"56734",4933.28139047499,"NRI_P146",25
"56735",-1146.85595952498,"NRI_P146",50
"56736",3795.96631047502,"NRI_P146",100
"56737",4464.25759047503,"NRI_P146",25
"56738",14385.252130475,"NRI_P146",50
"56739",8959.75856047502,"NRI_P146",100
"56740",20.4559904750204,"NRI_P146",25
"56741",-3743.45945952501,"NRI_P146",50
"56742",2298.48825047503,"NRI_P146",100
"56743",80.9757904750295,"NRI_P146",25
"56744",-1057.672199525,"NRI_P146",50
"56745",22190.820220475,"NRI_P146",100
"56746",1030.10732047504,"NRI_P146",25
"56747",6216.40177047503,"NRI_P146",50
"56748",8360.982910475,"NRI_P146",100
"56749",7115.54996047501,"NRI_P146",25
"56750",5884.772990475,"NRI_P146",50
"56751",731.383450474998,"NRI_P146",100
"56752",2643.765300475,"NRI_P146",25
"56753",1455.55328047503,"NRI_P146",50
"56754",2305.14992047503,"NRI_P146",100
"56755",7095.57327047503,"NRI_P146",25
"56756",7929.39924047503,"NRI_P146",50
"56757",12756.481580475,"NRI_P146",100
"56758",1736.771560475,"NRI_P146",25
"56759",-1864.88925952499,"NRI_P146",50
"56760",18185.812140475,"NRI_P146",100
"56761",-2233.63434952497,"NRI_P146",25
"56762",8860.089710475,"NRI_P146",50
"56763",33288.492220475,"NRI_P146",100
"56764",-1297.07235952496,"NRI_P146",25
"56765",24990.561670475,"NRI_P146",50
"56766",36325.693220475,"NRI_P146",100
"56767",9559.72118047503,"NRI_P146",25
"56768",4818.024160475,"NRI_P146",50
"56769",-878.327399524976,"NRI_P146",100
"56770",5313.20259047503,"NRI_P146",25
"56771",1639.36124047503,"NRI_P146",50
"56772",13330.184560475,"NRI_P146",100
"56773",2268.72500047501,"NRI_P146",25
"56774",6292.915740475,"NRI_P146",50
"56775",29198.734010475,"NRI_P146",100
"56776",3081.64139047504,"NRI_P146",25
"56777",20035.185830475,"NRI_P146",50
"56778",-906.300539524993,"NRI_P146",100
"56779",5774.32860047504,"NRI_P146",25
"56780",6307.35251047503,"NRI_P146",50
"56781",-3925.38890952501,"NRI_P146",100
"56782",-42.8425395250088,"NRI_P146",25
"56783",-5019.09784952499,"NRI_P146",50
"56784",8343.210750475,"NRI_P146",100
"56785",-167.060179524997,"NRI_P146",25
"56786",3323.111320475,"NRI_P146",50
"56787",-2140.767799525,"NRI_P146",100
"56788",4817.346390475,"NRI_P146",25
"56789",-699.089859524975,"NRI_P146",50
"56790",5429.85296047502,"NRI_P146",100
"56791",-3381.41868952499,"NRI_P146",25
"56792",9257.58109047503,"NRI_P146",50
"56793",8483.03393047501,"NRI_P146",100
"56794",1228.26881047501,"NRI_P146",25
"56795",9359.17916047503,"NRI_P146",50
"56796",3152.84447047504,"NRI_P146",100
"56797",1530.61582047504,"NRI_P146",25
"56798",20670.332230475,"NRI_P146",50
"56799",10151.715990475,"NRI_P146",100
"56800",510.144410475041,"NRI_P146",25
"56801",-1283.094319525,"NRI_P146",50
"56802",-1239.57992952497,"NRI_P146",100
"56803",398.415760475036,"NRI_P146",25
"56804",911.488140475005,"NRI_P146",50
"56805",7954.10070047504,"NRI_P146",100
"56806",-1680.73367952497,"NRI_P146",25
"56807",2892.134490475,"NRI_P146",50
"56808",5927.80866047501,"NRI_P146",100
"56809",-1620.99849952495,"NRI_P146",25
"56810",2446.61722047499,"NRI_P146",50
"56811",576.381720475038,"NRI_P146",100
"56812",-2521.70682952501,"NRI_P146",25
"56813",-482.711789524998,"NRI_P146",50
"56814",19749.981100475,"NRI_P146",100
"56815",-1061.10065952496,"NRI_P146",25
"56816",1322.72207047499,"NRI_P146",50
"56817",7414.027400475,"NRI_P146",100
"56818",1754.960750475,"NRI_P146",25
"56819",17508.880290475,"NRI_P146",50
"56820",6346.00530047499,"NRI_P146",100
"56821",2104.86219047499,"NRI_P146",25
"56822",8843.30348047504,"NRI_P146",50
"56823",30898.747650475,"NRI_P146",100
"56824",4551.373620475,"NRI_P146",25
"56825",14511.331570475,"NRI_P146",50
"56826",12464.451960475,"NRI_P146",100
"56827",-2733.00246952497,"NRI_P146",25
"56828",9956.343280475,"NRI_P146",50
"56829",-2788.16744952498,"NRI_P146",100
"56830",-1217.29034952499,"NRI_P146",25
"56831",-3712.89739952498,"NRI_P146",50
"56832",4169.32935047499,"NRI_P146",100
"56833",1429.21666047501,"NRI_P146",25
"56834",5263.148380475,"NRI_P146",50
"56835",-739.413019525004,"NRI_P146",100
"56836",-2261.869209525,"NRI_P146",25
"56837",7679.53715047502,"NRI_P146",50
"56838",10806.258020475,"NRI_P146",100
"56839",-72.4164095249726,"NRI_P146",25
"56840",8589.17934047501,"NRI_P146",50
"56841",3418.06240047503,"NRI_P146",100
"56842",112.842370475002,"NRI_P146",25
"56843",9643.76675047504,"NRI_P146",50
"56844",10896.267590475,"NRI_P146",100
"56845",4265.38639047503,"NRI_P146",25
"56846",-2302.66832952498,"NRI_P146",50
"56847",-3076.19463952497,"NRI_P146",100
"56848",1332.31454047502,"NRI_P146",25
"56849",2429.20826047502,"NRI_P146",50
"56850",-1502.84343952499,"NRI_P146",100
"56851",4424.24486047501,"NRI_P146",25
"56852",20.4832604750409,"NRI_P146",50
"56853",23048.024070475,"NRI_P146",100
"56854",1448.71245047502,"NRI_P146",25
"56855",-973.566859524988,"NRI_P146",50
"56856",11507.040640475,"NRI_P146",100
"56857",2707.28906047501,"NRI_P146",25
"56858",4574.84391047503,"NRI_P146",50
"56859",7605.82274047501,"NRI_P146",100
"56860",2416.90323047503,"NRI_P146",25
"56861",24248.642350475,"NRI_P146",50
"56862",2663.24679047504,"NRI_P146",100
"56863",1905.03325047501,"NRI_P146",25
"56864",-1627.17111952498,"NRI_P146",50
"56865",53015.152280475,"NRI_P146",100
"56866",12574.007350475,"NRI_P146",25
"56867",30088.906200475,"NRI_P146",50
"56868",7528.28728047502,"NRI_P146",100
"56869",1993.45752047503,"NRI_P146",25
"56870",5959.028050475,"NRI_P146",50
"56871",14521.926030475,"NRI_P146",100
"56872",5113.86043047503,"NRI_P146",25
"56873",1269.45457047503,"NRI_P146",50
"56874",388.793660474999,"NRI_P146",100
"56875",2974.11457047501,"NRI_P146",25
"56876",17992.246370475,"NRI_P146",50
"56877",21859.442690475,"NRI_P146",100
"56878",1539.67501047504,"NRI_P146",25
"56879",24785.902190475,"NRI_P146",50
"56880",4466.67957047501,"NRI_P146",100
"56881",3665.00628047501,"NRI_P146",25
"56882",10027.906330475,"NRI_P146",50
"56883",23397.293970475,"NRI_P146",100
"56884",210.284180474991,"NRI_P146",25
"56885",-2700.904969525,"NRI_P146",50
"56886",8220.18672047503,"NRI_P146",100
"56887",1650.34840047499,"NRI_P146",25
"56888",6029.37611047504,"NRI_P146",50
"56889",2041.85971047502,"NRI_P146",100
"56890",6136.95808047504,"NRI_P146",25
"56891",4038.966560475,"NRI_P146",50
"56892",-2969.54644952499,"NRI_P146",100
"56893",3132.83385047503,"NRI_P146",25
"56894",7944.15994047502,"NRI_P146",50
"56895",-2867.37628952495,"NRI_P146",100
"56896",448.157610475027,"NRI_P146",25
"56897",-6003.03026952496,"NRI_P146",50
"56898",4503.545380475,"NRI_P146",100
"56899",6859.51084047504,"NRI_P146",25
"56900",-2341.50368952501,"NRI_P146",50
"56901",4243.06673047499,"NRI_P146",100
"56902",4464.95758047502,"NRI_P146",25
"56903",1249.53908047499,"NRI_P146",50
"56904",-1734.94551952498,"NRI_P146",100
"56905",1346.496220475,"NRI_P146",25
"56906",1127.10056047502,"NRI_P146",50
"56907",30997.101960475,"NRI_P146",100
"56908",51.2552604750381,"NRI_P146",25
"56909",-1799.52381952497,"NRI_P146",50
"56910",2978.14855047502,"NRI_P146",100
"56911",-3326.53201952501,"NRI_P146",25
"56912",4180.21528047504,"NRI_P146",50
"56913",2639.73657047504,"NRI_P146",100
"56914",8665.44622047502,"NRI_P146",25
"56915",4960.586400475,"NRI_P146",50
"56916",11914.885810475,"NRI_P146",100
"56917",1345.88705047499,"NRI_P146",25
"56918",-3071.98506952496,"NRI_P146",50
"56919",7782.35540047503,"NRI_P146",100
"56920",543.699460475007,"NRI_P146",25
"56921",1176.09932047501,"NRI_P146",50
"56922",815.947960474994,"NRI_P146",100
"56923",-750.995959524997,"NRI_P146",25
"56924",4669.98108047503,"NRI_P146",50
"56925",-4066.70654952497,"NRI_P146",100
"56926",-3926.63751952496,"NRI_P146",25
"56927",2834.44870047504,"NRI_P146",50
"56928",6090.04010047502,"NRI_P146",100
"56929",7022.70156047499,"NRI_P146",25
"56930",-2333.89465952496,"NRI_P146",50
"56931",3890.23019047501,"NRI_P146",100
"56932",-1966.54537952499,"NRI_P146",25
"56933",4479.49945047504,"NRI_P146",50
"56934",-5036.98325952498,"NRI_P146",100
"56935",-2410.74679952499,"NRI_P146",25
"56936",2662.25175047503,"NRI_P146",50
"56937",5231.40845047502,"NRI_P146",100
"56938",-1533.30558952497,"NRI_P146",25
"56939",3273.71966047504,"NRI_P146",50
"56940",4624.688550475,"NRI_P146",100
"56941",491.876190475014,"NRI_P146",25
"56942",3724.76823047502,"NRI_P146",50
"56943",2140.94351047504,"NRI_P146",100
"56944",922.190510475019,"NRI_P146",25
"56945",-707.84624952497,"NRI_P146",50
"56946",23290.244160475,"NRI_P146",100
"56947",2785.37574047502,"NRI_P146",25
"56948",4316.65677047503,"NRI_P146",50
"56949",3142.96481047501,"NRI_P146",100
"56950",-2414.25896952499,"NRI_P146",25
"56951",-2927.28386952501,"NRI_P146",50
"56952",3418.55363047501,"NRI_P146",100
"56953",1592.676870475,"NRI_P146",25
"56954",6358.24711047503,"NRI_P146",50
"56955",18258.591480475,"NRI_P146",100
"56956",3242.71833047504,"NRI_P146",25
"56957",1688.01645047503,"NRI_P146",50
"56958",17014.087710475,"NRI_P146",100
"56959",5582.83233047504,"NRI_P146",25
"56960",13379.583100475,"NRI_P146",50
"56961",3607.88731047499,"NRI_P146",100
"56962",2901.34739047504,"NRI_P146",25
"56963",781.891810475034,"NRI_P146",50
"56964",9024.81003047503,"NRI_P146",100
"56965",-6185.732979525,"NRI_P146",25
"56966",3931.28406047501,"NRI_P146",50
"56967",-4300.37425952498,"NRI_P146",100
"56968",393.047530475014,"NRI_P146",25
"56969",22696.804600475,"NRI_P146",50
"56970",21423.858120475,"NRI_P146",100
"56971",4215.15118047502,"NRI_P146",25
"56972",-1536.175349525,"NRI_P146",50
"56973",3836.49313047499,"NRI_P146",100
"56974",1416.60878047504,"NRI_P146",25
"56975",338.626090475009,"NRI_P146",50
"56976",-1941.196439525,"NRI_P146",100
"56977",2648.53962047503,"NRI_P146",25
"56978",-1575.65896952496,"NRI_P146",50
"56979",17653.040820475,"NRI_P146",100
"56980",-2108.33389952499,"NRI_P146",25
"56981",150.611210475035,"NRI_P146",50
"56982",1383.83295047504,"NRI_P146",100
"56983",-1553.40046952496,"NRI_P146",25
"56984",3745.97857047501,"NRI_P146",50
"56985",11531.540290475,"NRI_P146",100
"56986",-3553.11061952496,"NRI_P146",25
"56987",-4251.672849525,"NRI_P146",50
"56988",4202.603890475,"NRI_P146",100
"56989",-3910.55580952496,"NRI_P146",25
"56990",-3451.45284952497,"NRI_P146",50
"56991",13328.876470475,"NRI_P146",100
"56992",498.489310475008,"NRI_P146",25
"56993",1464.09071047499,"NRI_P146",50
"56994",8668.88216047501,"NRI_P146",100
"56995",5140.77035047504,"NRI_P146",25
"56996",2132.70998047502,"NRI_P146",50
"56997",10117.232080475,"NRI_P146",100
"56998",-3651.29225952498,"NRI_P146",25
"56999",5370.50710047502,"NRI_P146",50
"57000",-2904.45910952496,"NRI_P146",100
"57001",-2150.715683905,"NRI_P147",25
"57002",12585.470796095,"NRI_P147",50
"57003",5873.66490609501,"NRI_P147",100
"57004",1896.41711609502,"NRI_P147",25
"57005",-1130.51237390499,"NRI_P147",50
"57006",26934.653866095,"NRI_P147",100
"57007",-2114.13853390503,"NRI_P147",25
"57008",575.987386094988,"NRI_P147",50
"57009",18567.236226095,"NRI_P147",100
"57010",-740.264173905016,"NRI_P147",25
"57011",1507.911006095,"NRI_P147",50
"57012",6847.092596095,"NRI_P147",100
"57013",4658.03199609497,"NRI_P147",25
"57014",3572.01009609498,"NRI_P147",50
"57015",53358.032216095,"NRI_P147",100
"57016",-389.258543904987,"NRI_P147",25
"57017",7875.23922609497,"NRI_P147",50
"57018",26036.499386095,"NRI_P147",100
"57019",-1832.65773390501,"NRI_P147",25
"57020",4855.342566095,"NRI_P147",50
"57021",1997.85735609499,"NRI_P147",100
"57022",7765.15719609498,"NRI_P147",25
"57023",5099.35313609499,"NRI_P147",50
"57024",19046.689316095,"NRI_P147",100
"57025",1339.14861609502,"NRI_P147",25
"57026",8040.22657609498,"NRI_P147",50
"57027",23990.174106095,"NRI_P147",100
"57028",2302.84221609501,"NRI_P147",25
"57029",5831.80505609501,"NRI_P147",50
"57030",11215.739066095,"NRI_P147",100
"57031",-1682.120633905,"NRI_P147",25
"57032",3804.33767609502,"NRI_P147",50
"57033",7346.21875609498,"NRI_P147",100
"57034",18876.999526095,"NRI_P147",25
"57035",5602.651336095,"NRI_P147",50
"57036",11143.234026095,"NRI_P147",100
"57037",-1456.86441390502,"NRI_P147",25
"57038",-4475.45076390501,"NRI_P147",50
"57039",13330.034496095,"NRI_P147",100
"57040",-1746.42157390498,"NRI_P147",25
"57041",2401.27218609501,"NRI_P147",50
"57042",11161.148266095,"NRI_P147",100
"57043",1552.30756609497,"NRI_P147",25
"57044",2415.50876609498,"NRI_P147",50
"57045",24998.310226095,"NRI_P147",100
"57046",-3300.60229390499,"NRI_P147",25
"57047",4117.02711609501,"NRI_P147",50
"57048",17899.243146095,"NRI_P147",100
"57049",-4489.42813390499,"NRI_P147",25
"57050",10463.432756095,"NRI_P147",50
"57051",5418.14430609497,"NRI_P147",100
"57052",-737.010853904998,"NRI_P147",25
"57053",7476.34544609499,"NRI_P147",50
"57054",42192.464446095,"NRI_P147",100
"57055",-1142.42209390498,"NRI_P147",25
"57056",2288.55685609498,"NRI_P147",50
"57057",13544.111616095,"NRI_P147",100
"57058",13260.826836095,"NRI_P147",25
"57059",2479.62324609497,"NRI_P147",50
"57060",34350.986726095,"NRI_P147",100
"57061",-1169.22221390501,"NRI_P147",25
"57062",5553.05436609499,"NRI_P147",50
"57063",17267.336416095,"NRI_P147",100
"57064",5550.71951609501,"NRI_P147",25
"57065",-391.605393905018,"NRI_P147",50
"57066",13667.663016095,"NRI_P147",100
"57067",6188.74470609502,"NRI_P147",25
"57068",916.39997609501,"NRI_P147",50
"57069",18302.709826095,"NRI_P147",100
"57070",827.249116095016,"NRI_P147",25
"57071",4494.74425609497,"NRI_P147",50
"57072",4398.61079609499,"NRI_P147",100
"57073",2373.53500609501,"NRI_P147",25
"57074",11397.098036095,"NRI_P147",50
"57075",3879.84239609499,"NRI_P147",100
"57076",3717.653506095,"NRI_P147",25
"57077",8167.16468609497,"NRI_P147",50
"57078",34188.951116095,"NRI_P147",100
"57079",17890.967506095,"NRI_P147",25
"57080",700.224386095011,"NRI_P147",50
"57081",6536.62572609499,"NRI_P147",100
"57082",2861.96179609501,"NRI_P147",25
"57083",5911.740766095,"NRI_P147",50
"57084",17610.155316095,"NRI_P147",100
"57085",124.782006094989,"NRI_P147",25
"57086",33718.252686095,"NRI_P147",50
"57087",10132.679156095,"NRI_P147",100
"57088",4338.120086095,"NRI_P147",25
"57089",6030.29237609502,"NRI_P147",50
"57090",12418.833556095,"NRI_P147",100
"57091",-1295.83806390502,"NRI_P147",25
"57092",10279.817366095,"NRI_P147",50
"57093",995.62740609498,"NRI_P147",100
"57094",2053.03991609497,"NRI_P147",25
"57095",12218.958566095,"NRI_P147",50
"57096",14475.378446095,"NRI_P147",100
"57097",2336.93046609499,"NRI_P147",25
"57098",-55.2368639049819,"NRI_P147",50
"57099",4060.77774609497,"NRI_P147",100
"57100",9260.42950609501,"NRI_P147",25
"57101",6695.66886609502,"NRI_P147",50
"57102",28996.489046095,"NRI_P147",100
"57103",9454.53601609502,"NRI_P147",25
"57104",22792.897296095,"NRI_P147",50
"57105",7221.06548609497,"NRI_P147",100
"57106",7339.042656095,"NRI_P147",25
"57107",-2148.27676390501,"NRI_P147",50
"57108",34183.278526095,"NRI_P147",100
"57109",640.199896094971,"NRI_P147",25
"57110",29529.750896095,"NRI_P147",50
"57111",16082.823976095,"NRI_P147",100
"57112",-3264.79268390499,"NRI_P147",25
"57113",-7180.15891390503,"NRI_P147",50
"57114",59478.382006095,"NRI_P147",100
"57115",4575.71820609499,"NRI_P147",25
"57116",10937.071096095,"NRI_P147",50
"57117",7999.90379609499,"NRI_P147",100
"57118",4587.35743609502,"NRI_P147",25
"57119",-603.712193905027,"NRI_P147",50
"57120",19327.371236095,"NRI_P147",100
"57121",-1551.057033905,"NRI_P147",25
"57122",7269.97361609497,"NRI_P147",50
"57123",25846.560566095,"NRI_P147",100
"57124",5342.23444609501,"NRI_P147",25
"57125",18264.166436095,"NRI_P147",50
"57126",11970.719346095,"NRI_P147",100
"57127",6404.271306095,"NRI_P147",25
"57128",556.396316095022,"NRI_P147",50
"57129",19328.656246095,"NRI_P147",100
"57130",-978.731093904993,"NRI_P147",25
"57131",-4774.92795390502,"NRI_P147",50
"57132",6520.49623609497,"NRI_P147",100
"57133",5442.886016095,"NRI_P147",25
"57134",-2529.99617390503,"NRI_P147",50
"57135",16112.309416095,"NRI_P147",100
"57136",3365.05824609497,"NRI_P147",25
"57137",6084.417396095,"NRI_P147",50
"57138",13337.104546095,"NRI_P147",100
"57139",4152.46433609497,"NRI_P147",25
"57140",96.6736660950119,"NRI_P147",50
"57141",3203.39884609502,"NRI_P147",100
"57142",-1568.63628390501,"NRI_P147",25
"57143",22756.203206095,"NRI_P147",50
"57144",12146.984496095,"NRI_P147",100
"57145",1086.87482609501,"NRI_P147",25
"57146",2694.85289609502,"NRI_P147",50
"57147",19177.441296095,"NRI_P147",100
"57148",4941.48181609501,"NRI_P147",25
"57149",9139.51071609498,"NRI_P147",50
"57150",14751.752386095,"NRI_P147",100
"57151",10816.049866095,"NRI_P147",25
"57152",3679.19975609501,"NRI_P147",50
"57153",13971.888826095,"NRI_P147",100
"57154",2648.506606095,"NRI_P147",25
"57155",5500.75041609502,"NRI_P147",50
"57156",11179.102136095,"NRI_P147",100
"57157",-3472.81145390501,"NRI_P147",25
"57158",-157.764123904984,"NRI_P147",50
"57159",22975.762036095,"NRI_P147",100
"57160",-765.414183904999,"NRI_P147",25
"57161",5368.77547609498,"NRI_P147",50
"57162",6628.36147609499,"NRI_P147",100
"57163",1781.49173609499,"NRI_P147",25
"57164",9945.67893609498,"NRI_P147",50
"57165",34822.186746095,"NRI_P147",100
"57166",22227.766586095,"NRI_P147",25
"57167",7407.21326609497,"NRI_P147",50
"57168",6379.06127609499,"NRI_P147",100
"57169",4148.32941609499,"NRI_P147",25
"57170",11931.712206095,"NRI_P147",50
"57171",19016.055876095,"NRI_P147",100
"57172",17212.317586095,"NRI_P147",25
"57173",11072.385976095,"NRI_P147",50
"57174",319.22413609497,"NRI_P147",100
"57175",-2747.55231390503,"NRI_P147",25
"57176",1128.88936609501,"NRI_P147",50
"57177",6560.592956095,"NRI_P147",100
"57178",-1380.31164390501,"NRI_P147",25
"57179",17307.445806095,"NRI_P147",50
"57180",2817.633646095,"NRI_P147",100
"57181",7532.78826609498,"NRI_P147",25
"57182",8268.070886095,"NRI_P147",50
"57183",18398.990116095,"NRI_P147",100
"57184",-2645.06330390502,"NRI_P147",25
"57185",3075.43658609502,"NRI_P147",50
"57186",7566.48408609501,"NRI_P147",100
"57187",531.304786094988,"NRI_P147",25
"57188",4431.41239609499,"NRI_P147",50
"57189",29984.381556095,"NRI_P147",100
"57190",3421.68733609497,"NRI_P147",25
"57191",10817.047546095,"NRI_P147",50
"57192",31184.430306095,"NRI_P147",100
"57193",982.799926095002,"NRI_P147",25
"57194",3533.30406609498,"NRI_P147",50
"57195",16129.733926095,"NRI_P147",100
"57196",17208.704556095,"NRI_P147",25
"57197",7873.54036609497,"NRI_P147",50
"57198",5817.57590609498,"NRI_P147",100
"57199",-425.350433905027,"NRI_P147",25
"57200",11731.798426095,"NRI_P147",50
"57201",6708.462146095,"NRI_P147",100
"57202",6448.66793609498,"NRI_P147",25
"57203",519.515666095016,"NRI_P147",50
"57204",172.202836095006,"NRI_P147",100
"57205",1419.46531609498,"NRI_P147",25
"57206",6270.95322609501,"NRI_P147",50
"57207",12722.550186095,"NRI_P147",100
"57208",9335.46469609498,"NRI_P147",25
"57209",-2789.808393905,"NRI_P147",50
"57210",24027.359966095,"NRI_P147",100
"57211",-732.592203904991,"NRI_P147",25
"57212",86.9583060949808,"NRI_P147",50
"57213",5674.725386095,"NRI_P147",100
"57214",-841.89106390503,"NRI_P147",25
"57215",3406.67728609499,"NRI_P147",50
"57216",22309.348766095,"NRI_P147",100
"57217",1810.79935609497,"NRI_P147",25
"57218",6757.89015609497,"NRI_P147",50
"57219",14129.126526095,"NRI_P147",100
"57220",2581.46947609499,"NRI_P147",25
"57221",7131.68948609498,"NRI_P147",50
"57222",11606.331386095,"NRI_P147",100
"57223",16202.585486095,"NRI_P147",25
"57224",1519.95057609497,"NRI_P147",50
"57225",10473.859616095,"NRI_P147",100
"57226",8430.269746095,"NRI_P147",25
"57227",8633.989696095,"NRI_P147",50
"57228",14024.864366095,"NRI_P147",100
"57229",1313.37597609498,"NRI_P147",25
"57230",4425.12336609501,"NRI_P147",50
"57231",2637.03585609497,"NRI_P147",100
"57232",16697.045066095,"NRI_P147",25
"57233",3604.47215609497,"NRI_P147",50
"57234",8919.753846095,"NRI_P147",100
"57235",-1144.22987390502,"NRI_P147",25
"57236",16417.523036095,"NRI_P147",50
"57237",1927.34935609502,"NRI_P147",100
"57238",18602.241326095,"NRI_P147",25
"57239",2263.08299609501,"NRI_P147",50
"57240",11851.149326095,"NRI_P147",100
"57241",3341.79401609499,"NRI_P147",25
"57242",-2483.62866390502,"NRI_P147",50
"57243",30238.426876095,"NRI_P147",100
"57244",8903.74743609497,"NRI_P147",25
"57245",11522.762856095,"NRI_P147",50
"57246",6304.082896095,"NRI_P147",100
"57247",245.317836094997,"NRI_P147",25
"57248",2602.09154609498,"NRI_P147",50
"57249",9732.32350609498,"NRI_P147",100
"57250",-1357.06224390503,"NRI_P147",25
"57251",6635.57949609502,"NRI_P147",50
"57252",6990.637576095,"NRI_P147",100
"57253",-1623.14705390501,"NRI_P147",25
"57254",-2085.09316390502,"NRI_P147",50
"57255",-4936.08162390499,"NRI_P147",100
"57256",-3600.96332390502,"NRI_P147",25
"57257",2083.10823609499,"NRI_P147",50
"57258",241.673236094997,"NRI_P147",100
"57259",11154.931666095,"NRI_P147",25
"57260",550.900016094965,"NRI_P147",50
"57261",18870.492886095,"NRI_P147",100
"57262",-872.562083904981,"NRI_P147",25
"57263",-4060.57690390502,"NRI_P147",50
"57264",17631.792246095,"NRI_P147",100
"57265",11864.980236095,"NRI_P147",25
"57266",1831.73652609502,"NRI_P147",50
"57267",13223.434996095,"NRI_P147",100
"57268",-2658.38678390498,"NRI_P147",25
"57269",6677.35543609498,"NRI_P147",50
"57270",8668.02689609502,"NRI_P147",100
"57271",3041.70931609499,"NRI_P147",25
"57272",-1266.84465390502,"NRI_P147",50
"57273",7806.11194609501,"NRI_P147",100
"57274",2714.43719609501,"NRI_P147",25
"57275",-607.228533904999,"NRI_P147",50
"57276",19361.098176095,"NRI_P147",100
"57277",4531.455786095,"NRI_P147",25
"57278",9599.19378609501,"NRI_P147",50
"57279",13505.050436095,"NRI_P147",100
"57280",-3978.71317390498,"NRI_P147",25
"57281",25956.304316095,"NRI_P147",50
"57282",12844.346566095,"NRI_P147",100
"57283",-1005.414703905,"NRI_P147",25
"57284",10679.427336095,"NRI_P147",50
"57285",13367.929886095,"NRI_P147",100
"57286",7608.44204609498,"NRI_P147",25
"57287",5058.30113609502,"NRI_P147",50
"57288",28937.062636095,"NRI_P147",100
"57289",1951.62438609498,"NRI_P147",25
"57290",23947.997226095,"NRI_P147",50
"57291",12207.985216095,"NRI_P147",100
"57292",6320.44373609498,"NRI_P147",25
"57293",4367.53121609497,"NRI_P147",50
"57294",8177.81975609501,"NRI_P147",100
"57295",-1679.33308390499,"NRI_P147",25
"57296",4742.43054609501,"NRI_P147",50
"57297",19296.892786095,"NRI_P147",100
"57298",1228.24283609499,"NRI_P147",25
"57299",17994.427476095,"NRI_P147",50
"57300",9147.49311609502,"NRI_P147",100
"57301",-1322.95885479101,"NRI_P148",25
"57302",981.229395208997,"NRI_P148",50
"57303",8433.44099520904,"NRI_P148",100
"57304",-6439.73413479095,"NRI_P148",25
"57305",-364.279944790993,"NRI_P148",50
"57306",3619.94078520901,"NRI_P148",100
"57307",265.235805209028,"NRI_P148",25
"57308",-4122.14413479099,"NRI_P148",50
"57309",1740.468395209,"NRI_P148",100
"57310",6332.65013520903,"NRI_P148",25
"57311",1222.757565209,"NRI_P148",50
"57312",6570.03122520901,"NRI_P148",100
"57313",3821.48684520903,"NRI_P148",25
"57314",4250.92058520904,"NRI_P148",50
"57315",9318.14501520904,"NRI_P148",100
"57316",-8776.65749479097,"NRI_P148",25
"57317",8485.21842520899,"NRI_P148",50
"57318",-4717.96627479099,"NRI_P148",100
"57319",2305.66533520899,"NRI_P148",25
"57320",-484.821094790997,"NRI_P148",50
"57321",15138.226335209,"NRI_P148",100
"57322",14018.615805209,"NRI_P148",25
"57323",17122.090565209,"NRI_P148",50
"57324",3523.36663520901,"NRI_P148",100
"57325",-9822.42257479101,"NRI_P148",25
"57326",11774.056345209,"NRI_P148",50
"57327",2006.26492520899,"NRI_P148",100
"57328",3200.18509520905,"NRI_P148",25
"57329",1551.60856520903,"NRI_P148",50
"57330",-3678.10875479097,"NRI_P148",100
"57331",-5451.39275479096,"NRI_P148",25
"57332",1435.71235520899,"NRI_P148",50
"57333",2223.468265209,"NRI_P148",100
"57334",96.5003252089955,"NRI_P148",25
"57335",456.573615209025,"NRI_P148",50
"57336",3297.38821520901,"NRI_P148",100
"57337",5225.88527520903,"NRI_P148",25
"57338",3023.44697520899,"NRI_P148",50
"57339",7144.34656520904,"NRI_P148",100
"57340",-5345.60081479099,"NRI_P148",25
"57341",-553.284324790991,"NRI_P148",50
"57342",-1299.01594479097,"NRI_P148",100
"57343",2287.003575209,"NRI_P148",25
"57344",14147.547945209,"NRI_P148",50
"57345",2947.171635209,"NRI_P148",100
"57346",-3540.36369479098,"NRI_P148",25
"57347",5712.40248520899,"NRI_P148",50
"57348",-9278.90356479096,"NRI_P148",100
"57349",9313.14787520899,"NRI_P148",25
"57350",6366.73226520902,"NRI_P148",50
"57351",4447.10511520901,"NRI_P148",100
"57352",838.976395209029,"NRI_P148",25
"57353",-2488.75974479096,"NRI_P148",50
"57354",3446.53595520899,"NRI_P148",100
"57355",273.649425209034,"NRI_P148",25
"57356",11052.945885209,"NRI_P148",50
"57357",11827.894615209,"NRI_P148",100
"57358",5889.83975520899,"NRI_P148",25
"57359",783.428225209005,"NRI_P148",50
"57360",8510.11128520902,"NRI_P148",100
"57361",1485.36599520902,"NRI_P148",25
"57362",-2171.31104479096,"NRI_P148",50
"57363",-245.216514790955,"NRI_P148",100
"57364",6311.56257520901,"NRI_P148",25
"57365",8567.80904520903,"NRI_P148",50
"57366",-2357.770924791,"NRI_P148",100
"57367",14232.703565209,"NRI_P148",25
"57368",-4862.53626479098,"NRI_P148",50
"57369",7843.269765209,"NRI_P148",100
"57370",10535.844735209,"NRI_P148",25
"57371",6319.14323520899,"NRI_P148",50
"57372",19135.654865209,"NRI_P148",100
"57373",-4253.35371479101,"NRI_P148",25
"57374",6718.27500520903,"NRI_P148",50
"57375",8873.38990520901,"NRI_P148",100
"57376",4006.33248520904,"NRI_P148",25
"57377",20681.699965209,"NRI_P148",50
"57378",-2285.84721479099,"NRI_P148",100
"57379",-6421.05594479101,"NRI_P148",25
"57380",-10642.059004791,"NRI_P148",50
"57381",12865.251705209,"NRI_P148",100
"57382",5470.103815209,"NRI_P148",25
"57383",-9690.52151479101,"NRI_P148",50
"57384",2862.23518520902,"NRI_P148",100
"57385",-3957.37889479101,"NRI_P148",25
"57386",-4827.197424791,"NRI_P148",50
"57387",-272.211034790962,"NRI_P148",100
"57388",18221.674465209,"NRI_P148",25
"57389",435.538165209,"NRI_P148",50
"57390",-4019.61066479096,"NRI_P148",100
"57391",-1031.43873479101,"NRI_P148",25
"57392",1873.61518520903,"NRI_P148",50
"57393",8074.356245209,"NRI_P148",100
"57394",-7493.89364479098,"NRI_P148",25
"57395",260.139395209029,"NRI_P148",50
"57396",9004.91852520901,"NRI_P148",100
"57397",-3989.87945479096,"NRI_P148",25
"57398",19036.507385209,"NRI_P148",50
"57399",-7143.661664791,"NRI_P148",100
"57400",4798.39589520899,"NRI_P148",25
"57401",-13796.623624791,"NRI_P148",50
"57402",22051.903215209,"NRI_P148",100
"57403",6837.51027520903,"NRI_P148",25
"57404",-5556.41188479098,"NRI_P148",50
"57405",6543.92193520901,"NRI_P148",100
"57406",5112.72516520903,"NRI_P148",25
"57407",-4612.18976479099,"NRI_P148",50
"57408",7714.33126520901,"NRI_P148",100
"57409",14981.156155209,"NRI_P148",25
"57410",4257.18902520899,"NRI_P148",50
"57411",11624.090185209,"NRI_P148",100
"57412",2859.58300520905,"NRI_P148",25
"57413",-8519.79898479098,"NRI_P148",50
"57414",4123.56732520903,"NRI_P148",100
"57415",-7240.175784791,"NRI_P148",25
"57416",15383.656355209,"NRI_P148",50
"57417",3445.51494520903,"NRI_P148",100
"57418",-10559.034074791,"NRI_P148",25
"57419",-2009.49080479098,"NRI_P148",50
"57420",2578.93652520899,"NRI_P148",100
"57421",-9584.676854791,"NRI_P148",25
"57422",-12105.141994791,"NRI_P148",50
"57423",10523.181305209,"NRI_P148",100
"57424",9548.75482520903,"NRI_P148",25
"57425",1336.85989520903,"NRI_P148",50
"57426",3359.37096520903,"NRI_P148",100
"57427",-1401.07545479096,"NRI_P148",25
"57428",2778.92009520903,"NRI_P148",50
"57429",21984.462295209,"NRI_P148",100
"57430",11605.941615209,"NRI_P148",25
"57431",-8077.87440479099,"NRI_P148",50
"57432",-1913.45712479099,"NRI_P148",100
"57433",-11110.937344791,"NRI_P148",25
"57434",2533.25713520905,"NRI_P148",50
"57435",-3714.095044791,"NRI_P148",100
"57436",13363.252195209,"NRI_P148",25
"57437",1404.159305209,"NRI_P148",50
"57438",-9607.08234479098,"NRI_P148",100
"57439",-2200.49369479099,"NRI_P148",25
"57440",-1018.16142479097,"NRI_P148",50
"57441",19380.582295209,"NRI_P148",100
"57442",-1676.030664791,"NRI_P148",25
"57443",-8015.97266479098,"NRI_P148",50
"57444",-1692.55627479096,"NRI_P148",100
"57445",1815.56715520902,"NRI_P148",25
"57446",1597.583045209,"NRI_P148",50
"57447",-3957.72022479097,"NRI_P148",100
"57448",-12038.933654791,"NRI_P148",25
"57449",-9666.73358479096,"NRI_P148",50
"57450",-1244.92854479101,"NRI_P148",100
"57451",410.316035208991,"NRI_P148",25
"57452",-6280.842674791,"NRI_P148",50
"57453",-5024.09935479099,"NRI_P148",100
"57454",1678.189645209,"NRI_P148",25
"57455",-3713.91352479096,"NRI_P148",50
"57456",3786.13959520904,"NRI_P148",100
"57457",3861.68793520902,"NRI_P148",25
"57458",6166.69997520902,"NRI_P148",50
"57459",21680.754475209,"NRI_P148",100
"57460",3988.196915209,"NRI_P148",25
"57461",11953.034505209,"NRI_P148",50
"57462",9076.15276520903,"NRI_P148",100
"57463",2683.39018520899,"NRI_P148",25
"57464",12164.974785209,"NRI_P148",50
"57465",-1924.52798479097,"NRI_P148",100
"57466",4875.08050520904,"NRI_P148",25
"57467",2224.59085520904,"NRI_P148",50
"57468",-4918.889504791,"NRI_P148",100
"57469",1277.90594520903,"NRI_P148",25
"57470",11326.879575209,"NRI_P148",50
"57471",30649.989255209,"NRI_P148",100
"57472",8197.34758520901,"NRI_P148",25
"57473",-4570.67327479098,"NRI_P148",50
"57474",20965.656285209,"NRI_P148",100
"57475",1756.39666520903,"NRI_P148",25
"57476",1020.01737520902,"NRI_P148",50
"57477",573.688885209034,"NRI_P148",100
"57478",12644.298055209,"NRI_P148",25
"57479",-2366.16918479098,"NRI_P148",50
"57480",11979.936025209,"NRI_P148",100
"57481",-12681.465744791,"NRI_P148",25
"57482",-1703.661634791,"NRI_P148",50
"57483",-4376.63406479097,"NRI_P148",100
"57484",5843.04002520902,"NRI_P148",25
"57485",8692.03839520901,"NRI_P148",50
"57486",-6469.659264791,"NRI_P148",100
"57487",13134.103145209,"NRI_P148",25
"57488",6992.48991520901,"NRI_P148",50
"57489",2171.53522520902,"NRI_P148",100
"57490",2861.33900520904,"NRI_P148",25
"57491",-3700.50854479097,"NRI_P148",50
"57492",4979.49878520903,"NRI_P148",100
"57493",-10218.859864791,"NRI_P148",25
"57494",11771.280835209,"NRI_P148",50
"57495",15948.991545209,"NRI_P148",100
"57496",1606.78218520904,"NRI_P148",25
"57497",-2440.28950479097,"NRI_P148",50
"57498",22699.263345209,"NRI_P148",100
"57499",-300.945054790995,"NRI_P148",25
"57500",-35.0147947910009,"NRI_P148",50
"57501",7857.85816520901,"NRI_P148",100
"57502",-4588.49296479096,"NRI_P148",25
"57503",-8600.61668479099,"NRI_P148",50
"57504",-2829.92101479101,"NRI_P148",100
"57505",79.30616520904,"NRI_P148",25
"57506",14018.076915209,"NRI_P148",50
"57507",-4074.29048479098,"NRI_P148",100
"57508",747.471905209008,"NRI_P148",25
"57509",5487.67529520905,"NRI_P148",50
"57510",-8533.89237479097,"NRI_P148",100
"57511",1792.75034520903,"NRI_P148",25
"57512",17811.108475209,"NRI_P148",50
"57513",228.83549520903,"NRI_P148",100
"57514",11014.505445209,"NRI_P148",25
"57515",1629.36084520904,"NRI_P148",50
"57516",2245.470085209,"NRI_P148",100
"57517",-3629.47170479101,"NRI_P148",25
"57518",-8686.956904791,"NRI_P148",50
"57519",19357.255575209,"NRI_P148",100
"57520",3680.53455520904,"NRI_P148",25
"57521",-1465.71399479097,"NRI_P148",50
"57522",-7102.50222479098,"NRI_P148",100
"57523",1574.85923520901,"NRI_P148",25
"57524",3711.63203520904,"NRI_P148",50
"57525",-5237.411274791,"NRI_P148",100
"57526",8301.33835520904,"NRI_P148",25
"57527",2653.48464520904,"NRI_P148",50
"57528",12937.236515209,"NRI_P148",100
"57529",1295.02436520904,"NRI_P148",25
"57530",-4693.965274791,"NRI_P148",50
"57531",2698.65762520902,"NRI_P148",100
"57532",3723.69643520901,"NRI_P148",25
"57533",-9087.69783479098,"NRI_P148",50
"57534",4847.93189520901,"NRI_P148",100
"57535",-5171.91985479096,"NRI_P148",25
"57536",4546.13965520903,"NRI_P148",50
"57537",19105.128175209,"NRI_P148",100
"57538",962.167625209026,"NRI_P148",25
"57539",15665.550535209,"NRI_P148",50
"57540",3826.75173520902,"NRI_P148",100
"57541",10608.355555209,"NRI_P148",25
"57542",10121.545795209,"NRI_P148",50
"57543",-8794.56346479099,"NRI_P148",100
"57544",2945.93291520904,"NRI_P148",25
"57545",1678.42642520904,"NRI_P148",50
"57546",5241.92629520904,"NRI_P148",100
"57547",3568.06817520905,"NRI_P148",25
"57548",3816.04257520899,"NRI_P148",50
"57549",-2111.09013479098,"NRI_P148",100
"57550",14435.703085209,"NRI_P148",25
"57551",-2850.63787479099,"NRI_P148",50
"57552",14682.498115209,"NRI_P148",100
"57553",-6863.98796479095,"NRI_P148",25
"57554",11864.368895209,"NRI_P148",50
"57555",14402.404685209,"NRI_P148",100
"57556",8338.54336520901,"NRI_P148",25
"57557",20569.885585209,"NRI_P148",50
"57558",14964.555275209,"NRI_P148",100
"57559",5832.41026520904,"NRI_P148",25
"57560",11999.911675209,"NRI_P148",50
"57561",4991.03286520904,"NRI_P148",100
"57562",-5158.55566479097,"NRI_P148",25
"57563",-9589.65370479098,"NRI_P148",50
"57564",7952.54513520905,"NRI_P148",100
"57565",7422.19215520902,"NRI_P148",25
"57566",-11764.411174791,"NRI_P148",50
"57567",592.180185209028,"NRI_P148",100
"57568",4712.913005209,"NRI_P148",25
"57569",2840.59833520901,"NRI_P148",50
"57570",8289.063865209,"NRI_P148",100
"57571",9596.01948520902,"NRI_P148",25
"57572",-3992.131164791,"NRI_P148",50
"57573",-9542.76214479096,"NRI_P148",100
"57574",1913.284855209,"NRI_P148",25
"57575",7543.56074520899,"NRI_P148",50
"57576",-6143.07323479099,"NRI_P148",100
"57577",10272.087855209,"NRI_P148",25
"57578",19138.125325209,"NRI_P148",50
"57579",-191.037374790991,"NRI_P148",100
"57580",6479.606245209,"NRI_P148",25
"57581",1986.626625209,"NRI_P148",50
"57582",-1236.950474791,"NRI_P148",100
"57583",7372.93958520901,"NRI_P148",25
"57584",-1378.23173479096,"NRI_P148",50
"57585",-4080.06913479097,"NRI_P148",100
"57586",4529.20918520901,"NRI_P148",25
"57587",-646.210944790975,"NRI_P148",50
"57588",4414.42693520902,"NRI_P148",100
"57589",7005.55895520904,"NRI_P148",25
"57590",-241.36590479099,"NRI_P148",50
"57591",4692.85074520903,"NRI_P148",100
"57592",597.066105209,"NRI_P148",25
"57593",3183.53207520902,"NRI_P148",50
"57594",5474.43325520901,"NRI_P148",100
"57595",4881.96796520904,"NRI_P148",25
"57596",-6238.97755479097,"NRI_P148",50
"57597",6758.75021520903,"NRI_P148",100
"57598",1343.929975209,"NRI_P148",25
"57599",-2108.17877479095,"NRI_P148",50
"57600",7600.85891520901,"NRI_P148",100
"57601",-506.8294251935,"NRI_P149",25
"57602",-307.146085193512,"NRI_P149",50
"57603",1091.78515480649,"NRI_P149",100
"57604",692.727044806496,"NRI_P149",25
"57605",-1658.19954519351,"NRI_P149",50
"57606",-1494.1107251935,"NRI_P149",100
"57607",-176.438115193509,"NRI_P149",25
"57608",-741.880585193503,"NRI_P149",50
"57609",167.144794806489,"NRI_P149",100
"57610",-246.421275193512,"NRI_P149",25
"57611",210.4404348065,"NRI_P149",50
"57612",-421.719925193509,"NRI_P149",100
"57613",-551.611875193499,"NRI_P149",25
"57614",-825.963025193501,"NRI_P149",50
"57615",-1175.37055519351,"NRI_P149",100
"57616",-294.658095193503,"NRI_P149",25
"57617",854.562284806496,"NRI_P149",50
"57618",2690.2546848065,"NRI_P149",100
"57619",21.9540948064969,"NRI_P149",25
"57620",-1306.7256551935,"NRI_P149",50
"57621",664.703584806499,"NRI_P149",100
"57622",-1124.2859251935,"NRI_P149",25
"57623",1136.2998648065,"NRI_P149",50
"57624",-819.963955193511,"NRI_P149",100
"57625",-224.839215193511,"NRI_P149",25
"57626",-707.6357351935,"NRI_P149",50
"57627",383.637284806493,"NRI_P149",100
"57628",336.1894448065,"NRI_P149",25
"57629",-1916.3968751935,"NRI_P149",50
"57630",-1779.2659751935,"NRI_P149",100
"57631",115.771924806497,"NRI_P149",25
"57632",-1900.91150519351,"NRI_P149",50
"57633",-1673.58137519351,"NRI_P149",100
"57634",24.9053548064985,"NRI_P149",25
"57635",-1031.00572519351,"NRI_P149",50
"57636",-859.349795193499,"NRI_P149",100
"57637",105.582694806493,"NRI_P149",25
"57638",53.0327748064883,"NRI_P149",50
"57639",255.487694806492,"NRI_P149",100
"57640",440.636734806496,"NRI_P149",25
"57641",-1829.21718519351,"NRI_P149",50
"57642",-1054.5158551935,"NRI_P149",100
"57643",-134.127275193503,"NRI_P149",25
"57644",202.541684806492,"NRI_P149",50
"57645",-704.199735193499,"NRI_P149",100
"57646",-503.587995193506,"NRI_P149",25
"57647",-382.453615193503,"NRI_P149",50
"57648",-541.590555193499,"NRI_P149",100
"57649",-72.1289151935052,"NRI_P149",25
"57650",716.513904806488,"NRI_P149",50
"57651",-1239.8645851935,"NRI_P149",100
"57652",2037.25273480649,"NRI_P149",25
"57653",-624.607465193505,"NRI_P149",50
"57654",-1483.2188651935,"NRI_P149",100
"57655",-570.250005193506,"NRI_P149",25
"57656",-748.818245193499,"NRI_P149",50
"57657",-1907.42873519351,"NRI_P149",100
"57658",-755.878745193506,"NRI_P149",25
"57659",-1899.12863519351,"NRI_P149",50
"57660",-2185.1159251935,"NRI_P149",100
"57661",1582.4988848065,"NRI_P149",25
"57662",126.481144806501,"NRI_P149",50
"57663",373.363414806488,"NRI_P149",100
"57664",125.400394806493,"NRI_P149",25
"57665",-286.374105193507,"NRI_P149",50
"57666",-21.7855051935039,"NRI_P149",100
"57667",217.142704806494,"NRI_P149",25
"57668",-776.844795193509,"NRI_P149",50
"57669",-385.728015193512,"NRI_P149",100
"57670",-449.355145193505,"NRI_P149",25
"57671",704.137414806493,"NRI_P149",50
"57672",-1593.38069519351,"NRI_P149",100
"57673",137.741764806487,"NRI_P149",25
"57674",-837.520925193501,"NRI_P149",50
"57675",-1366.8810551935,"NRI_P149",100
"57676",-1010.2436251935,"NRI_P149",25
"57677",-748.367705193508,"NRI_P149",50
"57678",-2114.70638519351,"NRI_P149",100
"57679",-114.5898251935,"NRI_P149",25
"57680",181.380744806491,"NRI_P149",50
"57681",-127.100545193505,"NRI_P149",100
"57682",-979.102915193507,"NRI_P149",25
"57683",933.684654806493,"NRI_P149",50
"57684",81.3316448065016,"NRI_P149",100
"57685",-927.194885193501,"NRI_P149",25
"57686",1125.3890548065,"NRI_P149",50
"57687",-1486.33633519351,"NRI_P149",100
"57688",258.979654806491,"NRI_P149",25
"57689",752.8237748065,"NRI_P149",50
"57690",-584.251335193505,"NRI_P149",100
"57691",-958.278465193507,"NRI_P149",25
"57692",-774.732355193511,"NRI_P149",50
"57693",-983.994245193506,"NRI_P149",100
"57694",-678.679325193501,"NRI_P149",25
"57695",-544.17565519351,"NRI_P149",50
"57696",174.487304806491,"NRI_P149",100
"57697",442.917104806489,"NRI_P149",25
"57698",-1037.5776751935,"NRI_P149",50
"57699",2497.9259448065,"NRI_P149",100
"57700",569.079924806501,"NRI_P149",25
"57701",-818.5994551935,"NRI_P149",50
"57702",-1684.0480851935,"NRI_P149",100
"57703",58.3072448064922,"NRI_P149",25
"57704",-694.4038751935,"NRI_P149",50
"57705",-1671.81479519351,"NRI_P149",100
"57706",867.037714806487,"NRI_P149",25
"57707",198.175064806492,"NRI_P149",50
"57708",638.273644806497,"NRI_P149",100
"57709",-169.330345193506,"NRI_P149",25
"57710",-1822.3634751935,"NRI_P149",50
"57711",574.87644480649,"NRI_P149",100
"57712",-473.889055193504,"NRI_P149",25
"57713",-207.132405193508,"NRI_P149",50
"57714",-588.432195193513,"NRI_P149",100
"57715",1079.28015480649,"NRI_P149",25
"57716",-486.762215193507,"NRI_P149",50
"57717",-1249.34977519351,"NRI_P149",100
"57718",748.204144806499,"NRI_P149",25
"57719",-1650.94366519351,"NRI_P149",50
"57720",-870.319215193507,"NRI_P149",100
"57721",-709.654455193508,"NRI_P149",25
"57722",-965.318165193501,"NRI_P149",50
"57723",-1209.8580951935,"NRI_P149",100
"57724",-353.390925193511,"NRI_P149",25
"57725",-206.771955193501,"NRI_P149",50
"57726",-702.059145193503,"NRI_P149",100
"57727",-825.3203551935,"NRI_P149",25
"57728",-1468.8807551935,"NRI_P149",50
"57729",-1258.39731519351,"NRI_P149",100
"57730",-775.892535193503,"NRI_P149",25
"57731",-422.002065193505,"NRI_P149",50
"57732",-479.646155193506,"NRI_P149",100
"57733",-1266.50478519351,"NRI_P149",25
"57734",-219.6004451935,"NRI_P149",50
"57735",-714.374785193504,"NRI_P149",100
"57736",-881.456555193508,"NRI_P149",25
"57737",-1424.25762519351,"NRI_P149",50
"57738",758.965664806499,"NRI_P149",100
"57739",227.713644806499,"NRI_P149",25
"57740",-601.142315193501,"NRI_P149",50
"57741",-391.471805193505,"NRI_P149",100
"57742",-80.3796651935118,"NRI_P149",25
"57743",-524.252475193513,"NRI_P149",50
"57744",-468.8544851935,"NRI_P149",100
"57745",-367.085205193507,"NRI_P149",25
"57746",-1682.86813519351,"NRI_P149",50
"57747",-1635.7463051935,"NRI_P149",100
"57748",-745.489175193507,"NRI_P149",25
"57749",-897.927465193512,"NRI_P149",50
"57750",-298.175275193513,"NRI_P149",100
"57751",-907.257475193503,"NRI_P149",25
"57752",-191.9574751935,"NRI_P149",50
"57753",-1456.1820851935,"NRI_P149",100
"57754",-1013.75198519351,"NRI_P149",25
"57755",496.664264806488,"NRI_P149",50
"57756",-106.662755193509,"NRI_P149",100
"57757",-631.74795519351,"NRI_P149",25
"57758",352.964584806497,"NRI_P149",50
"57759",-2058.6235751935,"NRI_P149",100
"57760",-429.61822519351,"NRI_P149",25
"57761",-937.245585193508,"NRI_P149",50
"57762",-235.549485193507,"NRI_P149",100
"57763",877.128254806492,"NRI_P149",25
"57764",-1470.1806551935,"NRI_P149",50
"57765",-1238.70686519351,"NRI_P149",100
"57766",-211.822565193506,"NRI_P149",25
"57767",-1547.62360519351,"NRI_P149",50
"57768",-1896.6639351935,"NRI_P149",100
"57769",404.32851480649,"NRI_P149",25
"57770",-637.743285193501,"NRI_P149",50
"57771",-470.962125193502,"NRI_P149",100
"57772",1485.5273848065,"NRI_P149",25
"57773",1200.35524480649,"NRI_P149",50
"57774",-1747.92616519351,"NRI_P149",100
"57775",302.42673480649,"NRI_P149",25
"57776",-520.951675193501,"NRI_P149",50
"57777",-2045.74408519351,"NRI_P149",100
"57778",-76.6786451935041,"NRI_P149",25
"57779",6.14598480649875,"NRI_P149",50
"57780",-1840.91813519351,"NRI_P149",100
"57781",-238.290635193509,"NRI_P149",25
"57782",-247.701185193509,"NRI_P149",50
"57783",1595.32515480649,"NRI_P149",100
"57784",-77.1763751935068,"NRI_P149",25
"57785",-31.729235193503,"NRI_P149",50
"57786",-1504.7816251935,"NRI_P149",100
"57787",585.730344806492,"NRI_P149",25
"57788",-218.088355193511,"NRI_P149",50
"57789",-275.156365193499,"NRI_P149",100
"57790",1076.49421480649,"NRI_P149",25
"57791",709.76051480649,"NRI_P149",50
"57792",18.8173348064884,"NRI_P149",100
"57793",-381.165605193499,"NRI_P149",25
"57794",-1076.07015519351,"NRI_P149",50
"57795",490.914114806495,"NRI_P149",100
"57796",647.22453480649,"NRI_P149",25
"57797",-267.78139519351,"NRI_P149",50
"57798",-1793.94025519351,"NRI_P149",100
"57799",-832.990495193502,"NRI_P149",25
"57800",81.5935848064983,"NRI_P149",50
"57801",-178.564535193509,"NRI_P149",100
"57802",-91.101395193502,"NRI_P149",25
"57803",595.536104806495,"NRI_P149",50
"57804",-853.155405193509,"NRI_P149",100
"57805",-1423.8813551935,"NRI_P149",25
"57806",957.353194806492,"NRI_P149",50
"57807",852.2519448065,"NRI_P149",100
"57808",744.740164806499,"NRI_P149",25
"57809",502.244744806492,"NRI_P149",50
"57810",-1974.59596519351,"NRI_P149",100
"57811",-330.977675193499,"NRI_P149",25
"57812",-1310.47688519351,"NRI_P149",50
"57813",-1821.4960751935,"NRI_P149",100
"57814",172.247024806493,"NRI_P149",25
"57815",643.288464806494,"NRI_P149",50
"57816",1509.7134648065,"NRI_P149",100
"57817",3.80483480649127,"NRI_P149",25
"57818",714.088204806496,"NRI_P149",50
"57819",387.557694806499,"NRI_P149",100
"57820",-1309.95088519351,"NRI_P149",25
"57821",276.407504806499,"NRI_P149",50
"57822",2066.76486480649,"NRI_P149",100
"57823",-1808.3890851935,"NRI_P149",25
"57824",1848.15882480649,"NRI_P149",50
"57825",-1767.81857519351,"NRI_P149",100
"57826",-102.011005193504,"NRI_P149",25
"57827",1011.6718248065,"NRI_P149",50
"57828",725.435924806501,"NRI_P149",100
"57829",-102.822445193509,"NRI_P149",25
"57830",-663.160615193512,"NRI_P149",50
"57831",-816.075265193504,"NRI_P149",100
"57832",-731.90579519351,"NRI_P149",25
"57833",-1140.9669351935,"NRI_P149",50
"57834",-2340.6391851935,"NRI_P149",100
"57835",-609.18790519351,"NRI_P149",25
"57836",-1190.50065519351,"NRI_P149",50
"57837",-1341.3071251935,"NRI_P149",100
"57838",-1032.08236519351,"NRI_P149",25
"57839",-756.555625193505,"NRI_P149",50
"57840",-1257.6494151935,"NRI_P149",100
"57841",-470.548355193503,"NRI_P149",25
"57842",-668.439265193505,"NRI_P149",50
"57843",-569.401765193499,"NRI_P149",100
"57844",-442.106685193503,"NRI_P149",25
"57845",-753.843675193508,"NRI_P149",50
"57846",-24.419375193509,"NRI_P149",100
"57847",-181.662395193503,"NRI_P149",25
"57848",-73.7961751935072,"NRI_P149",50
"57849",-1204.34363519351,"NRI_P149",100
"57850",784.379244806492,"NRI_P149",25
"57851",-597.831375193506,"NRI_P149",50
"57852",-688.738475193502,"NRI_P149",100
"57853",-659.158415193509,"NRI_P149",25
"57854",-1290.05271519351,"NRI_P149",50
"57855",1206.34441480649,"NRI_P149",100
"57856",-674.291675193512,"NRI_P149",25
"57857",184.401334806491,"NRI_P149",50
"57858",79.035404806491,"NRI_P149",100
"57859",-522.449865193499,"NRI_P149",25
"57860",-575.326335193502,"NRI_P149",50
"57861",-549.872645193507,"NRI_P149",100
"57862",380.039934806497,"NRI_P149",25
"57863",-1288.38765519351,"NRI_P149",50
"57864",-235.11087519351,"NRI_P149",100
"57865",-92.5545951935055,"NRI_P149",25
"57866",-1722.73289519351,"NRI_P149",50
"57867",473.020804806496,"NRI_P149",100
"57868",304.453094806493,"NRI_P149",25
"57869",-120.510745193504,"NRI_P149",50
"57870",-1009.3008351935,"NRI_P149",100
"57871",-86.9797851935,"NRI_P149",25
"57872",-2085.6413251935,"NRI_P149",50
"57873",-788.284015193509,"NRI_P149",100
"57874",-1349.84771519351,"NRI_P149",25
"57875",-176.861335193506,"NRI_P149",50
"57876",-680.15652519351,"NRI_P149",100
"57877",-179.103215193507,"NRI_P149",25
"57878",1330.15274480649,"NRI_P149",50
"57879",-798.969335193498,"NRI_P149",100
"57880",-187.892035193508,"NRI_P149",25
"57881",115.459074806495,"NRI_P149",50
"57882",-1765.11753519351,"NRI_P149",100
"57883",-443.500495193512,"NRI_P149",25
"57884",52.5547548064933,"NRI_P149",50
"57885",-1291.70879519351,"NRI_P149",100
"57886",-592.596635193506,"NRI_P149",25
"57887",2538.27461480649,"NRI_P149",50
"57888",-768.959935193503,"NRI_P149",100
"57889",201.911084806488,"NRI_P149",25
"57890",-749.631235193505,"NRI_P149",50
"57891",501.620534806498,"NRI_P149",100
"57892",71.8567348064971,"NRI_P149",25
"57893",1393.39875480649,"NRI_P149",50
"57894",-1188.9923851935,"NRI_P149",100
"57895",330.93894480649,"NRI_P149",25
"57896",-650.412055193505,"NRI_P149",50
"57897",-2202.9976251935,"NRI_P149",100
"57898",-345.103935193503,"NRI_P149",25
"57899",290.46503480649,"NRI_P149",50
"57900",-1699.49008519351,"NRI_P149",100
"57901",-846.008239071001,"NRI_P150",25
"57902",-3214.78653907099,"NRI_P150",50
"57903",302.184450928995,"NRI_P150",100
"57904",-738.743139070997,"NRI_P150",25
"57905",-1894.34336907099,"NRI_P150",50
"57906",3934.522150929,"NRI_P150",100
"57907",-569.452689070997,"NRI_P150",25
"57908",-2426.64331907099,"NRI_P150",50
"57909",-986.383979071004,"NRI_P150",100
"57910",-989.047019071004,"NRI_P150",25
"57911",-1518.316909071,"NRI_P150",50
"57912",-1752.029909071,"NRI_P150",100
"57913",-615.916359070994,"NRI_P150",25
"57914",-388.802589070998,"NRI_P150",50
"57915",-2606.46711907099,"NRI_P150",100
"57916",1756.731710929,"NRI_P150",25
"57917",-391.906289071005,"NRI_P150",50
"57918",-2085.240359071,"NRI_P150",100
"57919",859.558530929004,"NRI_P150",25
"57920",-2296.510929071,"NRI_P150",50
"57921",-960.544339070999,"NRI_P150",100
"57922",-69.6060090709943,"NRI_P150",25
"57923",-121.580529070998,"NRI_P150",50
"57924",66.2957809289946,"NRI_P150",100
"57925",736.290820929004,"NRI_P150",25
"57926",-1475.214649071,"NRI_P150",50
"57927",-2757.685769071,"NRI_P150",100
"57928",2586.21316092899,"NRI_P150",25
"57929",-1557.896609071,"NRI_P150",50
"57930",-2757.154209071,"NRI_P150",100
"57931",-1095.800239071,"NRI_P150",25
"57932",-2330.87573907099,"NRI_P150",50
"57933",-3007.103519071,"NRI_P150",100
"57934",1605.923880929,"NRI_P150",25
"57935",-2744.190239071,"NRI_P150",50
"57936",-2081.119619071,"NRI_P150",100
"57937",-428.343899070998,"NRI_P150",25
"57938",-2006.910949071,"NRI_P150",50
"57939",-2517.868969071,"NRI_P150",100
"57940",-571.634809070994,"NRI_P150",25
"57941",-547.166419071,"NRI_P150",50
"57942",1011.46341092901,"NRI_P150",100
"57943",-1642.217819071,"NRI_P150",25
"57944",-1065.92829907101,"NRI_P150",50
"57945",-3434.121809071,"NRI_P150",100
"57946",1365.68732092901,"NRI_P150",25
"57947",1429.872260929,"NRI_P150",50
"57948",-2910.334659071,"NRI_P150",100
"57949",-1193.114879071,"NRI_P150",25
"57950",-783.653849070994,"NRI_P150",50
"57951",-2052.61665907101,"NRI_P150",100
"57952",-1762.737639071,"NRI_P150",25
"57953",1427.703370929,"NRI_P150",50
"57954",-2188.026329071,"NRI_P150",100
"57955",-452.440799071002,"NRI_P150",25
"57956",-1335.288869071,"NRI_P150",50
"57957",-3940.747059071,"NRI_P150",100
"57958",-659.826159071003,"NRI_P150",25
"57959",113.619520929002,"NRI_P150",50
"57960",-4360.91888907099,"NRI_P150",100
"57961",-996.054559070995,"NRI_P150",25
"57962",9.14050092900288,"NRI_P150",50
"57963",-2310.390319071,"NRI_P150",100
"57964",0.159090928995283,"NRI_P150",25
"57965",-1532.868269071,"NRI_P150",50
"57966",3250.900810929,"NRI_P150",100
"57967",-184.394859071006,"NRI_P150",25
"57968",2273.50395092901,"NRI_P150",50
"57969",-2867.205269071,"NRI_P150",100
"57970",-828.890569070994,"NRI_P150",25
"57971",146.458300929007,"NRI_P150",50
"57972",-2034.687749071,"NRI_P150",100
"57973",638.336730929004,"NRI_P150",25
"57974",-385.565879071,"NRI_P150",50
"57975",-2402.19549907099,"NRI_P150",100
"57976",-478.698549070992,"NRI_P150",25
"57977",-1825.079419071,"NRI_P150",50
"57978",-1620.92022907099,"NRI_P150",100
"57979",294.145460928994,"NRI_P150",25
"57980",-145.425789071,"NRI_P150",50
"57981",333.525590928999,"NRI_P150",100
"57982",341.698710929006,"NRI_P150",25
"57983",-1669.901459071,"NRI_P150",50
"57984",-3166.33184907099,"NRI_P150",100
"57985",-945.970019070999,"NRI_P150",25
"57986",-3157.429749071,"NRI_P150",50
"57987",-2224.793319071,"NRI_P150",100
"57988",-376.282789071003,"NRI_P150",25
"57989",-201.323489071001,"NRI_P150",50
"57990",-1597.857919071,"NRI_P150",100
"57991",-1355.50322907099,"NRI_P150",25
"57992",-2671.71819907099,"NRI_P150",50
"57993",-1064.92481907101,"NRI_P150",100
"57994",-1198.380729071,"NRI_P150",25
"57995",-1755.076459071,"NRI_P150",50
"57996",-2513.832259071,"NRI_P150",100
"57997",-2342.80411907101,"NRI_P150",25
"57998",-2051.89774907099,"NRI_P150",50
"57999",-895.644889071002,"NRI_P150",100
"58000",-1154.217479071,"NRI_P150",25
"58001",-1617.927849071,"NRI_P150",50
"58002",-27.6806890709995,"NRI_P150",100
"58003",1236.004570929,"NRI_P150",25
"58004",-3137.83627907099,"NRI_P150",50
"58005",-2146.24024907099,"NRI_P150",100
"58006",-1306.811759071,"NRI_P150",25
"58007",-1528.21355907099,"NRI_P150",50
"58008",-1090.61210907099,"NRI_P150",100
"58009",-1020.55536907099,"NRI_P150",25
"58010",-1911.429009071,"NRI_P150",50
"58011",-3929.253279071,"NRI_P150",100
"58012",-60.0611890709988,"NRI_P150",25
"58013",-1893.95241907099,"NRI_P150",50
"58014",-3576.208079071,"NRI_P150",100
"58015",-279.133159071003,"NRI_P150",25
"58016",-597.455359070998,"NRI_P150",50
"58017",-3243.729449071,"NRI_P150",100
"58018",-245.363959070994,"NRI_P150",25
"58019",-1523.791469071,"NRI_P150",50
"58020",-3723.525699071,"NRI_P150",100
"58021",95.7365309290035,"NRI_P150",25
"58022",-1599.26641907101,"NRI_P150",50
"58023",-1845.012889071,"NRI_P150",100
"58024",-859.943549071002,"NRI_P150",25
"58025",-1231.722679071,"NRI_P150",50
"58026",-1996.560499071,"NRI_P150",100
"58027",-392.359169071002,"NRI_P150",25
"58028",501.327200928994,"NRI_P150",50
"58029",-570.495029070997,"NRI_P150",100
"58030",-1311.309679071,"NRI_P150",25
"58031",-2084.009489071,"NRI_P150",50
"58032",-2628.107229071,"NRI_P150",100
"58033",-1046.04251907099,"NRI_P150",25
"58034",-1424.971569071,"NRI_P150",50
"58035",-86.4290590710007,"NRI_P150",100
"58036",-2042.32896907099,"NRI_P150",25
"58037",-3727.116899071,"NRI_P150",50
"58038",-3672.302179071,"NRI_P150",100
"58039",-837.524779070998,"NRI_P150",25
"58040",-79.8579990709986,"NRI_P150",50
"58041",-1046.660629071,"NRI_P150",100
"58042",-682.157269071002,"NRI_P150",25
"58043",-2827.74669907099,"NRI_P150",50
"58044",-4030.119229071,"NRI_P150",100
"58045",-382.879559070992,"NRI_P150",25
"58046",-1443.85698907101,"NRI_P150",50
"58047",354.077380928997,"NRI_P150",100
"58048",-151.558699071,"NRI_P150",25
"58049",-1335.317119071,"NRI_P150",50
"58050",-2839.370169071,"NRI_P150",100
"58051",-1644.821069071,"NRI_P150",25
"58052",-1582.960359071,"NRI_P150",50
"58053",-3809.013139071,"NRI_P150",100
"58054",-1197.63320907101,"NRI_P150",25
"58055",-1776.099159071,"NRI_P150",50
"58056",-627.902519070994,"NRI_P150",100
"58057",-701.712469071004,"NRI_P150",25
"58058",1532.16609092901,"NRI_P150",50
"58059",-1912.860809071,"NRI_P150",100
"58060",62.4515609289956,"NRI_P150",25
"58061",67.3810909290041,"NRI_P150",50
"58062",-2541.90027907099,"NRI_P150",100
"58063",-404.577749071002,"NRI_P150",25
"58064",-163.891729070994,"NRI_P150",50
"58065",-2414.414479071,"NRI_P150",100
"58066",778.007780928994,"NRI_P150",25
"58067",-499.426189071004,"NRI_P150",50
"58068",-3567.805399071,"NRI_P150",100
"58069",-778.181709070996,"NRI_P150",25
"58070",1811.37452092901,"NRI_P150",50
"58071",-924.007309070992,"NRI_P150",100
"58072",-556.271349071001,"NRI_P150",25
"58073",-526.240599070996,"NRI_P150",50
"58074",-2917.721749071,"NRI_P150",100
"58075",-1241.903009071,"NRI_P150",25
"58076",-1411.63466907101,"NRI_P150",50
"58077",-4149.63119907099,"NRI_P150",100
"58078",-339.140759071001,"NRI_P150",25
"58079",-1806.712629071,"NRI_P150",50
"58080",-2099.076879071,"NRI_P150",100
"58081",631.002470929001,"NRI_P150",25
"58082",-1419.312729071,"NRI_P150",50
"58083",-3789.089349071,"NRI_P150",100
"58084",-752.672869071001,"NRI_P150",25
"58085",-1581.011619071,"NRI_P150",50
"58086",2172.718030929,"NRI_P150",100
"58087",251.822970929003,"NRI_P150",25
"58088",-1498.856099071,"NRI_P150",50
"58089",-3075.21419907099,"NRI_P150",100
"58090",644.607330929008,"NRI_P150",25
"58091",-897.334529070999,"NRI_P150",50
"58092",310.853200929007,"NRI_P150",100
"58093",-1610.177329071,"NRI_P150",25
"58094",-3308.157359071,"NRI_P150",50
"58095",-2554.374909071,"NRI_P150",100
"58096",-1039.159419071,"NRI_P150",25
"58097",1917.767300929,"NRI_P150",50
"58098",1300.41338092901,"NRI_P150",100
"58099",-1114.226799071,"NRI_P150",25
"58100",-1164.44540907101,"NRI_P150",50
"58101",-4204.735019071,"NRI_P150",100
"58102",-383.095659070997,"NRI_P150",25
"58103",-3024.67744907099,"NRI_P150",50
"58104",-3062.74402907099,"NRI_P150",100
"58105",-191.834619071,"NRI_P150",25
"58106",-1499.23573907099,"NRI_P150",50
"58107",-1350.28026907099,"NRI_P150",100
"58108",-1319.979049071,"NRI_P150",25
"58109",604.747750929004,"NRI_P150",50
"58110",-1189.649049071,"NRI_P150",100
"58111",6989.232870929,"NRI_P150",25
"58112",-1266.20697907099,"NRI_P150",50
"58113",1177.253890929,"NRI_P150",100
"58114",-1091.26487907099,"NRI_P150",25
"58115",-241.195789071004,"NRI_P150",50
"58116",-839.465219071004,"NRI_P150",100
"58117",-137.381549070997,"NRI_P150",25
"58118",934.152710929004,"NRI_P150",50
"58119",-690.283789070992,"NRI_P150",100
"58120",-2452.681419071,"NRI_P150",25
"58121",-2058.840759071,"NRI_P150",50
"58122",-1627.785889071,"NRI_P150",100
"58123",1101.40646092901,"NRI_P150",25
"58124",3260.60948092899,"NRI_P150",50
"58125",827.478830929002,"NRI_P150",100
"58126",-2040.493019071,"NRI_P150",25
"58127",-2219.46844907101,"NRI_P150",50
"58128",-2112.033389071,"NRI_P150",100
"58129",-595.647709070996,"NRI_P150",25
"58130",-2550.184659071,"NRI_P150",50
"58131",329.389120929001,"NRI_P150",100
"58132",-1289.725319071,"NRI_P150",25
"58133",872.609250929003,"NRI_P150",50
"58134",-3782.340649071,"NRI_P150",100
"58135",-643.977369070999,"NRI_P150",25
"58136",-1130.97102907101,"NRI_P150",50
"58137",-3262.452369071,"NRI_P150",100
"58138",-999.662139071006,"NRI_P150",25
"58139",-3096.832549071,"NRI_P150",50
"58140",-597.868249071005,"NRI_P150",100
"58141",182.889050929007,"NRI_P150",25
"58142",-1820.04040907099,"NRI_P150",50
"58143",4123.321340929,"NRI_P150",100
"58144",831.095650928997,"NRI_P150",25
"58145",-1167.303489071,"NRI_P150",50
"58146",-897.512549071005,"NRI_P150",100
"58147",-826.307339071005,"NRI_P150",25
"58148",-1442.37792907099,"NRI_P150",50
"58149",978.477360928999,"NRI_P150",100
"58150",-822.411989070999,"NRI_P150",25
"58151",-1013.959589071,"NRI_P150",50
"58152",-826.648379071004,"NRI_P150",100
"58153",-1080.906069071,"NRI_P150",25
"58154",-1968.378079071,"NRI_P150",50
"58155",1673.91523092901,"NRI_P150",100
"58156",-792.757039071003,"NRI_P150",25
"58157",-1636.141999071,"NRI_P150",50
"58158",-860.182829070996,"NRI_P150",100
"58159",324.859450928998,"NRI_P150",25
"58160",-1170.87916907101,"NRI_P150",50
"58161",850.959010929,"NRI_P150",100
"58162",-1557.964229071,"NRI_P150",25
"58163",-655.400619071006,"NRI_P150",50
"58164",-4116.303319071,"NRI_P150",100
"58165",-1112.681469071,"NRI_P150",25
"58166",1722.18100092901,"NRI_P150",50
"58167",-1146.443529071,"NRI_P150",100
"58168",-639.260359071006,"NRI_P150",25
"58169",170.221490929005,"NRI_P150",50
"58170",-1246.99088907099,"NRI_P150",100
"58171",-188.181159070999,"NRI_P150",25
"58172",-1153.688809071,"NRI_P150",50
"58173",-3116.114919071,"NRI_P150",100
"58174",-190.359769071001,"NRI_P150",25
"58175",-1447.684849071,"NRI_P150",50
"58176",-1351.380309071,"NRI_P150",100
"58177",234.062610929002,"NRI_P150",25
"58178",-1941.693959071,"NRI_P150",50
"58179",-2437.926129071,"NRI_P150",100
"58180",-1309.407309071,"NRI_P150",25
"58181",-1457.074699071,"NRI_P150",50
"58182",1677.974880929,"NRI_P150",100
"58183",-467.099909070996,"NRI_P150",25
"58184",-1108.33799907099,"NRI_P150",50
"58185",-2000.141219071,"NRI_P150",100
"58186",-551.565669071002,"NRI_P150",25
"58187",-454.826179070995,"NRI_P150",50
"58188",-771.792189070999,"NRI_P150",100
"58189",-1094.45232907101,"NRI_P150",25
"58190",126.502990929002,"NRI_P150",50
"58191",-1621.509919071,"NRI_P150",100
"58192",-1772.50507907099,"NRI_P150",25
"58193",-2205.503799071,"NRI_P150",50
"58194",-1496.199429071,"NRI_P150",100
"58195",1849.761830929,"NRI_P150",25
"58196",-290.050989070995,"NRI_P150",50
"58197",-4732.475619071,"NRI_P150",100
"58198",-1082.583319071,"NRI_P150",25
"58199",-1582.21273907099,"NRI_P150",50
"58200",-555.217229071,"NRI_P150",100
"58201",-10033.9899814,"NRI_P151",25
"58202",5947.43369859998,"NRI_P151",50
"58203",-13989.5995214,"NRI_P151",100
"58204",-12381.4841814,"NRI_P151",25
"58205",3590.96582859999,"NRI_P151",50
"58206",-32449.9027714,"NRI_P151",100
"58207",-8699.13904139999,"NRI_P151",25
"58208",-22127.0405414,"NRI_P151",50
"58209",-11988.2984014,"NRI_P151",100
"58210",-121.149981399998,"NRI_P151",25
"58211",-12289.0503614,"NRI_P151",50
"58212",-41722.9492414,"NRI_P151",100
"58213",15766.6726186,"NRI_P151",25
"58214",-28447.9116814,"NRI_P151",50
"58215",-31153.3760814,"NRI_P151",100
"58216",7973.79431859998,"NRI_P151",25
"58217",5320.22213860002,"NRI_P151",50
"58218",-9595.51027139998,"NRI_P151",100
"58219",-12546.0907214,"NRI_P151",25
"58220",5140.71221859998,"NRI_P151",50
"58221",-12374.0934214,"NRI_P151",100
"58222",-10430.2472814,"NRI_P151",25
"58223",-23712.0934914,"NRI_P151",50
"58224",-30032.3987214,"NRI_P151",100
"58225",-23321.6958814,"NRI_P151",25
"58226",-26454.9321214,"NRI_P151",50
"58227",1296.79213860002,"NRI_P151",100
"58228",9324.19631859998,"NRI_P151",25
"58229",-27241.7927814,"NRI_P151",50
"58230",-12797.7290814,"NRI_P151",100
"58231",-1991.47207140003,"NRI_P151",25
"58232",-9502.78878140001,"NRI_P151",50
"58233",-34355.9185714,"NRI_P151",100
"58234",-2252.86398139998,"NRI_P151",25
"58235",-9227.87278139999,"NRI_P151",50
"58236",-32892.1804914,"NRI_P151",100
"58237",-7990.58198140003,"NRI_P151",25
"58238",9473.2946586,"NRI_P151",50
"58239",-27669.4085414,"NRI_P151",100
"58240",-19749.2174814,"NRI_P151",25
"58241",-18568.5863814,"NRI_P151",50
"58242",-39988.9967214,"NRI_P151",100
"58243",-4169.03328139998,"NRI_P151",25
"58244",-39866.6895614,"NRI_P151",50
"58245",-33791.9188414,"NRI_P151",100
"58246",-16225.0113614,"NRI_P151",25
"58247",-35233.6309514,"NRI_P151",50
"58248",-41399.3607014,"NRI_P151",100
"58249",-8306.61018140003,"NRI_P151",25
"58250",13030.3813186,"NRI_P151",50
"58251",-14601.1982714,"NRI_P151",100
"58252",20108.4422186,"NRI_P151",25
"58253",-4270.83953140001,"NRI_P151",50
"58254",-13477.2563514,"NRI_P151",100
"58255",-11236.7808214,"NRI_P151",25
"58256",-7433.8158714,"NRI_P151",50
"58257",-31232.0052414,"NRI_P151",100
"58258",-24710.2386814,"NRI_P151",25
"58259",-10232.2381914,"NRI_P151",50
"58260",-47322.8827414,"NRI_P151",100
"58261",-11643.1187814,"NRI_P151",25
"58262",-14527.8021614,"NRI_P151",50
"58263",-42877.6218714,"NRI_P151",100
"58264",21868.0487186,"NRI_P151",25
"58265",9671.88451860001,"NRI_P151",50
"58266",-6094.61913140002,"NRI_P151",100
"58267",-10672.3687814,"NRI_P151",25
"58268",-47996.8922814,"NRI_P151",50
"58269",-24171.0030814,"NRI_P151",100
"58270",-12095.0422414,"NRI_P151",25
"58271",-25094.3990514,"NRI_P151",50
"58272",-31878.0355714,"NRI_P151",100
"58273",-16147.9877814,"NRI_P151",25
"58274",-37680.9152814,"NRI_P151",50
"58275",-32054.1008114,"NRI_P151",100
"58276",-2854.61682140001,"NRI_P151",25
"58277",-33509.5696814,"NRI_P151",50
"58278",-35319.6360114,"NRI_P151",100
"58279",-8665.44774139998,"NRI_P151",25
"58280",-18100.0667914,"NRI_P151",50
"58281",-40606.3911714,"NRI_P151",100
"58282",-12860.8908814,"NRI_P151",25
"58283",-36631.3736814,"NRI_P151",50
"58284",-34872.9066714,"NRI_P151",100
"58285",-15617.0010814,"NRI_P151",25
"58286",-29189.1721814,"NRI_P151",50
"58287",-18084.3423614,"NRI_P151",100
"58288",-19451.4256314,"NRI_P151",25
"58289",-33623.0883414,"NRI_P151",50
"58290",-28720.8668014,"NRI_P151",100
"58291",-9420.29498140002,"NRI_P151",25
"58292",-21328.0464714,"NRI_P151",50
"58293",-27637.4379814,"NRI_P151",100
"58294",-21020.7658814,"NRI_P151",25
"58295",-1902.72438139998,"NRI_P151",50
"58296",-38459.8953814,"NRI_P151",100
"58297",-10763.3954814,"NRI_P151",25
"58298",-26014.1107614,"NRI_P151",50
"58299",-40657.6659014,"NRI_P151",100
"58300",-4665.0342614,"NRI_P151",25
"58301",-1767.59983140003,"NRI_P151",50
"58302",-12603.0556314,"NRI_P151",100
"58303",-3399.06426140002,"NRI_P151",25
"58304",-8435.7724814,"NRI_P151",50
"58305",-46029.7674514,"NRI_P151",100
"58306",-4990.84892140003,"NRI_P151",25
"58307",-14763.6066614,"NRI_P151",50
"58308",-31670.9083714,"NRI_P151",100
"58309",-5262.48668139998,"NRI_P151",25
"58310",-10714.9680814,"NRI_P151",50
"58311",-42552.2427114,"NRI_P151",100
"58312",-429.55138140003,"NRI_P151",25
"58313",-11761.3809714,"NRI_P151",50
"58314",-22903.7940814,"NRI_P151",100
"58315",-21765.6586814,"NRI_P151",25
"58316",-18781.2127814,"NRI_P151",50
"58317",-33254.4355314,"NRI_P151",100
"58318",-3558.58106140001,"NRI_P151",25
"58319",-13425.9569514,"NRI_P151",50
"58320",-35971.3714914,"NRI_P151",100
"58321",-28613.4819814,"NRI_P151",25
"58322",-34584.3184814,"NRI_P151",50
"58323",-32320.0548314,"NRI_P151",100
"58324",-10101.6086814,"NRI_P151",25
"58325",-25048.2061614,"NRI_P151",50
"58326",-20097.5568414,"NRI_P151",100
"58327",-14112.8445814,"NRI_P151",25
"58328",-26860.0116614,"NRI_P151",50
"58329",-44149.2279814,"NRI_P151",100
"58330",6698.3198386,"NRI_P151",25
"58331",-9031.84175140003,"NRI_P151",50
"58332",-41003.2459414,"NRI_P151",100
"58333",-5579.74998139997,"NRI_P151",25
"58334",-5616.82638139999,"NRI_P151",50
"58335",-28373.8568214,"NRI_P151",100
"58336",-4313.61728140002,"NRI_P151",25
"58337",-3814.4894814,"NRI_P151",50
"58338",-44235.8379014,"NRI_P151",100
"58339",-16562.3360614,"NRI_P151",25
"58340",-23110.7319814,"NRI_P151",50
"58341",-25726.7581414,"NRI_P151",100
"58342",-6784.9452814,"NRI_P151",25
"58343",-30746.3286814,"NRI_P151",50
"58344",-32418.9627214,"NRI_P151",100
"58345",13969.3125786,"NRI_P151",25
"58346",-27831.4254014,"NRI_P151",50
"58347",-38410.4399314,"NRI_P151",100
"58348",3492.34771860001,"NRI_P151",25
"58349",-30755.5984814,"NRI_P151",50
"58350",-41206.1127814,"NRI_P151",100
"58351",-5608.37925140001,"NRI_P151",25
"58352",20809.2876186,"NRI_P151",50
"58353",-33240.6299214,"NRI_P151",100
"58354",-7933.94128139998,"NRI_P151",25
"58355",-9523.23598140001,"NRI_P151",50
"58356",-8006.02595139999,"NRI_P151",100
"58357",-13214.8215814,"NRI_P151",25
"58358",-14816.9469314,"NRI_P151",50
"58359",-47535.8681414,"NRI_P151",100
"58360",-7462.69958140003,"NRI_P151",25
"58361",-2113.77518140001,"NRI_P151",50
"58362",-6709.6172414,"NRI_P151",100
"58363",-4471.68898139999,"NRI_P151",25
"58364",-28427.7194314,"NRI_P151",50
"58365",-40528.1700514,"NRI_P151",100
"58366",-8242.2749814,"NRI_P151",25
"58367",-32413.8897814,"NRI_P151",50
"58368",-35138.3579714,"NRI_P151",100
"58369",8058.78051860002,"NRI_P151",25
"58370",-12814.7770814,"NRI_P151",50
"58371",-39321.5295514,"NRI_P151",100
"58372",875.519418600015,"NRI_P151",25
"58373",-39728.2848814,"NRI_P151",50
"58374",-36310.3539714,"NRI_P151",100
"58375",5497.55463859998,"NRI_P151",25
"58376",-20503.0208614,"NRI_P151",50
"58377",-26170.5444614,"NRI_P151",100
"58378",1972.22451859998,"NRI_P151",25
"58379",-4298.14918140002,"NRI_P151",50
"58380",-36083.9617114,"NRI_P151",100
"58381",-11695.4939814,"NRI_P151",25
"58382",-23251.9385114,"NRI_P151",50
"58383",-37513.4737714,"NRI_P151",100
"58384",-10156.5945814,"NRI_P151",25
"58385",-5429.54116140003,"NRI_P151",50
"58386",-37834.2693114,"NRI_P151",100
"58387",-1278.29246139998,"NRI_P151",25
"58388",3924.38641859998,"NRI_P151",50
"58389",-19818.1660514,"NRI_P151",100
"58390",-6129.2946814,"NRI_P151",25
"58391",19376.1510186,"NRI_P151",50
"58392",-30193.5786414,"NRI_P151",100
"58393",6782.48031860002,"NRI_P151",25
"58394",-11410.0003814,"NRI_P151",50
"58395",-12285.7153014,"NRI_P151",100
"58396",-117.376581399993,"NRI_P151",25
"58397",-24745.6832414,"NRI_P151",50
"58398",-14387.8589814,"NRI_P151",100
"58399",-6599.68328140001,"NRI_P151",25
"58400",-19286.3357314,"NRI_P151",50
"58401",-29356.3732814,"NRI_P151",100
"58402",-595.351381400018,"NRI_P151",25
"58403",-9631.8361214,"NRI_P151",50
"58404",-30319.3915214,"NRI_P151",100
"58405",-11472.0452814,"NRI_P151",25
"58406",-6877.92788139998,"NRI_P151",50
"58407",-39275.3639414,"NRI_P151",100
"58408",1094.61521859997,"NRI_P151",25
"58409",16684.5390286,"NRI_P151",50
"58410",-35406.6423214,"NRI_P151",100
"58411",-3311.14898140001,"NRI_P151",25
"58412",-6739.80612139998,"NRI_P151",50
"58413",-43983.8958414,"NRI_P151",100
"58414",-2403.34344139998,"NRI_P151",25
"58415",9383.06794859999,"NRI_P151",50
"58416",-22172.0417214,"NRI_P151",100
"58417",-9012.6965814,"NRI_P151",25
"58418",-11787.6995714,"NRI_P151",50
"58419",-17570.2533214,"NRI_P151",100
"58420",-2498.48498140002,"NRI_P151",25
"58421",2589.54353859997,"NRI_P151",50
"58422",-34673.2224814,"NRI_P151",100
"58423",-14362.6836814,"NRI_P151",25
"58424",-12234.7024814,"NRI_P151",50
"58425",-21923.1018814,"NRI_P151",100
"58426",577.437828599999,"NRI_P151",25
"58427",-22342.4698814,"NRI_P151",50
"58428",-18732.4554214,"NRI_P151",100
"58429",-17628.5671714,"NRI_P151",25
"58430",-17217.4180214,"NRI_P151",50
"58431",-22320.7710414,"NRI_P151",100
"58432",8521.38941860001,"NRI_P151",25
"58433",-5715.9881814,"NRI_P151",50
"58434",-16368.9234514,"NRI_P151",100
"58435",2470.07111859997,"NRI_P151",25
"58436",3824.26461860002,"NRI_P151",50
"58437",-22201.0436414,"NRI_P151",100
"58438",9043.35553860001,"NRI_P151",25
"58439",-14958.4750714,"NRI_P151",50
"58440",-26871.2919914,"NRI_P151",100
"58441",-29340.8630814,"NRI_P151",25
"58442",118.894018599996,"NRI_P151",50
"58443",-42778.4114614,"NRI_P151",100
"58444",-17480.5934814,"NRI_P151",25
"58445",-26458.6224214,"NRI_P151",50
"58446",-27145.2809214,"NRI_P151",100
"58447",-11071.7345214,"NRI_P151",25
"58448",4593.75881859998,"NRI_P151",50
"58449",-45490.8178714,"NRI_P151",100
"58450",-20019.4150614,"NRI_P151",25
"58451",-11689.0909814,"NRI_P151",50
"58452",-26417.9967814,"NRI_P151",100
"58453",-21852.9957814,"NRI_P151",25
"58454",-22310.2733814,"NRI_P151",50
"58455",-38486.8945714,"NRI_P151",100
"58456",4151.58074860001,"NRI_P151",25
"58457",4818.60181859997,"NRI_P151",50
"58458",-26271.3971414,"NRI_P151",100
"58459",-18236.2964814,"NRI_P151",25
"58460",-18764.5760614,"NRI_P151",50
"58461",-8598.01303139998,"NRI_P151",100
"58462",-5009.78148140002,"NRI_P151",25
"58463",-33942.0468614,"NRI_P151",50
"58464",-27275.1478614,"NRI_P151",100
"58465",-27156.0431814,"NRI_P151",25
"58466",-6013.40624139999,"NRI_P151",50
"58467",-40986.3633814,"NRI_P151",100
"58468",1340.27091859997,"NRI_P151",25
"58469",-15443.7173614,"NRI_P151",50
"58470",-22714.3738814,"NRI_P151",100
"58471",-18250.1973814,"NRI_P151",25
"58472",-29530.4539014,"NRI_P151",50
"58473",-24999.6561614,"NRI_P151",100
"58474",5100.7139186,"NRI_P151",25
"58475",-15570.8510814,"NRI_P151",50
"58476",-38420.6601414,"NRI_P151",100
"58477",-5007.53338139999,"NRI_P151",25
"58478",-42418.0452514,"NRI_P151",50
"58479",-35943.3474314,"NRI_P151",100
"58480",-1900.44858139998,"NRI_P151",25
"58481",-8493.07098140003,"NRI_P151",50
"58482",-42934.6291514,"NRI_P151",100
"58483",-5321.30288139998,"NRI_P151",25
"58484",-13425.6587614,"NRI_P151",50
"58485",-7822.30478140002,"NRI_P151",100
"58486",1036.62731860002,"NRI_P151",25
"58487",524.858818600012,"NRI_P151",50
"58488",-50585.9996014,"NRI_P151",100
"58489",-14155.9614814,"NRI_P151",25
"58490",-26296.2611314,"NRI_P151",50
"58491",-35063.9671814,"NRI_P151",100
"58492",-6718.42048139998,"NRI_P151",25
"58493",-45213.4459114,"NRI_P151",50
"58494",-33369.5592814,"NRI_P151",100
"58495",-26240.4835814,"NRI_P151",25
"58496",1291.10933860001,"NRI_P151",50
"58497",-37474.3220314,"NRI_P151",100
"58498",497.023618599982,"NRI_P151",25
"58499",19747.7071186,"NRI_P151",50
"58500",-25485.7329714,"NRI_P151",100
"58501",-4281.49948105507,"NRI_P152",25
"58502",4250.538718945,"NRI_P152",50
"58503",-32024.214851055,"NRI_P152",100
"58504",-1595.53128105507,"NRI_P152",25
"58505",-8209.19018105499,"NRI_P152",50
"58506",-21137.989821055,"NRI_P152",100
"58507",-20530.865081055,"NRI_P152",25
"58508",26915.8489189449,"NRI_P152",50
"58509",-36502.649351055,"NRI_P152",100
"58510",-11021.025251055,"NRI_P152",25
"58511",-22688.912001055,"NRI_P152",50
"58512",-21707.021621055,"NRI_P152",100
"58513",-27518.657421055,"NRI_P152",25
"58514",-7878.052431055,"NRI_P152",50
"58515",-31295.9963610551,"NRI_P152",100
"58516",-2153.36258105503,"NRI_P152",25
"58517",-23120.258741055,"NRI_P152",50
"58518",-34673.365801055,"NRI_P152",100
"58519",-5439.43088105507,"NRI_P152",25
"58520",-13723.009961055,"NRI_P152",50
"58521",-11320.535381055,"NRI_P152",100
"58522",28947.874208945,"NRI_P152",25
"58523",-11694.659081055,"NRI_P152",50
"58524",-19128.512121055,"NRI_P152",100
"58525",-3691.10248105507,"NRI_P152",25
"58526",14984.816218945,"NRI_P152",50
"58527",-38937.248251055,"NRI_P152",100
"58528",11413.262378945,"NRI_P152",25
"58529",-17436.8377710551,"NRI_P152",50
"58530",-25350.1668910551,"NRI_P152",100
"58531",-28300.037481055,"NRI_P152",25
"58532",-21096.375661055,"NRI_P152",50
"58533",-34738.891781055,"NRI_P152",100
"58534",52548.628918945,"NRI_P152",25
"58535",3755.55061894504,"NRI_P152",50
"58536",-36032.324821055,"NRI_P152",100
"58537",-40388.212981055,"NRI_P152",25
"58538",-2458.79218105506,"NRI_P152",50
"58539",-31224.260021055,"NRI_P152",100
"58540",-26315.456451055,"NRI_P152",25
"58541",-11068.835581055,"NRI_P152",50
"58542",-25903.730891055,"NRI_P152",100
"58543",13288.689118945,"NRI_P152",25
"58544",-19103.499781055,"NRI_P152",50
"58545",-33712.062681055,"NRI_P152",100
"58546",456.367418944952,"NRI_P152",25
"58547",31818.679898945,"NRI_P152",50
"58548",-44807.349851055,"NRI_P152",100
"58549",-11387.063681055,"NRI_P152",25
"58550",-39179.086981055,"NRI_P152",50
"58551",-44110.994261055,"NRI_P152",100
"58552",8324.66811894497,"NRI_P152",25
"58553",-20489.566881055,"NRI_P152",50
"58554",-46401.044291055,"NRI_P152",100
"58555",-683.769581055036,"NRI_P152",25
"58556",-44802.395081055,"NRI_P152",50
"58557",-13283.725281055,"NRI_P152",100
"58558",1062.98671894497,"NRI_P152",25
"58559",628.535918944981,"NRI_P152",50
"58560",-40394.677581055,"NRI_P152",100
"58561",-3021.07175105496,"NRI_P152",25
"58562",-17102.783781055,"NRI_P152",50
"58563",-34397.181181055,"NRI_P152",100
"58564",-3796.87315105507,"NRI_P152",25
"58565",-35617.091381055,"NRI_P152",50
"58566",-29945.9180510551,"NRI_P152",100
"58567",-3390.48438105499,"NRI_P152",25
"58568",-22004.141781055,"NRI_P152",50
"58569",-19486.495081055,"NRI_P152",100
"58570",-25423.975281055,"NRI_P152",25
"58571",-29686.1063010551,"NRI_P152",50
"58572",-47493.619081055,"NRI_P152",100
"58573",-755.345681054983,"NRI_P152",25
"58574",-33027.755771055,"NRI_P152",50
"58575",-29551.437351055,"NRI_P152",100
"58576",-28425.255781055,"NRI_P152",25
"58577",-30020.3557210551,"NRI_P152",50
"58578",-41447.713791055,"NRI_P152",100
"58579",-25659.545781055,"NRI_P152",25
"58580",-43845.882981055,"NRI_P152",50
"58581",27315.055108945,"NRI_P152",100
"58582",-1398.03675105504,"NRI_P152",25
"58583",-43394.211581055,"NRI_P152",50
"58584",-49876.095341055,"NRI_P152",100
"58585",2467.86031894502,"NRI_P152",25
"58586",-5951.30208105501,"NRI_P152",50
"58587",-319.910281055025,"NRI_P152",100
"58588",-11381.7577810551,"NRI_P152",25
"58589",-8442.05678105506,"NRI_P152",50
"58590",-35976.196871055,"NRI_P152",100
"58591",-10259.227581055,"NRI_P152",25
"58592",-8957.11398105498,"NRI_P152",50
"58593",17040.446578945,"NRI_P152",100
"58594",-19363.438681055,"NRI_P152",25
"58595",-28412.766751055,"NRI_P152",50
"58596",-36310.912221055,"NRI_P152",100
"58597",9258.17531894497,"NRI_P152",25
"58598",14386.327348945,"NRI_P152",50
"58599",-6103.40508105501,"NRI_P152",100
"58600",3710.16721894499,"NRI_P152",25
"58601",-15067.590881055,"NRI_P152",50
"58602",-20996.1591710551,"NRI_P152",100
"58603",10242.638218945,"NRI_P152",25
"58604",-24915.459081055,"NRI_P152",50
"58605",-42733.225781055,"NRI_P152",100
"58606",-7867.25238105503,"NRI_P152",25
"58607",-12934.657281055,"NRI_P152",50
"58608",-37621.171421055,"NRI_P152",100
"58609",-7990.37608105503,"NRI_P152",25
"58610",-37756.680891055,"NRI_P152",50
"58611",-39856.705361055,"NRI_P152",100
"58612",-19259.029321055,"NRI_P152",25
"58613",10428.381698945,"NRI_P152",50
"58614",-36012.142981055,"NRI_P152",100
"58615",-4816.24948105507,"NRI_P152",25
"58616",8734.074448945,"NRI_P152",50
"58617",37846.555938945,"NRI_P152",100
"58618",18903.398118945,"NRI_P152",25
"58619",-20583.8522810551,"NRI_P152",50
"58620",-49651.194851055,"NRI_P152",100
"58621",-21769.755991055,"NRI_P152",25
"58622",-22045.498881055,"NRI_P152",50
"58623",-25134.333481055,"NRI_P152",100
"58624",-12054.674181055,"NRI_P152",25
"58625",-4446.25778105506,"NRI_P152",50
"58626",-35524.402421055,"NRI_P152",100
"58627",2593.94451894495,"NRI_P152",25
"58628",-11311.412681055,"NRI_P152",50
"58629",-24443.3616210551,"NRI_P152",100
"58630",135.03201894497,"NRI_P152",25
"58631",-15690.983281055,"NRI_P152",50
"58632",-5812.31088105496,"NRI_P152",100
"58633",-4530.01808105502,"NRI_P152",25
"58634",-28088.499301055,"NRI_P152",50
"58635",-26138.918121055,"NRI_P152",100
"58636",1120.39561894501,"NRI_P152",25
"58637",11000.351508945,"NRI_P152",50
"58638",-27248.450401055,"NRI_P152",100
"58639",-9383.525921055,"NRI_P152",25
"58640",-16671.074381055,"NRI_P152",50
"58641",-29189.070151055,"NRI_P152",100
"58642",31260.158948945,"NRI_P152",25
"58643",-16399.758581055,"NRI_P152",50
"58644",-39541.177461055,"NRI_P152",100
"58645",-29187.042681055,"NRI_P152",25
"58646",-21825.523581055,"NRI_P152",50
"58647",-35161.911581055,"NRI_P152",100
"58648",933.880318945041,"NRI_P152",25
"58649",8478.86801894498,"NRI_P152",50
"58650",-30865.314201055,"NRI_P152",100
"58651",-24118.165081055,"NRI_P152",25
"58652",-10890.9672810551,"NRI_P152",50
"58653",-15068.064581055,"NRI_P152",100
"58654",-3980.84422105504,"NRI_P152",25
"58655",-6253.79118105501,"NRI_P152",50
"58656",-25927.758321055,"NRI_P152",100
"58657",-28520.841201055,"NRI_P152",25
"58658",-18771.005401055,"NRI_P152",50
"58659",-37993.406021055,"NRI_P152",100
"58660",-30884.7248810551,"NRI_P152",25
"58661",-14959.271981055,"NRI_P152",50
"58662",7461.91880894499,"NRI_P152",100
"58663",-14631.560781055,"NRI_P152",25
"58664",-13091.292681055,"NRI_P152",50
"58665",-39579.752451055,"NRI_P152",100
"58666",463.379318944993,"NRI_P152",25
"58667",33529.1529489449,"NRI_P152",50
"58668",-25659.660141055,"NRI_P152",100
"58669",35025.620018945,"NRI_P152",25
"58670",-24631.024181055,"NRI_P152",50
"58671",-42158.917521055,"NRI_P152",100
"58672",14432.958118945,"NRI_P152",25
"58673",-32253.140801055,"NRI_P152",50
"58674",-49023.145431055,"NRI_P152",100
"58675",-9248.14448105497,"NRI_P152",25
"58676",-15896.0678810551,"NRI_P152",50
"58677",-37771.152001055,"NRI_P152",100
"58678",-14600.4587810551,"NRI_P152",25
"58679",-3867.60768105497,"NRI_P152",50
"58680",-40597.180481055,"NRI_P152",100
"58681",-19922.530081055,"NRI_P152",25
"58682",-32994.203051055,"NRI_P152",50
"58683",-36757.470221055,"NRI_P152",100
"58684",8785.87411894498,"NRI_P152",25
"58685",-10613.596881055,"NRI_P152",50
"58686",-42460.773521055,"NRI_P152",100
"58687",-9143.36888105504,"NRI_P152",25
"58688",4357.830778945,"NRI_P152",50
"58689",27950.1377189449,"NRI_P152",100
"58690",-7436.85978105501,"NRI_P152",25
"58691",-19010.276481055,"NRI_P152",50
"58692",-24916.287451055,"NRI_P152",100
"58693",8438.95441894501,"NRI_P152",25
"58694",-11227.284921055,"NRI_P152",50
"58695",-27292.846831055,"NRI_P152",100
"58696",854.489418945042,"NRI_P152",25
"58697",-11731.951981055,"NRI_P152",50
"58698",-37532.085021055,"NRI_P152",100
"58699",12126.322118945,"NRI_P152",25
"58700",-8865.05625105498,"NRI_P152",50
"58701",-24765.845051055,"NRI_P152",100
"58702",-4640.47175105498,"NRI_P152",25
"58703",3521.59081894497,"NRI_P152",50
"58704",6173.277818945,"NRI_P152",100
"58705",-5530.55952105497,"NRI_P152",25
"58706",-29631.411551055,"NRI_P152",50
"58707",-33423.897581055,"NRI_P152",100
"58708",-12513.0892410551,"NRI_P152",25
"58709",-23608.395881055,"NRI_P152",50
"58710",-4056.83988105506,"NRI_P152",100
"58711",-5199.84298105503,"NRI_P152",25
"58712",-27059.9195210551,"NRI_P152",50
"58713",-41716.882751055,"NRI_P152",100
"58714",21254.620118945,"NRI_P152",25
"58715",-48613.686381055,"NRI_P152",50
"58716",-32784.985181055,"NRI_P152",100
"58717",7830.215318945,"NRI_P152",25
"58718",-2379.61874105502,"NRI_P152",50
"58719",-21279.5133010551,"NRI_P152",100
"58720",-4592.74878105498,"NRI_P152",25
"58721",-25502.4907810551,"NRI_P152",50
"58722",-45584.730061055,"NRI_P152",100
"58723",-22704.961421055,"NRI_P152",25
"58724",-21200.3165810551,"NRI_P152",50
"58725",-37676.944631055,"NRI_P152",100
"58726",6402.08821894496,"NRI_P152",25
"58727",-6747.76532105496,"NRI_P152",50
"58728",-45973.355931055,"NRI_P152",100
"58729",-11971.499651055,"NRI_P152",25
"58730",-1170.42251105502,"NRI_P152",50
"58731",-39619.882741055,"NRI_P152",100
"58732",-4431.13868105505,"NRI_P152",25
"58733",-42941.242891055,"NRI_P152",50
"58734",-23300.447081055,"NRI_P152",100
"58735",-3470.260051055,"NRI_P152",25
"58736",-28287.1984610551,"NRI_P152",50
"58737",-33364.166611055,"NRI_P152",100
"58738",-37985.431781055,"NRI_P152",25
"58739",-9114.49908105505,"NRI_P152",50
"58740",-22634.152191055,"NRI_P152",100
"58741",-4992.95382105501,"NRI_P152",25
"58742",-19877.520781055,"NRI_P152",50
"58743",-16501.462751055,"NRI_P152",100
"58744",-19639.700401055,"NRI_P152",25
"58745",-9910.37410105497,"NRI_P152",50
"58746",25718.441738945,"NRI_P152",100
"58747",3812.23401894502,"NRI_P152",25
"58748",-35509.950081055,"NRI_P152",50
"58749",-3808.20288105507,"NRI_P152",100
"58750",1400.30541894503,"NRI_P152",25
"58751",-17982.8286910551,"NRI_P152",50
"58752",-13971.9278210551,"NRI_P152",100
"58753",3549.21871894493,"NRI_P152",25
"58754",5061.88257894502,"NRI_P152",50
"58755",-37320.916021055,"NRI_P152",100
"58756",316.673318944988,"NRI_P152",25
"58757",-945.766221055062,"NRI_P152",50
"58758",-39147.245801055,"NRI_P152",100
"58759",-13076.3731810551,"NRI_P152",25
"58760",-32723.819181055,"NRI_P152",50
"58761",-32812.413021055,"NRI_P152",100
"58762",-5486.70798105502,"NRI_P152",25
"58763",-24037.6072810551,"NRI_P152",50
"58764",-23391.495881055,"NRI_P152",100
"58765",-4867.99378105497,"NRI_P152",25
"58766",-18016.978821055,"NRI_P152",50
"58767",-41437.864741055,"NRI_P152",100
"58768",13925.163698945,"NRI_P152",25
"58769",32464.1893189449,"NRI_P152",50
"58770",-26222.239421055,"NRI_P152",100
"58771",-14797.854381055,"NRI_P152",25
"58772",-39076.346881055,"NRI_P152",50
"58773",-38850.224181055,"NRI_P152",100
"58774",-13789.307281055,"NRI_P152",25
"58775",-27918.301681055,"NRI_P152",50
"58776",-17228.6070510551,"NRI_P152",100
"58777",-22897.641621055,"NRI_P152",25
"58778",-14115.467881055,"NRI_P152",50
"58779",-33447.712191055,"NRI_P152",100
"58780",-26145.949581055,"NRI_P152",25
"58781",-4205.376551055,"NRI_P152",50
"58782",-11625.313301055,"NRI_P152",100
"58783",-4404.91055105499,"NRI_P152",25
"58784",12634.0573789449,"NRI_P152",50
"58785",-19655.398251055,"NRI_P152",100
"58786",-7351.26718105504,"NRI_P152",25
"58787",-243.36358105496,"NRI_P152",50
"58788",19880.804108945,"NRI_P152",100
"58789",50973.587218945,"NRI_P152",25
"58790",-24903.034791055,"NRI_P152",50
"58791",9382.69262894499,"NRI_P152",100
"58792",11167.6969489449,"NRI_P152",25
"58793",-30668.280901055,"NRI_P152",50
"58794",-17293.022251055,"NRI_P152",100
"58795",-20480.5397810551,"NRI_P152",25
"58796",33287.773918945,"NRI_P152",50
"58797",4325.13184894493,"NRI_P152",100
"58798",-12507.087491055,"NRI_P152",25
"58799",13314.405238945,"NRI_P152",50
"58800",-38658.302501055,"NRI_P152",100
"58801",-6461.96854362194,"NRI_P153",25
"58802",617.437336378032,"NRI_P153",50
"58803",-17384.518773622,"NRI_P153",100
"58804",-3592.85429362196,"NRI_P153",25
"58805",1149.01433637802,"NRI_P153",50
"58806",-20092.213573622,"NRI_P153",100
"58807",1889.48076637805,"NRI_P153",25
"58808",6616.86409637803,"NRI_P153",50
"58809",-6612.33079362195,"NRI_P153",100
"58810",-19968.240063622,"NRI_P153",25
"58811",-14795.3031436219,"NRI_P153",50
"58812",-17539.820583622,"NRI_P153",100
"58813",-1544.75489362195,"NRI_P153",25
"58814",-14054.295253622,"NRI_P153",50
"58815",-15770.231453622,"NRI_P153",100
"58816",-5141.24604362197,"NRI_P153",25
"58817",-12450.789403622,"NRI_P153",50
"58818",-18680.618003622,"NRI_P153",100
"58819",2412.81860637804,"NRI_P153",25
"58820",-12231.553363622,"NRI_P153",50
"58821",-12654.175293622,"NRI_P153",100
"58822",-16090.4618936219,"NRI_P153",25
"58823",-10795.208473622,"NRI_P153",50
"58824",-17689.983563622,"NRI_P153",100
"58825",-17105.984593622,"NRI_P153",25
"58826",2426.10260637803,"NRI_P153",50
"58827",-19228.247383622,"NRI_P153",100
"58828",-4544.58642362198,"NRI_P153",25
"58829",-8657.61479362199,"NRI_P153",50
"58830",-17017.132893622,"NRI_P153",100
"58831",852.312106378027,"NRI_P153",25
"58832",5618.74182637804,"NRI_P153",50
"58833",-23708.146013622,"NRI_P153",100
"58834",3677.00319637801,"NRI_P153",25
"58835",-14994.154983622,"NRI_P153",50
"58836",-6006.69737362198,"NRI_P153",100
"58837",-12473.687313622,"NRI_P153",25
"58838",-4979.08331362199,"NRI_P153",50
"58839",-23999.817543622,"NRI_P153",100
"58840",-5695.65285362198,"NRI_P153",25
"58841",-14762.154223622,"NRI_P153",50
"58842",-15577.118843622,"NRI_P153",100
"58843",-6864.19969362195,"NRI_P153",25
"58844",1782.32001637801,"NRI_P153",50
"58845",-380.505533621996,"NRI_P153",100
"58846",8555.26415637805,"NRI_P153",25
"58847",-10821.512153622,"NRI_P153",50
"58848",-20228.051673622,"NRI_P153",100
"58849",-2615.117943622,"NRI_P153",25
"58850",-2938.11312362197,"NRI_P153",50
"58851",-760.925453621952,"NRI_P153",100
"58852",1013.86148637801,"NRI_P153",25
"58853",3594.96678637801,"NRI_P153",50
"58854",-8777.94979362196,"NRI_P153",100
"58855",-3955.66562362196,"NRI_P153",25
"58856",935.842456378043,"NRI_P153",50
"58857",-26379.254543622,"NRI_P153",100
"58858",-1870.37805362197,"NRI_P153",25
"58859",-5767.326083622,"NRI_P153",50
"58860",-22207.264483622,"NRI_P153",100
"58861",-18008.684333622,"NRI_P153",25
"58862",-16341.415673622,"NRI_P153",50
"58863",-17896.595353622,"NRI_P153",100
"58864",-3670.61457362195,"NRI_P153",25
"58865",-5950.22866362199,"NRI_P153",50
"58866",-16917.517263622,"NRI_P153",100
"58867",4273.69544637803,"NRI_P153",25
"58868",-14212.216043622,"NRI_P153",50
"58869",-12846.474993622,"NRI_P153",100
"58870",2371.52960637806,"NRI_P153",25
"58871",-13049.441973622,"NRI_P153",50
"58872",-1983.40005362197,"NRI_P153",100
"58873",-12100.146253622,"NRI_P153",25
"58874",-10216.954763622,"NRI_P153",50
"58875",-16848.042653622,"NRI_P153",100
"58876",1765.78905637801,"NRI_P153",25
"58877",755.443366378022,"NRI_P153",50
"58878",-14508.886953622,"NRI_P153",100
"58879",-20034.501533622,"NRI_P153",25
"58880",-1112.51016362198,"NRI_P153",50
"58881",-19057.868003622,"NRI_P153",100
"58882",-10038.886623622,"NRI_P153",25
"58883",-11980.9658836219,"NRI_P153",50
"58884",-4900.03811362199,"NRI_P153",100
"58885",6855.84482637804,"NRI_P153",25
"58886",-19800.396643622,"NRI_P153",50
"58887",-21546.720153622,"NRI_P153",100
"58888",-0.83104362199083,"NRI_P153",25
"58889",-4378.37093362195,"NRI_P153",50
"58890",-18187.068643622,"NRI_P153",100
"58891",-1876.59909362195,"NRI_P153",25
"58892",-14725.192883622,"NRI_P153",50
"58893",-9558.72655362199,"NRI_P153",100
"58894",-554.66242362198,"NRI_P153",25
"58895",-5459.53517362196,"NRI_P153",50
"58896",-19855.708633622,"NRI_P153",100
"58897",-3377.30140362197,"NRI_P153",25
"58898",2826.248196378,"NRI_P153",50
"58899",-10326.180033622,"NRI_P153",100
"58900",-1677.78041362198,"NRI_P153",25
"58901",-7901.51711362199,"NRI_P153",50
"58902",3336.38316637801,"NRI_P153",100
"58903",-19603.668293622,"NRI_P153",25
"58904",-21380.560903622,"NRI_P153",50
"58905",-20492.867433622,"NRI_P153",100
"58906",-4758.77874362195,"NRI_P153",25
"58907",-1429.81712362199,"NRI_P153",50
"58908",-23184.459483622,"NRI_P153",100
"58909",1816.10647637805,"NRI_P153",25
"58910",-5378.04488362197,"NRI_P153",50
"58911",-6832.82072362199,"NRI_P153",100
"58912",5950.84754637803,"NRI_P153",25
"58913",-7113.734313622,"NRI_P153",50
"58914",-16788.360143622,"NRI_P153",100
"58915",-19114.727723622,"NRI_P153",25
"58916",-20273.0380236219,"NRI_P153",50
"58917",2292.79606637801,"NRI_P153",100
"58918",12401.170796378,"NRI_P153",25
"58919",-8364.696863622,"NRI_P153",50
"58920",2330.04406637803,"NRI_P153",100
"58921",7233.21456637804,"NRI_P153",25
"58922",-13133.191433622,"NRI_P153",50
"58923",-22453.077113622,"NRI_P153",100
"58924",3720.648506378,"NRI_P153",25
"58925",1125.44724637805,"NRI_P153",50
"58926",-16249.265813622,"NRI_P153",100
"58927",-11669.946863622,"NRI_P153",25
"58928",-8983.91588362196,"NRI_P153",50
"58929",-6994.72422362195,"NRI_P153",100
"58930",-22137.310973622,"NRI_P153",25
"58931",-10978.957733622,"NRI_P153",50
"58932",-24012.475833622,"NRI_P153",100
"58933",-866.324903621979,"NRI_P153",25
"58934",-1510.61735362199,"NRI_P153",50
"58935",-18419.228143622,"NRI_P153",100
"58936",-7441.901983622,"NRI_P153",25
"58937",-13938.249073622,"NRI_P153",50
"58938",-17234.792203622,"NRI_P153",100
"58939",-1322.43448362197,"NRI_P153",25
"58940",-20191.155853622,"NRI_P153",50
"58941",-10412.8762236219,"NRI_P153",100
"58942",-1028.21069362195,"NRI_P153",25
"58943",-14552.262923622,"NRI_P153",50
"58944",-9535.23369362199,"NRI_P153",100
"58945",8036.07478637801,"NRI_P153",25
"58946",-12990.414413622,"NRI_P153",50
"58947",-21429.502893622,"NRI_P153",100
"58948",-5639.80710362195,"NRI_P153",25
"58949",-15048.208483622,"NRI_P153",50
"58950",-11878.298393622,"NRI_P153",100
"58951",-14548.907013622,"NRI_P153",25
"58952",6557.90162637801,"NRI_P153",50
"58953",-20774.522093622,"NRI_P153",100
"58954",4062.96147637803,"NRI_P153",25
"58955",-2225.52606362198,"NRI_P153",50
"58956",-20309.306793622,"NRI_P153",100
"58957",6398.03329637804,"NRI_P153",25
"58958",-3521.98030362197,"NRI_P153",50
"58959",-6733.79040362197,"NRI_P153",100
"58960",9224.907886378,"NRI_P153",25
"58961",2003.62756637804,"NRI_P153",50
"58962",-12807.266623622,"NRI_P153",100
"58963",1453.06723637803,"NRI_P153",25
"58964",-6055.89050362195,"NRI_P153",50
"58965",-17531.8743736219,"NRI_P153",100
"58966",-584.509703621967,"NRI_P153",25
"58967",4117.818906378,"NRI_P153",50
"58968",-7606.33012362197,"NRI_P153",100
"58969",3623.88112637802,"NRI_P153",25
"58970",-19883.244313622,"NRI_P153",50
"58971",-8685.50586362195,"NRI_P153",100
"58972",8860.70893637801,"NRI_P153",25
"58973",-5255.59011362196,"NRI_P153",50
"58974",-6972.70920362195,"NRI_P153",100
"58975",-6751.533343622,"NRI_P153",25
"58976",-12041.750943622,"NRI_P153",50
"58977",-16538.589953622,"NRI_P153",100
"58978",-885.506823621981,"NRI_P153",25
"58979",-15849.219473622,"NRI_P153",50
"58980",5087.596456378,"NRI_P153",100
"58981",-33.2259036219912,"NRI_P153",25
"58982",-8522.58981362195,"NRI_P153",50
"58983",-20762.644053622,"NRI_P153",100
"58984",-1616.34332362196,"NRI_P153",25
"58985",6504.41367637803,"NRI_P153",50
"58986",-18309.7532336219,"NRI_P153",100
"58987",2760.11950637802,"NRI_P153",25
"58988",-20027.205573622,"NRI_P153",50
"58989",-12088.6663636219,"NRI_P153",100
"58990",-10378.074613622,"NRI_P153",25
"58991",-6303.86109362199,"NRI_P153",50
"58992",-1552.347273622,"NRI_P153",100
"58993",-5133.76674362196,"NRI_P153",25
"58994",-2012.07890362199,"NRI_P153",50
"58995",-18072.370133622,"NRI_P153",100
"58996",-2460.18436362199,"NRI_P153",25
"58997",-13358.467833622,"NRI_P153",50
"58998",-8026.34436362196,"NRI_P153",100
"58999",-10321.509743622,"NRI_P153",25
"59000",-2132.53630362195,"NRI_P153",50
"59001",-20190.732203622,"NRI_P153",100
"59002",-450.214913621952,"NRI_P153",25
"59003",-18983.885223622,"NRI_P153",50
"59004",-11030.447713622,"NRI_P153",100
"59005",-7065.47874362196,"NRI_P153",25
"59006",-19589.1839536219,"NRI_P153",50
"59007",-20756.339083622,"NRI_P153",100
"59008",475.188026378048,"NRI_P153",25
"59009",-4632.92982362199,"NRI_P153",50
"59010",-24753.016453622,"NRI_P153",100
"59011",1988.97127637803,"NRI_P153",25
"59012",-17846.2176036219,"NRI_P153",50
"59013",-7110.22932362196,"NRI_P153",100
"59014",-8914.43864362198,"NRI_P153",25
"59015",-18362.2583636219,"NRI_P153",50
"59016",-19025.168563622,"NRI_P153",100
"59017",-7460.242163622,"NRI_P153",25
"59018",-24286.092383622,"NRI_P153",50
"59019",-22852.860443622,"NRI_P153",100
"59020",-127.990533621982,"NRI_P153",25
"59021",-3697.376543622,"NRI_P153",50
"59022",-11713.327873622,"NRI_P153",100
"59023",-12550.235653622,"NRI_P153",25
"59024",626.542186378036,"NRI_P153",50
"59025",-18367.339373622,"NRI_P153",100
"59026",7372.38509637804,"NRI_P153",25
"59027",1727.45115637803,"NRI_P153",50
"59028",-19952.259833622,"NRI_P153",100
"59029",221.462286378024,"NRI_P153",25
"59030",-312.33091362199,"NRI_P153",50
"59031",-14416.477333622,"NRI_P153",100
"59032",-866.261723621981,"NRI_P153",25
"59033",-16897.104333622,"NRI_P153",50
"59034",-16983.662813622,"NRI_P153",100
"59035",-4141.728603622,"NRI_P153",25
"59036",1916.74175637803,"NRI_P153",50
"59037",-13710.840133622,"NRI_P153",100
"59038",-10781.087263622,"NRI_P153",25
"59039",2095.69183637801,"NRI_P153",50
"59040",-20721.900773622,"NRI_P153",100
"59041",1164.18102637801,"NRI_P153",25
"59042",4874.99230637803,"NRI_P153",50
"59043",-7572.071313622,"NRI_P153",100
"59044",-4168.54946362198,"NRI_P153",25
"59045",-13534.4553036219,"NRI_P153",50
"59046",-4113.47273362195,"NRI_P153",100
"59047",2063.23525637802,"NRI_P153",25
"59048",1973.287136378,"NRI_P153",50
"59049",-23943.497773622,"NRI_P153",100
"59050",-4666.41669362196,"NRI_P153",25
"59051",-5463.448323622,"NRI_P153",50
"59052",-23812.696883622,"NRI_P153",100
"59053",536.968576378014,"NRI_P153",25
"59054",4556.46075637802,"NRI_P153",50
"59055",-17251.898133622,"NRI_P153",100
"59056",-6270.04855362198,"NRI_P153",25
"59057",-6692.28842362197,"NRI_P153",50
"59058",-9145.01788362197,"NRI_P153",100
"59059",582.281376378029,"NRI_P153",25
"59060",-5728.30086362199,"NRI_P153",50
"59061",-8572.01857362199,"NRI_P153",100
"59062",35.6954763780232,"NRI_P153",25
"59063",-5271.15563362197,"NRI_P153",50
"59064",-18182.427923622,"NRI_P153",100
"59065",4882.66818637802,"NRI_P153",25
"59066",-4112.71694362198,"NRI_P153",50
"59067",-18727.756043622,"NRI_P153",100
"59068",616.327116378001,"NRI_P153",25
"59069",-5969.08448362199,"NRI_P153",50
"59070",-18151.244053622,"NRI_P153",100
"59071",-5613.38872362196,"NRI_P153",25
"59072",3082.64213637804,"NRI_P153",50
"59073",-18016.310143622,"NRI_P153",100
"59074",-4011.04263362195,"NRI_P153",25
"59075",-11080.824733622,"NRI_P153",50
"59076",-18893.064643622,"NRI_P153",100
"59077",-12321.287333622,"NRI_P153",25
"59078",-2415.104153622,"NRI_P153",50
"59079",-341.887043621973,"NRI_P153",100
"59080",772.472266377998,"NRI_P153",25
"59081",9829.69589637802,"NRI_P153",50
"59082",-16364.308673622,"NRI_P153",100
"59083",-2674.24224362196,"NRI_P153",25
"59084",-16977.147553622,"NRI_P153",50
"59085",-7101.54406362196,"NRI_P153",100
"59086",57.523456378025,"NRI_P153",25
"59087",-4280.56850362197,"NRI_P153",50
"59088",-19533.130593622,"NRI_P153",100
"59089",-16067.842633622,"NRI_P153",25
"59090",-3421.64018362196,"NRI_P153",50
"59091",-9962.939693622,"NRI_P153",100
"59092",3417.09354637802,"NRI_P153",25
"59093",-3285.90666362195,"NRI_P153",50
"59094",-25328.130463622,"NRI_P153",100
"59095",110.35671637801,"NRI_P153",25
"59096",-6707.39162362198,"NRI_P153",50
"59097",-22750.7390536219,"NRI_P153",100
"59098",-4597.19169362198,"NRI_P153",25
"59099",-13807.659123622,"NRI_P153",50
"59100",-8825.540583622,"NRI_P153",100
"59101",-1213.95521788398,"NRI_P154",25
"59102",-3120.56401788397,"NRI_P154",50
"59103",4981.21921211603,"NRI_P154",100
"59104",-1068.38345788396,"NRI_P154",25
"59105",-1695.13956788398,"NRI_P154",50
"59106",3368.145952116,"NRI_P154",100
"59107",-347.999567883962,"NRI_P154",25
"59108",-1217.22984788398,"NRI_P154",50
"59109",43364.090642116,"NRI_P154",100
"59110",-2528.01563788397,"NRI_P154",25
"59111",-4436.47649788397,"NRI_P154",50
"59112",-1058.83018788398,"NRI_P154",100
"59113",-4359.45860788395,"NRI_P154",25
"59114",-8775.67276788398,"NRI_P154",50
"59115",4189.45561211603,"NRI_P154",100
"59116",-3351.27603788394,"NRI_P154",25
"59117",-6271.02384788397,"NRI_P154",50
"59118",8970.81098211603,"NRI_P154",100
"59119",2886.143972116,"NRI_P154",25
"59120",-4737.83669788396,"NRI_P154",50
"59121",-714.37855788396,"NRI_P154",100
"59122",5391.82490211603,"NRI_P154",25
"59123",3598.56602211605,"NRI_P154",50
"59124",-3921.91347788397,"NRI_P154",100
"59125",-456.191367883992,"NRI_P154",25
"59126",6947.884532116,"NRI_P154",50
"59127",41588.000932116,"NRI_P154",100
"59128",-1145.967557884,"NRI_P154",25
"59129",2009.18191211601,"NRI_P154",50
"59130",-9763.96643788397,"NRI_P154",100
"59131",-1063.09691788396,"NRI_P154",25
"59132",1217.28143211605,"NRI_P154",50
"59133",-4552.46471788397,"NRI_P154",100
"59134",-3301.57121788396,"NRI_P154",25
"59135",-397.01599788398,"NRI_P154",50
"59136",-5103.75771788397,"NRI_P154",100
"59137",135.208882116014,"NRI_P154",25
"59138",-8525.16767788399,"NRI_P154",50
"59139",12074.446502116,"NRI_P154",100
"59140",-2152.77883788396,"NRI_P154",25
"59141",-3183.34075788397,"NRI_P154",50
"59142",38486.681292116,"NRI_P154",100
"59143",-1492.52011788398,"NRI_P154",25
"59144",-1246.88796788396,"NRI_P154",50
"59145",-6470.580227884,"NRI_P154",100
"59146",-5154.30436788395,"NRI_P154",25
"59147",8298.65113211604,"NRI_P154",50
"59148",-10581.281297884,"NRI_P154",100
"59149",4921.31295211602,"NRI_P154",25
"59150",-4410.54416788399,"NRI_P154",50
"59151",21300.041942116,"NRI_P154",100
"59152",2548.79828211601,"NRI_P154",25
"59153",-3606.68819788395,"NRI_P154",50
"59154",8341.40080211603,"NRI_P154",100
"59155",-1476.050957884,"NRI_P154",25
"59156",-3332.997187884,"NRI_P154",50
"59157",-4970.17006788397,"NRI_P154",100
"59158",-894.950967883982,"NRI_P154",25
"59159",-1805.70621788397,"NRI_P154",50
"59160",3872.20186211605,"NRI_P154",100
"59161",-5113.45969788398,"NRI_P154",25
"59162",-6839.571727884,"NRI_P154",50
"59163",-3025.621667884,"NRI_P154",100
"59164",-885.106757883972,"NRI_P154",25
"59165",-5182.36964788398,"NRI_P154",50
"59166",-586.470197883958,"NRI_P154",100
"59167",-1979.34585788398,"NRI_P154",25
"59168",41332.8658021161,"NRI_P154",50
"59169",3248.56310211605,"NRI_P154",100
"59170",-82.6603178840014,"NRI_P154",25
"59171",-3888.38554788398,"NRI_P154",50
"59172",-8855.539567884,"NRI_P154",100
"59173",4717.49105211603,"NRI_P154",25
"59174",798.506472116045,"NRI_P154",50
"59175",-2067.67254788399,"NRI_P154",100
"59176",-4856.59181788395,"NRI_P154",25
"59177",-39.3732478839811,"NRI_P154",50
"59178",199.523482115997,"NRI_P154",100
"59179",-943.798677883984,"NRI_P154",25
"59180",2035.058822116,"NRI_P154",50
"59181",-7188.914987884,"NRI_P154",100
"59182",36.1987821160001,"NRI_P154",25
"59183",-3367.74696788396,"NRI_P154",50
"59184",4641.24683211604,"NRI_P154",100
"59185",-3408.18886788399,"NRI_P154",25
"59186",-3930.779377884,"NRI_P154",50
"59187",-11236.094207884,"NRI_P154",100
"59188",-1641.17656788399,"NRI_P154",25
"59189",-3100.17743788398,"NRI_P154",50
"59190",-709.735247883946,"NRI_P154",100
"59191",-2154.36841788399,"NRI_P154",25
"59192",14224.131422116,"NRI_P154",50
"59193",5836.925062116,"NRI_P154",100
"59194",2891.06608211604,"NRI_P154",25
"59195",1979.08405211603,"NRI_P154",50
"59196",-7882.03207788395,"NRI_P154",100
"59197",-1083.25305788399,"NRI_P154",25
"59198",2406.28714211605,"NRI_P154",50
"59199",1387.83677211602,"NRI_P154",100
"59200",-1235.55581788399,"NRI_P154",25
"59201",-938.708697883994,"NRI_P154",50
"59202",10546.475192116,"NRI_P154",100
"59203",-1145.038917884,"NRI_P154",25
"59204",-6951.431927884,"NRI_P154",50
"59205",-963.750897883961,"NRI_P154",100
"59206",-2348.79589788395,"NRI_P154",25
"59207",-1840.138897884,"NRI_P154",50
"59208",5363.15885211603,"NRI_P154",100
"59209",-489.420167883975,"NRI_P154",25
"59210",-1233.55326788395,"NRI_P154",50
"59211",-2572.37035788398,"NRI_P154",100
"59212",-4925.096647884,"NRI_P154",25
"59213",7717.13713211601,"NRI_P154",50
"59214",1697.024652116,"NRI_P154",100
"59215",262.046202116006,"NRI_P154",25
"59216",3.12572211603401,"NRI_P154",50
"59217",-5388.93670788396,"NRI_P154",100
"59218",-2643.34678788396,"NRI_P154",25
"59219",-6717.367417884,"NRI_P154",50
"59220",-1729.20212788397,"NRI_P154",100
"59221",824.338332116022,"NRI_P154",25
"59222",-4050.06791788398,"NRI_P154",50
"59223",-2627.42450788396,"NRI_P154",100
"59224",-5388.27571788395,"NRI_P154",25
"59225",38217.024482116,"NRI_P154",50
"59226",11581.344652116,"NRI_P154",100
"59227",-5901.78781788395,"NRI_P154",25
"59228",-1149.43319788395,"NRI_P154",50
"59229",-2020.403437884,"NRI_P154",100
"59230",-324.303747883998,"NRI_P154",25
"59231",2188.75342211605,"NRI_P154",50
"59232",-4123.79905788397,"NRI_P154",100
"59233",2069.739052116,"NRI_P154",25
"59234",1048.46704211604,"NRI_P154",50
"59235",6047.61995211605,"NRI_P154",100
"59236",-3629.96444788395,"NRI_P154",25
"59237",-4930.04766788398,"NRI_P154",50
"59238",-2788.53191788396,"NRI_P154",100
"59239",3250.14403211605,"NRI_P154",25
"59240",-4360.58306788397,"NRI_P154",50
"59241",-2341.04549788398,"NRI_P154",100
"59242",-4116.992807884,"NRI_P154",25
"59243",-1479.68366788398,"NRI_P154",50
"59244",-8094.45429788396,"NRI_P154",100
"59245",2434.10565211601,"NRI_P154",25
"59246",-4985.026067884,"NRI_P154",50
"59247",-4812.66952788399,"NRI_P154",100
"59248",-2333.70833788399,"NRI_P154",25
"59249",1693.26765211602,"NRI_P154",50
"59250",-4836.94085788395,"NRI_P154",100
"59251",-2798.983167884,"NRI_P154",25
"59252",326.461852116045,"NRI_P154",50
"59253",-3194.97674788395,"NRI_P154",100
"59254",-4913.56214788399,"NRI_P154",25
"59255",1145.75585211604,"NRI_P154",50
"59256",-7869.67782788398,"NRI_P154",100
"59257",-1395.96986788395,"NRI_P154",25
"59258",8613.73900211602,"NRI_P154",50
"59259",-1307.01984788396,"NRI_P154",100
"59260",-730.784527883981,"NRI_P154",25
"59261",2927.75223211601,"NRI_P154",50
"59262",13611.770112116,"NRI_P154",100
"59263",3309.45750211604,"NRI_P154",25
"59264",1767.02468211605,"NRI_P154",50
"59265",-358.926767883997,"NRI_P154",100
"59266",-2152.26799788396,"NRI_P154",25
"59267",-4523.48374788399,"NRI_P154",50
"59268",-5891.35341788398,"NRI_P154",100
"59269",-628.448197883961,"NRI_P154",25
"59270",-6223.98824788397,"NRI_P154",50
"59271",-10695.447097884,"NRI_P154",100
"59272",-3094.65866788395,"NRI_P154",25
"59273",-3498.64096788398,"NRI_P154",50
"59274",87056.028182116,"NRI_P154",100
"59275",-405.024437883985,"NRI_P154",25
"59276",1663.229742116,"NRI_P154",50
"59277",-9166.770257884,"NRI_P154",100
"59278",-654.992117883987,"NRI_P154",25
"59279",-5161.49488788395,"NRI_P154",50
"59280",9994.04952211602,"NRI_P154",100
"59281",67.6666621160111,"NRI_P154",25
"59282",9480.73598211602,"NRI_P154",50
"59283",-11120.431427884,"NRI_P154",100
"59284",7865.79158211604,"NRI_P154",25
"59285",-3694.64783788397,"NRI_P154",50
"59286",-7854.38064788398,"NRI_P154",100
"59287",11040.263562116,"NRI_P154",25
"59288",3179.78215211601,"NRI_P154",50
"59289",19702.873892116,"NRI_P154",100
"59290",1927.99308211601,"NRI_P154",25
"59291",-1954.07004788396,"NRI_P154",50
"59292",-10445.433207884,"NRI_P154",100
"59293",-457.42417788395,"NRI_P154",25
"59294",15467.212782116,"NRI_P154",50
"59295",-2345.53701788397,"NRI_P154",100
"59296",1998.13858211605,"NRI_P154",25
"59297",-3045.27996788395,"NRI_P154",50
"59298",-2699.002347884,"NRI_P154",100
"59299",-340.911147883977,"NRI_P154",25
"59300",2011.16462211602,"NRI_P154",50
"59301",2094.34782211605,"NRI_P154",100
"59302",-1020.49631788395,"NRI_P154",25
"59303",188.796472116024,"NRI_P154",50
"59304",7607.90794211603,"NRI_P154",100
"59305",-2512.84647788398,"NRI_P154",25
"59306",-206.465327883954,"NRI_P154",50
"59307",-5639.10131788399,"NRI_P154",100
"59308",-1322.79551788396,"NRI_P154",25
"59309",-5008.41082788398,"NRI_P154",50
"59310",36044.154942116,"NRI_P154",100
"59311",-2844.90329788398,"NRI_P154",25
"59312",-1468.13638788398,"NRI_P154",50
"59313",7929.42345211603,"NRI_P154",100
"59314",-1321.30951788399,"NRI_P154",25
"59315",-5991.31884788396,"NRI_P154",50
"59316",22032.082952116,"NRI_P154",100
"59317",-5057.402657884,"NRI_P154",25
"59318",5764.23178211605,"NRI_P154",50
"59319",-8284.21721788397,"NRI_P154",100
"59320",4680.91168211604,"NRI_P154",25
"59321",-6964.90251788398,"NRI_P154",50
"59322",-6065.98142788396,"NRI_P154",100
"59323",-2255.29051788396,"NRI_P154",25
"59324",13376.976732116,"NRI_P154",50
"59325",-4552.09892788396,"NRI_P154",100
"59326",-5064.508837884,"NRI_P154",25
"59327",-1313.04776788398,"NRI_P154",50
"59328",11629.770922116,"NRI_P154",100
"59329",-1822.25794788398,"NRI_P154",25
"59330",1818.90567211603,"NRI_P154",50
"59331",-10394.169327884,"NRI_P154",100
"59332",1811.48653211602,"NRI_P154",25
"59333",-3525.94041788398,"NRI_P154",50
"59334",-9765.15418788395,"NRI_P154",100
"59335",7358.62933211605,"NRI_P154",25
"59336",-4871.09025788395,"NRI_P154",50
"59337",492.589452116052,"NRI_P154",100
"59338",668.562942115997,"NRI_P154",25
"59339",10275.243902116,"NRI_P154",50
"59340",-4665.71967788396,"NRI_P154",100
"59341",-4146.46401788399,"NRI_P154",25
"59342",-302.142377883953,"NRI_P154",50
"59343",-1129.315397884,"NRI_P154",100
"59344",-2520.22302788397,"NRI_P154",25
"59345",-2085.82129788399,"NRI_P154",50
"59346",-804.023647883965,"NRI_P154",100
"59347",-1615.82841788395,"NRI_P154",25
"59348",-5499.95468788396,"NRI_P154",50
"59349",2892.73625211604,"NRI_P154",100
"59350",-1270.67794788396,"NRI_P154",25
"59351",-5022.88998788397,"NRI_P154",50
"59352",39539.491062116,"NRI_P154",100
"59353",-3275.48259788397,"NRI_P154",25
"59354",-1122.76163788396,"NRI_P154",50
"59355",-6708.48333788395,"NRI_P154",100
"59356",-3829.38951788394,"NRI_P154",25
"59357",9860.35778211604,"NRI_P154",50
"59358",7180.99748211604,"NRI_P154",100
"59359",652.293412116007,"NRI_P154",25
"59360",-2121.41552788398,"NRI_P154",50
"59361",-2810.97052788397,"NRI_P154",100
"59362",-6200.66757788399,"NRI_P154",25
"59363",-1989.35932788398,"NRI_P154",50
"59364",-259.534517883963,"NRI_P154",100
"59365",334.78293211601,"NRI_P154",25
"59366",-2932.92169788398,"NRI_P154",50
"59367",-8247.63365788397,"NRI_P154",100
"59368",-3799.99681788398,"NRI_P154",25
"59369",2835.30110211601,"NRI_P154",50
"59370",5643.76195211604,"NRI_P154",100
"59371",-110.914767883951,"NRI_P154",25
"59372",2225.71790211601,"NRI_P154",50
"59373",2586.07698211604,"NRI_P154",100
"59374",-2298.093467884,"NRI_P154",25
"59375",369.014252116031,"NRI_P154",50
"59376",14104.283562116,"NRI_P154",100
"59377",821.061582116003,"NRI_P154",25
"59378",4643.71403211606,"NRI_P154",50
"59379",17980.817642116,"NRI_P154",100
"59380",1182.33898211602,"NRI_P154",25
"59381",-5259.12611788395,"NRI_P154",50
"59382",-7698.505657884,"NRI_P154",100
"59383",-3835.69416788395,"NRI_P154",25
"59384",-4508.729697884,"NRI_P154",50
"59385",-4711.12105788395,"NRI_P154",100
"59386",5777.65233211603,"NRI_P154",25
"59387",-274.635047883959,"NRI_P154",50
"59388",-2945.622477884,"NRI_P154",100
"59389",-2661.87161788397,"NRI_P154",25
"59390",40814.914172116,"NRI_P154",50
"59391",28261.397152116,"NRI_P154",100
"59392",-1702.662717884,"NRI_P154",25
"59393",-3938.03091788397,"NRI_P154",50
"59394",2495.837962116,"NRI_P154",100
"59395",-1140.55044788396,"NRI_P154",25
"59396",-1937.93456788396,"NRI_P154",50
"59397",-4354.73546788399,"NRI_P154",100
"59398",-1694.563517884,"NRI_P154",25
"59399",-3693.21646788396,"NRI_P154",50
"59400",-1469.51491788396,"NRI_P154",100
"59401",-1019.97450457601,"NRI_P156",25
"59402",485.004445424012,"NRI_P156",50
"59403",-4593.20721457596,"NRI_P156",100
"59404",-445.919104575994,"NRI_P156",25
"59405",5587.15285542404,"NRI_P156",50
"59406",-838.647184575966,"NRI_P156",100
"59407",3966.19328542403,"NRI_P156",25
"59408",2250.15057542402,"NRI_P156",50
"59409",17269.782465424,"NRI_P156",100
"59410",-1096.54348457599,"NRI_P156",25
"59411",1649.67451542401,"NRI_P156",50
"59412",-8097.92695457599,"NRI_P156",100
"59413",11291.681415424,"NRI_P156",25
"59414",-2928.00214457599,"NRI_P156",50
"59415",-12196.512574576,"NRI_P156",100
"59416",-800.255034575996,"NRI_P156",25
"59417",11442.592355424,"NRI_P156",50
"59418",12079.932765424,"NRI_P156",100
"59419",-8121.47449457599,"NRI_P156",25
"59420",2330.81321542402,"NRI_P156",50
"59421",-2929.37265457597,"NRI_P156",100
"59422",349.651295424032,"NRI_P156",25
"59423",-6273.52242457599,"NRI_P156",50
"59424",7221.11453542399,"NRI_P156",100
"59425",-4368.71349457599,"NRI_P156",25
"59426",5472.37052542402,"NRI_P156",50
"59427",-4176.45109457598,"NRI_P156",100
"59428",-7016.96660457598,"NRI_P156",25
"59429",-8216.80109457596,"NRI_P156",50
"59430",-7654.191074576,"NRI_P156",100
"59431",4470.36956542399,"NRI_P156",25
"59432",2415.93840542401,"NRI_P156",50
"59433",3179.271315424,"NRI_P156",100
"59434",2925.69914542401,"NRI_P156",25
"59435",7717.85371542402,"NRI_P156",50
"59436",-2616.31158457597,"NRI_P156",100
"59437",-6588.925174576,"NRI_P156",25
"59438",-3670.852974576,"NRI_P156",50
"59439",10993.181325424,"NRI_P156",100
"59440",6109.02975542401,"NRI_P156",25
"59441",3405.62402542401,"NRI_P156",50
"59442",5921.174285424,"NRI_P156",100
"59443",-1211.94151457597,"NRI_P156",25
"59444",-9212.70582457597,"NRI_P156",50
"59445",6011.85070542403,"NRI_P156",100
"59446",-1000.16810457601,"NRI_P156",25
"59447",11586.069195424,"NRI_P156",50
"59448",-3758.38453457598,"NRI_P156",100
"59449",-1521.02037457598,"NRI_P156",25
"59450",-1122.37281457597,"NRI_P156",50
"59451",1746.021445424,"NRI_P156",100
"59452",4865.97307542403,"NRI_P156",25
"59453",-7442.43519457598,"NRI_P156",50
"59454",2456.38209542399,"NRI_P156",100
"59455",2355.16596542404,"NRI_P156",25
"59456",73.4645454240381,"NRI_P156",50
"59457",-6486.64718457597,"NRI_P156",100
"59458",9228.33057542401,"NRI_P156",25
"59459",-229.991594575986,"NRI_P156",50
"59460",2046.86898542399,"NRI_P156",100
"59461",-5453.53390457598,"NRI_P156",25
"59462",-2871.91165457596,"NRI_P156",50
"59463",3710.95321542403,"NRI_P156",100
"59464",-7855.10568457597,"NRI_P156",25
"59465",5491.95925542404,"NRI_P156",50
"59466",-10217.993334576,"NRI_P156",100
"59467",-2115.78514457599,"NRI_P156",25
"59468",-2056.70870457601,"NRI_P156",50
"59469",-722.140714576002,"NRI_P156",100
"59470",-4844.36586457602,"NRI_P156",25
"59471",6250.35638542403,"NRI_P156",50
"59472",-8839.87491457601,"NRI_P156",100
"59473",-848.015524576011,"NRI_P156",25
"59474",185.54286542401,"NRI_P156",50
"59475",-7075.16421457601,"NRI_P156",100
"59476",690.456745424017,"NRI_P156",25
"59477",-1005.21030457597,"NRI_P156",50
"59478",-1542.73883457598,"NRI_P156",100
"59479",-39.5145645759767,"NRI_P156",25
"59480",22410.020925424,"NRI_P156",50
"59481",16226.276015424,"NRI_P156",100
"59482",3704.82040542399,"NRI_P156",25
"59483",6578.32214542403,"NRI_P156",50
"59484",-3180.92615457601,"NRI_P156",100
"59485",-4269.47193457599,"NRI_P156",25
"59486",12417.912775424,"NRI_P156",50
"59487",-11428.220164576,"NRI_P156",100
"59488",2528.79820542404,"NRI_P156",25
"59489",-2589.54254457599,"NRI_P156",50
"59490",3452.13446542399,"NRI_P156",100
"59491",6799.59450542403,"NRI_P156",25
"59492",12096.683175424,"NRI_P156",50
"59493",10875.784335424,"NRI_P156",100
"59494",-1061.14646457601,"NRI_P156",25
"59495",32328.928435424,"NRI_P156",50
"59496",-454.660394575971,"NRI_P156",100
"59497",-5771.36959457601,"NRI_P156",25
"59498",2338.500805424,"NRI_P156",50
"59499",6299.42686542403,"NRI_P156",100
"59500",-39.2100645760074,"NRI_P156",25
"59501",674.205055424012,"NRI_P156",50
"59502",-3220.361214576,"NRI_P156",100
"59503",-7319.77066457598,"NRI_P156",25
"59504",-4010.03733457596,"NRI_P156",50
"59505",-6870.63950457599,"NRI_P156",100
"59506",-3591.37703457597,"NRI_P156",25
"59507",-842.016674575978,"NRI_P156",50
"59508",-4973.25280457601,"NRI_P156",100
"59509",-180.843944575987,"NRI_P156",25
"59510",-3472.61713457596,"NRI_P156",50
"59511",-11691.080604576,"NRI_P156",100
"59512",10074.921095424,"NRI_P156",25
"59513",2491.696805424,"NRI_P156",50
"59514",-64.2221245759865,"NRI_P156",100
"59515",179.244905424013,"NRI_P156",25
"59516",-4479.54948457598,"NRI_P156",50
"59517",339.707405424037,"NRI_P156",100
"59518",15041.581245424,"NRI_P156",25
"59519",-4657.91493457597,"NRI_P156",50
"59520",-6467.93950457597,"NRI_P156",100
"59521",2690.494345424,"NRI_P156",25
"59522",1532.53705542401,"NRI_P156",50
"59523",-5744.02003457601,"NRI_P156",100
"59524",7559.60069542401,"NRI_P156",25
"59525",820.714085424028,"NRI_P156",50
"59526",-11811.396524576,"NRI_P156",100
"59527",-4047.32736457599,"NRI_P156",25
"59528",-647.703124576015,"NRI_P156",50
"59529",-2067.60642457596,"NRI_P156",100
"59530",202.441635424038,"NRI_P156",25
"59531",11638.315865424,"NRI_P156",50
"59532",-2234.27690457599,"NRI_P156",100
"59533",-4033.42551457597,"NRI_P156",25
"59534",-4858.205584576,"NRI_P156",50
"59535",-1160.59757457598,"NRI_P156",100
"59536",-3422.67587457597,"NRI_P156",25
"59537",-9070.260814576,"NRI_P156",50
"59538",-6419.12700457597,"NRI_P156",100
"59539",-4011.38986457599,"NRI_P156",25
"59540",-582.738154575985,"NRI_P156",50
"59541",-203.963344576012,"NRI_P156",100
"59542",14061.174185424,"NRI_P156",25
"59543",-4776.18139457598,"NRI_P156",50
"59544",-2630.64846457599,"NRI_P156",100
"59545",-3591.802384576,"NRI_P156",25
"59546",-10990.141764576,"NRI_P156",50
"59547",8345.64425542403,"NRI_P156",100
"59548",-3060.389674576,"NRI_P156",25
"59549",845.961365424038,"NRI_P156",50
"59550",-4062.14925457601,"NRI_P156",100
"59551",4764.99312542402,"NRI_P156",25
"59552",-1839.28143457597,"NRI_P156",50
"59553",631.732555424038,"NRI_P156",100
"59554",-2059.742154576,"NRI_P156",25
"59555",-9365.24646457599,"NRI_P156",50
"59556",-6083.58784457599,"NRI_P156",100
"59557",899.828785424004,"NRI_P156",25
"59558",8507.45069542399,"NRI_P156",50
"59559",1400.38983542402,"NRI_P156",100
"59560",-4967.27254457597,"NRI_P156",25
"59561",-1476.41974457598,"NRI_P156",50
"59562",-3377.68223457597,"NRI_P156",100
"59563",-953.022194575984,"NRI_P156",25
"59564",-7005.52694457601,"NRI_P156",50
"59565",-3954.73724457598,"NRI_P156",100
"59566",184.284195423999,"NRI_P156",25
"59567",-2545.99110457598,"NRI_P156",50
"59568",3788.453715424,"NRI_P156",100
"59569",-341.882974575972,"NRI_P156",25
"59570",-595.255484575988,"NRI_P156",50
"59571",8258.01046542398,"NRI_P156",100
"59572",-480.217394576001,"NRI_P156",25
"59573",-7038.91428457596,"NRI_P156",50
"59574",5280.19676542399,"NRI_P156",100
"59575",3128.41361542401,"NRI_P156",25
"59576",-11395.478244576,"NRI_P156",50
"59577",-4142.91130457597,"NRI_P156",100
"59578",-4689.663754576,"NRI_P156",25
"59579",-6499.13845457596,"NRI_P156",50
"59580",14742.881885424,"NRI_P156",100
"59581",3900.63322542404,"NRI_P156",25
"59582",-1774.70133457601,"NRI_P156",50
"59583",-6280.95120457601,"NRI_P156",100
"59584",-3212.70451457601,"NRI_P156",25
"59585",-3893.56336457597,"NRI_P156",50
"59586",-2264.99560457596,"NRI_P156",100
"59587",-4131.83409457601,"NRI_P156",25
"59588",-8701.10333457601,"NRI_P156",50
"59589",-208.151014575968,"NRI_P156",100
"59590",-2978.86614457599,"NRI_P156",25
"59591",2169.95323542401,"NRI_P156",50
"59592",-4905.438544576,"NRI_P156",100
"59593",8612.45257542399,"NRI_P156",25
"59594",1210.76291542401,"NRI_P156",50
"59595",-2156.19832457596,"NRI_P156",100
"59596",-2059.684714576,"NRI_P156",25
"59597",2300.90921542404,"NRI_P156",50
"59598",-984.153824576002,"NRI_P156",100
"59599",1607.07956542401,"NRI_P156",25
"59600",-4945.06031457597,"NRI_P156",50
"59601",-2374.18476457597,"NRI_P156",100
"59602",-1401.75667457597,"NRI_P156",25
"59603",-831.739014576015,"NRI_P156",50
"59604",-8001.38102457597,"NRI_P156",100
"59605",9903.76521542401,"NRI_P156",25
"59606",52.5976054240018,"NRI_P156",50
"59607",7850.48144542403,"NRI_P156",100
"59608",-385.15774457599,"NRI_P156",25
"59609",-1308.10304457601,"NRI_P156",50
"59610",-311.892644575972,"NRI_P156",100
"59611",-5762.60789457598,"NRI_P156",25
"59612",-8453.04591457598,"NRI_P156",50
"59613",-4238.255524576,"NRI_P156",100
"59614",-530.556694575993,"NRI_P156",25
"59615",1538.96826542402,"NRI_P156",50
"59616",4644.34615542402,"NRI_P156",100
"59617",-1348.85517457599,"NRI_P156",25
"59618",-1314.32304457598,"NRI_P156",50
"59619",4846.55745542399,"NRI_P156",100
"59620",5094.43715542404,"NRI_P156",25
"59621",-4280.24926457601,"NRI_P156",50
"59622",1275.04666542402,"NRI_P156",100
"59623",-66.473344575963,"NRI_P156",25
"59624",4263.080145424,"NRI_P156",50
"59625",-964.300154575962,"NRI_P156",100
"59626",-8259.44021457597,"NRI_P156",25
"59627",-4747.70674457599,"NRI_P156",50
"59628",13205.852535424,"NRI_P156",100
"59629",-2814.59090457601,"NRI_P156",25
"59630",-2201.02951457596,"NRI_P156",50
"59631",8234.270015424,"NRI_P156",100
"59632",-2196.56846457598,"NRI_P156",25
"59633",3118.087055424,"NRI_P156",50
"59634",-3031.03075457597,"NRI_P156",100
"59635",2153.38418542402,"NRI_P156",25
"59636",32.9980954240309,"NRI_P156",50
"59637",4825.76811542403,"NRI_P156",100
"59638",468.322125423991,"NRI_P156",25
"59639",-4538.40018457599,"NRI_P156",50
"59640",-7106.831944576,"NRI_P156",100
"59641",-597.881554575986,"NRI_P156",25
"59642",-4118.58167457598,"NRI_P156",50
"59643",-1714.419204576,"NRI_P156",100
"59644",22611.758265424,"NRI_P156",25
"59645",-9227.38644457597,"NRI_P156",50
"59646",-598.555484575976,"NRI_P156",100
"59647",3682.77445542399,"NRI_P156",25
"59648",-3625.53470457601,"NRI_P156",50
"59649",-3168.55778457597,"NRI_P156",100
"59650",-991.807944575965,"NRI_P156",25
"59651",197.709225424042,"NRI_P156",50
"59652",1576.41077542404,"NRI_P156",100
"59653",-588.978604575968,"NRI_P156",25
"59654",-3582.95380457601,"NRI_P156",50
"59655",3345.95191542403,"NRI_P156",100
"59656",-2482.466064576,"NRI_P156",25
"59657",2686.423765424,"NRI_P156",50
"59658",-4243.65743457602,"NRI_P156",100
"59659",-2971.219534576,"NRI_P156",25
"59660",-1609.61826457601,"NRI_P156",50
"59661",-2188.39219457598,"NRI_P156",100
"59662",1616.85273542401,"NRI_P156",25
"59663",-3302.17044457601,"NRI_P156",50
"59664",-4731.52839457599,"NRI_P156",100
"59665",2493.80526542402,"NRI_P156",25
"59666",-6030.95615457598,"NRI_P156",50
"59667",-1853.01229457598,"NRI_P156",100
"59668",460.330105423986,"NRI_P156",25
"59669",-4424.89591457602,"NRI_P156",50
"59670",-13974.937064576,"NRI_P156",100
"59671",5322.14799542399,"NRI_P156",25
"59672",-2229.31488457602,"NRI_P156",50
"59673",-3056.450164576,"NRI_P156",100
"59674",491.756325424009,"NRI_P156",25
"59675",-1513.38959457597,"NRI_P156",50
"59676",-9030.226774576,"NRI_P156",100
"59677",-3190.00236457598,"NRI_P156",25
"59678",-7047.81094457599,"NRI_P156",50
"59679",-77.2259345760103,"NRI_P156",100
"59680",-836.637144576001,"NRI_P156",25
"59681",-1884.28598457598,"NRI_P156",50
"59682",-4429.94175457599,"NRI_P156",100
"59683",5130.71235542401,"NRI_P156",25
"59684",342.10483542399,"NRI_P156",50
"59685",2234.46188542404,"NRI_P156",100
"59686",-8032.73450457602,"NRI_P156",25
"59687",9618.80919542402,"NRI_P156",50
"59688",-3153.76229457598,"NRI_P156",100
"59689",145.243065424031,"NRI_P156",25
"59690",1965.01166542404,"NRI_P156",50
"59691",-3651.40290457598,"NRI_P156",100
"59692",1895.66731542401,"NRI_P156",25
"59693",5882.56579542399,"NRI_P156",50
"59694",7042.65785542404,"NRI_P156",100
"59695",-2224.75773457601,"NRI_P156",25
"59696",-214.427694575978,"NRI_P156",50
"59697",8016.23949542403,"NRI_P156",100
"59698",9567.68174542399,"NRI_P156",25
"59699",-2074.45662457601,"NRI_P156",50
"59700",-2935.68740457599,"NRI_P156",100
"59701",1271.16792779899,"NRI_P159",25
"59702",2514.18460779899,"NRI_P159",50
"59703",5733.88816779898,"NRI_P159",100
"59704",-3683.81020220101,"NRI_P159",25
"59705",5294.64081779902,"NRI_P159",50
"59706",-1821.530922201,"NRI_P159",100
"59707",-32.2838422009954,"NRI_P159",25
"59708",3810.95137779898,"NRI_P159",50
"59709",16977.831367799,"NRI_P159",100
"59710",-1496.38244220102,"NRI_P159",25
"59711",23772.776617799,"NRI_P159",50
"59712",11741.028977799,"NRI_P159",100
"59713",-6434.11866220098,"NRI_P159",25
"59714",2736.75290779897,"NRI_P159",50
"59715",10620.157897799,"NRI_P159",100
"59716",1378.97790779901,"NRI_P159",25
"59717",-1557.40041220101,"NRI_P159",50
"59718",6557.95894779899,"NRI_P159",100
"59719",-4014.13747220102,"NRI_P159",25
"59720",17684.250307799,"NRI_P159",50
"59721",-7188.76266220101,"NRI_P159",100
"59722",2023.69105779898,"NRI_P159",25
"59723",2329.07706779899,"NRI_P159",50
"59724",-184.09598220099,"NRI_P159",100
"59725",4027.11930779897,"NRI_P159",25
"59726",13744.202597799,"NRI_P159",50
"59727",8803.25773779902,"NRI_P159",100
"59728",8839.50004779903,"NRI_P159",25
"59729",-1137.53147220099,"NRI_P159",50
"59730",-5735.79975220101,"NRI_P159",100
"59731",5693.01486779901,"NRI_P159",25
"59732",5044.09541779902,"NRI_P159",50
"59733",-5614.02166220098,"NRI_P159",100
"59734",5480.11003779899,"NRI_P159",25
"59735",6801.80611779902,"NRI_P159",50
"59736",1887.14723779901,"NRI_P159",100
"59737",3842.37815779902,"NRI_P159",25
"59738",1075.23229779903,"NRI_P159",50
"59739",-1788.74962220102,"NRI_P159",100
"59740",4054.79646779899,"NRI_P159",25
"59741",12208.569637799,"NRI_P159",50
"59742",-4169.73148220102,"NRI_P159",100
"59743",168.703827799007,"NRI_P159",25
"59744",5689.202557799,"NRI_P159",50
"59745",3259.64051779901,"NRI_P159",100
"59746",9805.57471779903,"NRI_P159",25
"59747",4918.22113779897,"NRI_P159",50
"59748",2896.04447779898,"NRI_P159",100
"59749",5021.34895779903,"NRI_P159",25
"59750",1383.345827799,"NRI_P159",50
"59751",10713.935157799,"NRI_P159",100
"59752",2462.66397779901,"NRI_P159",25
"59753",11750.064377799,"NRI_P159",50
"59754",14188.549827799,"NRI_P159",100
"59755",-2360.47309220099,"NRI_P159",25
"59756",-3720.99358220102,"NRI_P159",50
"59757",8384.14569779899,"NRI_P159",100
"59758",4788.61466779897,"NRI_P159",25
"59759",-102.659242201014,"NRI_P159",50
"59760",5831.71315779898,"NRI_P159",100
"59761",-5720.39616220101,"NRI_P159",25
"59762",-4953.60167220101,"NRI_P159",50
"59763",9070.26800779899,"NRI_P159",100
"59764",1555.80190779897,"NRI_P159",25
"59765",-1529.50524220098,"NRI_P159",50
"59766",-749.391882201016,"NRI_P159",100
"59767",1286.04584779899,"NRI_P159",25
"59768",-1657.84792220098,"NRI_P159",50
"59769",7891.959177799,"NRI_P159",100
"59770",7315.34485779901,"NRI_P159",25
"59771",4705.160437799,"NRI_P159",50
"59772",5522.06433779898,"NRI_P159",100
"59773",694.362457799027,"NRI_P159",25
"59774",-4388.48300220101,"NRI_P159",50
"59775",163.438237798982,"NRI_P159",100
"59776",6006.31065779901,"NRI_P159",25
"59777",6988.402907799,"NRI_P159",50
"59778",11189.176147799,"NRI_P159",100
"59779",7202.93329779903,"NRI_P159",25
"59780",-1815.80226220097,"NRI_P159",50
"59781",6567.05278779898,"NRI_P159",100
"59782",-890.352482201008,"NRI_P159",25
"59783",5156.26241779898,"NRI_P159",50
"59784",20415.769257799,"NRI_P159",100
"59785",6468.37518779899,"NRI_P159",25
"59786",14838.970417799,"NRI_P159",50
"59787",-2979.956612201,"NRI_P159",100
"59788",-4872.79508220102,"NRI_P159",25
"59789",9472.145737799,"NRI_P159",50
"59790",4934.91405779897,"NRI_P159",100
"59791",-1146.59741220099,"NRI_P159",25
"59792",-3761.05387220101,"NRI_P159",50
"59793",-4542.47236220102,"NRI_P159",100
"59794",-1963.53909220098,"NRI_P159",25
"59795",-6287.62910220103,"NRI_P159",50
"59796",29588.603587799,"NRI_P159",100
"59797",-1649.62337220099,"NRI_P159",25
"59798",1413.19563779898,"NRI_P159",50
"59799",-3316.200542201,"NRI_P159",100
"59800",2934.95261779899,"NRI_P159",25
"59801",514.597467798973,"NRI_P159",50
"59802",-5760.053672201,"NRI_P159",100
"59803",10987.468637799,"NRI_P159",25
"59804",-1040.48959220102,"NRI_P159",50
"59805",14532.967657799,"NRI_P159",100
"59806",6916.03996779898,"NRI_P159",25
"59807",1035.40655779903,"NRI_P159",50
"59808",11984.507097799,"NRI_P159",100
"59809",-2613.63306220103,"NRI_P159",25
"59810",-5374.16625220102,"NRI_P159",50
"59811",7041.741987799,"NRI_P159",100
"59812",-879.397802200983,"NRI_P159",25
"59813",7914.00497779902,"NRI_P159",50
"59814",5291.42021779902,"NRI_P159",100
"59815",446.036497798981,"NRI_P159",25
"59816",-3652.50715220103,"NRI_P159",50
"59817",11417.019567799,"NRI_P159",100
"59818",18110.147687799,"NRI_P159",25
"59819",4386.93727779901,"NRI_P159",50
"59820",2319.57584779902,"NRI_P159",100
"59821",11008.308707799,"NRI_P159",25
"59822",-457.842752201017,"NRI_P159",50
"59823",19306.301277799,"NRI_P159",100
"59824",-1580.70232220099,"NRI_P159",25
"59825",-2735.39562220097,"NRI_P159",50
"59826",11938.394137799,"NRI_P159",100
"59827",860.115127798985,"NRI_P159",25
"59828",13401.222807799,"NRI_P159",50
"59829",-3423.52634220099,"NRI_P159",100
"59830",2967.03721779899,"NRI_P159",25
"59831",2322.66728779901,"NRI_P159",50
"59832",2542.84133779898,"NRI_P159",100
"59833",503.337727799022,"NRI_P159",25
"59834",2012.554487799,"NRI_P159",50
"59835",-4944.40658220102,"NRI_P159",100
"59836",3414.33837779902,"NRI_P159",25
"59837",17357.561097799,"NRI_P159",50
"59838",4972.405117799,"NRI_P159",100
"59839",-3965.87799220101,"NRI_P159",25
"59840",4196.69381779898,"NRI_P159",50
"59841",-3733.82740220102,"NRI_P159",100
"59842",-3490.63305220101,"NRI_P159",25
"59843",8284.97106779902,"NRI_P159",50
"59844",4612.995067799,"NRI_P159",100
"59845",8893.288617799,"NRI_P159",25
"59846",-496.771132201015,"NRI_P159",50
"59847",-6462.50172220101,"NRI_P159",100
"59848",2901.648657799,"NRI_P159",25
"59849",-1121.09135220101,"NRI_P159",50
"59850",9560.46468779899,"NRI_P159",100
"59851",2174.46071779903,"NRI_P159",25
"59852",-1439.99455220101,"NRI_P159",50
"59853",-5065.94588220102,"NRI_P159",100
"59854",2856.343977799,"NRI_P159",25
"59855",1795.043387799,"NRI_P159",50
"59856",13329.579897799,"NRI_P159",100
"59857",2951.40158779902,"NRI_P159",25
"59858",1791.50852779899,"NRI_P159",50
"59859",4266.33148779901,"NRI_P159",100
"59860",5580.64914779901,"NRI_P159",25
"59861",5569.51218779897,"NRI_P159",50
"59862",7562.573727799,"NRI_P159",100
"59863",1853.982057799,"NRI_P159",25
"59864",6689.128017799,"NRI_P159",50
"59865",4057.92251779902,"NRI_P159",100
"59866",-1087.53757220099,"NRI_P159",25
"59867",-1973.545752201,"NRI_P159",50
"59868",6051.71749779902,"NRI_P159",100
"59869",-180.296242201002,"NRI_P159",25
"59870",4967.56993779901,"NRI_P159",50
"59871",-2639.205182201,"NRI_P159",100
"59872",-2061.60525220103,"NRI_P159",25
"59873",1221.23943779903,"NRI_P159",50
"59874",2878.86866779899,"NRI_P159",100
"59875",885.383377799008,"NRI_P159",25
"59876",-7931.15673220099,"NRI_P159",50
"59877",-3001.45095220098,"NRI_P159",100
"59878",2121.741887799,"NRI_P159",25
"59879",11922.457357799,"NRI_P159",50
"59880",8244.03322779899,"NRI_P159",100
"59881",3668.30191779899,"NRI_P159",25
"59882",-3911.79195220099,"NRI_P159",50
"59883",32927.135247799,"NRI_P159",100
"59884",-3179.629252201,"NRI_P159",25
"59885",807.499507798988,"NRI_P159",50
"59886",-281.515742201009,"NRI_P159",100
"59887",853.680147799023,"NRI_P159",25
"59888",864.895507798996,"NRI_P159",50
"59889",-1159.24167220102,"NRI_P159",100
"59890",5932.72029779898,"NRI_P159",25
"59891",17907.348247799,"NRI_P159",50
"59892",19728.225217799,"NRI_P159",100
"59893",-2543.94690220099,"NRI_P159",25
"59894",-1515.078722201,"NRI_P159",50
"59895",10233.267607799,"NRI_P159",100
"59896",2921.98399779899,"NRI_P159",25
"59897",6366.71921779902,"NRI_P159",50
"59898",18438.124117799,"NRI_P159",100
"59899",999.523177799012,"NRI_P159",25
"59900",6251.96218779898,"NRI_P159",50
"59901",2078.02788779902,"NRI_P159",100
"59902",782.001257798984,"NRI_P159",25
"59903",3840.454567799,"NRI_P159",50
"59904",6428.97297779901,"NRI_P159",100
"59905",-1055.064122201,"NRI_P159",25
"59906",7050.26075779903,"NRI_P159",50
"59907",5069.847257799,"NRI_P159",100
"59908",-1926.39133220102,"NRI_P159",25
"59909",-6113.68163220101,"NRI_P159",50
"59910",191.937817798986,"NRI_P159",100
"59911",2062.23495779902,"NRI_P159",25
"59912",-518.668212200981,"NRI_P159",50
"59913",19112.022347799,"NRI_P159",100
"59914",1983.900637799,"NRI_P159",25
"59915",2763.26251779898,"NRI_P159",50
"59916",2023.700677799,"NRI_P159",100
"59917",666.217927798978,"NRI_P159",25
"59918",6113.26941779902,"NRI_P159",50
"59919",1099.63015779899,"NRI_P159",100
"59920",-753.857922200987,"NRI_P159",25
"59921",15402.967117799,"NRI_P159",50
"59922",2273.23759779899,"NRI_P159",100
"59923",2297.54313779902,"NRI_P159",25
"59924",2763.46188779897,"NRI_P159",50
"59925",14633.978657799,"NRI_P159",100
"59926",4476.47992779902,"NRI_P159",25
"59927",9217.31344779901,"NRI_P159",50
"59928",3026.02665779903,"NRI_P159",100
"59929",333.761417798989,"NRI_P159",25
"59930",-4974.139082201,"NRI_P159",50
"59931",16825.445447799,"NRI_P159",100
"59932",2503.72870779899,"NRI_P159",25
"59933",319.627367798996,"NRI_P159",50
"59934",3415.94836779899,"NRI_P159",100
"59935",-559.61684220098,"NRI_P159",25
"59936",18423.236997799,"NRI_P159",50
"59937",12306.332507799,"NRI_P159",100
"59938",4333.046017799,"NRI_P159",25
"59939",10604.449587799,"NRI_P159",50
"59940",4609.65637779899,"NRI_P159",100
"59941",-1526.79430220101,"NRI_P159",25
"59942",1259.11280779901,"NRI_P159",50
"59943",8841.17399779899,"NRI_P159",100
"59944",-237.651922200981,"NRI_P159",25
"59945",2696.88387779897,"NRI_P159",50
"59946",-4135.80379220098,"NRI_P159",100
"59947",-1681.19543220103,"NRI_P159",25
"59948",1944.12553779897,"NRI_P159",50
"59949",-282.800682200992,"NRI_P159",100
"59950",523.434617799008,"NRI_P159",25
"59951",441.669217798975,"NRI_P159",50
"59952",3123.42623779899,"NRI_P159",100
"59953",1365.06585779903,"NRI_P159",25
"59954",5961.56507779902,"NRI_P159",50
"59955",-1489.85712220101,"NRI_P159",100
"59956",-2875.34356220101,"NRI_P159",25
"59957",8458.020607799,"NRI_P159",50
"59958",8809.09082779899,"NRI_P159",100
"59959",-1765.79132220102,"NRI_P159",25
"59960",6295.43841779901,"NRI_P159",50
"59961",13137.602987799,"NRI_P159",100
"59962",7816.13378779899,"NRI_P159",25
"59963",5854.64499779901,"NRI_P159",50
"59964",-2421.105592201,"NRI_P159",100
"59965",2980.79178779898,"NRI_P159",25
"59966",-3703.835472201,"NRI_P159",50
"59967",14586.778707799,"NRI_P159",100
"59968",2760.868057799,"NRI_P159",25
"59969",9298.58422779897,"NRI_P159",50
"59970",-4974.99255220097,"NRI_P159",100
"59971",997.670427798992,"NRI_P159",25
"59972",1425.56329779897,"NRI_P159",50
"59973",13105.954757799,"NRI_P159",100
"59974",-3023.78122220101,"NRI_P159",25
"59975",-3448.441392201,"NRI_P159",50
"59976",14490.816267799,"NRI_P159",100
"59977",-4027.80072220101,"NRI_P159",25
"59978",-1379.27462220099,"NRI_P159",50
"59979",1456.92733779899,"NRI_P159",100
"59980",1465.63803779898,"NRI_P159",25
"59981",5175.19888779899,"NRI_P159",50
"59982",1125.03850779898,"NRI_P159",100
"59983",5472.39802779898,"NRI_P159",25
"59984",2867.40870779898,"NRI_P159",50
"59985",623.161577799008,"NRI_P159",100
"59986",-5152.62027220102,"NRI_P159",25
"59987",-1184.10541220102,"NRI_P159",50
"59988",16299.825307799,"NRI_P159",100
"59989",-228.953432201,"NRI_P159",25
"59990",-2420.42203220102,"NRI_P159",50
"59991",-113.925812200992,"NRI_P159",100
"59992",640.80854779901,"NRI_P159",25
"59993",-2892.314252201,"NRI_P159",50
"59994",4396.786507799,"NRI_P159",100
"59995",-2999.83098220098,"NRI_P159",25
"59996",8559.469627799,"NRI_P159",50
"59997",1943.97117779899,"NRI_P159",100
"59998",1209.00364779902,"NRI_P159",25
"59999",24569.200197799,"NRI_P159",50
"60000",17946.577037799,"NRI_P159",100
"60001",623.138901628292,"NRI_P160",25
"60002",-847.109238371704,"NRI_P160",50
"60003",1129.5865216283,"NRI_P160",100
"60004",493.496361628298,"NRI_P160",25
"60005",-511.560658371702,"NRI_P160",50
"60006",2937.7456016283,"NRI_P160",100
"60007",-15.274158371707,"NRI_P160",25
"60008",4440.23715162829,"NRI_P160",50
"60009",-1216.4757083717,"NRI_P160",100
"60010",-723.331438371708,"NRI_P160",25
"60011",260.666921628297,"NRI_P160",50
"60012",3222.9410516283,"NRI_P160",100
"60013",-379.656788371707,"NRI_P160",25
"60014",-1001.84557837171,"NRI_P160",50
"60015",5724.5208416283,"NRI_P160",100
"60016",15.7975616282929,"NRI_P160",25
"60017",-257.578668371701,"NRI_P160",50
"60018",3479.6433816283,"NRI_P160",100
"60019",-625.777738371704,"NRI_P160",25
"60020",-321.011248371702,"NRI_P160",50
"60021",-82.4587883717031,"NRI_P160",100
"60022",28.526701628296,"NRI_P160",25
"60023",-44.8968183717079,"NRI_P160",50
"60024",-219.824078371705,"NRI_P160",100
"60025",3423.85544162829,"NRI_P160",25
"60026",-477.724438371704,"NRI_P160",50
"60027",6117.89587162829,"NRI_P160",100
"60028",-63.2752583717011,"NRI_P160",25
"60029",-89.9486783717075,"NRI_P160",50
"60030",-1063.72667837171,"NRI_P160",100
"60031",1912.22174162829,"NRI_P160",25
"60032",-538.810668371705,"NRI_P160",50
"60033",4935.0328916283,"NRI_P160",100
"60034",552.523101628292,"NRI_P160",25
"60035",454.773261628296,"NRI_P160",50
"60036",130.194421628294,"NRI_P160",100
"60037",-1040.2023383717,"NRI_P160",25
"60038",5409.7233616283,"NRI_P160",50
"60039",1533.8478216283,"NRI_P160",100
"60040",-687.472208371706,"NRI_P160",25
"60041",-59.6937483717047,"NRI_P160",50
"60042",27496.5828816283,"NRI_P160",100
"60043",462.175681628294,"NRI_P160",25
"60044",-114.205838371701,"NRI_P160",50
"60045",-777.319858371702,"NRI_P160",100
"60046",716.900461628298,"NRI_P160",25
"60047",40.6850516282939,"NRI_P160",50
"60048",150.410111628298,"NRI_P160",100
"60049",2685.02366162829,"NRI_P160",25
"60050",95.6526416282941,"NRI_P160",50
"60051",-836.403378371702,"NRI_P160",100
"60052",4519.9802416283,"NRI_P160",25
"60053",-1206.99283837171,"NRI_P160",50
"60054",11523.4229616283,"NRI_P160",100
"60055",-640.879758371702,"NRI_P160",25
"60056",-757.965388371704,"NRI_P160",50
"60057",1679.4851816283,"NRI_P160",100
"60058",-687.464088371707,"NRI_P160",25
"60059",-366.534948371707,"NRI_P160",50
"60060",-1215.98383837171,"NRI_P160",100
"60061",-361.148298371707,"NRI_P160",25
"60062",-586.354118371702,"NRI_P160",50
"60063",6.91807162829355,"NRI_P160",100
"60064",1183.75636162829,"NRI_P160",25
"60065",-602.913088371708,"NRI_P160",50
"60066",10509.7728316283,"NRI_P160",100
"60067",-71.2797183717048,"NRI_P160",25
"60068",2351.1741616283,"NRI_P160",50
"60069",-1177.8526383717,"NRI_P160",100
"60070",112.453541628296,"NRI_P160",25
"60071",5150.8717416283,"NRI_P160",50
"60072",626.693931628295,"NRI_P160",100
"60073",11668.0650316283,"NRI_P160",25
"60074",-97.2808183717061,"NRI_P160",50
"60075",1368.3524616283,"NRI_P160",100
"60076",166.715211628296,"NRI_P160",25
"60077",66.5846516282982,"NRI_P160",50
"60078",-807.800928371704,"NRI_P160",100
"60079",709.002501628296,"NRI_P160",25
"60080",1885.72651162829,"NRI_P160",50
"60081",1680.9284816283,"NRI_P160",100
"60082",381.473851628296,"NRI_P160",25
"60083",-244.588218371704,"NRI_P160",50
"60084",-298.638718371702,"NRI_P160",100
"60085",-687.472208371706,"NRI_P160",25
"60086",96.1218816282926,"NRI_P160",50
"60087",-742.324018371706,"NRI_P160",100
"60088",767.627001628294,"NRI_P160",25
"60089",11691.0510516283,"NRI_P160",50
"60090",-52.193958371703,"NRI_P160",100
"60091",187.749761628293,"NRI_P160",25
"60092",-386.808428371703,"NRI_P160",50
"60093",1271.19223162829,"NRI_P160",100
"60094",147.255401628296,"NRI_P160",25
"60095",-550.745158371705,"NRI_P160",50
"60096",-822.336698371706,"NRI_P160",100
"60097",-533.349048371703,"NRI_P160",25
"60098",-808.527558371701,"NRI_P160",50
"60099",299.845791628293,"NRI_P160",100
"60100",422.608281628294,"NRI_P160",25
"60101",889.936481628298,"NRI_P160",50
"60102",91.1246616282951,"NRI_P160",100
"60103",2390.13936162829,"NRI_P160",25
"60104",1504.1058616283,"NRI_P160",50
"60105",733.350291628296,"NRI_P160",100
"60106",-431.802098371707,"NRI_P160",25
"60107",-830.002978371704,"NRI_P160",50
"60108",3973.35385162829,"NRI_P160",100
"60109",-168.660098371707,"NRI_P160",25
"60110",-1.14469837170327,"NRI_P160",50
"60111",1906.19953162829,"NRI_P160",100
"60112",11074.2715616283,"NRI_P160",25
"60113",-41.0975483717048,"NRI_P160",50
"60114",-63.4231283717018,"NRI_P160",100
"60115",833.448041628297,"NRI_P160",25
"60116",808.573541628299,"NRI_P160",50
"60117",199.706001628292,"NRI_P160",100
"60118",163.805101628299,"NRI_P160",25
"60119",34310.7008016283,"NRI_P160",50
"60120",1328.5433816283,"NRI_P160",100
"60121",-191.234748371702,"NRI_P160",25
"60122",2507.7506616283,"NRI_P160",50
"60123",-915.818268371702,"NRI_P160",100
"60124",-122.379738371703,"NRI_P160",25
"60125",1310.5079816283,"NRI_P160",50
"60126",-1425.2604283717,"NRI_P160",100
"60127",39.036901628293,"NRI_P160",25
"60128",2514.0905216283,"NRI_P160",50
"60129",1860.1961316283,"NRI_P160",100
"60130",5919.5159616283,"NRI_P160",25
"60131",-102.984118371707,"NRI_P160",50
"60132",8140.6531616283,"NRI_P160",100
"60133",-467.050528371707,"NRI_P160",25
"60134",263.400411628296,"NRI_P160",50
"60135",10469.5456616283,"NRI_P160",100
"60136",41.944001628297,"NRI_P160",25
"60137",-871.833698371702,"NRI_P160",50
"60138",-657.857728371702,"NRI_P160",100
"60139",-195.165618371706,"NRI_P160",25
"60140",105.316161628296,"NRI_P160",50
"60141",3575.7577316283,"NRI_P160",100
"60142",2693.3616616283,"NRI_P160",25
"60143",-304.672348371707,"NRI_P160",50
"60144",3370.2637216283,"NRI_P160",100
"60145",662.084561628297,"NRI_P160",25
"60146",-1062.88905837171,"NRI_P160",50
"60147",594.395381628296,"NRI_P160",100
"60148",-382.861198371706,"NRI_P160",25
"60149",-296.964658371704,"NRI_P160",50
"60150",10405.1273216283,"NRI_P160",100
"60151",-162.860468371706,"NRI_P160",25
"60152",11748.2872816283,"NRI_P160",50
"60153",261.049021628292,"NRI_P160",100
"60154",-877.028058371703,"NRI_P160",25
"60155",1257.2712716283,"NRI_P160",50
"60156",1246.31908162829,"NRI_P160",100
"60157",-129.027308371704,"NRI_P160",25
"60158",271.149731628298,"NRI_P160",50
"60159",4488.3101016283,"NRI_P160",100
"60160",710.468941628293,"NRI_P160",25
"60161",-569.557838371707,"NRI_P160",50
"60162",-162.362938371705,"NRI_P160",100
"60163",-453.011338371703,"NRI_P160",25
"60164",274.913221628296,"NRI_P160",50
"60165",-55.9580883717063,"NRI_P160",100
"60166",54.7561716282944,"NRI_P160",25
"60167",-153.118088371702,"NRI_P160",50
"60168",-90.6215183717068,"NRI_P160",100
"60169",-207.817738371705,"NRI_P160",25
"60170",4006.64200162829,"NRI_P160",50
"60171",1635.6314416283,"NRI_P160",100
"60172",-112.949058371705,"NRI_P160",25
"60173",-175.930588371702,"NRI_P160",50
"60174",1094.80238162829,"NRI_P160",100
"60175",840.201741628298,"NRI_P160",25
"60176",-38.5113383717035,"NRI_P160",50
"60177",279.926111628294,"NRI_P160",100
"60178",1878.7646416283,"NRI_P160",25
"60179",812.448391628299,"NRI_P160",50
"60180",227.314471628299,"NRI_P160",100
"60181",1843.23968162829,"NRI_P160",25
"60182",-405.726758371704,"NRI_P160",50
"60183",-508.016348371704,"NRI_P160",100
"60184",-277.824128371707,"NRI_P160",25
"60185",2341.24508162829,"NRI_P160",50
"60186",6119.58737162829,"NRI_P160",100
"60187",-417.317028371705,"NRI_P160",25
"60188",-74.6422883717023,"NRI_P160",50
"60189",2738.53088162829,"NRI_P160",100
"60190",3861.6248616283,"NRI_P160",25
"60191",5316.13678162829,"NRI_P160",50
"60192",3617.6303416283,"NRI_P160",100
"60193",941.395441628294,"NRI_P160",25
"60194",129.940481628299,"NRI_P160",50
"60195",3842.60720162829,"NRI_P160",100
"60196",-847.269328371702,"NRI_P160",25
"60197",2363.0790616283,"NRI_P160",50
"60198",3843.98474162829,"NRI_P160",100
"60199",-776.251978371707,"NRI_P160",25
"60200",-199.962788371704,"NRI_P160",50
"60201",12304.7154716283,"NRI_P160",100
"60202",-766.627948371708,"NRI_P160",25
"60203",-839.333048371707,"NRI_P160",50
"60204",754.541961628296,"NRI_P160",100
"60205",-51.5254683717067,"NRI_P160",25
"60206",1205.8265216283,"NRI_P160",50
"60207",2139.4853716283,"NRI_P160",100
"60208",995.992501628294,"NRI_P160",25
"60209",1864.5416216283,"NRI_P160",50
"60210",-1008.1361883717,"NRI_P160",100
"60211",-1283.12138837171,"NRI_P160",25
"60212",1298.8814816283,"NRI_P160",50
"60213",2921.90206162829,"NRI_P160",100
"60214",551.419101628293,"NRI_P160",25
"60215",-661.938028371704,"NRI_P160",50
"60216",3657.73141162829,"NRI_P160",100
"60217",82.293591628295,"NRI_P160",25
"60218",-386.659958371703,"NRI_P160",50
"60219",5642.31559162829,"NRI_P160",100
"60220",1381.3840416283,"NRI_P160",25
"60221",1655.3054616283,"NRI_P160",50
"60222",-1166.14616837171,"NRI_P160",100
"60223",-25.0137883717034,"NRI_P160",25
"60224",1774.73794162829,"NRI_P160",50
"60225",949.437771628298,"NRI_P160",100
"60226",183.727121628297,"NRI_P160",25
"60227",-382.369318371704,"NRI_P160",50
"60228",757.369051628295,"NRI_P160",100
"60229",-22.7388183717048,"NRI_P160",25
"60230",3731.3979916283,"NRI_P160",50
"60231",2494.5336416283,"NRI_P160",100
"60232",105.575391628292,"NRI_P160",25
"60233",1801.06106162829,"NRI_P160",50
"60234",-854.235618371706,"NRI_P160",100
"60235",-580.259388371705,"NRI_P160",25
"60236",-777.989198371703,"NRI_P160",50
"60237",6580.40180162829,"NRI_P160",100
"60238",10771.4769216283,"NRI_P160",25
"60239",-1035.4041983717,"NRI_P160",50
"60240",-1043.7773283717,"NRI_P160",100
"60241",-290.108688371707,"NRI_P160",25
"60242",336.534941628299,"NRI_P160",50
"60243",1652.47277162829,"NRI_P160",100
"60244",-534.228938371707,"NRI_P160",25
"60245",1113.8540116283,"NRI_P160",50
"60246",-827.633598371707,"NRI_P160",100
"60247",13086.5182816283,"NRI_P160",25
"60248",-829.625798371708,"NRI_P160",50
"60249",1072.52588162829,"NRI_P160",100
"60250",10774.3562416283,"NRI_P160",25
"60251",2.6626816282951,"NRI_P160",50
"60252",16.6274416282977,"NRI_P160",100
"60253",510.533801628299,"NRI_P160",25
"60254",-324.699758371702,"NRI_P160",50
"60255",7575.97543162829,"NRI_P160",100
"60256",-778.771408371707,"NRI_P160",25
"60257",2727.0822416283,"NRI_P160",50
"60258",-782.259518371706,"NRI_P160",100
"60259",-267.934338371706,"NRI_P160",25
"60260",12044.6285816283,"NRI_P160",50
"60261",12328.1455916283,"NRI_P160",100
"60262",-96.4831583717023,"NRI_P160",25
"60263",178.594731628298,"NRI_P160",50
"60264",-484.025408371701,"NRI_P160",100
"60265",-260.466258371707,"NRI_P160",25
"60266",1062.1490016283,"NRI_P160",50
"60267",1160.86146162829,"NRI_P160",100
"60268",165.168561628292,"NRI_P160",25
"60269",2904.93161162829,"NRI_P160",50
"60270",557.255431628299,"NRI_P160",100
"60271",407.513901628292,"NRI_P160",25
"60272",949.962681628298,"NRI_P160",50
"60273",-188.775768371706,"NRI_P160",100
"60274",263.378901628297,"NRI_P160",25
"60275",-185.234018371702,"NRI_P160",50
"60276",-323.799158371701,"NRI_P160",100
"60277",558.379371628296,"NRI_P160",25
"60278",4505.78991162829,"NRI_P160",50
"60279",204.593731628294,"NRI_P160",100
"60280",-289.706698371701,"NRI_P160",25
"60281",-1140.1556183717,"NRI_P160",50
"60282",2981.4296216283,"NRI_P160",100
"60283",301.789561628299,"NRI_P160",25
"60284",1250.80644162829,"NRI_P160",50
"60285",-1248.2946483717,"NRI_P160",100
"60286",-324.353408371702,"NRI_P160",25
"60287",-608.474478371703,"NRI_P160",50
"60288",6825.86462162829,"NRI_P160",100
"60289",-385.405518371706,"NRI_P160",25
"60290",-1014.8816983717,"NRI_P160",50
"60291",-1190.8618983717,"NRI_P160",100
"60292",988.777541628297,"NRI_P160",25
"60293",-1001.28210837171,"NRI_P160",50
"60294",-1174.07386837171,"NRI_P160",100
"60295",772.943561628294,"NRI_P160",25
"60296",-855.616348371703,"NRI_P160",50
"60297",17604.3063116283,"NRI_P160",100
"60298",1329.36920162829,"NRI_P160",25
"60299",37.0972316282932,"NRI_P160",50
"60300",8634.3176916283,"NRI_P160",100
"60301",194.432677169971,"NRI_P161",25
"60302",-29240.83135283,"NRI_P161",50
"60303",-34508.34196283,"NRI_P161",100
"60304",-4404.95849282999,"NRI_P161",25
"60305",-12106.83056283,"NRI_P161",50
"60306",-38787.55208283,"NRI_P161",100
"60307",-7400.94472283003,"NRI_P161",25
"60308",-30390.92384283,"NRI_P161",50
"60309",-39591.08950283,"NRI_P161",100
"60310",-2550.77591283002,"NRI_P161",25
"60311",-27255.43770283,"NRI_P161",50
"60312",-38097.04049283,"NRI_P161",100
"60313",-6376.31184282998,"NRI_P161",25
"60314",-5102.78000283003,"NRI_P161",50
"60315",-31362.82960283,"NRI_P161",100
"60316",-11492.14948283,"NRI_P161",25
"60317",-13777.17716283,"NRI_P161",50
"60318",-39519.55219283,"NRI_P161",100
"60319",-2921.62066283001,"NRI_P161",25
"60320",-22671.09291283,"NRI_P161",50
"60321",-36873.74598283,"NRI_P161",100
"60322",-12850.66239283,"NRI_P161",25
"60323",-26786.98264283,"NRI_P161",50
"60324",-38437.34875283,"NRI_P161",100
"60325",-6922.76028282999,"NRI_P161",25
"60326",-27775.83771283,"NRI_P161",50
"60327",-40824.05590283,"NRI_P161",100
"60328",-2970.09299282997,"NRI_P161",25
"60329",-16227.73465283,"NRI_P161",50
"60330",-36236.72925283,"NRI_P161",100
"60331",-6739.70109282999,"NRI_P161",25
"60332",-11611.70236283,"NRI_P161",50
"60333",-24573.83987283,"NRI_P161",100
"60334",-16308.77205283,"NRI_P161",25
"60335",-16346.62355283,"NRI_P161",50
"60336",-40737.24117283,"NRI_P161",100
"60337",-10134.98585283,"NRI_P161",25
"60338",-22731.79228283,"NRI_P161",50
"60339",-33868.75274283,"NRI_P161",100
"60340",-14373.29609283,"NRI_P161",25
"60341",-17237.09314283,"NRI_P161",50
"60342",-19108.96829283,"NRI_P161",100
"60343",-5433.61970282998,"NRI_P161",25
"60344",-15352.60295283,"NRI_P161",50
"60345",-35351.02175283,"NRI_P161",100
"60346",-7470.39467283001,"NRI_P161",25
"60347",-9019.95990283001,"NRI_P161",50
"60348",-35342.46374283,"NRI_P161",100
"60349",12.262117169972,"NRI_P161",25
"60350",-14055.21611283,"NRI_P161",50
"60351",-31020.21636283,"NRI_P161",100
"60352",20962.24667717,"NRI_P161",25
"60353",-21965.38352283,"NRI_P161",50
"60354",-41222.29553283,"NRI_P161",100
"60355",-9192.48932282999,"NRI_P161",25
"60356",-22137.55850283,"NRI_P161",50
"60357",-35279.37283283,"NRI_P161",100
"60358",-14726.84268283,"NRI_P161",25
"60359",-16294.14182283,"NRI_P161",50
"60360",-34984.30325283,"NRI_P161",100
"60361",-20686.11450283,"NRI_P161",25
"60362",-5676.77591283002,"NRI_P161",50
"60363",-34741.23381283,"NRI_P161",100
"60364",-9011.47089283,"NRI_P161",25
"60365",-12781.93947283,"NRI_P161",50
"60366",-31816.38810283,"NRI_P161",100
"60367",-2677.42872283002,"NRI_P161",25
"60368",-16354.08967283,"NRI_P161",50
"60369",-36826.91419283,"NRI_P161",100
"60370",-4018.25765282998,"NRI_P161",25
"60371",-19085.56606283,"NRI_P161",50
"60372",-37033.31872283,"NRI_P161",100
"60373",-12971.73227283,"NRI_P161",25
"60374",-10610.34196283,"NRI_P161",50
"60375",-39963.31868283,"NRI_P161",100
"60376",-17960.63551283,"NRI_P161",25
"60377",-12793.48432283,"NRI_P161",50
"60378",-36992.21124283,"NRI_P161",100
"60379",-3217.27052283002,"NRI_P161",25
"60380",-31422.68567283,"NRI_P161",50
"60381",-34554.64414283,"NRI_P161",100
"60382",-4481.79798283003,"NRI_P161",25
"60383",-10299.61902283,"NRI_P161",50
"60384",-39120.59164283,"NRI_P161",100
"60385",-4758.80647283001,"NRI_P161",25
"60386",10526.46743717,"NRI_P161",50
"60387",-31922.10006283,"NRI_P161",100
"60388",-14254.78735283,"NRI_P161",25
"60389",-21498.30705283,"NRI_P161",50
"60390",-37920.41382283,"NRI_P161",100
"60391",-6336.73910283,"NRI_P161",25
"60392",-13874.13822283,"NRI_P161",50
"60393",-32536.74579283,"NRI_P161",100
"60394",-10840.59023283,"NRI_P161",25
"60395",-6964.66337283002,"NRI_P161",50
"60396",-33672.12284283,"NRI_P161",100
"60397",4246.51775717002,"NRI_P161",25
"60398",-4533.14337283,"NRI_P161",50
"60399",-39586.10315283,"NRI_P161",100
"60400",-5722.20248282998,"NRI_P161",25
"60401",-17426.57864283,"NRI_P161",50
"60402",-35663.78439283,"NRI_P161",100
"60403",-13479.10454283,"NRI_P161",25
"60404",-24695.66086283,"NRI_P161",50
"60405",-37687.89714283,"NRI_P161",100
"60406",-6807.45202283002,"NRI_P161",25
"60407",-18255.81127283,"NRI_P161",50
"60408",-39250.13087283,"NRI_P161",100
"60409",-9150.83596282999,"NRI_P161",25
"60410",-35670.34328283,"NRI_P161",50
"60411",-38723.01273283,"NRI_P161",100
"60412",-3308.58360283001,"NRI_P161",25
"60413",-14642.46522283,"NRI_P161",50
"60414",-26650.97852283,"NRI_P161",100
"60415",-2393.35341282998,"NRI_P161",25
"60416",-973.781612830004,"NRI_P161",50
"60417",-31187.90594283,"NRI_P161",100
"60418",-17608.79983283,"NRI_P161",25
"60419",-31599.63466283,"NRI_P161",50
"60420",-30356.50941283,"NRI_P161",100
"60421",-7483.38772283,"NRI_P161",25
"60422",-21753.60481283,"NRI_P161",50
"60423",-26565.49361283,"NRI_P161",100
"60424",172.18479716999,"NRI_P161",25
"60425",-16994.03537283,"NRI_P161",50
"60426",-35688.75091283,"NRI_P161",100
"60427",-11179.09012283,"NRI_P161",25
"60428",-13282.25900283,"NRI_P161",50
"60429",-34971.98086283,"NRI_P161",100
"60430",-9562.97505283001,"NRI_P161",25
"60431",-35742.62320283,"NRI_P161",50
"60432",-33051.25250283,"NRI_P161",100
"60433",-2683.51018282998,"NRI_P161",25
"60434",-16976.86675283,"NRI_P161",50
"60435",-36588.12925283,"NRI_P161",100
"60436",-12659.58674283,"NRI_P161",25
"60437",-13187.73432283,"NRI_P161",50
"60438",-30056.00145283,"NRI_P161",100
"60439",-20025.57562283,"NRI_P161",25
"60440",-21901.90449283,"NRI_P161",50
"60441",-33295.19016283,"NRI_P161",100
"60442",-5814.49856282998,"NRI_P161",25
"60443",-17111.30758283,"NRI_P161",50
"60444",-31579.33461283,"NRI_P161",100
"60445",-11046.82676283,"NRI_P161",25
"60446",-6673.98627282999,"NRI_P161",50
"60447",-36357.60093283,"NRI_P161",100
"60448",-2266.32794282999,"NRI_P161",25
"60449",-10185.40801283,"NRI_P161",50
"60450",-38754.21052283,"NRI_P161",100
"60451",-6629.27132283,"NRI_P161",25
"60452",-21451.65587283,"NRI_P161",50
"60453",-12572.91535283,"NRI_P161",100
"60454",-11015.82975283,"NRI_P161",25
"60455",-10091.66749283,"NRI_P161",50
"60456",-38640.51015283,"NRI_P161",100
"60457",-10809.97656283,"NRI_P161",25
"60458",-12644.51144283,"NRI_P161",50
"60459",-37308.65754283,"NRI_P161",100
"60460",-1466.42357282998,"NRI_P161",25
"60461",-26026.15705283,"NRI_P161",50
"60462",-14928.70553283,"NRI_P161",100
"60463",-13041.72741283,"NRI_P161",25
"60464",-21053.10685283,"NRI_P161",50
"60465",-40889.46000283,"NRI_P161",100
"60466",-3785.52199282998,"NRI_P161",25
"60467",-9461.47322282998,"NRI_P161",50
"60468",-38214.99323283,"NRI_P161",100
"60469",-7564.30979283003,"NRI_P161",25
"60470",-23920.98364283,"NRI_P161",50
"60471",-30115.48527283,"NRI_P161",100
"60472",-1534.79097283003,"NRI_P161",25
"60473",-13433.39845283,"NRI_P161",50
"60474",-37429.15152283,"NRI_P161",100
"60475",-8349.35417283,"NRI_P161",25
"60476",10027.49136717,"NRI_P161",50
"60477",-38819.75219283,"NRI_P161",100
"60478",-7509.88112282997,"NRI_P161",25
"60479",-24803.53220283,"NRI_P161",50
"60480",-29731.67792283,"NRI_P161",100
"60481",-7990.16274283,"NRI_P161",25
"60482",-17323.33143283,"NRI_P161",50
"60483",-35820.99525283,"NRI_P161",100
"60484",-6485.15341283003,"NRI_P161",25
"60485",-13795.00181283,"NRI_P161",50
"60486",-38574.10727283,"NRI_P161",100
"60487",1911.48516717,"NRI_P161",25
"60488",-18808.64807283,"NRI_P161",50
"60489",-40248.70359283,"NRI_P161",100
"60490",-8707.86188282998,"NRI_P161",25
"60491",-21066.13642283,"NRI_P161",50
"60492",-35219.19172283,"NRI_P161",100
"60493",-576.717142830021,"NRI_P161",25
"60494",-10828.75996283,"NRI_P161",50
"60495",-39527.46428283,"NRI_P161",100
"60496",-17516.50645283,"NRI_P161",25
"60497",-19278.85279283,"NRI_P161",50
"60498",-39555.69605283,"NRI_P161",100
"60499",-8816.97710283002,"NRI_P161",25
"60500",144.624057170004,"NRI_P161",50
"60501",-20116.55101283,"NRI_P161",100
"60502",-12476.25425283,"NRI_P161",25
"60503",-12956.21871283,"NRI_P161",50
"60504",-36004.14052283,"NRI_P161",100
"60505",-5007.50106282998,"NRI_P161",25
"60506",-27497.32226283,"NRI_P161",50
"60507",-37592.88443283,"NRI_P161",100
"60508",-3787.92992283002,"NRI_P161",25
"60509",-15349.95032283,"NRI_P161",50
"60510",-36785.23697283,"NRI_P161",100
"60511",-8004.56445283,"NRI_P161",25
"60512",-9543.54740282998,"NRI_P161",50
"60513",-42271.57106283,"NRI_P161",100
"60514",-6065.89890283003,"NRI_P161",25
"60515",-23075.52436283,"NRI_P161",50
"60516",-33136.64455283,"NRI_P161",100
"60517",-10059.29191283,"NRI_P161",25
"60518",-6218.68812283,"NRI_P161",50
"60519",-36066.02524283,"NRI_P161",100
"60520",-5126.56020283001,"NRI_P161",25
"60521",-21889.25294283,"NRI_P161",50
"60522",-38449.72752283,"NRI_P161",100
"60523",9062.29156717,"NRI_P161",25
"60524",-27083.94156283,"NRI_P161",50
"60525",-32898.91533283,"NRI_P161",100
"60526",-4117.40015283,"NRI_P161",25
"60527",4632.54438717,"NRI_P161",50
"60528",-39560.14062283,"NRI_P161",100
"60529",-13689.01650283,"NRI_P161",25
"60530",-23153.75523283,"NRI_P161",50
"60531",-28149.03962283,"NRI_P161",100
"60532",-5011.46040282998,"NRI_P161",25
"60533",-13612.11390283,"NRI_P161",50
"60534",-38359.02792283,"NRI_P161",100
"60535",-6893.23114282999,"NRI_P161",25
"60536",-13390.70512283,"NRI_P161",50
"60537",-34604.85230283,"NRI_P161",100
"60538",-14877.42471283,"NRI_P161",25
"60539",-10076.17438283,"NRI_P161",50
"60540",-25205.15692283,"NRI_P161",100
"60541",-8087.09294283,"NRI_P161",25
"60542",-20120.90142283,"NRI_P161",50
"60543",-29283.72127283,"NRI_P161",100
"60544",-15894.01162283,"NRI_P161",25
"60545",-5003.38945283002,"NRI_P161",50
"60546",-41719.82261283,"NRI_P161",100
"60547",-21373.80724283,"NRI_P161",25
"60548",-18364.21633283,"NRI_P161",50
"60549",-35069.03155283,"NRI_P161",100
"60550",-12335.26622283,"NRI_P161",25
"60551",-18660.20224283,"NRI_P161",50
"60552",-31906.81702283,"NRI_P161",100
"60553",-9704.63322283002,"NRI_P161",25
"60554",-9139.20191283,"NRI_P161",50
"60555",-41020.68138283,"NRI_P161",100
"60556",-6120.26683282998,"NRI_P161",25
"60557",-16844.22416283,"NRI_P161",50
"60558",-21481.29350283,"NRI_P161",100
"60559",-4857.15990283003,"NRI_P161",25
"60560",-15034.34095283,"NRI_P161",50
"60561",-18083.71837283,"NRI_P161",100
"60562",13721.59493717,"NRI_P161",25
"60563",-4356.70683282998,"NRI_P161",50
"60564",-37368.67643283,"NRI_P161",100
"60565",-14853.75565283,"NRI_P161",25
"60566",-15462.63659283,"NRI_P161",50
"60567",-38595.30587283,"NRI_P161",100
"60568",8265.28918716998,"NRI_P161",25
"60569",-20397.65279283,"NRI_P161",50
"60570",-9055.72440283,"NRI_P161",100
"60571",-8099.65439282998,"NRI_P161",25
"60572",-18771.43969283,"NRI_P161",50
"60573",-37829.48399283,"NRI_P161",100
"60574",15188.67169717,"NRI_P161",25
"60575",-12051.65910283,"NRI_P161",50
"60576",-34392.52503283,"NRI_P161",100
"60577",-3740.77930282999,"NRI_P161",25
"60578",-15542.28868283,"NRI_P161",50
"60579",-36408.72434283,"NRI_P161",100
"60580",-4053.08098283003,"NRI_P161",25
"60581",-25525.43864283,"NRI_P161",50
"60582",-37687.05843283,"NRI_P161",100
"60583",-8987.94723282999,"NRI_P161",25
"60584",-10377.94548283,"NRI_P161",50
"60585",-14994.40017283,"NRI_P161",100
"60586",21111.42892717,"NRI_P161",25
"60587",-33940.85839283,"NRI_P161",50
"60588",-26453.88191283,"NRI_P161",100
"60589",-7233.42467282998,"NRI_P161",25
"60590",-13318.13262283,"NRI_P161",50
"60591",-40042.47776283,"NRI_P161",100
"60592",-3626.39954283001,"NRI_P161",25
"60593",-24732.39922283,"NRI_P161",50
"60594",-40927.08329283,"NRI_P161",100
"60595",-14745.64441283,"NRI_P161",25
"60596",-10588.47552283,"NRI_P161",50
"60597",-36126.34642283,"NRI_P161",100
"60598",-12657.51328283,"NRI_P161",25
"60599",-21246.00288283,"NRI_P161",50
"60600",-36660.82811283,"NRI_P161",100
"60601",-7337.132482121,"NRI_P162",25
"60602",15066.126957879,"NRI_P162",50
"60603",-14599.539832121,"NRI_P162",100
"60604",-16269.522292121,"NRI_P162",25
"60605",406.172657879011,"NRI_P162",50
"60606",-3993.23675212101,"NRI_P162",100
"60607",966.816327878973,"NRI_P162",25
"60608",-5012.39891212102,"NRI_P162",50
"60609",14807.564967879,"NRI_P162",100
"60610",8044.21956787899,"NRI_P162",25
"60611",14927.448557879,"NRI_P162",50
"60612",36844.306837879,"NRI_P162",100
"60613",-6307.72990212101,"NRI_P162",25
"60614",31395.694277879,"NRI_P162",50
"60615",-20014.482452121,"NRI_P162",100
"60616",-17235.226412121,"NRI_P162",25
"60617",-4174.121612121,"NRI_P162",50
"60618",-15273.426572121,"NRI_P162",100
"60619",1384.42159787897,"NRI_P162",25
"60620",-12477.206452121,"NRI_P162",50
"60621",10657.796307879,"NRI_P162",100
"60622",-605.175862120988,"NRI_P162",25
"60623",-7664.95928212098,"NRI_P162",50
"60624",-15255.591062121,"NRI_P162",100
"60625",-7405.50580212101,"NRI_P162",25
"60626",-9350.04089212097,"NRI_P162",50
"60627",4558.66679787898,"NRI_P162",100
"60628",2541.98647787899,"NRI_P162",25
"60629",-6996.60737212101,"NRI_P162",50
"60630",47737.199807879,"NRI_P162",100
"60631",1239.806187879,"NRI_P162",25
"60632",-30864.117942121,"NRI_P162",50
"60633",39977.836367879,"NRI_P162",100
"60634",-4979.35715212103,"NRI_P162",25
"60635",-678.732482120977,"NRI_P162",50
"60636",-12286.447982121,"NRI_P162",100
"60637",7762.42418787902,"NRI_P162",25
"60638",-8732.96581212099,"NRI_P162",50
"60639",67123.185847879,"NRI_P162",100
"60640",-6735.82636212098,"NRI_P162",25
"60641",-1986.77341212099,"NRI_P162",50
"60642",-5548.362852121,"NRI_P162",100
"60643",-4134.400912121,"NRI_P162",25
"60644",71704.232457879,"NRI_P162",50
"60645",13337.036107879,"NRI_P162",100
"60646",7523.858527879,"NRI_P162",25
"60647",-8649.12295212102,"NRI_P162",50
"60648",-6246.24624212098,"NRI_P162",100
"60649",-1180.63254212099,"NRI_P162",25
"60650",-15390.776672121,"NRI_P162",50
"60651",1998.43899787898,"NRI_P162",100
"60652",-5074.96511212102,"NRI_P162",25
"60653",-10530.460072121,"NRI_P162",50
"60654",-15843.694422121,"NRI_P162",100
"60655",6506.27335787902,"NRI_P162",25
"60656",71892.549437879,"NRI_P162",50
"60657",8798.95320787898,"NRI_P162",100
"60658",6048.491087879,"NRI_P162",25
"60659",-1698.28428212099,"NRI_P162",50
"60660",-1005.08674212103,"NRI_P162",100
"60661",3127.45264787902,"NRI_P162",25
"60662",63167.995557879,"NRI_P162",50
"60663",-2210.49253212102,"NRI_P162",100
"60664",-12428.122482121,"NRI_P162",25
"60665",-22975.304742121,"NRI_P162",50
"60666",-4793.52048212098,"NRI_P162",100
"60667",3471.442187879,"NRI_P162",25
"60668",2863.55679787899,"NRI_P162",50
"60669",54254.872497879,"NRI_P162",100
"60670",-2514.00947212102,"NRI_P162",25
"60671",9739.92934787902,"NRI_P162",50
"60672",-9583.82327212102,"NRI_P162",100
"60673",-8756.33449212101,"NRI_P162",25
"60674",2454.23505787901,"NRI_P162",50
"60675",-17796.253072121,"NRI_P162",100
"60676",10309.623417879,"NRI_P162",25
"60677",-16414.276022121,"NRI_P162",50
"60678",-14823.122562121,"NRI_P162",100
"60679",2038.368457879,"NRI_P162",25
"60680",4232.89061787899,"NRI_P162",50
"60681",-21473.709802121,"NRI_P162",100
"60682",3315.43078787898,"NRI_P162",25
"60683",21565.171547879,"NRI_P162",50
"60684",13025.238777879,"NRI_P162",100
"60685",697.736327879014,"NRI_P162",25
"60686",1707.27066787903,"NRI_P162",50
"60687",-11330.930462121,"NRI_P162",100
"60688",-3195.803042121,"NRI_P162",25
"60689",-12914.419262121,"NRI_P162",50
"60690",10786.455487879,"NRI_P162",100
"60691",-3598.89188212098,"NRI_P162",25
"60692",64542.607837879,"NRI_P162",50
"60693",78508.161637879,"NRI_P162",100
"60694",1920.19469787902,"NRI_P162",25
"60695",2077.61615787901,"NRI_P162",50
"60696",-25983.804852121,"NRI_P162",100
"60697",-1489.84960212099,"NRI_P162",25
"60698",-7152.47427212098,"NRI_P162",50
"60699",-8107.74902212102,"NRI_P162",100
"60700",-23083.427652121,"NRI_P162",25
"60701",4453.156167879,"NRI_P162",50
"60702",-3724.65146212099,"NRI_P162",100
"60703",-3761.99435212102,"NRI_P162",25
"60704",-9372.22725212103,"NRI_P162",50
"60705",9132.236707879,"NRI_P162",100
"60706",10215.623957879,"NRI_P162",25
"60707",19183.115617879,"NRI_P162",50
"60708",-15393.147202121,"NRI_P162",100
"60709",-13222.460002121,"NRI_P162",25
"60710",-12407.387072121,"NRI_P162",50
"60711",-1677.25101212098,"NRI_P162",100
"60712",2424.37721787899,"NRI_P162",25
"60713",-4948.52764212101,"NRI_P162",50
"60714",47892.216667879,"NRI_P162",100
"60715",-1256.28668212099,"NRI_P162",25
"60716",2077.68843787897,"NRI_P162",50
"60717",-25303.425112121,"NRI_P162",100
"60718",65231.162567879,"NRI_P162",25
"60719",-584.73524212098,"NRI_P162",50
"60720",1823.45040787902,"NRI_P162",100
"60721",3357.701497879,"NRI_P162",25
"60722",-1992.55477212102,"NRI_P162",50
"60723",13103.186827879,"NRI_P162",100
"60724",-6912.44389212102,"NRI_P162",25
"60725",-17821.568922121,"NRI_P162",50
"60726",-13692.807332121,"NRI_P162",100
"60727",-34.264192120987,"NRI_P162",25
"60728",5190.13449787901,"NRI_P162",50
"60729",-9957.53140212101,"NRI_P162",100
"60730",47370.854637879,"NRI_P162",25
"60731",2478.59945787903,"NRI_P162",50
"60732",-11174.635902121,"NRI_P162",100
"60733",-1145.30573212099,"NRI_P162",25
"60734",35152.338627879,"NRI_P162",50
"60735",73352.896787879,"NRI_P162",100
"60736",-2012.29115212098,"NRI_P162",25
"60737",4143.657237879,"NRI_P162",50
"60738",75714.068157879,"NRI_P162",100
"60739",5487.08903787902,"NRI_P162",25
"60740",32559.907617879,"NRI_P162",50
"60741",42506.487997879,"NRI_P162",100
"60742",61683.152927879,"NRI_P162",25
"60743",7029.64142787899,"NRI_P162",50
"60744",48769.181857879,"NRI_P162",100
"60745",4172.93857787899,"NRI_P162",25
"60746",5590.56582787901,"NRI_P162",50
"60747",-7734.45515212102,"NRI_P162",100
"60748",-451.723212120996,"NRI_P162",25
"60749",7332.01259787899,"NRI_P162",50
"60750",-14943.841202121,"NRI_P162",100
"60751",-6696.40564212098,"NRI_P162",25
"60752",6178.45093787898,"NRI_P162",50
"60753",-4162.09157212102,"NRI_P162",100
"60754",2998.87646787899,"NRI_P162",25
"60755",-10520.562952121,"NRI_P162",50
"60756",-9337.884202121,"NRI_P162",100
"60757",-15297.430552121,"NRI_P162",25
"60758",47812.899587879,"NRI_P162",50
"60759",3890.278637879,"NRI_P162",100
"60760",-8129.65543212101,"NRI_P162",25
"60761",10202.381447879,"NRI_P162",50
"60762",-1664.44570212101,"NRI_P162",100
"60763",-24028.100082121,"NRI_P162",25
"60764",-19660.026282121,"NRI_P162",50
"60765",-9312.102562121,"NRI_P162",100
"60766",3702.37564787897,"NRI_P162",25
"60767",-10082.924412121,"NRI_P162",50
"60768",-11626.764212121,"NRI_P162",100
"60769",-7676.15233212098,"NRI_P162",25
"60770",-344.943742120988,"NRI_P162",50
"60771",-5012.86875212099,"NRI_P162",100
"60772",-3883.225842121,"NRI_P162",25
"60773",-6636.66291212098,"NRI_P162",50
"60774",4589.12701787899,"NRI_P162",100
"60775",10525.053157879,"NRI_P162",25
"60776",3039.05308787897,"NRI_P162",50
"60777",59956.840857879,"NRI_P162",100
"60778",-8954.11276212102,"NRI_P162",25
"60779",-11898.703402121,"NRI_P162",50
"60780",-3661.82121212099,"NRI_P162",100
"60781",8255.94992787897,"NRI_P162",25
"60782",61978.406947879,"NRI_P162",50
"60783",-32694.489202121,"NRI_P162",100
"60784",-15825.599192121,"NRI_P162",25
"60785",14444.225097879,"NRI_P162",50
"60786",-20891.126282121,"NRI_P162",100
"60787",9587.62953787902,"NRI_P162",25
"60788",4441.51963787898,"NRI_P162",50
"60789",-21885.584212121,"NRI_P162",100
"60790",2204.420377879,"NRI_P162",25
"60791",3155.708867879,"NRI_P162",50
"60792",-24412.064422121,"NRI_P162",100
"60793",12305.403597879,"NRI_P162",25
"60794",-1464.69412212103,"NRI_P162",50
"60795",118462.476367879,"NRI_P162",100
"60796",-6274.359182121,"NRI_P162",25
"60797",-18207.927662121,"NRI_P162",50
"60798",2066.63339787902,"NRI_P162",100
"60799",231.199067879003,"NRI_P162",25
"60800",-4500.54148212099,"NRI_P162",50
"60801",-1908.026402121,"NRI_P162",100
"60802",4851.91169787903,"NRI_P162",25
"60803",-2844.933202121,"NRI_P162",50
"60804",-18160.485852121,"NRI_P162",100
"60805",2318.632217879,"NRI_P162",25
"60806",-747.937262121006,"NRI_P162",50
"60807",-8172.05053212098,"NRI_P162",100
"60808",13590.662227879,"NRI_P162",25
"60809",-7355.77847212099,"NRI_P162",50
"60810",66317.700407879,"NRI_P162",100
"60811",-6761.47105212102,"NRI_P162",25
"60812",-6178.402212121,"NRI_P162",50
"60813",-351.221422120987,"NRI_P162",100
"60814",-6328.914902121,"NRI_P162",25
"60815",7585.02822787903,"NRI_P162",50
"60816",-16516.204472121,"NRI_P162",100
"60817",-5819.95652212098,"NRI_P162",25
"60818",40944.429257879,"NRI_P162",50
"60819",-11116.229672121,"NRI_P162",100
"60820",20005.837227879,"NRI_P162",25
"60821",-11009.188642121,"NRI_P162",50
"60822",11336.846157879,"NRI_P162",100
"60823",-6223.281202121,"NRI_P162",25
"60824",-19116.367252121,"NRI_P162",50
"60825",-23961.999002121,"NRI_P162",100
"60826",7419.49116787902,"NRI_P162",25
"60827",-1568.11118212098,"NRI_P162",50
"60828",-279.703142121027,"NRI_P162",100
"60829",17762.214437879,"NRI_P162",25
"60830",26445.245527879,"NRI_P162",50
"60831",5663.51882787899,"NRI_P162",100
"60832",2442.088637879,"NRI_P162",25
"60833",-8290.70386212098,"NRI_P162",50
"60834",66750.388087879,"NRI_P162",100
"60835",9845.127737879,"NRI_P162",25
"60836",23137.836557879,"NRI_P162",50
"60837",15129.055027879,"NRI_P162",100
"60838",12600.581607879,"NRI_P162",25
"60839",-21084.035342121,"NRI_P162",50
"60840",108868.372357879,"NRI_P162",100
"60841",3835.05632787902,"NRI_P162",25
"60842",-8097.39795212098,"NRI_P162",50
"60843",66484.349907879,"NRI_P162",100
"60844",-883.18598212098,"NRI_P162",25
"60845",-13831.787962121,"NRI_P162",50
"60846",8361.50573787902,"NRI_P162",100
"60847",-18569.395092121,"NRI_P162",25
"60848",-3683.70233212103,"NRI_P162",50
"60849",-2921.25528212101,"NRI_P162",100
"60850",-1965.63530212099,"NRI_P162",25
"60851",7225.90967787901,"NRI_P162",50
"60852",-13599.892862121,"NRI_P162",100
"60853",-11342.901782121,"NRI_P162",25
"60854",16119.921327879,"NRI_P162",50
"60855",-10838.520752121,"NRI_P162",100
"60856",-9463.64628212102,"NRI_P162",25
"60857",6800.88282787899,"NRI_P162",50
"60858",62324.563097879,"NRI_P162",100
"60859",5721.48942787899,"NRI_P162",25
"60860",42974.206567879,"NRI_P162",50
"60861",-21899.912242121,"NRI_P162",100
"60862",7946.58358787902,"NRI_P162",25
"60863",-20266.569632121,"NRI_P162",50
"60864",2468.655227879,"NRI_P162",100
"60865",4909.45592787903,"NRI_P162",25
"60866",-17328.107272121,"NRI_P162",50
"60867",-26257.279152121,"NRI_P162",100
"60868",-1639.450012121,"NRI_P162",25
"60869",51405.427477879,"NRI_P162",50
"60870",47297.224747879,"NRI_P162",100
"60871",-7519.31707212102,"NRI_P162",25
"60872",6882.70630787901,"NRI_P162",50
"60873",-11622.733452121,"NRI_P162",100
"60874",-2311.69733212102,"NRI_P162",25
"60875",-18213.611632121,"NRI_P162",50
"60876",-17734.757652121,"NRI_P162",100
"60877",12965.097967879,"NRI_P162",25
"60878",-6451.82633212098,"NRI_P162",50
"60879",7745.37352787901,"NRI_P162",100
"60880",52032.625357879,"NRI_P162",25
"60881",-1686.03667212097,"NRI_P162",50
"60882",-25210.030102121,"NRI_P162",100
"60883",7544.65699787898,"NRI_P162",25
"60884",-23872.262862121,"NRI_P162",50
"60885",-16278.739262121,"NRI_P162",100
"60886",9726.04114787898,"NRI_P162",25
"60887",-10463.829772121,"NRI_P162",50
"60888",-29658.393092121,"NRI_P162",100
"60889",-13504.036012121,"NRI_P162",25
"60890",-8314.990382121,"NRI_P162",50
"60891",-132.879392120987,"NRI_P162",100
"60892",2144.95066787902,"NRI_P162",25
"60893",44991.010507879,"NRI_P162",50
"60894",-22283.496622121,"NRI_P162",100
"60895",5136.582567879,"NRI_P162",25
"60896",-10934.482342121,"NRI_P162",50
"60897",-7200.97619212099,"NRI_P162",100
"60898",55544.044257879,"NRI_P162",25
"60899",-7167.27983212098,"NRI_P162",50
"60900",-5925.54250212101,"NRI_P162",100
"60901",8770.221221963,"NRI_P164",25
"60902",9003.07672196301,"NRI_P164",50
"60903",5528.55144196301,"NRI_P164",100
"60904",172.505811962998,"NRI_P164",25
"60905",2516.62667196302,"NRI_P164",50
"60906",13698.332111963,"NRI_P164",100
"60907",1885.83094196301,"NRI_P164",25
"60908",3157.58251196297,"NRI_P164",50
"60909",25217.077411963,"NRI_P164",100
"60910",4084.12477196299,"NRI_P164",25
"60911",10297.519491963,"NRI_P164",50
"60912",7867.67641196301,"NRI_P164",100
"60913",-1001.80637803703,"NRI_P164",25
"60914",10152.244411963,"NRI_P164",50
"60915",7901.24057196302,"NRI_P164",100
"60916",890.312121963012,"NRI_P164",25
"60917",625.626341963012,"NRI_P164",50
"60918",7716.50676196301,"NRI_P164",100
"60919",-1052.66919803701,"NRI_P164",25
"60920",272.998931962997,"NRI_P164",50
"60921",19673.633521963,"NRI_P164",100
"60922",12240.600871963,"NRI_P164",25
"60923",-637.795238037012,"NRI_P164",50
"60924",1893.90928196302,"NRI_P164",100
"60925",2324.240401963,"NRI_P164",25
"60926",751.141071963008,"NRI_P164",50
"60927",11019.906261963,"NRI_P164",100
"60928",2187.56253196299,"NRI_P164",25
"60929",5792.253251963,"NRI_P164",50
"60930",10063.364211963,"NRI_P164",100
"60931",1068.182731963,"NRI_P164",25
"60932",5650.06830196298,"NRI_P164",50
"60933",6743.722191963,"NRI_P164",100
"60934",-239.625578036997,"NRI_P164",25
"60935",827.960271962977,"NRI_P164",50
"60936",1519.86921196297,"NRI_P164",100
"60937",3292.35608196299,"NRI_P164",25
"60938",8777.70030196302,"NRI_P164",50
"60939",17332.138541963,"NRI_P164",100
"60940",1325.61129196297,"NRI_P164",25
"60941",4007.673941963,"NRI_P164",50
"60942",16333.654961963,"NRI_P164",100
"60943",1513.41556196299,"NRI_P164",25
"60944",11513.763571963,"NRI_P164",50
"60945",-494.311848037003,"NRI_P164",100
"60946",4479.38944196299,"NRI_P164",25
"60947",14867.765811963,"NRI_P164",50
"60948",10586.215561963,"NRI_P164",100
"60949",685.747891962994,"NRI_P164",25
"60950",8093.27472196298,"NRI_P164",50
"60951",5215.77678196301,"NRI_P164",100
"60952",1940.76167196297,"NRI_P164",25
"60953",5901.71670196299,"NRI_P164",50
"60954",9027.90341196302,"NRI_P164",100
"60955",13154.284121963,"NRI_P164",25
"60956",3274.52385196299,"NRI_P164",50
"60957",11529.678601963,"NRI_P164",100
"60958",609.036741963006,"NRI_P164",25
"60959",7120.23091196298,"NRI_P164",50
"60960",17891.421161963,"NRI_P164",100
"60961",8352.88161196298,"NRI_P164",25
"60962",411.266411962977,"NRI_P164",50
"60963",3129.39098196302,"NRI_P164",100
"60964",1707.83284196298,"NRI_P164",25
"60965",552.75308196299,"NRI_P164",50
"60966",540.34968196298,"NRI_P164",100
"60967",1452.813671963,"NRI_P164",25
"60968",405.985341963009,"NRI_P164",50
"60969",10885.736141963,"NRI_P164",100
"60970",680.478931962978,"NRI_P164",25
"60971",1780.42307196301,"NRI_P164",50
"60972",4592.83902196301,"NRI_P164",100
"60973",10985.699071963,"NRI_P164",25
"60974",8949.246241963,"NRI_P164",50
"60975",3323.01577196299,"NRI_P164",100
"60976",1364.85019196302,"NRI_P164",25
"60977",-1638.590048037,"NRI_P164",50
"60978",6749.388601963,"NRI_P164",100
"60979",6380.420921963,"NRI_P164",25
"60980",5140.009871963,"NRI_P164",50
"60981",14793.901601963,"NRI_P164",100
"60982",368.106751962972,"NRI_P164",25
"60983",14135.223551963,"NRI_P164",50
"60984",6555.180431963,"NRI_P164",100
"60985",4073.79593196302,"NRI_P164",25
"60986",9192.52135196299,"NRI_P164",50
"60987",15198.705401963,"NRI_P164",100
"60988",8729.38895196299,"NRI_P164",25
"60989",158.222521963005,"NRI_P164",50
"60990",2781.179131963,"NRI_P164",100
"60991",858.853901962982,"NRI_P164",25
"60992",-427.35436803702,"NRI_P164",50
"60993",5678.74789196299,"NRI_P164",100
"60994",-1093.86829803698,"NRI_P164",25
"60995",4894.60898196301,"NRI_P164",50
"60996",15821.766291963,"NRI_P164",100
"60997",1494.44138196297,"NRI_P164",25
"60998",-297.413918037026,"NRI_P164",50
"60999",16450.663311963,"NRI_P164",100
"61000",2725.71229196299,"NRI_P164",25
"61001",13454.278601963,"NRI_P164",50
"61002",9970.94926196302,"NRI_P164",100
"61003",1501.37753196299,"NRI_P164",25
"61004",18893.087271963,"NRI_P164",50
"61005",5172.93019196298,"NRI_P164",100
"61006",89.7285319630173,"NRI_P164",25
"61007",736.804001962999,"NRI_P164",50
"61008",2710.13186196302,"NRI_P164",100
"61009",-236.452238037018,"NRI_P164",25
"61010",2764.71082196297,"NRI_P164",50
"61011",24767.435761963,"NRI_P164",100
"61012",12354.885821963,"NRI_P164",25
"61013",12132.062151963,"NRI_P164",50
"61014",12670.685341963,"NRI_P164",100
"61015",792.905731962994,"NRI_P164",25
"61016",769.722681963001,"NRI_P164",50
"61017",14555.110201963,"NRI_P164",100
"61018",-283.811198037001,"NRI_P164",25
"61019",3680.15718196298,"NRI_P164",50
"61020",16912.755031963,"NRI_P164",100
"61021",9180.99756196298,"NRI_P164",25
"61022",8836.93474196299,"NRI_P164",50
"61023",3688.409631963,"NRI_P164",100
"61024",6559.51724196301,"NRI_P164",25
"61025",3385.63875196298,"NRI_P164",50
"61026",2957.36314196297,"NRI_P164",100
"61027",1732.93620196299,"NRI_P164",25
"61028",9667.48427196301,"NRI_P164",50
"61029",7587.45562196302,"NRI_P164",100
"61030",2893.96870196302,"NRI_P164",25
"61031",7581.555071963,"NRI_P164",50
"61032",654.88218196301,"NRI_P164",100
"61033",2761.57707196299,"NRI_P164",25
"61034",20960.910621963,"NRI_P164",50
"61035",10275.807971963,"NRI_P164",100
"61036",825.789421962982,"NRI_P164",25
"61037",329.118461963022,"NRI_P164",50
"61038",3517.91107196297,"NRI_P164",100
"61039",3049.72701196297,"NRI_P164",25
"61040",3756.71594196302,"NRI_P164",50
"61041",4642.11989196297,"NRI_P164",100
"61042",1706.90637196298,"NRI_P164",25
"61043",3585.19561196299,"NRI_P164",50
"61044",985.896861962974,"NRI_P164",100
"61045",-830.076148036984,"NRI_P164",25
"61046",965.982681963011,"NRI_P164",50
"61047",12373.962181963,"NRI_P164",100
"61048",-823.820958036988,"NRI_P164",25
"61049",-598.370418036997,"NRI_P164",50
"61050",7614.20449196297,"NRI_P164",100
"61051",-13.3220180370263,"NRI_P164",25
"61052",1358.55417196301,"NRI_P164",50
"61053",35511.977851963,"NRI_P164",100
"61054",2755.53449196299,"NRI_P164",25
"61055",10340.885441963,"NRI_P164",50
"61056",1599.17720196297,"NRI_P164",100
"61057",-888.618578037014,"NRI_P164",25
"61058",-75.5218280369882,"NRI_P164",50
"61059",9906.16191196302,"NRI_P164",100
"61060",-905.310368037026,"NRI_P164",25
"61061",11003.486061963,"NRI_P164",50
"61062",12017.118831963,"NRI_P164",100
"61063",542.950411962986,"NRI_P164",25
"61064",-1014.63486803701,"NRI_P164",50
"61065",1949.91248196299,"NRI_P164",100
"61066",2078.56396196299,"NRI_P164",25
"61067",15202.269061963,"NRI_P164",50
"61068",19895.792831963,"NRI_P164",100
"61069",1483.799491963,"NRI_P164",25
"61070",19546.443561963,"NRI_P164",50
"61071",13000.110741963,"NRI_P164",100
"61072",432.234421962989,"NRI_P164",25
"61073",109.964481963019,"NRI_P164",50
"61074",26464.623671963,"NRI_P164",100
"61075",-59.9999680370092,"NRI_P164",25
"61076",8495.26132196299,"NRI_P164",50
"61077",7046.29448196298,"NRI_P164",100
"61078",17420.459891963,"NRI_P164",25
"61079",1257.49887196301,"NRI_P164",50
"61080",15188.788561963,"NRI_P164",100
"61081",16935.343681963,"NRI_P164",25
"61082",1112.26747196302,"NRI_P164",50
"61083",4616.03455196298,"NRI_P164",100
"61084",554.128261963022,"NRI_P164",25
"61085",638.417811963009,"NRI_P164",50
"61086",8948.786411963,"NRI_P164",100
"61087",-89.0749980370165,"NRI_P164",25
"61088",10939.450901963,"NRI_P164",50
"61089",18867.279711963,"NRI_P164",100
"61090",20144.400681963,"NRI_P164",25
"61091",2228.96785196301,"NRI_P164",50
"61092",5195.16996196297,"NRI_P164",100
"61093",3928.62100196298,"NRI_P164",25
"61094",3964.68074196298,"NRI_P164",50
"61095",37241.177731963,"NRI_P164",100
"61096",5655.15575196297,"NRI_P164",25
"61097",6531.66343196301,"NRI_P164",50
"61098",3073.16632196301,"NRI_P164",100
"61099",958.49063196301,"NRI_P164",25
"61100",2696.235401963,"NRI_P164",50
"61101",6868.89917196298,"NRI_P164",100
"61102",281.696391962992,"NRI_P164",25
"61103",4852.50924196298,"NRI_P164",50
"61104",5616.601281963,"NRI_P164",100
"61105",6874.430821963,"NRI_P164",25
"61106",1051.21601196297,"NRI_P164",50
"61107",9133.33244196302,"NRI_P164",100
"61108",219.505341962969,"NRI_P164",25
"61109",5383.23589196301,"NRI_P164",50
"61110",16123.109271963,"NRI_P164",100
"61111",1467.01806196297,"NRI_P164",25
"61112",7619.945971963,"NRI_P164",50
"61113",13391.148551963,"NRI_P164",100
"61114",87.8877719629672,"NRI_P164",25
"61115",-1641.42575803702,"NRI_P164",50
"61116",2001.27455196297,"NRI_P164",100
"61117",65.1910019629868,"NRI_P164",25
"61118",19753.773241963,"NRI_P164",50
"61119",4109.325681963,"NRI_P164",100
"61120",1489.43513196299,"NRI_P164",25
"61121",4003.57272196299,"NRI_P164",50
"61122",9932.71217196301,"NRI_P164",100
"61123",1337.17104196298,"NRI_P164",25
"61124",945.195831962978,"NRI_P164",50
"61125",2511.24522196298,"NRI_P164",100
"61126",15422.626081963,"NRI_P164",25
"61127",2952.01213196298,"NRI_P164",50
"61128",3307.88602196297,"NRI_P164",100
"61129",-201.095658036997,"NRI_P164",25
"61130",7855.020741963,"NRI_P164",50
"61131",3638.01676196302,"NRI_P164",100
"61132",741.406741963001,"NRI_P164",25
"61133",18081.022191963,"NRI_P164",50
"61134",4128.33179196302,"NRI_P164",100
"61135",2975.39348196302,"NRI_P164",25
"61136",-631.853998036997,"NRI_P164",50
"61137",9299.83570196299,"NRI_P164",100
"61138",6141.73555196298,"NRI_P164",25
"61139",2993.29601196299,"NRI_P164",50
"61140",1234.830321963,"NRI_P164",100
"61141",4968.505231963,"NRI_P164",25
"61142",7193.09881196299,"NRI_P164",50
"61143",15791.011531963,"NRI_P164",100
"61144",421.755191962991,"NRI_P164",25
"61145",14024.711711963,"NRI_P164",50
"61146",8184.806241963,"NRI_P164",100
"61147",478.379531962972,"NRI_P164",25
"61148",10625.129421963,"NRI_P164",50
"61149",12942.501811963,"NRI_P164",100
"61150",-1201.74468803703,"NRI_P164",25
"61151",2513.38251196302,"NRI_P164",50
"61152",1432.057181963,"NRI_P164",100
"61153",1091.726381963,"NRI_P164",25
"61154",4476.98187196301,"NRI_P164",50
"61155",6864.48035196302,"NRI_P164",100
"61156",280.530661962985,"NRI_P164",25
"61157",11804.262801963,"NRI_P164",50
"61158",5993.33515196299,"NRI_P164",100
"61159",1444.27548196301,"NRI_P164",25
"61160",5530.95078196301,"NRI_P164",50
"61161",14768.348601963,"NRI_P164",100
"61162",1306.67060196301,"NRI_P164",25
"61163",2794.32346196298,"NRI_P164",50
"61164",7840.16037196299,"NRI_P164",100
"61165",4561.24648196297,"NRI_P164",25
"61166",1533.98522196297,"NRI_P164",50
"61167",6479.28730196302,"NRI_P164",100
"61168",-1697.022968037,"NRI_P164",25
"61169",3030.60994196299,"NRI_P164",50
"61170",16089.027941963,"NRI_P164",100
"61171",-306.81835803698,"NRI_P164",25
"61172",5348.714731963,"NRI_P164",50
"61173",13777.689461963,"NRI_P164",100
"61174",-95.1409980370081,"NRI_P164",25
"61175",11051.994351963,"NRI_P164",50
"61176",5536.23624196299,"NRI_P164",100
"61177",6607.71964196302,"NRI_P164",25
"61178",5264.67821196298,"NRI_P164",50
"61179",3808.96154196298,"NRI_P164",100
"61180",3296.50443196297,"NRI_P164",25
"61181",997.602831962984,"NRI_P164",50
"61182",12865.919541963,"NRI_P164",100
"61183",1297.61592196301,"NRI_P164",25
"61184",17119.377591963,"NRI_P164",50
"61185",3662.95349196298,"NRI_P164",100
"61186",710.709241962992,"NRI_P164",25
"61187",12860.743161963,"NRI_P164",50
"61188",6177.19987196301,"NRI_P164",100
"61189",-179.276238036982,"NRI_P164",25
"61190",-677.084228036983,"NRI_P164",50
"61191",10888.980491963,"NRI_P164",100
"61192",1807.23504196299,"NRI_P164",25
"61193",1477.74926196301,"NRI_P164",50
"61194",14869.400711963,"NRI_P164",100
"61195",11349.260071963,"NRI_P164",25
"61196",6609.81081196299,"NRI_P164",50
"61197",22796.435621963,"NRI_P164",100
"61198",369.224871962972,"NRI_P164",25
"61199",3732.53402196302,"NRI_P164",50
"61200",3937.52318196301,"NRI_P164",100
"61201",2271.35648378302,"NRI_P166",25
"61202",-1951.735556217,"NRI_P166",50
"61203",-6468.37403621699,"NRI_P166",100
"61204",-2166.61067621698,"NRI_P166",25
"61205",-1510.99495621698,"NRI_P166",50
"61206",-1483.367746217,"NRI_P166",100
"61207",1432.63601378302,"NRI_P166",25
"61208",-4821.44848621698,"NRI_P166",50
"61209",-6003.688226217,"NRI_P166",100
"61210",2534.94714378301,"NRI_P166",25
"61211",-572.145016216993,"NRI_P166",50
"61212",-3748.76209621699,"NRI_P166",100
"61213",1131.02579378302,"NRI_P166",25
"61214",-4801.08912621698,"NRI_P166",50
"61215",1180.59455378301,"NRI_P166",100
"61216",-1833.60756621699,"NRI_P166",25
"61217",2518.96968378301,"NRI_P166",50
"61218",-2323.901606217,"NRI_P166",100
"61219",-2217.73796621698,"NRI_P166",25
"61220",5039.952803783,"NRI_P166",50
"61221",-5457.05974621698,"NRI_P166",100
"61222",918.809613783,"NRI_P166",25
"61223",1396.92964378302,"NRI_P166",50
"61224",-3907.61413621699,"NRI_P166",100
"61225",-1820.47516621699,"NRI_P166",25
"61226",-5138.65198621698,"NRI_P166",50
"61227",-4694.221066217,"NRI_P166",100
"61228",-1103.01087621698,"NRI_P166",25
"61229",-24.961236217001,"NRI_P166",50
"61230",-1933.72284621699,"NRI_P166",100
"61231",-1872.08351621698,"NRI_P166",25
"61232",190.495653783,"NRI_P166",50
"61233",-4927.391516217,"NRI_P166",100
"61234",-918.941526216979,"NRI_P166",25
"61235",-1971.42689621699,"NRI_P166",50
"61236",-2927.85554621698,"NRI_P166",100
"61237",409.988073783024,"NRI_P166",25
"61238",2878.372923783,"NRI_P166",50
"61239",-4278.44698621699,"NRI_P166",100
"61240",-816.248736216978,"NRI_P166",25
"61241",-3341.295396217,"NRI_P166",50
"61242",-4461.35087621698,"NRI_P166",100
"61243",-489.680686216976,"NRI_P166",25
"61244",-4601.73851621698,"NRI_P166",50
"61245",-1955.63835621698,"NRI_P166",100
"61246",-1681.506746217,"NRI_P166",25
"61247",-52.5659662169928,"NRI_P166",50
"61248",-1635.16748621699,"NRI_P166",100
"61249",-1720.23074621698,"NRI_P166",25
"61250",1843.78608378302,"NRI_P166",50
"61251",1059.29737378302,"NRI_P166",100
"61252",-752.496356216987,"NRI_P166",25
"61253",-2304.706936217,"NRI_P166",50
"61254",-1391.45934621699,"NRI_P166",100
"61255",-1747.486646217,"NRI_P166",25
"61256",-1033.046696217,"NRI_P166",50
"61257",-5187.44817621697,"NRI_P166",100
"61258",2845.10961378302,"NRI_P166",25
"61259",2792.968883783,"NRI_P166",50
"61260",1240.88158378302,"NRI_P166",100
"61261",434.551413783018,"NRI_P166",25
"61262",-3069.684676217,"NRI_P166",50
"61263",-2559.212826217,"NRI_P166",100
"61264",-1697.70363621699,"NRI_P166",25
"61265",-945.78440621699,"NRI_P166",50
"61266",-6786.29946621699,"NRI_P166",100
"61267",3719.91872378302,"NRI_P166",25
"61268",-760.373316216981,"NRI_P166",50
"61269",2556.79039378301,"NRI_P166",100
"61270",78.2725837830221,"NRI_P166",25
"61271",-741.301466217003,"NRI_P166",50
"61272",1489.28572378302,"NRI_P166",100
"61273",-251.973976216977,"NRI_P166",25
"61274",5384.292333783,"NRI_P166",50
"61275",-3575.15429621699,"NRI_P166",100
"61276",-1.8669162169972,"NRI_P166",25
"61277",1268.494873783,"NRI_P166",50
"61278",-5535.80258621697,"NRI_P166",100
"61279",-1153.960376217,"NRI_P166",25
"61280",-135.490226216993,"NRI_P166",50
"61281",-5038.384716217,"NRI_P166",100
"61282",382.433033783018,"NRI_P166",25
"61283",1528.07807378302,"NRI_P166",50
"61284",-1335.11763621698,"NRI_P166",100
"61285",1758.11651378302,"NRI_P166",25
"61286",-2300.91019621698,"NRI_P166",50
"61287",-3243.646026217,"NRI_P166",100
"61288",3406.29678378301,"NRI_P166",25
"61289",1509.96347378302,"NRI_P166",50
"61290",-3465.479456217,"NRI_P166",100
"61291",-238.541926217003,"NRI_P166",25
"61292",-3025.37213621699,"NRI_P166",50
"61293",-1583.43473621699,"NRI_P166",100
"61294",-565.359566216997,"NRI_P166",25
"61295",-36.7586262169934,"NRI_P166",50
"61296",-4753.477866217,"NRI_P166",100
"61297",-2287.88792621699,"NRI_P166",25
"61298",-3417.44276621699,"NRI_P166",50
"61299",-2660.28049621699,"NRI_P166",100
"61300",-568.278966216982,"NRI_P166",25
"61301",-1841.678446217,"NRI_P166",50
"61302",-1835.34819621698,"NRI_P166",100
"61303",-108.299936216994,"NRI_P166",25
"61304",105.037453783007,"NRI_P166",50
"61305",2913.47195378301,"NRI_P166",100
"61306",-1065.14799621698,"NRI_P166",25
"61307",-3659.06420621698,"NRI_P166",50
"61308",-81.983486216981,"NRI_P166",100
"61309",-2464.16558621699,"NRI_P166",25
"61310",-3287.96875621699,"NRI_P166",50
"61311",-789.467886216997,"NRI_P166",100
"61312",-2411.702766217,"NRI_P166",25
"61313",2100.20918378301,"NRI_P166",50
"61314",564.686203783,"NRI_P166",100
"61315",-52.1366262169904,"NRI_P166",25
"61316",-1840.38938621699,"NRI_P166",50
"61317",-3904.60879621698,"NRI_P166",100
"61318",-1959.61392621699,"NRI_P166",25
"61319",-2068.29462621699,"NRI_P166",50
"61320",-3135.45825621698,"NRI_P166",100
"61321",-2382.71643621699,"NRI_P166",25
"61322",-3186.18315621698,"NRI_P166",50
"61323",-2310.690566217,"NRI_P166",100
"61324",835.322503783013,"NRI_P166",25
"61325",-3507.14491621699,"NRI_P166",50
"61326",-1000.95781621698,"NRI_P166",100
"61327",1842.92367378302,"NRI_P166",25
"61328",318.278163783019,"NRI_P166",50
"61329",-5625.356986217,"NRI_P166",100
"61330",-2078.22161621699,"NRI_P166",25
"61331",-2739.53338621699,"NRI_P166",50
"61332",-1873.27017621699,"NRI_P166",100
"61333",-2062.15849621699,"NRI_P166",25
"61334",-2678.32305621699,"NRI_P166",50
"61335",-1095.31839621699,"NRI_P166",100
"61336",-2255.90898621699,"NRI_P166",25
"61337",-1563.39989621699,"NRI_P166",50
"61338",-4291.659736217,"NRI_P166",100
"61339",-1242.16384621698,"NRI_P166",25
"61340",864.856643783016,"NRI_P166",50
"61341",217.734913783002,"NRI_P166",100
"61342",-436.391586216982,"NRI_P166",25
"61343",-1936.46486621699,"NRI_P166",50
"61344",-2818.244256217,"NRI_P166",100
"61345",-3121.98038621698,"NRI_P166",25
"61346",-1545.77049621698,"NRI_P166",50
"61347",-3503.60554621698,"NRI_P166",100
"61348",-1716.920346217,"NRI_P166",25
"61349",-1930.86898621698,"NRI_P166",50
"61350",-1108.81143621699,"NRI_P166",100
"61351",-2519.23014621699,"NRI_P166",25
"61352",2678.13580378302,"NRI_P166",50
"61353",-3620.960536217,"NRI_P166",100
"61354",-81.9346762170026,"NRI_P166",25
"61355",1580.46602378302,"NRI_P166",50
"61356",-3310.111936217,"NRI_P166",100
"61357",184.390803782997,"NRI_P166",25
"61358",1068.084813783,"NRI_P166",50
"61359",-3159.56636621698,"NRI_P166",100
"61360",-866.778846216999,"NRI_P166",25
"61361",-2823.66334621698,"NRI_P166",50
"61362",-5422.29937621698,"NRI_P166",100
"61363",-1207.84303621697,"NRI_P166",25
"61364",2050.41408378302,"NRI_P166",50
"61365",-3792.170966217,"NRI_P166",100
"61366",-1884.917526217,"NRI_P166",25
"61367",-2951.44931621698,"NRI_P166",50
"61368",-2398.08570621698,"NRI_P166",100
"61369",620.683723783004,"NRI_P166",25
"61370",1411.28216378301,"NRI_P166",50
"61371",-4168.58656621698,"NRI_P166",100
"61372",-958.288696217001,"NRI_P166",25
"61373",-985.091396217002,"NRI_P166",50
"61374",-2350.99439621699,"NRI_P166",100
"61375",206.430513783009,"NRI_P166",25
"61376",2790.29855378301,"NRI_P166",50
"61377",1205.585753783,"NRI_P166",100
"61378",946.049103783007,"NRI_P166",25
"61379",-3554.289506217,"NRI_P166",50
"61380",-5647.554856217,"NRI_P166",100
"61381",655.382813783013,"NRI_P166",25
"61382",-1279.751036217,"NRI_P166",50
"61383",-3588.933246217,"NRI_P166",100
"61384",675.534883783024,"NRI_P166",25
"61385",6554.225033783,"NRI_P166",50
"61386",623.31742378301,"NRI_P166",100
"61387",-1993.065466217,"NRI_P166",25
"61388",1753.380533783,"NRI_P166",50
"61389",-1866.08484621698,"NRI_P166",100
"61390",1349.60937378302,"NRI_P166",25
"61391",-2348.85861621698,"NRI_P166",50
"61392",-431.371006216999,"NRI_P166",100
"61393",-1285.43433621697,"NRI_P166",25
"61394",-1198.292266217,"NRI_P166",50
"61395",-2000.91076621698,"NRI_P166",100
"61396",912.989963783009,"NRI_P166",25
"61397",-697.102476216998,"NRI_P166",50
"61398",-2546.90197621699,"NRI_P166",100
"61399",2015.214663783,"NRI_P166",25
"61400",-1591.924176217,"NRI_P166",50
"61401",-2742.49317621699,"NRI_P166",100
"61402",-236.069066216995,"NRI_P166",25
"61403",676.198353783024,"NRI_P166",50
"61404",-5550.473146217,"NRI_P166",100
"61405",-3628.25818621699,"NRI_P166",25
"61406",-2573.51251621699,"NRI_P166",50
"61407",-5027.47050621698,"NRI_P166",100
"61408",-735.183216217003,"NRI_P166",25
"61409",-4222.36178621699,"NRI_P166",50
"61410",-2358.77302621698,"NRI_P166",100
"61411",-1056.18296621699,"NRI_P166",25
"61412",938.133663783025,"NRI_P166",50
"61413",-5493.17298621699,"NRI_P166",100
"61414",1719.788343783,"NRI_P166",25
"61415",2042.54669378302,"NRI_P166",50
"61416",742.439063783007,"NRI_P166",100
"61417",-2486.85344621699,"NRI_P166",25
"61418",584.373223783012,"NRI_P166",50
"61419",-4321.30371621699,"NRI_P166",100
"61420",175.556713783008,"NRI_P166",25
"61421",-4609.45862621698,"NRI_P166",50
"61422",-5449.61215621699,"NRI_P166",100
"61423",-1096.48386621699,"NRI_P166",25
"61424",-1719.47681621698,"NRI_P166",50
"61425",-219.003746217,"NRI_P166",100
"61426",174.049353783019,"NRI_P166",25
"61427",-2920.39432621698,"NRI_P166",50
"61428",-476.027486216975,"NRI_P166",100
"61429",-1519.58137621699,"NRI_P166",25
"61430",1021.30666378301,"NRI_P166",50
"61431",-2401.581206217,"NRI_P166",100
"61432",748.656583783013,"NRI_P166",25
"61433",-3043.82451621699,"NRI_P166",50
"61434",-3880.62077621699,"NRI_P166",100
"61435",-3642.291536217,"NRI_P166",25
"61436",-1918.54700621698,"NRI_P166",50
"61437",-3296.24512621699,"NRI_P166",100
"61438",-1335.91691621699,"NRI_P166",25
"61439",525.839593783021,"NRI_P166",50
"61440",-4848.314136217,"NRI_P166",100
"61441",1749.82451378301,"NRI_P166",25
"61442",-1950.24362621698,"NRI_P166",50
"61443",-385.025506216974,"NRI_P166",100
"61444",-603.268746216985,"NRI_P166",25
"61445",-4191.029626217,"NRI_P166",50
"61446",-2890.61056621699,"NRI_P166",100
"61447",-3122.38595621698,"NRI_P166",25
"61448",-1108.36276621697,"NRI_P166",50
"61449",-4504.39384621699,"NRI_P166",100
"61450",-405.140346216998,"NRI_P166",25
"61451",4441.01351378302,"NRI_P166",50
"61452",-4301.26681621699,"NRI_P166",100
"61453",-139.656906216987,"NRI_P166",25
"61454",-1790.31250621699,"NRI_P166",50
"61455",-1644.19446621698,"NRI_P166",100
"61456",-2804.49268621698,"NRI_P166",25
"61457",431.825433783,"NRI_P166",50
"61458",1318.38620378301,"NRI_P166",100
"61459",275.280043783016,"NRI_P166",25
"61460",588.797573782998,"NRI_P166",50
"61461",-4542.52706621698,"NRI_P166",100
"61462",-836.904976216989,"NRI_P166",25
"61463",810.362733782997,"NRI_P166",50
"61464",-5488.74403621699,"NRI_P166",100
"61465",-2366.46922621698,"NRI_P166",25
"61466",-904.422666216997,"NRI_P166",50
"61467",-2877.410286217,"NRI_P166",100
"61468",1130.047673783,"NRI_P166",25
"61469",-4157.213196217,"NRI_P166",50
"61470",-3343.43619621699,"NRI_P166",100
"61471",-444.592516217002,"NRI_P166",25
"61472",-924.747406216979,"NRI_P166",50
"61473",-2415.89783621699,"NRI_P166",100
"61474",762.661843783018,"NRI_P166",25
"61475",-2474.364676217,"NRI_P166",50
"61476",4645.26258378301,"NRI_P166",100
"61477",59.8247437830141,"NRI_P166",25
"61478",-2111.65959621698,"NRI_P166",50
"61479",5024.27480378302,"NRI_P166",100
"61480",2206.74679378301,"NRI_P166",25
"61481",1231.31708378301,"NRI_P166",50
"61482",-3289.67914621698,"NRI_P166",100
"61483",-1096.77200621698,"NRI_P166",25
"61484",-3149.33468621699,"NRI_P166",50
"61485",-4994.34333621699,"NRI_P166",100
"61486",-767.728606216988,"NRI_P166",25
"61487",2409.68663378301,"NRI_P166",50
"61488",-3540.40627621699,"NRI_P166",100
"61489",1118.51125378301,"NRI_P166",25
"61490",-1213.795606217,"NRI_P166",50
"61491",1859.279403783,"NRI_P166",100
"61492",-129.738046216982,"NRI_P166",25
"61493",-1305.010236217,"NRI_P166",50
"61494",-926.748396216979,"NRI_P166",100
"61495",-2222.29676621698,"NRI_P166",25
"61496",-2421.702216217,"NRI_P166",50
"61497",4668.85844378301,"NRI_P166",100
"61498",-470.576206216996,"NRI_P166",25
"61499",395.141743783024,"NRI_P166",50
"61500",1901.91476378302,"NRI_P166",100
"61501",-1137.95749569501,"NRI_P167",25
"61502",45.1124643050134,"NRI_P167",50
"61503",5298.20447430501,"NRI_P167",100
"61504",784.014524305006,"NRI_P167",25
"61505",2099.03677430499,"NRI_P167",50
"61506",3634.59985430501,"NRI_P167",100
"61507",2416.44833430499,"NRI_P167",25
"61508",1819.073174305,"NRI_P167",50
"61509",-177.569915695,"NRI_P167",100
"61510",359.053104305,"NRI_P167",25
"61511",1671.52738430499,"NRI_P167",50
"61512",-381.325445694994,"NRI_P167",100
"61513",-1977.205935695,"NRI_P167",25
"61514",1536.857834305,"NRI_P167",50
"61515",4489.15072430499,"NRI_P167",100
"61516",1010.29793430501,"NRI_P167",25
"61517",1274.647534305,"NRI_P167",50
"61518",-2209.915415695,"NRI_P167",100
"61519",-90.4464756950038,"NRI_P167",25
"61520",-1633.97883569499,"NRI_P167",50
"61521",-1558.36663569501,"NRI_P167",100
"61522",-222.479365695006,"NRI_P167",25
"61523",1584.392634305,"NRI_P167",50
"61524",-2280.87431569499,"NRI_P167",100
"61525",-9.51469569499022,"NRI_P167",25
"61526",-1767.02181569501,"NRI_P167",50
"61527",-795.499615695007,"NRI_P167",100
"61528",-1491.12138569501,"NRI_P167",25
"61529",890.822974304989,"NRI_P167",50
"61530",-1924.29805569499,"NRI_P167",100
"61531",2794.958334305,"NRI_P167",25
"61532",9.08773430500878,"NRI_P167",50
"61533",-1396.50489569499,"NRI_P167",100
"61534",-809.44703569499,"NRI_P167",25
"61535",-1328.35016569501,"NRI_P167",50
"61536",-119.937305694999,"NRI_P167",100
"61537",2878.30296430501,"NRI_P167",25
"61538",-1619.707505695,"NRI_P167",50
"61539",10012.129204305,"NRI_P167",100
"61540",-1395.26217569501,"NRI_P167",25
"61541",1053.29135430499,"NRI_P167",50
"61542",-2234.52624569501,"NRI_P167",100
"61543",-322.297305695014,"NRI_P167",25
"61544",3168.66544430499,"NRI_P167",50
"61545",-814.917265694996,"NRI_P167",100
"61546",159.369104304991,"NRI_P167",25
"61547",-770.105675694998,"NRI_P167",50
"61548",-2592.05059569501,"NRI_P167",100
"61549",1581.465404305,"NRI_P167",25
"61550",3271.31906430499,"NRI_P167",50
"61551",860.998334305012,"NRI_P167",100
"61552",-1390.13972569501,"NRI_P167",25
"61553",3681.411634305,"NRI_P167",50
"61554",-923.964055694989,"NRI_P167",100
"61555",-2128.78753569501,"NRI_P167",25
"61556",165.980744305009,"NRI_P167",50
"61557",35.7649343049852,"NRI_P167",100
"61558",2059.79543430501,"NRI_P167",25
"61559",2640.190484305,"NRI_P167",50
"61560",-1678.119275695,"NRI_P167",100
"61561",-699.865605694999,"NRI_P167",25
"61562",-517.153345694998,"NRI_P167",50
"61563",-229.966725695005,"NRI_P167",100
"61564",888.929664305004,"NRI_P167",25
"61565",-2269.56401569501,"NRI_P167",50
"61566",-1884.879935695,"NRI_P167",100
"61567",-1049.95102569499,"NRI_P167",25
"61568",-915.625375695003,"NRI_P167",50
"61569",-1941.99992569501,"NRI_P167",100
"61570",-817.84593569499,"NRI_P167",25
"61571",-1219.20292569499,"NRI_P167",50
"61572",4683.311674305,"NRI_P167",100
"61573",-54.8442556950031,"NRI_P167",25
"61574",-583.344485695008,"NRI_P167",50
"61575",-2223.13031569499,"NRI_P167",100
"61576",6661.15653430499,"NRI_P167",25
"61577",2582.62026430501,"NRI_P167",50
"61578",1660.34172430501,"NRI_P167",100
"61579",-1788.657515695,"NRI_P167",25
"61580",1538.765264305,"NRI_P167",50
"61581",1025.087924305,"NRI_P167",100
"61582",1459.29493430501,"NRI_P167",25
"61583",1551.77400430499,"NRI_P167",50
"61584",-2253.751105695,"NRI_P167",100
"61585",487.311074305006,"NRI_P167",25
"61586",-205.731015694997,"NRI_P167",50
"61587",-1506.48871569501,"NRI_P167",100
"61588",289.590594304987,"NRI_P167",25
"61589",-461.810465694987,"NRI_P167",50
"61590",1889.387344305,"NRI_P167",100
"61591",-1163.789575695,"NRI_P167",25
"61592",-1542.69625569499,"NRI_P167",50
"61593",-2265.28323569501,"NRI_P167",100
"61594",3531.15817430499,"NRI_P167",25
"61595",38.062464304996,"NRI_P167",50
"61596",591.018574304995,"NRI_P167",100
"61597",1370.20816430499,"NRI_P167",25
"61598",247.18101430501,"NRI_P167",50
"61599",1497.091154305,"NRI_P167",100
"61600",-2374.91727569501,"NRI_P167",25
"61601",-2197.42163569501,"NRI_P167",50
"61602",-146.868145695014,"NRI_P167",100
"61603",765.409964304999,"NRI_P167",25
"61604",560.51337430501,"NRI_P167",50
"61605",-2297.060145695,"NRI_P167",100
"61606",-918.213275694987,"NRI_P167",25
"61607",-1298.327365695,"NRI_P167",50
"61608",-1792.879965695,"NRI_P167",100
"61609",-76.6692956949992,"NRI_P167",25
"61610",-1328.667915695,"NRI_P167",50
"61611",-2109.27012569501,"NRI_P167",100
"61612",-290.985365695,"NRI_P167",25
"61613",-255.402535695001,"NRI_P167",50
"61614",8735.12408430499,"NRI_P167",100
"61615",-1041.382625695,"NRI_P167",25
"61616",-102.584935694991,"NRI_P167",50
"61617",-548.393825695006,"NRI_P167",100
"61618",-306.679835694988,"NRI_P167",25
"61619",-760.263415694993,"NRI_P167",50
"61620",-585.473195694998,"NRI_P167",100
"61621",3084.869934305,"NRI_P167",25
"61622",1014.44141430501,"NRI_P167",50
"61623",142.305774304987,"NRI_P167",100
"61624",-641.579735695006,"NRI_P167",25
"61625",-398.694835695002,"NRI_P167",50
"61626",2796.27067430501,"NRI_P167",100
"61627",-547.416895695002,"NRI_P167",25
"61628",933.410164305009,"NRI_P167",50
"61629",1841.60375430499,"NRI_P167",100
"61630",2625.636404305,"NRI_P167",25
"61631",-1004.52712569499,"NRI_P167",50
"61632",-1820.70193569499,"NRI_P167",100
"61633",-1755.00717569501,"NRI_P167",25
"61634",-639.24066569499,"NRI_P167",50
"61635",-1602.83157569499,"NRI_P167",100
"61636",-1546.76513569499,"NRI_P167",25
"61637",-1230.606975695,"NRI_P167",50
"61638",-1950.47271569501,"NRI_P167",100
"61639",-1.09198569500586,"NRI_P167",25
"61640",-528.768295694987,"NRI_P167",50
"61641",-1144.79798569501,"NRI_P167",100
"61642",-946.289205695008,"NRI_P167",25
"61643",-1111.677715695,"NRI_P167",50
"61644",2719.376834305,"NRI_P167",100
"61645",-618.429135695013,"NRI_P167",25
"61646",-1929.23037569501,"NRI_P167",50
"61647",-1856.91628569501,"NRI_P167",100
"61648",-253.051255694998,"NRI_P167",25
"61649",-554.548185694992,"NRI_P167",50
"61650",1173.850564305,"NRI_P167",100
"61651",-382.786965695006,"NRI_P167",25
"61652",-207.022565694991,"NRI_P167",50
"61653",-1232.62056569499,"NRI_P167",100
"61654",-2377.46085569501,"NRI_P167",25
"61655",-1136.153655695,"NRI_P167",50
"61656",-2638.56163569499,"NRI_P167",100
"61657",-29.4069356950058,"NRI_P167",25
"61658",-70.0013956949988,"NRI_P167",50
"61659",2609.89503430499,"NRI_P167",100
"61660",-318.751825695013,"NRI_P167",25
"61661",-1273.10062569499,"NRI_P167",50
"61662",6371.644244305,"NRI_P167",100
"61663",-889.247365694988,"NRI_P167",25
"61664",1432.68017430499,"NRI_P167",50
"61665",-1837.007255695,"NRI_P167",100
"61666",-1137.51573569499,"NRI_P167",25
"61667",-687.709235694987,"NRI_P167",50
"61668",1205.86249430501,"NRI_P167",100
"61669",-310.533725695015,"NRI_P167",25
"61670",293.467764305009,"NRI_P167",50
"61671",1090.117424305,"NRI_P167",100
"61672",-2314.36702569501,"NRI_P167",25
"61673",-1600.23892569501,"NRI_P167",50
"61674",2407.70537430499,"NRI_P167",100
"61675",439.725364304992,"NRI_P167",25
"61676",1950.02267430499,"NRI_P167",50
"61677",-49.4894956949865,"NRI_P167",100
"61678",-1362.04810569499,"NRI_P167",25
"61679",87.2871743050055,"NRI_P167",50
"61680",-1481.01873569499,"NRI_P167",100
"61681",-831.660485695,"NRI_P167",25
"61682",-1378.55999569499,"NRI_P167",50
"61683",-2714.08327569501,"NRI_P167",100
"61684",-1428.55598569501,"NRI_P167",25
"61685",142.142904304987,"NRI_P167",50
"61686",-2595.531575695,"NRI_P167",100
"61687",294.438674305013,"NRI_P167",25
"61688",29.7038343049935,"NRI_P167",50
"61689",-715.416395695007,"NRI_P167",100
"61690",-793.399635695008,"NRI_P167",25
"61691",-1390.09145569499,"NRI_P167",50
"61692",-2542.359475695,"NRI_P167",100
"61693",7189.66273430499,"NRI_P167",25
"61694",-1189.267005695,"NRI_P167",50
"61695",153.826194305002,"NRI_P167",100
"61696",-1263.22075569499,"NRI_P167",25
"61697",6533.18130430501,"NRI_P167",50
"61698",1936.150214305,"NRI_P167",100
"61699",446.449044304987,"NRI_P167",25
"61700",165.040634305013,"NRI_P167",50
"61701",-238.768335695,"NRI_P167",100
"61702",-1314.962115695,"NRI_P167",25
"61703",564.268974304985,"NRI_P167",50
"61704",6395.42066430501,"NRI_P167",100
"61705",-75.3003756949911,"NRI_P167",25
"61706",-1004.75305569501,"NRI_P167",50
"61707",5669.38467430501,"NRI_P167",100
"61708",-1453.69910569501,"NRI_P167",25
"61709",349.677264305006,"NRI_P167",50
"61710",2342.35461430499,"NRI_P167",100
"61711",1723.073304305,"NRI_P167",25
"61712",-1554.660435695,"NRI_P167",50
"61713",-769.572355695011,"NRI_P167",100
"61714",2753.06200430499,"NRI_P167",25
"61715",-1422.702395695,"NRI_P167",50
"61716",2815.72956430499,"NRI_P167",100
"61717",71.1683343049954,"NRI_P167",25
"61718",-862.210365695006,"NRI_P167",50
"61719",205.034084304993,"NRI_P167",100
"61720",331.909754305001,"NRI_P167",25
"61721",-972.478135695012,"NRI_P167",50
"61722",-2272.56701569501,"NRI_P167",100
"61723",388.179114305007,"NRI_P167",25
"61724",741.982044305012,"NRI_P167",50
"61725",-1776.38396569501,"NRI_P167",100
"61726",4424.98989430501,"NRI_P167",25
"61727",-470.925345694995,"NRI_P167",50
"61728",67.093084305001,"NRI_P167",100
"61729",-1033.96903569499,"NRI_P167",25
"61730",2425.60511430501,"NRI_P167",50
"61731",-907.501605694997,"NRI_P167",100
"61732",-57.1685556950106,"NRI_P167",25
"61733",708.539414305007,"NRI_P167",50
"61734",-2192.33614569501,"NRI_P167",100
"61735",1183.943374305,"NRI_P167",25
"61736",1182.592174305,"NRI_P167",50
"61737",10440.259954305,"NRI_P167",100
"61738",304.266804304993,"NRI_P167",25
"61739",-573.322795695014,"NRI_P167",50
"61740",-1803.517815695,"NRI_P167",100
"61741",-69.579425695003,"NRI_P167",25
"61742",-358.014385694987,"NRI_P167",50
"61743",-531.717075694993,"NRI_P167",100
"61744",584.152834304987,"NRI_P167",25
"61745",-1248.26384569501,"NRI_P167",50
"61746",13055.200914305,"NRI_P167",100
"61747",-1.73443569499068,"NRI_P167",25
"61748",-1414.575335695,"NRI_P167",50
"61749",-134.928405695013,"NRI_P167",100
"61750",-304.142035694997,"NRI_P167",25
"61751",-2408.15416569501,"NRI_P167",50
"61752",-1365.18038569501,"NRI_P167",100
"61753",-103.197765694989,"NRI_P167",25
"61754",768.066274304991,"NRI_P167",50
"61755",-1352.772945695,"NRI_P167",100
"61756",1016.04943430499,"NRI_P167",25
"61757",-292.717325695005,"NRI_P167",50
"61758",-582.849275695015,"NRI_P167",100
"61759",137.989274305,"NRI_P167",25
"61760",-2397.25078569501,"NRI_P167",50
"61761",4071.48855430499,"NRI_P167",100
"61762",373.977334305004,"NRI_P167",25
"61763",380.385274305008,"NRI_P167",50
"61764",-1669.13766569499,"NRI_P167",100
"61765",-683.708865694993,"NRI_P167",25
"61766",11204.390564305,"NRI_P167",50
"61767",-1570.46233569499,"NRI_P167",100
"61768",-897.41511569501,"NRI_P167",25
"61769",-51.2372356950073,"NRI_P167",50
"61770",1669.10576430499,"NRI_P167",100
"61771",802.859664304997,"NRI_P167",25
"61772",246.937464304996,"NRI_P167",50
"61773",1549.519014305,"NRI_P167",100
"61774",284.690954304999,"NRI_P167",25
"61775",-392.214035695011,"NRI_P167",50
"61776",-852.328225695004,"NRI_P167",100
"61777",-2394.02702569499,"NRI_P167",25
"61778",329.244144305005,"NRI_P167",50
"61779",-2088.89525569501,"NRI_P167",100
"61780",-49.8436956949881,"NRI_P167",25
"61781",-798.546635695006,"NRI_P167",50
"61782",4272.61820430501,"NRI_P167",100
"61783",-1988.24815569501,"NRI_P167",25
"61784",9267.50940430499,"NRI_P167",50
"61785",3270.27393430501,"NRI_P167",100
"61786",-1051.93259569499,"NRI_P167",25
"61787",-495.35506569501,"NRI_P167",50
"61788",7977.94270430499,"NRI_P167",100
"61789",410.729974304995,"NRI_P167",25
"61790",5664.33832430499,"NRI_P167",50
"61791",-748.239685695007,"NRI_P167",100
"61792",-952.23999569501,"NRI_P167",25
"61793",-120.857315695001,"NRI_P167",50
"61794",-2483.50464569501,"NRI_P167",100
"61795",-52.4941656950105,"NRI_P167",25
"61796",789.766664305003,"NRI_P167",50
"61797",-2606.79156569499,"NRI_P167",100
"61798",-893.188215695001,"NRI_P167",25
"61799",3067.81419430498,"NRI_P167",50
"61800",10984.611574305,"NRI_P167",100
"61801",-122.770386149001,"NRI_P168",25
"61802",-5269.61566614901,"NRI_P168",50
"61803",-10329.535346149,"NRI_P168",100
"61804",-146.330096149002,"NRI_P168",25
"61805",-9835.55455614897,"NRI_P168",50
"61806",-12935.541926149,"NRI_P168",100
"61807",-4324.05569614901,"NRI_P168",25
"61808",-4643.87603614898,"NRI_P168",50
"61809",-10161.288086149,"NRI_P168",100
"61810",-2547.991896149,"NRI_P168",25
"61811",-3653.84524614899,"NRI_P168",50
"61812",-9845.58771614899,"NRI_P168",100
"61813",-6772.78256614896,"NRI_P168",25
"61814",-10337.192206149,"NRI_P168",50
"61815",-11371.470696149,"NRI_P168",100
"61816",2456.237273851,"NRI_P168",25
"61817",-10288.825106149,"NRI_P168",50
"61818",-11416.606596149,"NRI_P168",100
"61819",-199.080006148957,"NRI_P168",25
"61820",2320.84152385104,"NRI_P168",50
"61821",-11812.044566149,"NRI_P168",100
"61822",-7646.64348614897,"NRI_P168",25
"61823",-4569.36762614897,"NRI_P168",50
"61824",-8052.01400614899,"NRI_P168",100
"61825",-2692.35536614899,"NRI_P168",25
"61826",-10466.051196149,"NRI_P168",50
"61827",-7333.73524614901,"NRI_P168",100
"61828",-2454.60007614898,"NRI_P168",25
"61829",-6980.450616149,"NRI_P168",50
"61830",-11666.263826149,"NRI_P168",100
"61831",-2157.960516149,"NRI_P168",25
"61832",-8947.51523614899,"NRI_P168",50
"61833",-11225.412716149,"NRI_P168",100
"61834",-89.8676561489701,"NRI_P168",25
"61835",-8590.01707614897,"NRI_P168",50
"61836",-12244.169266149,"NRI_P168",100
"61837",-2755.34554614901,"NRI_P168",25
"61838",-4622.89001614897,"NRI_P168",50
"61839",-2287.79935614899,"NRI_P168",100
"61840",-346.702066148981,"NRI_P168",25
"61841",-2261.78228614898,"NRI_P168",50
"61842",-12654.482176149,"NRI_P168",100
"61843",-792.455506148981,"NRI_P168",25
"61844",-5556.67883614899,"NRI_P168",50
"61845",-10887.094276149,"NRI_P168",100
"61846",-8850.81115614899,"NRI_P168",25
"61847",-12206.182696149,"NRI_P168",50
"61848",-12147.108626149,"NRI_P168",100
"61849",-2443.31425614899,"NRI_P168",25
"61850",-9280.61495614899,"NRI_P168",50
"61851",-9463.11356614897,"NRI_P168",100
"61852",-2481.16616614896,"NRI_P168",25
"61853",-7618.90339614899,"NRI_P168",50
"61854",-8401.02139614898,"NRI_P168",100
"61855",-9469.796766149,"NRI_P168",25
"61856",-10480.531716149,"NRI_P168",50
"61857",-11132.422166149,"NRI_P168",100
"61858",457.744113850989,"NRI_P168",25
"61859",-2113.12707614899,"NRI_P168",50
"61860",-12066.305246149,"NRI_P168",100
"61861",-1505.05453614896,"NRI_P168",25
"61862",-9302.05612614899,"NRI_P168",50
"61863",-5551.73583614896,"NRI_P168",100
"61864",-2252.24171614897,"NRI_P168",25
"61865",3496.89136385103,"NRI_P168",50
"61866",-9241.85159614898,"NRI_P168",100
"61867",-2208.07125614898,"NRI_P168",25
"61868",-9135.03073614897,"NRI_P168",50
"61869",-13263.961336149,"NRI_P168",100
"61870",-7177.81340614898,"NRI_P168",25
"61871",-4262.85985614901,"NRI_P168",50
"61872",-11787.622836149,"NRI_P168",100
"61873",-4061.990596149,"NRI_P168",25
"61874",-5905.83438614896,"NRI_P168",50
"61875",-8095.47813614897,"NRI_P168",100
"61876",-1879.09921614896,"NRI_P168",25
"61877",-7706.52283614897,"NRI_P168",50
"61878",-13079.958276149,"NRI_P168",100
"61879",-7327.79479614896,"NRI_P168",25
"61880",2413.42781385104,"NRI_P168",50
"61881",-12824.014676149,"NRI_P168",100
"61882",-6274.05233614898,"NRI_P168",25
"61883",-9248.41589614897,"NRI_P168",50
"61884",-8086.49284614899,"NRI_P168",100
"61885",-8908.16973614899,"NRI_P168",25
"61886",-5833.07822614897,"NRI_P168",50
"61887",-10698.440766149,"NRI_P168",100
"61888",-9628.60343614899,"NRI_P168",25
"61889",-8057.994406149,"NRI_P168",50
"61890",-12216.771756149,"NRI_P168",100
"61891",-7119.29756614898,"NRI_P168",25
"61892",-1278.35504614899,"NRI_P168",50
"61893",-12292.532346149,"NRI_P168",100
"61894",-5028.355636149,"NRI_P168",25
"61895",-388.168356148992,"NRI_P168",50
"61896",-5982.81793614896,"NRI_P168",100
"61897",-3530.67392614897,"NRI_P168",25
"61898",-6780.81584614899,"NRI_P168",50
"61899",-7789.105926149,"NRI_P168",100
"61900",799.215913850989,"NRI_P168",25
"61901",-174.958376149007,"NRI_P168",50
"61902",-4986.604756149,"NRI_P168",100
"61903",-5686.47013614897,"NRI_P168",25
"61904",-3507.355506149,"NRI_P168",50
"61905",-11915.173286149,"NRI_P168",100
"61906",-328.426176148991,"NRI_P168",25
"61907",588.429063851014,"NRI_P168",50
"61908",-10947.848936149,"NRI_P168",100
"61909",3487.84938385099,"NRI_P168",25
"61910",-2166.64325614896,"NRI_P168",50
"61911",-12357.769386149,"NRI_P168",100
"61912",-7356.62390614901,"NRI_P168",25
"61913",-10751.359196149,"NRI_P168",50
"61914",-9862.37713614898,"NRI_P168",100
"61915",2.99869385099737,"NRI_P168",25
"61916",-7206.98265614896,"NRI_P168",50
"61917",-10629.442566149,"NRI_P168",100
"61918",-143.216916148958,"NRI_P168",25
"61919",-7318.48385614896,"NRI_P168",50
"61920",-7621.028466149,"NRI_P168",100
"61921",227.054983851034,"NRI_P168",25
"61922",-6841.40380614897,"NRI_P168",50
"61923",-11491.682266149,"NRI_P168",100
"61924",-5136.95536614896,"NRI_P168",25
"61925",-8461.57584614897,"NRI_P168",50
"61926",-10228.884336149,"NRI_P168",100
"61927",-5876.79061614897,"NRI_P168",25
"61928",4082.08558385103,"NRI_P168",50
"61929",-10722.643526149,"NRI_P168",100
"61930",-1301.059296149,"NRI_P168",25
"61931",-3621.26997614896,"NRI_P168",50
"61932",-10708.123106149,"NRI_P168",100
"61933",-9052.34609614898,"NRI_P168",25
"61934",-1766.34447614901,"NRI_P168",50
"61935",-11034.871176149,"NRI_P168",100
"61936",-7624.86130614899,"NRI_P168",25
"61937",-2354.645126149,"NRI_P168",50
"61938",-8840.97870614898,"NRI_P168",100
"61939",-6245.15283614898,"NRI_P168",25
"61940",-9410.66732614898,"NRI_P168",50
"61941",-9046.40621614899,"NRI_P168",100
"61942",380.905263850989,"NRI_P168",25
"61943",-8953.35698614898,"NRI_P168",50
"61944",-8887.74451614899,"NRI_P168",100
"61945",118.233693851042,"NRI_P168",25
"61946",-10329.568936149,"NRI_P168",50
"61947",-12572.649636149,"NRI_P168",100
"61948",-588.532826148963,"NRI_P168",25
"61949",-806.473496149003,"NRI_P168",50
"61950",-5798.00086614897,"NRI_P168",100
"61951",-6754.627116149,"NRI_P168",25
"61952",-1763.15325614897,"NRI_P168",50
"61953",-11821.534766149,"NRI_P168",100
"61954",2411.17114385101,"NRI_P168",25
"61955",-1854.264836149,"NRI_P168",50
"61956",-9793.684616149,"NRI_P168",100
"61957",949.673303851043,"NRI_P168",25
"61958",-4915.35755614896,"NRI_P168",50
"61959",-6735.22038614895,"NRI_P168",100
"61960",-221.080356149003,"NRI_P168",25
"61961",-10215.291856149,"NRI_P168",50
"61962",-11190.363356149,"NRI_P168",100
"61963",4679.65606385103,"NRI_P168",25
"61964",1606.73926385102,"NRI_P168",50
"61965",-13043.709586149,"NRI_P168",100
"61966",-3099.57261614897,"NRI_P168",25
"61967",-8569.60207614899,"NRI_P168",50
"61968",-10711.154486149,"NRI_P168",100
"61969",547.948623851,"NRI_P168",25
"61970",-5331.64782614895,"NRI_P168",50
"61971",-12271.432056149,"NRI_P168",100
"61972",1797.58308385103,"NRI_P168",25
"61973",-10282.663046149,"NRI_P168",50
"61974",-10494.985296149,"NRI_P168",100
"61975",-2383.96840614895,"NRI_P168",25
"61976",-6560.305466149,"NRI_P168",50
"61977",-3522.98367614899,"NRI_P168",100
"61978",693.059233851032,"NRI_P168",25
"61979",-5703.61354614899,"NRI_P168",50
"61980",-12685.464156149,"NRI_P168",100
"61981",-8907.48539614899,"NRI_P168",25
"61982",-4437.47556614899,"NRI_P168",50
"61983",-11648.142816149,"NRI_P168",100
"61984",-8282.50482614897,"NRI_P168",25
"61985",-1610.74671614898,"NRI_P168",50
"61986",-11175.276596149,"NRI_P168",100
"61987",-602.147076149005,"NRI_P168",25
"61988",-1573.05943614896,"NRI_P168",50
"61989",-9666.97079614899,"NRI_P168",100
"61990",330.078463851009,"NRI_P168",25
"61991",-1468.93979614897,"NRI_P168",50
"61992",-10931.772446149,"NRI_P168",100
"61993",-9039.13025614899,"NRI_P168",25
"61994",-7445.45215614897,"NRI_P168",50
"61995",-11639.721746149,"NRI_P168",100
"61996",226.028613850998,"NRI_P168",25
"61997",-10479.297016149,"NRI_P168",50
"61998",-11555.477126149,"NRI_P168",100
"61999",-2574.53580614901,"NRI_P168",25
"62000",-9882.316966149,"NRI_P168",50
"62001",-12307.726686149,"NRI_P168",100
"62002",-3159.87281614897,"NRI_P168",25
"62003",3044.65317385102,"NRI_P168",50
"62004",-8498.41405614899,"NRI_P168",100
"62005",-2383.07998614898,"NRI_P168",25
"62006",-10452.507556149,"NRI_P168",50
"62007",-7062.450226149,"NRI_P168",100
"62008",-6550.03050614899,"NRI_P168",25
"62009",-9425.57406614898,"NRI_P168",50
"62010",-7515.82192614896,"NRI_P168",100
"62011",-6777.55378614896,"NRI_P168",25
"62012",-11254.487226149,"NRI_P168",50
"62013",-9742.56516614897,"NRI_P168",100
"62014",-825.686696149001,"NRI_P168",25
"62015",-9079.40980614899,"NRI_P168",50
"62016",-11726.809206149,"NRI_P168",100
"62017",-7812.75767614896,"NRI_P168",25
"62018",-8656.21373614899,"NRI_P168",50
"62019",-767.623826148978,"NRI_P168",100
"62020",341.658573850989,"NRI_P168",25
"62021",-4007.00489614898,"NRI_P168",50
"62022",-8294.08261614898,"NRI_P168",100
"62023",3275.13919385104,"NRI_P168",25
"62024",-10330.559066149,"NRI_P168",50
"62025",-10020.254246149,"NRI_P168",100
"62026",-6620.90462614899,"NRI_P168",25
"62027",-8641.77410614898,"NRI_P168",50
"62028",-9762.84683614899,"NRI_P168",100
"62029",1102.73243385099,"NRI_P168",25
"62030",-1240.70479614899,"NRI_P168",50
"62031",-12034.911576149,"NRI_P168",100
"62032",-6750.63888614898,"NRI_P168",25
"62033",-9434.08506614898,"NRI_P168",50
"62034",-10976.171746149,"NRI_P168",100
"62035",-8797.832916149,"NRI_P168",25
"62036",-683.399486148963,"NRI_P168",50
"62037",-8410.38082614899,"NRI_P168",100
"62038",-2706.03769614897,"NRI_P168",25
"62039",-3741.43694614898,"NRI_P168",50
"62040",-11457.974156149,"NRI_P168",100
"62041",-3624.26582614897,"NRI_P168",25
"62042",-2948.18993614899,"NRI_P168",50
"62043",-10629.973366149,"NRI_P168",100
"62044",-6525.55719614896,"NRI_P168",25
"62045",-7185.23853614897,"NRI_P168",50
"62046",-8841.73638614899,"NRI_P168",100
"62047",-2131.55109614896,"NRI_P168",25
"62048",-147.406196149008,"NRI_P168",50
"62049",-12647.562416149,"NRI_P168",100
"62050",-2280.96788614901,"NRI_P168",25
"62051",3813.437783851,"NRI_P168",50
"62052",-10657.205366149,"NRI_P168",100
"62053",-8895.64703614899,"NRI_P168",25
"62054",-8876.94676614899,"NRI_P168",50
"62055",-8122.58993614899,"NRI_P168",100
"62056",-9376.42919614899,"NRI_P168",25
"62057",-3519.413686149,"NRI_P168",50
"62058",-11402.747666149,"NRI_P168",100
"62059",-2094.304266149,"NRI_P168",25
"62060",-6457.50369614898,"NRI_P168",50
"62061",-12290.474656149,"NRI_P168",100
"62062",-1706.92897614901,"NRI_P168",25
"62063",-2799.53647614899,"NRI_P168",50
"62064",-10569.515396149,"NRI_P168",100
"62065",-6893.95897614898,"NRI_P168",25
"62066",-5843.56563614897,"NRI_P168",50
"62067",-12799.190566149,"NRI_P168",100
"62068",-740.291186148999,"NRI_P168",25
"62069",-6843.89413614897,"NRI_P168",50
"62070",-9727.09947614899,"NRI_P168",100
"62071",-2030.34527614899,"NRI_P168",25
"62072",-2530.49272614898,"NRI_P168",50
"62073",-10592.919066149,"NRI_P168",100
"62074",-4728.182706149,"NRI_P168",25
"62075",-275.083356148971,"NRI_P168",50
"62076",-9237.22925614897,"NRI_P168",100
"62077",743.751253850991,"NRI_P168",25
"62078",-4133.43144614896,"NRI_P168",50
"62079",-12144.583076149,"NRI_P168",100
"62080",-7673.43112614896,"NRI_P168",25
"62081",-9762.33763614899,"NRI_P168",50
"62082",-9608.61534614899,"NRI_P168",100
"62083",117.892173851025,"NRI_P168",25
"62084",-4924.277556149,"NRI_P168",50
"62085",-11115.496806149,"NRI_P168",100
"62086",-10270.979936149,"NRI_P168",25
"62087",-4711.59318614897,"NRI_P168",50
"62088",-12528.540246149,"NRI_P168",100
"62089",-6932.39196614898,"NRI_P168",25
"62090",449.54249385104,"NRI_P168",50
"62091",-11360.553456149,"NRI_P168",100
"62092",1424.59308385104,"NRI_P168",25
"62093",-3884.314746149,"NRI_P168",50
"62094",-11421.647676149,"NRI_P168",100
"62095",-1915.84331614897,"NRI_P168",25
"62096",-3845.70244614896,"NRI_P168",50
"62097",-10683.321946149,"NRI_P168",100
"62098",-3361.42885614897,"NRI_P168",25
"62099",-6023.38898614899,"NRI_P168",50
"62100",-9635.31274614899,"NRI_P168",100
"62101",-1068.25543630397,"NRI_P170",25
"62102",-10854.559616304,"NRI_P170",50
"62103",-25534.979986304,"NRI_P170",100
"62104",-1628.77107630396,"NRI_P170",25
"62105",4980.10706369602,"NRI_P170",50
"62106",-9217.28546630399,"NRI_P170",100
"62107",-172.004436303978,"NRI_P170",25
"62108",-6094.26891630399,"NRI_P170",50
"62109",-19658.633336304,"NRI_P170",100
"62110",-5424.36319630401,"NRI_P170",25
"62111",-8038.84953630401,"NRI_P170",50
"62112",-6142.20306630398,"NRI_P170",100
"62113",-7103.74499630398,"NRI_P170",25
"62114",26064.593373696,"NRI_P170",50
"62115",-18174.392166304,"NRI_P170",100
"62116",-8521.057086304,"NRI_P170",25
"62117",-16111.049536304,"NRI_P170",50
"62118",-24514.678666304,"NRI_P170",100
"62119",-2730.823536304,"NRI_P170",25
"62120",-13497.866526304,"NRI_P170",50
"62121",-30617.583006304,"NRI_P170",100
"62122",-2798.62332630396,"NRI_P170",25
"62123",-17687.196066304,"NRI_P170",50
"62124",-9372.20166630397,"NRI_P170",100
"62125",-5315.20701630396,"NRI_P170",25
"62126",-18299.368126304,"NRI_P170",50
"62127",-29672.887626304,"NRI_P170",100
"62128",1188.345563696,"NRI_P170",25
"62129",-1543.24363630399,"NRI_P170",50
"62130",-19793.304576304,"NRI_P170",100
"62131",-19710.819686304,"NRI_P170",25
"62132",-8457.10029630398,"NRI_P170",50
"62133",-25428.543556304,"NRI_P170",100
"62134",-4767.18309630401,"NRI_P170",25
"62135",-16334.066666304,"NRI_P170",50
"62136",-21518.110326304,"NRI_P170",100
"62137",-4718.88038630399,"NRI_P170",25
"62138",-3190.806566304,"NRI_P170",50
"62139",-26819.769576304,"NRI_P170",100
"62140",-2758.81283630402,"NRI_P170",25
"62141",-16907.864266304,"NRI_P170",50
"62142",-20430.770886304,"NRI_P170",100
"62143",-8498.72257630399,"NRI_P170",25
"62144",-11313.092876304,"NRI_P170",50
"62145",-18135.943896304,"NRI_P170",100
"62146",-6785.148626304,"NRI_P170",25
"62147",3333.70597369602,"NRI_P170",50
"62148",-25518.425996304,"NRI_P170",100
"62149",-5172.13384630397,"NRI_P170",25
"62150",4694.07602369599,"NRI_P170",50
"62151",-8562.78562630399,"NRI_P170",100
"62152",-11503.628946304,"NRI_P170",25
"62153",-374.521346303984,"NRI_P170",50
"62154",-26052.556926304,"NRI_P170",100
"62155",-18332.116416304,"NRI_P170",25
"62156",-8576.99351630401,"NRI_P170",50
"62157",-12486.989006304,"NRI_P170",100
"62158",-10280.986606304,"NRI_P170",25
"62159",2869.81492369599,"NRI_P170",50
"62160",-13845.523606304,"NRI_P170",100
"62161",19014.050603696,"NRI_P170",25
"62162",-10392.653006304,"NRI_P170",50
"62163",-15901.677566304,"NRI_P170",100
"62164",-1680.26299630397,"NRI_P170",25
"62165",-2447.81827630399,"NRI_P170",50
"62166",-20486.059086304,"NRI_P170",100
"62167",-1586.33653630398,"NRI_P170",25
"62168",-14648.384436304,"NRI_P170",50
"62169",-15643.719876304,"NRI_P170",100
"62170",9427.83422369603,"NRI_P170",25
"62171",-1465.91103630397,"NRI_P170",50
"62172",-17690.468586304,"NRI_P170",100
"62173",-1475.42158630397,"NRI_P170",25
"62174",-4923.21383630397,"NRI_P170",50
"62175",-3762.36592630396,"NRI_P170",100
"62176",-424.048796303978,"NRI_P170",25
"62177",-5624.64097630401,"NRI_P170",50
"62178",-9754.562826304,"NRI_P170",100
"62179",-12900.956256304,"NRI_P170",25
"62180",-17931.145266304,"NRI_P170",50
"62181",-21327.780746304,"NRI_P170",100
"62182",10343.699413696,"NRI_P170",25
"62183",-25238.588776304,"NRI_P170",50
"62184",-18968.859406304,"NRI_P170",100
"62185",-2634.37606630399,"NRI_P170",25
"62186",-9400.50781630399,"NRI_P170",50
"62187",-27527.683196304,"NRI_P170",100
"62188",-16758.700396304,"NRI_P170",25
"62189",-12013.070906304,"NRI_P170",50
"62190",-10301.432426304,"NRI_P170",100
"62191",343.693213696009,"NRI_P170",25
"62192",-14590.687126304,"NRI_P170",50
"62193",-6446.53299630398,"NRI_P170",100
"62194",-10963.874076304,"NRI_P170",25
"62195",-6053.77931630396,"NRI_P170",50
"62196",-13923.813276304,"NRI_P170",100
"62197",-5499.80704630399,"NRI_P170",25
"62198",-18447.512666304,"NRI_P170",50
"62199",-27947.829206304,"NRI_P170",100
"62200",1314.32757369603,"NRI_P170",25
"62201",-10099.251106304,"NRI_P170",50
"62202",-16411.257286304,"NRI_P170",100
"62203",-6615.113126304,"NRI_P170",25
"62204",-6537.73122630396,"NRI_P170",50
"62205",-12114.542376304,"NRI_P170",100
"62206",-14362.746936304,"NRI_P170",25
"62207",-27109.244286304,"NRI_P170",50
"62208",-20955.290976304,"NRI_P170",100
"62209",-311.786206303979,"NRI_P170",25
"62210",-2342.22378630401,"NRI_P170",50
"62211",-17790.905296304,"NRI_P170",100
"62212",-4356.69569630397,"NRI_P170",25
"62213",-24819.244236304,"NRI_P170",50
"62214",-32524.865066304,"NRI_P170",100
"62215",-6165.42570630397,"NRI_P170",25
"62216",-486.65464630397,"NRI_P170",50
"62217",-10786.155016304,"NRI_P170",100
"62218",-9930.630846304,"NRI_P170",25
"62219",-12511.103686304,"NRI_P170",50
"62220",-17784.056916304,"NRI_P170",100
"62221",-16666.980636304,"NRI_P170",25
"62222",-6567.58811630396,"NRI_P170",50
"62223",-24484.984576304,"NRI_P170",100
"62224",-15931.336406304,"NRI_P170",25
"62225",-8278.15493630397,"NRI_P170",50
"62226",-19472.164266304,"NRI_P170",100
"62227",-21674.888986304,"NRI_P170",25
"62228",-12548.707366304,"NRI_P170",50
"62229",-17421.616116304,"NRI_P170",100
"62230",-16802.944086304,"NRI_P170",25
"62231",-14927.076666304,"NRI_P170",50
"62232",-28278.382386304,"NRI_P170",100
"62233",-4965.69881630398,"NRI_P170",25
"62234",-19340.934016304,"NRI_P170",50
"62235",-21171.186426304,"NRI_P170",100
"62236",-11313.006566304,"NRI_P170",25
"62237",-4877.61662630399,"NRI_P170",50
"62238",-21189.773186304,"NRI_P170",100
"62239",-12216.743196304,"NRI_P170",25
"62240",1400.25945369602,"NRI_P170",50
"62241",-20972.426516304,"NRI_P170",100
"62242",-2280.86356630397,"NRI_P170",25
"62243",-10665.635276304,"NRI_P170",50
"62244",-28220.330576304,"NRI_P170",100
"62245",10205.983153696,"NRI_P170",25
"62246",-2277.49535630399,"NRI_P170",50
"62247",-13117.725516304,"NRI_P170",100
"62248",1416.92118369602,"NRI_P170",25
"62249",-4957.80133630399,"NRI_P170",50
"62250",-20094.411606304,"NRI_P170",100
"62251",-2852.11498630396,"NRI_P170",25
"62252",-5700.41146630398,"NRI_P170",50
"62253",-15680.324596304,"NRI_P170",100
"62254",-3087.45801630401,"NRI_P170",25
"62255",-14950.804766304,"NRI_P170",50
"62256",-18635.605696304,"NRI_P170",100
"62257",-3713.46717630397,"NRI_P170",25
"62258",-20064.850406304,"NRI_P170",50
"62259",-23326.644286304,"NRI_P170",100
"62260",-14476.080696304,"NRI_P170",25
"62261",-8549.15488630399,"NRI_P170",50
"62262",-21182.279516304,"NRI_P170",100
"62263",-735.270716303959,"NRI_P170",25
"62264",3550.50952369603,"NRI_P170",50
"62265",-27718.492946304,"NRI_P170",100
"62266",-7840.04686630401,"NRI_P170",25
"62267",-13160.917846304,"NRI_P170",50
"62268",-5987.48704630398,"NRI_P170",100
"62269",-15390.937906304,"NRI_P170",25
"62270",-9950.39981630398,"NRI_P170",50
"62271",-11154.060856304,"NRI_P170",100
"62272",-4655.14526630397,"NRI_P170",25
"62273",-9769.843686304,"NRI_P170",50
"62274",-16030.675766304,"NRI_P170",100
"62275",-9154.62513630401,"NRI_P170",25
"62276",-7059.784106304,"NRI_P170",50
"62277",-28231.717546304,"NRI_P170",100
"62278",-9931.69985630398,"NRI_P170",25
"62279",-3217.91150630399,"NRI_P170",50
"62280",-31846.700326304,"NRI_P170",100
"62281",-4172.38617630396,"NRI_P170",25
"62282",-10940.523206304,"NRI_P170",50
"62283",-25480.224656304,"NRI_P170",100
"62284",-15347.687576304,"NRI_P170",25
"62285",-12667.361336304,"NRI_P170",50
"62286",-31146.050996304,"NRI_P170",100
"62287",-17449.463296304,"NRI_P170",25
"62288",-3772.69841630396,"NRI_P170",50
"62289",-10813.873236304,"NRI_P170",100
"62290",-5050.37034630397,"NRI_P170",25
"62291",-17858.298026304,"NRI_P170",50
"62292",-25764.144556304,"NRI_P170",100
"62293",1486.69115369604,"NRI_P170",25
"62294",-19093.009136304,"NRI_P170",50
"62295",-33651.633526304,"NRI_P170",100
"62296",682.471953695989,"NRI_P170",25
"62297",-15232.249646304,"NRI_P170",50
"62298",-5647.03273630398,"NRI_P170",100
"62299",-10898.666406304,"NRI_P170",25
"62300",-2140.07621630398,"NRI_P170",50
"62301",-23034.080636304,"NRI_P170",100
"62302",-472.826516303991,"NRI_P170",25
"62303",-8341.74965630396,"NRI_P170",50
"62304",-12723.612596304,"NRI_P170",100
"62305",8262.20489369601,"NRI_P170",25
"62306",-6916.03620630398,"NRI_P170",50
"62307",-23648.466086304,"NRI_P170",100
"62308",-1033.03635630402,"NRI_P170",25
"62309",-8824.163586304,"NRI_P170",50
"62310",-24558.355436304,"NRI_P170",100
"62311",-3929.57760630397,"NRI_P170",25
"62312",-5755.11605630396,"NRI_P170",50
"62313",-24077.083266304,"NRI_P170",100
"62314",-14786.303666304,"NRI_P170",25
"62315",-22462.405366304,"NRI_P170",50
"62316",-21964.324716304,"NRI_P170",100
"62317",-7966.27110630396,"NRI_P170",25
"62318",2833.58179369604,"NRI_P170",50
"62319",-6173.94286630402,"NRI_P170",100
"62320",-10768.566206304,"NRI_P170",25
"62321",-7418.994776304,"NRI_P170",50
"62322",-19286.795296304,"NRI_P170",100
"62323",-12442.743726304,"NRI_P170",25
"62324",411.261933695991,"NRI_P170",50
"62325",-13101.879056304,"NRI_P170",100
"62326",-14682.219776304,"NRI_P170",25
"62327",-6815.96464630397,"NRI_P170",50
"62328",-24261.683336304,"NRI_P170",100
"62329",-2293.08409630397,"NRI_P170",25
"62330",4485.801883696,"NRI_P170",50
"62331",-24801.845256304,"NRI_P170",100
"62332",-21226.145196304,"NRI_P170",25
"62333",-22316.653886304,"NRI_P170",50
"62334",-22149.018356304,"NRI_P170",100
"62335",-6969.41359630396,"NRI_P170",25
"62336",-17221.871626304,"NRI_P170",50
"62337",-29939.664456304,"NRI_P170",100
"62338",-3183.927056304,"NRI_P170",25
"62339",-9298.38991630398,"NRI_P170",50
"62340",-14423.184256304,"NRI_P170",100
"62341",408.307603696012,"NRI_P170",25
"62342",-19163.091266304,"NRI_P170",50
"62343",-19727.680056304,"NRI_P170",100
"62344",-3551.78519630397,"NRI_P170",25
"62345",-5281.32504630397,"NRI_P170",50
"62346",-30675.264506304,"NRI_P170",100
"62347",-2385.62919630401,"NRI_P170",25
"62348",-7765.35957630398,"NRI_P170",50
"62349",-29857.452366304,"NRI_P170",100
"62350",-292.119106303959,"NRI_P170",25
"62351",-12609.896356304,"NRI_P170",50
"62352",-6796.55903630401,"NRI_P170",100
"62353",-7347.33115630399,"NRI_P170",25
"62354",-16730.003696304,"NRI_P170",50
"62355",-13395.305126304,"NRI_P170",100
"62356",-1155.88607630401,"NRI_P170",25
"62357",14154.740683696,"NRI_P170",50
"62358",-21087.753966304,"NRI_P170",100
"62359",3661.97061369603,"NRI_P170",25
"62360",-4720.049716304,"NRI_P170",50
"62361",-29632.730626304,"NRI_P170",100
"62362",-6576.476086304,"NRI_P170",25
"62363",-11340.859156304,"NRI_P170",50
"62364",-32073.718426304,"NRI_P170",100
"62365",-2777.508116304,"NRI_P170",25
"62366",-388.674536303966,"NRI_P170",50
"62367",-25739.733856304,"NRI_P170",100
"62368",-8521.33249630401,"NRI_P170",25
"62369",-11288.709476304,"NRI_P170",50
"62370",-22297.292726304,"NRI_P170",100
"62371",537.565243696037,"NRI_P170",25
"62372",-8730.87486630399,"NRI_P170",50
"62373",-27118.553656304,"NRI_P170",100
"62374",9504.10863369599,"NRI_P170",25
"62375",-16968.554566304,"NRI_P170",50
"62376",-27067.677466304,"NRI_P170",100
"62377",-7899.865786304,"NRI_P170",25
"62378",-1749.94125630398,"NRI_P170",50
"62379",-10766.700156304,"NRI_P170",100
"62380",-7020.48156630399,"NRI_P170",25
"62381",-6594.010906304,"NRI_P170",50
"62382",-11828.551876304,"NRI_P170",100
"62383",-7446.04949630401,"NRI_P170",25
"62384",-15058.385246304,"NRI_P170",50
"62385",-21327.561606304,"NRI_P170",100
"62386",-5071.28970630397,"NRI_P170",25
"62387",-14111.739336304,"NRI_P170",50
"62388",-7774.22649630398,"NRI_P170",100
"62389",-10241.069456304,"NRI_P170",25
"62390",-6770.84775630396,"NRI_P170",50
"62391",10564.614733696,"NRI_P170",100
"62392",1560.25834369601,"NRI_P170",25
"62393",-20856.372796304,"NRI_P170",50
"62394",-10259.482846304,"NRI_P170",100
"62395",-8076.44914630399,"NRI_P170",25
"62396",-2129.05168630398,"NRI_P170",50
"62397",-26519.395726304,"NRI_P170",100
"62398",2098.75557369599,"NRI_P170",25
"62399",-20098.761896304,"NRI_P170",50
"62400",-17885.178826304,"NRI_P170",100
"62401",-19.1842106530021,"NRI_P171",25
"62402",336.477989347004,"NRI_P171",50
"62403",180.200179347004,"NRI_P171",100
"62404",-121.353860652998,"NRI_P171",25
"62405",1050.592949347,"NRI_P171",50
"62406",1881.801799347,"NRI_P171",100
"62407",212.338289347004,"NRI_P171",25
"62408",146.072189347004,"NRI_P171",50
"62409",442.234859347001,"NRI_P171",100
"62410",30.0844793470023,"NRI_P171",25
"62411",468.535429347001,"NRI_P171",50
"62412",205.788369346999,"NRI_P171",100
"62413",177.420499346998,"NRI_P171",25
"62414",99.7733893469995,"NRI_P171",50
"62415",421.766499347003,"NRI_P171",100
"62416",249.018689347002,"NRI_P171",25
"62417",186.877739347001,"NRI_P171",50
"62418",369.190989347,"NRI_P171",100
"62419",129.510089347001,"NRI_P171",25
"62420",-114.264070653,"NRI_P171",50
"62421",102.982869347004,"NRI_P171",100
"62422",-62.9591406530017,"NRI_P171",25
"62423",813.094189347001,"NRI_P171",50
"62424",7.47982934700121,"NRI_P171",100
"62425",27.2642993469999,"NRI_P171",25
"62426",-30.1648106529974,"NRI_P171",50
"62427",360.868579346999,"NRI_P171",100
"62428",33.9435593470043,"NRI_P171",25
"62429",66.6406793470014,"NRI_P171",50
"62430",1386.641349347,"NRI_P171",100
"62431",-64.5889106530012,"NRI_P171",25
"62432",472.019989346998,"NRI_P171",50
"62433",-134.527920652996,"NRI_P171",100
"62434",221.148289347002,"NRI_P171",25
"62435",-121.790500652998,"NRI_P171",50
"62436",-84.9383306529999,"NRI_P171",100
"62437",-41.0305106529995,"NRI_P171",25
"62438",23.5345793470042,"NRI_P171",50
"62439",2628.112089347,"NRI_P171",100
"62440",26.9066693470013,"NRI_P171",25
"62441",329.922339347002,"NRI_P171",50
"62442",1409.254499347,"NRI_P171",100
"62443",15.9056893470042,"NRI_P171",25
"62444",56.2939693470034,"NRI_P171",50
"62445",757.967379346999,"NRI_P171",100
"62446",73.9327593470007,"NRI_P171",25
"62447",-8.75461065299896,"NRI_P171",50
"62448",-25.2696006530023,"NRI_P171",100
"62449",-66.6439806529961,"NRI_P171",25
"62450",737.449499347,"NRI_P171",50
"62451",1367.510009347,"NRI_P171",100
"62452",31.0501993470025,"NRI_P171",25
"62453",-78.6162406529984,"NRI_P171",50
"62454",449.571739347004,"NRI_P171",100
"62455",-113.212340653001,"NRI_P171",25
"62456",1724.334289347,"NRI_P171",50
"62457",1451.908529347,"NRI_P171",100
"62458",47.1564393470035,"NRI_P171",25
"62459",-164.501740653002,"NRI_P171",50
"62460",62.6695493470033,"NRI_P171",100
"62461",-56.8090006529965,"NRI_P171",25
"62462",654.863269346999,"NRI_P171",50
"62463",5.74110934700002,"NRI_P171",100
"62464",35.0025393469987,"NRI_P171",25
"62465",61.4666493469995,"NRI_P171",50
"62466",-97.7693106529987,"NRI_P171",100
"62467",449.168989347003,"NRI_P171",25
"62468",27.5105593469998,"NRI_P171",50
"62469",328.678799346999,"NRI_P171",100
"62470",76.8440993469994,"NRI_P171",25
"62471",67.7472693470045,"NRI_P171",50
"62472",-0.897480653002276,"NRI_P171",100
"62473",759.813489346998,"NRI_P171",25
"62474",0.0532393469984527,"NRI_P171",50
"62475",1877.752599347,"NRI_P171",100
"62476",359.446489346999,"NRI_P171",25
"62477",-74.1580406529974,"NRI_P171",50
"62478",256.910709347001,"NRI_P171",100
"62479",-85.7003906530008,"NRI_P171",25
"62480",-143.403810652999,"NRI_P171",50
"62481",210.594169347001,"NRI_P171",100
"62482",81.4599893470004,"NRI_P171",25
"62483",-98.9993006529985,"NRI_P171",50
"62484",314.432149346998,"NRI_P171",100
"62485",-50.944910653001,"NRI_P171",25
"62486",-104.378790652998,"NRI_P171",50
"62487",104.725479346998,"NRI_P171",100
"62488",-15.0091106530017,"NRI_P171",25
"62489",-79.698340652998,"NRI_P171",50
"62490",625.058239347003,"NRI_P171",100
"62491",275.676889347,"NRI_P171",25
"62492",310.556799347003,"NRI_P171",50
"62493",744.820689346998,"NRI_P171",100
"62494",93.0129993470036,"NRI_P171",25
"62495",-17.8934906529976,"NRI_P171",50
"62496",-10.4638106529965,"NRI_P171",100
"62497",-13.2822106530002,"NRI_P171",25
"62498",-99.9706806530012,"NRI_P171",50
"62499",121.923149347,"NRI_P171",100
"62500",278.854699347001,"NRI_P171",25
"62501",16.940589347003,"NRI_P171",50
"62502",162.377049347,"NRI_P171",100
"62503",4.46211934700113,"NRI_P171",25
"62504",121.224599346999,"NRI_P171",50
"62505",-38.3772206529975,"NRI_P171",100
"62506",174.242689347004,"NRI_P171",25
"62507",-22.2112506529957,"NRI_P171",50
"62508",1505.822829347,"NRI_P171",100
"62509",140.819789346999,"NRI_P171",25
"62510",-81.5755106529978,"NRI_P171",50
"62511",76.8423293470041,"NRI_P171",100
"62512",-135.151270652997,"NRI_P171",25
"62513",39.6447093469978,"NRI_P171",50
"62514",25.3046493470029,"NRI_P171",100
"62515",415.813989347,"NRI_P171",25
"62516",173.502209347003,"NRI_P171",50
"62517",268.931439346998,"NRI_P171",100
"62518",4.46211934700113,"NRI_P171",25
"62519",42.4190893470004,"NRI_P171",50
"62520",69.2779393469973,"NRI_P171",100
"62521",86.8284893470045,"NRI_P171",25
"62522",65.9663693469993,"NRI_P171",50
"62523",74.0906293470034,"NRI_P171",100
"62524",118.152989347,"NRI_P171",25
"62525",141.705499347001,"NRI_P171",50
"62526",1371.226809347,"NRI_P171",100
"62527",6.36408934700012,"NRI_P171",25
"62528",253.824159347001,"NRI_P171",50
"62529",57.1362193469977,"NRI_P171",100
"62530",80.5157893470023,"NRI_P171",25
"62531",-25.8960806530013,"NRI_P171",50
"62532",-53.9598106529957,"NRI_P171",100
"62533",129.510089347001,"NRI_P171",25
"62534",750.645169347001,"NRI_P171",50
"62535",53.3277493470014,"NRI_P171",100
"62536",55.8011593470001,"NRI_P171",25
"62537",12.6728393470039,"NRI_P171",50
"62538",39.017649346999,"NRI_P171",100
"62539",25.7162593469984,"NRI_P171",25
"62540",-197.871620653001,"NRI_P171",50
"62541",14.6832293469997,"NRI_P171",100
"62542",70.7197393469978,"NRI_P171",25
"62543",-45.6393906529993,"NRI_P171",50
"62544",175.435449347002,"NRI_P171",100
"62545",26.9066693470013,"NRI_P171",25
"62546",659.301489347003,"NRI_P171",50
"62547",547.169169346998,"NRI_P171",100
"62548",-47.7121106529958,"NRI_P171",25
"62549",1.60356934700394,"NRI_P171",50
"62550",97.6476893470026,"NRI_P171",100
"62551",291.216189347004,"NRI_P171",25
"62552",150.934299346998,"NRI_P171",50
"62553",-113.433120652997,"NRI_P171",100
"62554",80.5157893470023,"NRI_P171",25
"62555",154.209839347001,"NRI_P171",50
"62556",219.882589346998,"NRI_P171",100
"62557",-102.993310653001,"NRI_P171",25
"62558",1850.224959347,"NRI_P171",50
"62559",-64.5501606530015,"NRI_P171",100
"62560",-92.6032506529955,"NRI_P171",25
"62561",-93.8844706529999,"NRI_P171",50
"62562",-93.3114706529959,"NRI_P171",100
"62563",717.623189347003,"NRI_P171",25
"62564",-145.216130652996,"NRI_P171",50
"62565",333.941099347001,"NRI_P171",100
"62566",81.5086993470031,"NRI_P171",25
"62567",248.938449346999,"NRI_P171",50
"62568",329.750059347003,"NRI_P171",100
"62569",-106.779210652996,"NRI_P171",25
"62570",17.9392393470043,"NRI_P171",50
"62571",89.8901393470005,"NRI_P171",100
"62572",-102.993310653001,"NRI_P171",25
"62573",39.3128493469994,"NRI_P171",50
"62574",-12.7912506529974,"NRI_P171",100
"62575",252.196499347003,"NRI_P171",25
"62576",33.0273993470037,"NRI_P171",50
"62577",185.466559346998,"NRI_P171",100
"62578",45.9384893469978,"NRI_P171",25
"62579",1258.182689347,"NRI_P171",50
"62580",72.3095393469994,"NRI_P171",100
"62581",-15.8986106529992,"NRI_P171",25
"62582",64.1523093470023,"NRI_P171",50
"62583",517.981589347,"NRI_P171",100
"62584",-63.3237706529981,"NRI_P171",25
"62585",-36.9327606529987,"NRI_P171",50
"62586",429.961109347001,"NRI_P171",100
"62587",88.1287893469998,"NRI_P171",25
"62588",-26.368010653001,"NRI_P171",50
"62589",1738.083109347,"NRI_P171",100
"62590",-48.0240006530003,"NRI_P171",25
"62591",108.890289347,"NRI_P171",50
"62592",-124.132470652999,"NRI_P171",100
"62593",155.282889347,"NRI_P171",25
"62594",-106.018410653,"NRI_P171",50
"62595",1354.134279347,"NRI_P171",100
"62596",38.2624493469993,"NRI_P171",25
"62597",-19.0221806530026,"NRI_P171",50
"62598",316.207059346998,"NRI_P171",100
"62599",-95.8631606529962,"NRI_P171",25
"62600",114.723529347,"NRI_P171",50
"62601",82.5429993470025,"NRI_P171",100
"62602",655.927499347003,"NRI_P171",25
"62603",270.228829346997,"NRI_P171",50
"62604",143.110559346998,"NRI_P171",100
"62605",-89.2166506529975,"NRI_P171",25
"62606",130.150819347,"NRI_P171",50
"62607",46.6871393469992,"NRI_P171",100
"62608",57.8614093470023,"NRI_P171",25
"62609",-23.0616106529997,"NRI_P171",50
"62610",496.530549347,"NRI_P171",100
"62611",10.0886893470015,"NRI_P171",25
"62612",43.6767993469985,"NRI_P171",50
"62613",182.515589347,"NRI_P171",100
"62614",252.196499347003,"NRI_P171",25
"62615",455.593189347004,"NRI_P171",50
"62616",93.1149693469997,"NRI_P171",100
"62617",22.1028693469998,"NRI_P171",25
"62618",-16.0154806529972,"NRI_P171",50
"62619",321.305399347002,"NRI_P171",100
"62620",-63.6615806530026,"NRI_P171",25
"62621",-7.21112065300258,"NRI_P171",50
"62622",323.340179347004,"NRI_P171",100
"62623",313.073889347004,"NRI_P171",25
"62624",405.824999347002,"NRI_P171",50
"62625",97.6066493469989,"NRI_P171",100
"62626",-102.993310653001,"NRI_P171",25
"62627",169.191189347002,"NRI_P171",50
"62628",-37.592480653002,"NRI_P171",100
"62629",181.676999347001,"NRI_P171",25
"62630",-67.748770653001,"NRI_P171",50
"62631",-101.975710653001,"NRI_P171",100
"62632",-33.4765706530015,"NRI_P171",25
"62633",-10.0720506529979,"NRI_P171",50
"62634",137.635559347,"NRI_P171",100
"62635",78.3816293470009,"NRI_P171",25
"62636",-152.439960652999,"NRI_P171",50
"62637",57.8089093470044,"NRI_P171",100
"62638",33.4524893470007,"NRI_P171",25
"62639",390.497899346999,"NRI_P171",50
"62640",1738.392849347,"NRI_P171",100
"62641",-60.7762606530014,"NRI_P171",25
"62642",375.014689347001,"NRI_P171",50
"62643",456.981549347001,"NRI_P171",100
"62644",15.1933593470021,"NRI_P171",25
"62645",-89.4153106529993,"NRI_P171",50
"62646",-136.601310653001,"NRI_P171",100
"62647",90.7535893469976,"NRI_P171",25
"62648",-1.72218065299967,"NRI_P171",50
"62649",471.302779347003,"NRI_P171",100
"62650",286.148589347002,"NRI_P171",25
"62651",-73.1179406529991,"NRI_P171",50
"62652",-98.2710806530013,"NRI_P171",100
"62653",-105.149440652996,"NRI_P171",25
"62654",183.144299346997,"NRI_P171",50
"62655",607.392129346998,"NRI_P171",100
"62656",58.9789693470011,"NRI_P171",25
"62657",165.110259346999,"NRI_P171",50
"62658",649.791209347,"NRI_P171",100
"62659",-84.2132806529989,"NRI_P171",25
"62660",-28.4015506529977,"NRI_P171",50
"62661",2360.355109347,"NRI_P171",100
"62662",419.874389347002,"NRI_P171",25
"62663",23.505929347004,"NRI_P171",50
"62664",287.425689347001,"NRI_P171",100
"62665",-105.851880652997,"NRI_P171",25
"62666",-202.493830653002,"NRI_P171",50
"62667",-42.4013006530004,"NRI_P171",100
"62668",171.770999346998,"NRI_P171",25
"62669",-101.570690652996,"NRI_P171",50
"62670",-86.8235606529997,"NRI_P171",100
"62671",-89.5027706530018,"NRI_P171",25
"62672",-33.9998706530023,"NRI_P171",50
"62673",198.880839347003,"NRI_P171",100
"62674",90.0062993469983,"NRI_P171",25
"62675",1579.420589347,"NRI_P171",50
"62676",1594.025769347,"NRI_P171",100
"62677",6.36408934700012,"NRI_P171",25
"62678",147.624509346999,"NRI_P171",50
"62679",341.556969347002,"NRI_P171",100
"62680",32.0289293469978,"NRI_P171",25
"62681",-21.5367306530025,"NRI_P171",50
"62682",56.5397693470004,"NRI_P171",100
"62683",116.806499347003,"NRI_P171",25
"62684",9.34030934700422,"NRI_P171",50
"62685",62.3192993470002,"NRI_P171",100
"62686",107.846789347001,"NRI_P171",25
"62687",-75.8072606529968,"NRI_P171",50
"62688",376.038739347001,"NRI_P171",100
"62689",103.447799346999,"NRI_P171",25
"62690",-153.378300652999,"NRI_P171",50
"62691",-56.4478806530024,"NRI_P171",100
"62692",-83.735430652996,"NRI_P171",25
"62693",1840.130389347,"NRI_P171",50
"62694",288.510919346998,"NRI_P171",100
"62695",107.846789347001,"NRI_P171",25
"62696",296.653389347004,"NRI_P171",50
"62697",1437.911769347,"NRI_P171",100
"62698",-21.1115106529978,"NRI_P171",25
"62699",34.4926893470038,"NRI_P171",50
"62700",-31.4567706529997,"NRI_P171",100
"62701",3404.49437378201,"NRI_P172",25
"62702",-1965.36801621795,"NRI_P172",50
"62703",-13585.5470762179,"NRI_P172",100
"62704",1431.09727378201,"NRI_P172",25
"62705",-3532.434016218,"NRI_P172",50
"62706",-3317.15786621795,"NRI_P172",100
"62707",-1061.04018621799,"NRI_P172",25
"62708",-2852.06507621799,"NRI_P172",50
"62709",-19774.438056218,"NRI_P172",100
"62710",-3857.81337621796,"NRI_P172",25
"62711",-16868.257716218,"NRI_P172",50
"62712",-16038.260626218,"NRI_P172",100
"62713",2272.80466378201,"NRI_P172",25
"62714",-13191.788796218,"NRI_P172",50
"62715",-18590.959706218,"NRI_P172",100
"62716",-5153.53443621797,"NRI_P172",25
"62717",1613.940433782,"NRI_P172",50
"62718",-17479.285086218,"NRI_P172",100
"62719",-1348.54407621798,"NRI_P172",25
"62720",-15690.650666218,"NRI_P172",50
"62721",-9918.70010621799,"NRI_P172",100
"62722",-11522.359176218,"NRI_P172",25
"62723",-15049.790626218,"NRI_P172",50
"62724",-19050.767006218,"NRI_P172",100
"62725",-10684.413926218,"NRI_P172",25
"62726",-5589.78179621795,"NRI_P172",50
"62727",-15243.328296218,"NRI_P172",100
"62728",-12442.742356218,"NRI_P172",25
"62729",-14241.570046218,"NRI_P172",50
"62730",-17174.865066218,"NRI_P172",100
"62731",-4533.34233621799,"NRI_P172",25
"62732",-8093.97531621798,"NRI_P172",50
"62733",-15973.517166218,"NRI_P172",100
"62734",-6107.86973621795,"NRI_P172",25
"62735",-10278.721796218,"NRI_P172",50
"62736",-16471.526806218,"NRI_P172",100
"62737",311.790973782015,"NRI_P172",25
"62738",387.085503782029,"NRI_P172",50
"62739",-16688.439216218,"NRI_P172",100
"62740",-13742.810426218,"NRI_P172",25
"62741",-15641.8443262179,"NRI_P172",50
"62742",-18042.694536218,"NRI_P172",100
"62743",-1970.82532621798,"NRI_P172",25
"62744",-15220.482216218,"NRI_P172",50
"62745",-14305.434956218,"NRI_P172",100
"62746",-2855.99656621797,"NRI_P172",25
"62747",-13420.231466218,"NRI_P172",50
"62748",-14194.158716218,"NRI_P172",100
"62749",-3112.33890621795,"NRI_P172",25
"62750",-6801.68700621795,"NRI_P172",50
"62751",-16967.023566218,"NRI_P172",100
"62752",-12001.560596218,"NRI_P172",25
"62753",-6419.84939621796,"NRI_P172",50
"62754",-12302.372446218,"NRI_P172",100
"62755",-4095.945276218,"NRI_P172",25
"62756",-8044.08008621796,"NRI_P172",50
"62757",-20383.869796218,"NRI_P172",100
"62758",-1364.27033621795,"NRI_P172",25
"62759",-2051.85287621798,"NRI_P172",50
"62760",-17314.5526262179,"NRI_P172",100
"62761",-2778.12267621799,"NRI_P172",25
"62762",-12076.785996218,"NRI_P172",50
"62763",-19000.875486218,"NRI_P172",100
"62764",-12565.877246218,"NRI_P172",25
"62765",677.020463782013,"NRI_P172",50
"62766",-20713.893146218,"NRI_P172",100
"62767",-3965.44375621795,"NRI_P172",25
"62768",10757.1082337821,"NRI_P172",50
"62769",-17453.299356218,"NRI_P172",100
"62770",-12038.8333562179,"NRI_P172",25
"62771",585.837003782042,"NRI_P172",50
"62772",-7559.20518621797,"NRI_P172",100
"62773",-29.3201362179825,"NRI_P172",25
"62774",-13438.847316218,"NRI_P172",50
"62775",-11750.1860962179,"NRI_P172",100
"62776",-9489.496256218,"NRI_P172",25
"62777",-2486.96079621796,"NRI_P172",50
"62778",-11273.282426218,"NRI_P172",100
"62779",-11510.028146218,"NRI_P172",25
"62780",-7629.535066218,"NRI_P172",50
"62781",-16073.138936218,"NRI_P172",100
"62782",1853.83216378203,"NRI_P172",25
"62783",-16486.568826218,"NRI_P172",50
"62784",-12648.854646218,"NRI_P172",100
"62785",-2469.73811621795,"NRI_P172",25
"62786",-2497.01324621798,"NRI_P172",50
"62787",-4526.81033621798,"NRI_P172",100
"62788",-13885.960516218,"NRI_P172",25
"62789",3109.48128378205,"NRI_P172",50
"62790",-16325.251186218,"NRI_P172",100
"62791",-2735.66547621798,"NRI_P172",25
"62792",5272.31841378205,"NRI_P172",50
"62793",-7249.60427621799,"NRI_P172",100
"62794",551.668573782023,"NRI_P172",25
"62795",-3892.562326218,"NRI_P172",50
"62796",-16026.402046218,"NRI_P172",100
"62797",-2273.27087621798,"NRI_P172",25
"62798",3182.218893782,"NRI_P172",50
"62799",-16558.131876218,"NRI_P172",100
"62800",-12017.016886218,"NRI_P172",25
"62801",-18700.7959062179,"NRI_P172",50
"62802",-15036.125356218,"NRI_P172",100
"62803",-13069.321566218,"NRI_P172",25
"62804",9835.00409378204,"NRI_P172",50
"62805",-4343.510046218,"NRI_P172",100
"62806",-1272.06852621795,"NRI_P172",25
"62807",-14524.671506218,"NRI_P172",50
"62808",-15974.924386218,"NRI_P172",100
"62809",1123.13336378202,"NRI_P172",25
"62810",-5382.68557621795,"NRI_P172",50
"62811",-15371.115896218,"NRI_P172",100
"62812",94.0348637819989,"NRI_P172",25
"62813",-13993.234866218,"NRI_P172",50
"62814",-17566.530326218,"NRI_P172",100
"62815",-1727.55282621796,"NRI_P172",25
"62816",12649.825313782,"NRI_P172",50
"62817",-3868.98108621797,"NRI_P172",100
"62818",4874.73670378205,"NRI_P172",25
"62819",1233.00203378202,"NRI_P172",50
"62820",-16728.380446218,"NRI_P172",100
"62821",-5250.49056621798,"NRI_P172",25
"62822",-8661.441606218,"NRI_P172",50
"62823",-13830.294116218,"NRI_P172",100
"62824",-5762.83469621796,"NRI_P172",25
"62825",-257.761196217965,"NRI_P172",50
"62826",-11849.0632362179,"NRI_P172",100
"62827",-2430.39254621795,"NRI_P172",25
"62828",-9488.42863621796,"NRI_P172",50
"62829",-11319.252876218,"NRI_P172",100
"62830",-11636.462506218,"NRI_P172",25
"62831",-13496.642726218,"NRI_P172",50
"62832",-8524.58467621799,"NRI_P172",100
"62833",-1347.422366218,"NRI_P172",25
"62834",-3708.64373621799,"NRI_P172",50
"62835",-17726.518136218,"NRI_P172",100
"62836",-643.100876217999,"NRI_P172",25
"62837",6332.31813378201,"NRI_P172",50
"62838",-14517.028436218,"NRI_P172",100
"62839",-12313.140656218,"NRI_P172",25
"62840",-3547.22738621797,"NRI_P172",50
"62841",-17299.726426218,"NRI_P172",100
"62842",-11214.751406218,"NRI_P172",25
"62843",-3310.93523621798,"NRI_P172",50
"62844",-10899.022036218,"NRI_P172",100
"62845",8631.99558378203,"NRI_P172",25
"62846",-5987.59574621799,"NRI_P172",50
"62847",-13875.693496218,"NRI_P172",100
"62848",2905.90898378205,"NRI_P172",25
"62849",-4365.66518621799,"NRI_P172",50
"62850",-15557.816736218,"NRI_P172",100
"62851",-3265.07237621798,"NRI_P172",25
"62852",-6589.007676218,"NRI_P172",50
"62853",-18754.410146218,"NRI_P172",100
"62854",-10278.443426218,"NRI_P172",25
"62855",1581.91675378202,"NRI_P172",50
"62856",-18630.444376218,"NRI_P172",100
"62857",1210.89723378205,"NRI_P172",25
"62858",-12072.775336218,"NRI_P172",50
"62859",-14724.107766218,"NRI_P172",100
"62860",38.5594237820478,"NRI_P172",25
"62861",987.331173782004,"NRI_P172",50
"62862",-15443.393136218,"NRI_P172",100
"62863",-14327.842736218,"NRI_P172",25
"62864",-2903.92170621798,"NRI_P172",50
"62865",-12671.145926218,"NRI_P172",100
"62866",-575.364896218001,"NRI_P172",25
"62867",-5548.18909621798,"NRI_P172",50
"62868",-18903.976426218,"NRI_P172",100
"62869",-1493.26209621795,"NRI_P172",25
"62870",-10983.158926218,"NRI_P172",50
"62871",-17179.2408062179,"NRI_P172",100
"62872",-4326.80790621799,"NRI_P172",25
"62873",-13127.793526218,"NRI_P172",50
"62874",-18868.389906218,"NRI_P172",100
"62875",818.32139378204,"NRI_P172",25
"62876",-14941.338156218,"NRI_P172",50
"62877",-11630.355316218,"NRI_P172",100
"62878",-3607.76045621798,"NRI_P172",25
"62879",-17950.023346218,"NRI_P172",50
"62880",-14582.745526218,"NRI_P172",100
"62881",75.3860937820282,"NRI_P172",25
"62882",-14972.831966218,"NRI_P172",50
"62883",-18494.494596218,"NRI_P172",100
"62884",4521.07884378202,"NRI_P172",25
"62885",607.274003782019,"NRI_P172",50
"62886",-14109.849236218,"NRI_P172",100
"62887",1730.94606378203,"NRI_P172",25
"62888",3006.37557378202,"NRI_P172",50
"62889",-12460.473376218,"NRI_P172",100
"62890",-16662.149086218,"NRI_P172",25
"62891",-4382.90005621797,"NRI_P172",50
"62892",-15220.434586218,"NRI_P172",100
"62893",-2580.93313621799,"NRI_P172",25
"62894",-9146.29270621797,"NRI_P172",50
"62895",-18175.473936218,"NRI_P172",100
"62896",-11076.4509262179,"NRI_P172",25
"62897",-2750.185606218,"NRI_P172",50
"62898",-20099.2729662179,"NRI_P172",100
"62899",1456.20436378202,"NRI_P172",25
"62900",1152.56533378205,"NRI_P172",50
"62901",-20322.249066218,"NRI_P172",100
"62902",404.959653782018,"NRI_P172",25
"62903",-6.98776621796424,"NRI_P172",50
"62904",-18420.589996218,"NRI_P172",100
"62905",2723.23071378202,"NRI_P172",25
"62906",-3187.31293621799,"NRI_P172",50
"62907",-15231.3646062179,"NRI_P172",100
"62908",-10307.827276218,"NRI_P172",25
"62909",-5936.38414621796,"NRI_P172",50
"62910",-3108.86055621796,"NRI_P172",100
"62911",1633.95356378204,"NRI_P172",25
"62912",-13730.481576218,"NRI_P172",50
"62913",-20335.591726218,"NRI_P172",100
"62914",-4597.08953621797,"NRI_P172",25
"62915",-8828.25953621796,"NRI_P172",50
"62916",-21606.1220362179,"NRI_P172",100
"62917",-1046.73660621798,"NRI_P172",25
"62918",6024.534443782,"NRI_P172",50
"62919",-8662.53326621797,"NRI_P172",100
"62920",-1364.60760621796,"NRI_P172",25
"62921",7911.56312378205,"NRI_P172",50
"62922",-12921.560406218,"NRI_P172",100
"62923",1069.91058378201,"NRI_P172",25
"62924",-6618.31727621797,"NRI_P172",50
"62925",-17142.779886218,"NRI_P172",100
"62926",-2651.73187621799,"NRI_P172",25
"62927",2567.00320378202,"NRI_P172",50
"62928",-12053.978716218,"NRI_P172",100
"62929",-11988.254716218,"NRI_P172",25
"62930",-11344.668176218,"NRI_P172",50
"62931",-17520.948396218,"NRI_P172",100
"62932",-12429.380256218,"NRI_P172",25
"62933",-14735.482626218,"NRI_P172",50
"62934",-12370.461006218,"NRI_P172",100
"62935",-4866.39584621799,"NRI_P172",25
"62936",1048.730413782,"NRI_P172",50
"62937",-20860.6876862179,"NRI_P172",100
"62938",-5251.76417621796,"NRI_P172",25
"62939",-16202.952176218,"NRI_P172",50
"62940",-17318.046346218,"NRI_P172",100
"62941",-1366.56506621797,"NRI_P172",25
"62942",-13427.908726218,"NRI_P172",50
"62943",-18406.266886218,"NRI_P172",100
"62944",121.626243782055,"NRI_P172",25
"62945",4773.89205378201,"NRI_P172",50
"62946",-12780.168876218,"NRI_P172",100
"62947",-1770.88077621796,"NRI_P172",25
"62948",-12271.1306362179,"NRI_P172",50
"62949",-5128.37837621797,"NRI_P172",100
"62950",969.544073782046,"NRI_P172",25
"62951",4351.60241378204,"NRI_P172",50
"62952",-16091.345706218,"NRI_P172",100
"62953",-11623.057806218,"NRI_P172",25
"62954",158.333023782005,"NRI_P172",50
"62955",-17782.261936218,"NRI_P172",100
"62956",-5892.964226218,"NRI_P172",25
"62957",-11403.889726218,"NRI_P172",50
"62958",-13799.717106218,"NRI_P172",100
"62959",12474.470403782,"NRI_P172",25
"62960",-371.065206217987,"NRI_P172",50
"62961",-16393.034896218,"NRI_P172",100
"62962",-718.561466217972,"NRI_P172",25
"62963",-4045.68163621798,"NRI_P172",50
"62964",4127.42600378202,"NRI_P172",100
"62965",-1876.30970621796,"NRI_P172",25
"62966",-10635.528736218,"NRI_P172",50
"62967",-17997.997616218,"NRI_P172",100
"62968",898.065193782037,"NRI_P172",25
"62969",-1337.83359621797,"NRI_P172",50
"62970",-18194.967976218,"NRI_P172",100
"62971",-5174.37560621795,"NRI_P172",25
"62972",-16918.790866218,"NRI_P172",50
"62973",-18481.641646218,"NRI_P172",100
"62974",-4750.93437621795,"NRI_P172",25
"62975",-5542.919606218,"NRI_P172",50
"62976",-17587.511776218,"NRI_P172",100
"62977",-16309.721616218,"NRI_P172",25
"62978",-6842.00254621799,"NRI_P172",50
"62979",-14773.459856218,"NRI_P172",100
"62980",-2300.51450621797,"NRI_P172",25
"62981",-1908.04690621799,"NRI_P172",50
"62982",-10424.2484662179,"NRI_P172",100
"62983",-917.866136217955,"NRI_P172",25
"62984",-15998.006496218,"NRI_P172",50
"62985",-4604.53939621797,"NRI_P172",100
"62986",10121.6621337821,"NRI_P172",25
"62987",5913.40326378203,"NRI_P172",50
"62988",-6933.08942621795,"NRI_P172",100
"62989",-6648.38947621797,"NRI_P172",25
"62990",670.314353782043,"NRI_P172",50
"62991",-13655.074846218,"NRI_P172",100
"62992",1196.20920378203,"NRI_P172",25
"62993",-16213.5037562179,"NRI_P172",50
"62994",-2692.22486621799,"NRI_P172",100
"62995",-4997.14507621794,"NRI_P172",25
"62996",2519.50417378201,"NRI_P172",50
"62997",-15118.257786218,"NRI_P172",100
"62998",-1428.376446218,"NRI_P172",25
"62999",-4973.29117621796,"NRI_P172",50
"63000",-18868.632496218,"NRI_P172",100
"63001",-1244.62999747304,"NRI_P173",25
"63002",12084.777092527,"NRI_P173",50
"63003",-21923.524707473,"NRI_P173",100
"63004",-988.193557473016,"NRI_P173",25
"63005",-6140.21825747303,"NRI_P173",50
"63006",-18693.745377473,"NRI_P173",100
"63007",-2266.51390747301,"NRI_P173",25
"63008",-11708.087547473,"NRI_P173",50
"63009",-29066.895157473,"NRI_P173",100
"63010",-6954.75301747303,"NRI_P173",25
"63011",-18696.538407473,"NRI_P173",50
"63012",-14587.174007473,"NRI_P173",100
"63013",-3738.36808747303,"NRI_P173",25
"63014",-9799.70144747302,"NRI_P173",50
"63015",-6760.15491747303,"NRI_P173",100
"63016",-10917.604287473,"NRI_P173",25
"63017",1553.41606252699,"NRI_P173",50
"63018",-13443.218657473,"NRI_P173",100
"63019",17987.678172527,"NRI_P173",25
"63020",330.783512527007,"NRI_P173",50
"63021",-26620.579007473,"NRI_P173",100
"63022",-6245.560077473,"NRI_P173",25
"63023",-24532.956837473,"NRI_P173",50
"63024",-15099.316157473,"NRI_P173",100
"63025",-3054.038107473,"NRI_P173",25
"63026",13117.372012527,"NRI_P173",50
"63027",-19728.067707473,"NRI_P173",100
"63028",-2848.050897473,"NRI_P173",25
"63029",8054.31236252701,"NRI_P173",50
"63030",-24313.830847473,"NRI_P173",100
"63031",-3755.32347747299,"NRI_P173",25
"63032",14234.482512527,"NRI_P173",50
"63033",-15150.016387473,"NRI_P173",100
"63034",-10757.840087473,"NRI_P173",25
"63035",8556.86170252698,"NRI_P173",50
"63036",-11201.638857473,"NRI_P173",100
"63037",2092.22909252701,"NRI_P173",25
"63038",-2538.59796747303,"NRI_P173",50
"63039",-5432.37045747304,"NRI_P173",100
"63040",-6399.28095747303,"NRI_P173",25
"63041",-13194.855357473,"NRI_P173",50
"63042",-24391.161107473,"NRI_P173",100
"63043",-3053.299047473,"NRI_P173",25
"63044",-12302.127747473,"NRI_P173",50
"63045",-4098.75996747299,"NRI_P173",100
"63046",-7323.17662747303,"NRI_P173",25
"63047",-13422.572237473,"NRI_P173",50
"63048",-4471.82895747299,"NRI_P173",100
"63049",3748.03911252698,"NRI_P173",25
"63050",-4900.66016747302,"NRI_P173",50
"63051",-5226.328187473,"NRI_P173",100
"63052",-6287.46634747303,"NRI_P173",25
"63053",-20550.926357473,"NRI_P173",50
"63054",-12762.248107473,"NRI_P173",100
"63055",-1477.67066747299,"NRI_P173",25
"63056",-12820.174547473,"NRI_P173",50
"63057",-26555.727237473,"NRI_P173",100
"63058",-10645.919727473,"NRI_P173",25
"63059",-8423.44259747304,"NRI_P173",50
"63060",-3602.56584747299,"NRI_P173",100
"63061",-12888.977357473,"NRI_P173",25
"63062",-5117.91987747303,"NRI_P173",50
"63063",7538.34418252698,"NRI_P173",100
"63064",2401.08751252701,"NRI_P173",25
"63065",1927.01828252699,"NRI_P173",50
"63066",-24846.349717473,"NRI_P173",100
"63067",-5740.77171747299,"NRI_P173",25
"63068",-5000.11315747304,"NRI_P173",50
"63069",-2814.892697473,"NRI_P173",100
"63070",-2431.34028747299,"NRI_P173",25
"63071",7640.67157252698,"NRI_P173",50
"63072",-30890.242057473,"NRI_P173",100
"63073",-5031.82534747303,"NRI_P173",25
"63074",-13782.849957473,"NRI_P173",50
"63075",-31684.854917473,"NRI_P173",100
"63076",4201.484572527,"NRI_P173",25
"63077",-8366.08864747302,"NRI_P173",50
"63078",-238.223937473027,"NRI_P173",100
"63079",11191.571992527,"NRI_P173",25
"63080",-6752.57152747299,"NRI_P173",50
"63081",-26788.713727473,"NRI_P173",100
"63082",22614.736872527,"NRI_P173",25
"63083",-12857.954267473,"NRI_P173",50
"63084",-9094.40372747299,"NRI_P173",100
"63085",-16833.512487473,"NRI_P173",25
"63086",-5707.41394747299,"NRI_P173",50
"63087",-5880.63112747303,"NRI_P173",100
"63088",11094.412922527,"NRI_P173",25
"63089",-3214.890687473,"NRI_P173",50
"63090",-17612.403117473,"NRI_P173",100
"63091",-10011.208457473,"NRI_P173",25
"63092",-12328.220987473,"NRI_P173",50
"63093",-2919.018997473,"NRI_P173",100
"63094",-7519.387927473,"NRI_P173",25
"63095",-3157.74755747302,"NRI_P173",50
"63096",-12631.038387473,"NRI_P173",100
"63097",4875.73583252699,"NRI_P173",25
"63098",24163.201762527,"NRI_P173",50
"63099",-32909.179997473,"NRI_P173",100
"63100",-9780.60882747301,"NRI_P173",25
"63101",-22557.756987473,"NRI_P173",50
"63102",-25756.063767473,"NRI_P173",100
"63103",-2118.73504747299,"NRI_P173",25
"63104",-10801.092347473,"NRI_P173",50
"63105",-17329.310107473,"NRI_P173",100
"63106",-6596.23967747303,"NRI_P173",25
"63107",-10844.991197473,"NRI_P173",50
"63108",-30922.110467473,"NRI_P173",100
"63109",-224.402227473038,"NRI_P173",25
"63110",-2460.08722747304,"NRI_P173",50
"63111",23154.860312527,"NRI_P173",100
"63112",-1761.58476747299,"NRI_P173",25
"63113",-21250.184487473,"NRI_P173",50
"63114",-27377.733527473,"NRI_P173",100
"63115",-3158.68011747301,"NRI_P173",25
"63116",-21947.836907473,"NRI_P173",50
"63117",832.199632527016,"NRI_P173",100
"63118",5399.331922527,"NRI_P173",25
"63119",-13152.904337473,"NRI_P173",50
"63120",-12515.558757473,"NRI_P173",100
"63121",-2214.45362747303,"NRI_P173",25
"63122",-4016.35468747304,"NRI_P173",50
"63123",-1689.97338747303,"NRI_P173",100
"63124",7391.08007252699,"NRI_P173",25
"63125",2510.03775252699,"NRI_P173",50
"63126",13225.608532527,"NRI_P173",100
"63127",-106.128797473037,"NRI_P173",25
"63128",-12938.676327473,"NRI_P173",50
"63129",-26780.494587473,"NRI_P173",100
"63130",-11296.338407473,"NRI_P173",25
"63131",-12430.244347473,"NRI_P173",50
"63132",5266.13639252697,"NRI_P173",100
"63133",-6153.10432747303,"NRI_P173",25
"63134",-10485.171607473,"NRI_P173",50
"63135",-12901.043157473,"NRI_P173",100
"63136",7059.88667252701,"NRI_P173",25
"63137",-16211.282287473,"NRI_P173",50
"63138",-6715.06129747303,"NRI_P173",100
"63139",-3380.78022747301,"NRI_P173",25
"63140",6848.24209252698,"NRI_P173",50
"63141",-2586.02654747304,"NRI_P173",100
"63142",7410.84736252698,"NRI_P173",25
"63143",-7327.92588747299,"NRI_P173",50
"63144",-33829.275857473,"NRI_P173",100
"63145",2672.18048252701,"NRI_P173",25
"63146",-14165.365717473,"NRI_P173",50
"63147",-28596.140677473,"NRI_P173",100
"63148",-288.154377472994,"NRI_P173",25
"63149",-12873.091627473,"NRI_P173",50
"63150",-25920.126107473,"NRI_P173",100
"63151",-13619.235117473,"NRI_P173",25
"63152",-6820.44042747299,"NRI_P173",50
"63153",-6719.12960747303,"NRI_P173",100
"63154",-11991.916087473,"NRI_P173",25
"63155",737.489462526981,"NRI_P173",50
"63156",-8044.68629747303,"NRI_P173",100
"63157",-8968.80245747301,"NRI_P173",25
"63158",5972.30362252699,"NRI_P173",50
"63159",-12877.317457473,"NRI_P173",100
"63160",3719.57523252699,"NRI_P173",25
"63161",-14378.459387473,"NRI_P173",50
"63162",-18960.519767473,"NRI_P173",100
"63163",-1894.60939747299,"NRI_P173",25
"63164",-13617.360807473,"NRI_P173",50
"63165",-4500.74518747302,"NRI_P173",100
"63166",-13137.752287473,"NRI_P173",25
"63167",3682.32349252701,"NRI_P173",50
"63168",-30751.076467473,"NRI_P173",100
"63169",-19574.950897473,"NRI_P173",25
"63170",-13676.504697473,"NRI_P173",50
"63171",-4217.204227473,"NRI_P173",100
"63172",18649.982662527,"NRI_P173",25
"63173",8581.02105252701,"NRI_P173",50
"63174",-1981.75196747301,"NRI_P173",100
"63175",-9919.77397747303,"NRI_P173",25
"63176",-13363.367477473,"NRI_P173",50
"63177",-15697.370137473,"NRI_P173",100
"63178",-11905.004407473,"NRI_P173",25
"63179",-339.370847473037,"NRI_P173",50
"63180",-24282.801087473,"NRI_P173",100
"63181",-5044.813907473,"NRI_P173",25
"63182",-14722.670107473,"NRI_P173",50
"63183",-18048.071817473,"NRI_P173",100
"63184",1055.76419252699,"NRI_P173",25
"63185",-5594.20707747299,"NRI_P173",50
"63186",-11170.890087473,"NRI_P173",100
"63187",-3057.63384747301,"NRI_P173",25
"63188",5192.01276252698,"NRI_P173",50
"63189",746.938922527013,"NRI_P173",100
"63190",-6837.47418747301,"NRI_P173",25
"63191",-19445.282107473,"NRI_P173",50
"63192",-15757.533817473,"NRI_P173",100
"63193",-1911.71396747301,"NRI_P173",25
"63194",-10886.533097473,"NRI_P173",50
"63195",-31357.707497473,"NRI_P173",100
"63196",-6472.506667473,"NRI_P173",25
"63197",-23953.143427473,"NRI_P173",50
"63198",1808.24370252696,"NRI_P173",100
"63199",5772.17735252698,"NRI_P173",25
"63200",-11982.510197473,"NRI_P173",50
"63201",-4827.12394747301,"NRI_P173",100
"63202",3520.496582527,"NRI_P173",25
"63203",-11111.298757473,"NRI_P173",50
"63204",-478.231977473013,"NRI_P173",100
"63205",6113.08018252696,"NRI_P173",25
"63206",7752.892962527,"NRI_P173",50
"63207",-23468.471297473,"NRI_P173",100
"63208",-8789.26518747304,"NRI_P173",25
"63209",-6731.61695747299,"NRI_P173",50
"63210",-26204.874627473,"NRI_P173",100
"63211",-7804.54162747302,"NRI_P173",25
"63212",-20863.717117473,"NRI_P173",50
"63213",31617.366882527,"NRI_P173",100
"63214",-8638.05502747302,"NRI_P173",25
"63215",-22724.303427473,"NRI_P173",50
"63216",255.878972526989,"NRI_P173",100
"63217",17440.522732527,"NRI_P173",25
"63218",-14537.187847473,"NRI_P173",50
"63219",-32262.342037473,"NRI_P173",100
"63220",-8925.00892747304,"NRI_P173",25
"63221",-17244.433727473,"NRI_P173",50
"63222",-20842.196847473,"NRI_P173",100
"63223",-13166.879407473,"NRI_P173",25
"63224",9335.64154252701,"NRI_P173",50
"63225",-30623.801477473,"NRI_P173",100
"63226",-5108.070657473,"NRI_P173",25
"63227",24649.202812527,"NRI_P173",50
"63228",-27046.792647473,"NRI_P173",100
"63229",-10668.917777473,"NRI_P173",25
"63230",-5108.308457473,"NRI_P173",50
"63231",-27322.745527473,"NRI_P173",100
"63232",-5471.29555747303,"NRI_P173",25
"63233",-6111.14205747301,"NRI_P173",50
"63234",7461.063982527,"NRI_P173",100
"63235",-6826.02528747299,"NRI_P173",25
"63236",11738.497862527,"NRI_P173",50
"63237",-9215.27012747299,"NRI_P173",100
"63238",-2733.657107473,"NRI_P173",25
"63239",-15771.010347473,"NRI_P173",50
"63240",-9822.23491747299,"NRI_P173",100
"63241",-9109.67760747299,"NRI_P173",25
"63242",-10821.880317473,"NRI_P173",50
"63243",1396.17098252696,"NRI_P173",100
"63244",7126.41333252698,"NRI_P173",25
"63245",-5688.87167747301,"NRI_P173",50
"63246",-39988.634107473,"NRI_P173",100
"63247",-1227.52644747304,"NRI_P173",25
"63248",1063.33746252698,"NRI_P173",50
"63249",-15512.610617473,"NRI_P173",100
"63250",-7323.25277747301,"NRI_P173",25
"63251",3742.75808252697,"NRI_P173",50
"63252",-3016.216167473,"NRI_P173",100
"63253",-3412.010397473,"NRI_P173",25
"63254",-12676.107287473,"NRI_P173",50
"63255",-14404.576397473,"NRI_P173",100
"63256",-5550.43652747304,"NRI_P173",25
"63257",-4524.23126747302,"NRI_P173",50
"63258",-26114.082407473,"NRI_P173",100
"63259",-7216.65492747299,"NRI_P173",25
"63260",334.836972526973,"NRI_P173",50
"63261",-2886.40410747303,"NRI_P173",100
"63262",-13834.541097473,"NRI_P173",25
"63263",-18859.706637473,"NRI_P173",50
"63264",8698.16768252698,"NRI_P173",100
"63265",-889.075857473013,"NRI_P173",25
"63266",-16555.355737473,"NRI_P173",50
"63267",10010.388112527,"NRI_P173",100
"63268",-5627.25545747299,"NRI_P173",25
"63269",2288.16741252696,"NRI_P173",50
"63270",5813.24714252696,"NRI_P173",100
"63271",-2663.398277473,"NRI_P173",25
"63272",-14830.490047473,"NRI_P173",50
"63273",-30491.890927473,"NRI_P173",100
"63274",109.581472527003,"NRI_P173",25
"63275",-18281.602907473,"NRI_P173",50
"63276",-7563.10766747303,"NRI_P173",100
"63277",-5024.60103747301,"NRI_P173",25
"63278",-15803.977087473,"NRI_P173",50
"63279",-15691.675657473,"NRI_P173",100
"63280",-4039.77519747301,"NRI_P173",25
"63281",-23770.696267473,"NRI_P173",50
"63282",-11790.501247473,"NRI_P173",100
"63283",-7491.51602747303,"NRI_P173",25
"63284",-16812.514437473,"NRI_P173",50
"63285",-17398.213317473,"NRI_P173",100
"63286",1274.11230252701,"NRI_P173",25
"63287",-24493.328527473,"NRI_P173",50
"63288",-23541.054507473,"NRI_P173",100
"63289",-3043.33601747302,"NRI_P173",25
"63290",-11628.490287473,"NRI_P173",50
"63291",21527.360402527,"NRI_P173",100
"63292",-5298.23504747299,"NRI_P173",25
"63293",-9718.84257747303,"NRI_P173",50
"63294",-9380.44106747303,"NRI_P173",100
"63295",-6903.47126747301,"NRI_P173",25
"63296",-63.3087074729847,"NRI_P173",50
"63297",-24950.603547473,"NRI_P173",100
"63298",11030.734962527,"NRI_P173",25
"63299",9644.36029252701,"NRI_P173",50
"63300",-26881.897047473,"NRI_P173",100
"63301",608.757123332005,"NRI_P174",25
"63302",-4145.64970666799,"NRI_P174",50
"63303",1932.60160333203,"NRI_P174",100
"63304",-850.696396667976,"NRI_P174",25
"63305",-953.168026667961,"NRI_P174",50
"63306",6366.34119333205,"NRI_P174",100
"63307",4523.76323333202,"NRI_P174",25
"63308",-4985.87754666799,"NRI_P174",50
"63309",6740.41201333201,"NRI_P174",100
"63310",5721.44327333203,"NRI_P174",25
"63311",-10092.380976668,"NRI_P174",50
"63312",-687.14492666797,"NRI_P174",100
"63313",2258.91182333202,"NRI_P174",25
"63314",-4152.04133666796,"NRI_P174",50
"63315",-6387.23020666797,"NRI_P174",100
"63316",8172.47819333203,"NRI_P174",25
"63317",-3121.12774666795,"NRI_P174",50
"63318",-4123.60326666798,"NRI_P174",100
"63319",-6023.57733666798,"NRI_P174",25
"63320",-4706.55170666799,"NRI_P174",50
"63321",-2584.46791666799,"NRI_P174",100
"63322",655.98430333205,"NRI_P174",25
"63323",-1850.27053666796,"NRI_P174",50
"63324",-6844.69807666796,"NRI_P174",100
"63325",-1686.234376668,"NRI_P174",25
"63326",-4506.20694666798,"NRI_P174",50
"63327",1665.29246333201,"NRI_P174",100
"63328",-2879.16320666799,"NRI_P174",25
"63329",-1280.59721666796,"NRI_P174",50
"63330",-9201.15340666799,"NRI_P174",100
"63331",-1887.64511666796,"NRI_P174",25
"63332",2872.930603332,"NRI_P174",50
"63333",-7270.00259666797,"NRI_P174",100
"63334",-307.711286667967,"NRI_P174",25
"63335",-3914.32003666798,"NRI_P174",50
"63336",1114.16744333203,"NRI_P174",100
"63337",-3116.619146668,"NRI_P174",25
"63338",-6210.94210666796,"NRI_P174",50
"63339",-8286.24757666799,"NRI_P174",100
"63340",-4856.46534666797,"NRI_P174",25
"63341",-401.814686667989,"NRI_P174",50
"63342",-2066.222696668,"NRI_P174",100
"63343",-6272.24479666795,"NRI_P174",25
"63344",-339.747696667968,"NRI_P174",50
"63345",-5593.58420666796,"NRI_P174",100
"63346",-1644.21034666797,"NRI_P174",25
"63347",-915.880466667993,"NRI_P174",50
"63348",2227.695693332,"NRI_P174",100
"63349",-1614.48125666799,"NRI_P174",25
"63350",-1583.70443666796,"NRI_P174",50
"63351",-10799.647636668,"NRI_P174",100
"63352",-671.747336667962,"NRI_P174",25
"63353",2038.11710333201,"NRI_P174",50
"63354",-7068.41925666796,"NRI_P174",100
"63355",-3311.85329666798,"NRI_P174",25
"63356",2554.95812333201,"NRI_P174",50
"63357",8635.92223333201,"NRI_P174",100
"63358",1580.24359333201,"NRI_P174",25
"63359",-512.302026667981,"NRI_P174",50
"63360",-9043.43157666799,"NRI_P174",100
"63361",5233.48650333204,"NRI_P174",25
"63362",1508.32110333204,"NRI_P174",50
"63363",-8509.57835666795,"NRI_P174",100
"63364",-2625.11626666796,"NRI_P174",25
"63365",-7922.49927666795,"NRI_P174",50
"63366",1198.48062333203,"NRI_P174",100
"63367",2674.99798333202,"NRI_P174",25
"63368",-4569.097986668,"NRI_P174",50
"63369",-700.094556667958,"NRI_P174",100
"63370",-1985.83832666796,"NRI_P174",25
"63371",-3044.60136666795,"NRI_P174",50
"63372",-6631.32905666798,"NRI_P174",100
"63373",-50.6513566679787,"NRI_P174",25
"63374",-2183.84713666799,"NRI_P174",50
"63375",-2606.74437666795,"NRI_P174",100
"63376",2043.66918333201,"NRI_P174",25
"63377",5468.40922333201,"NRI_P174",50
"63378",-12523.066826668,"NRI_P174",100
"63379",2949.83781333204,"NRI_P174",25
"63380",-2351.61597666796,"NRI_P174",50
"63381",-9585.18155666796,"NRI_P174",100
"63382",278.234083332005,"NRI_P174",25
"63383",-1571.04500666796,"NRI_P174",50
"63384",-5415.10215666797,"NRI_P174",100
"63385",-5902.777146668,"NRI_P174",25
"63386",6115.875503332,"NRI_P174",50
"63387",3996.279253332,"NRI_P174",100
"63388",-2353.36058666796,"NRI_P174",25
"63389",-6663.574916668,"NRI_P174",50
"63390",-10168.284966668,"NRI_P174",100
"63391",1336.94830333203,"NRI_P174",25
"63392",-4251.206436668,"NRI_P174",50
"63393",4576.87223333202,"NRI_P174",100
"63394",-288.938676667982,"NRI_P174",25
"63395",-6304.75086666795,"NRI_P174",50
"63396",-5608.09554666799,"NRI_P174",100
"63397",1306.995923332,"NRI_P174",25
"63398",-1612.73821666796,"NRI_P174",50
"63399",-789.863786667993,"NRI_P174",100
"63400",1708.41776333202,"NRI_P174",25
"63401",-2586.69339666795,"NRI_P174",50
"63402",-8418.092696668,"NRI_P174",100
"63403",-1620.89165666798,"NRI_P174",25
"63404",7836.80448333203,"NRI_P174",50
"63405",12727.496283332,"NRI_P174",100
"63406",2944.04309333203,"NRI_P174",25
"63407",-1413.85796666797,"NRI_P174",50
"63408",-7594.69201666798,"NRI_P174",100
"63409",-1283.40028666798,"NRI_P174",25
"63410",8688.61490333203,"NRI_P174",50
"63411",-7500.61851666798,"NRI_P174",100
"63412",126.461543332029,"NRI_P174",25
"63413",-588.236346667982,"NRI_P174",50
"63414",4743.97929333203,"NRI_P174",100
"63415",25.9749833320384,"NRI_P174",25
"63416",-1208.22173666797,"NRI_P174",50
"63417",-1548.42654666799,"NRI_P174",100
"63418",807.964043332031,"NRI_P174",25
"63419",926.644773332053,"NRI_P174",50
"63420",-431.421726667963,"NRI_P174",100
"63421",-4972.025846668,"NRI_P174",25
"63422",-7363.60626666795,"NRI_P174",50
"63423",-9223.92441666796,"NRI_P174",100
"63424",-6329.10410666798,"NRI_P174",25
"63425",-1589.65298666799,"NRI_P174",50
"63426",-7148.31017666799,"NRI_P174",100
"63427",-4204.66160666797,"NRI_P174",25
"63428",-3955.62689666799,"NRI_P174",50
"63429",2875.50860333204,"NRI_P174",100
"63430",-1098.896826668,"NRI_P174",25
"63431",-3763.93278666795,"NRI_P174",50
"63432",-7053.341786668,"NRI_P174",100
"63433",-2930.166816668,"NRI_P174",25
"63434",12097.168943332,"NRI_P174",50
"63435",-3932.44969666796,"NRI_P174",100
"63436",8504.637343332,"NRI_P174",25
"63437",-4005.31804666796,"NRI_P174",50
"63438",-947.653716667963,"NRI_P174",100
"63439",131.533823332051,"NRI_P174",25
"63440",3426.78012333205,"NRI_P174",50
"63441",5918.48042333202,"NRI_P174",100
"63442",-2585.36430666799,"NRI_P174",25
"63443",-6361.55960666796,"NRI_P174",50
"63444",-1467.58082666795,"NRI_P174",100
"63445",-440.446506667999,"NRI_P174",25
"63446",-9720.51036666799,"NRI_P174",50
"63447",2335.54852333205,"NRI_P174",100
"63448",-4335.780876668,"NRI_P174",25
"63449",11957.479983332,"NRI_P174",50
"63450",5768.23578333203,"NRI_P174",100
"63451",-3041.09714666795,"NRI_P174",25
"63452",-4928.53765666799,"NRI_P174",50
"63453",-6781.30278666795,"NRI_P174",100
"63454",-4929.37542666798,"NRI_P174",25
"63455",265.996133332024,"NRI_P174",50
"63456",-1568.93104666797,"NRI_P174",100
"63457",-576.533986667986,"NRI_P174",25
"63458",920.028393332032,"NRI_P174",50
"63459",-705.235906667949,"NRI_P174",100
"63460",3334.212013332,"NRI_P174",25
"63461",2288.74629333202,"NRI_P174",50
"63462",-975.693146667967,"NRI_P174",100
"63463",-1438.693296668,"NRI_P174",25
"63464",-440.70583666797,"NRI_P174",50
"63465",3548.328253332,"NRI_P174",100
"63466",-2044.46248666797,"NRI_P174",25
"63467",11718.888503332,"NRI_P174",50
"63468",10307.271023332,"NRI_P174",100
"63469",623.922133332002,"NRI_P174",25
"63470",-2614.83457666798,"NRI_P174",50
"63471",-8035.84344666795,"NRI_P174",100
"63472",1062.12809333205,"NRI_P174",25
"63473",-4441.65937666799,"NRI_P174",50
"63474",-10216.767266668,"NRI_P174",100
"63475",2813.25167333201,"NRI_P174",25
"63476",-3346.27347666799,"NRI_P174",50
"63477",1192.84190333204,"NRI_P174",100
"63478",-690.00919666799,"NRI_P174",25
"63479",-4052.55085666798,"NRI_P174",50
"63480",-784.071216668002,"NRI_P174",100
"63481",-1524.24827666796,"NRI_P174",25
"63482",-4779.68559666799,"NRI_P174",50
"63483",-3694.00062666798,"NRI_P174",100
"63484",-2828.11870666797,"NRI_P174",25
"63485",-351.246136667964,"NRI_P174",50
"63486",-1998.44444666797,"NRI_P174",100
"63487",-5686.44217666797,"NRI_P174",25
"63488",-4698.35157666798,"NRI_P174",50
"63489",6829.14454333205,"NRI_P174",100
"63490",4266.75331333204,"NRI_P174",25
"63491",-2517.22888666799,"NRI_P174",50
"63492",-6830.41370666795,"NRI_P174",100
"63493",-3290.60772666795,"NRI_P174",25
"63494",5611.32537333202,"NRI_P174",50
"63495",1625.08535333205,"NRI_P174",100
"63496",246.58898333204,"NRI_P174",25
"63497",-2791.91504666797,"NRI_P174",50
"63498",3790.97308333201,"NRI_P174",100
"63499",-739.599096667953,"NRI_P174",25
"63500",-4992.28815666796,"NRI_P174",50
"63501",-8691.233336668,"NRI_P174",100
"63502",-4534.99009666796,"NRI_P174",25
"63503",3358.384943332,"NRI_P174",50
"63504",1376.268413332,"NRI_P174",100
"63505",625.735593332036,"NRI_P174",25
"63506",1207.318973332,"NRI_P174",50
"63507",-4637.16088666796,"NRI_P174",100
"63508",-2938.72891666798,"NRI_P174",25
"63509",1476.95592333202,"NRI_P174",50
"63510",1793.03432333202,"NRI_P174",100
"63511",-4275.31981666799,"NRI_P174",25
"63512",16235.512553332,"NRI_P174",50
"63513",-1003.43856666796,"NRI_P174",100
"63514",454.647193332028,"NRI_P174",25
"63515",-1565.03956666798,"NRI_P174",50
"63516",3706.81059333205,"NRI_P174",100
"63517",824.063373332028,"NRI_P174",25
"63518",-1964.18272666796,"NRI_P174",50
"63519",2943.42488333205,"NRI_P174",100
"63520",5368.80718333204,"NRI_P174",25
"63521",3399.89267333201,"NRI_P174",50
"63522",-1860.61726666795,"NRI_P174",100
"63523",-41.3379866679898,"NRI_P174",25
"63524",-6393.44528666796,"NRI_P174",50
"63525",-13051.9947966679,"NRI_P174",100
"63526",897.544583332026,"NRI_P174",25
"63527",-6786.42923666799,"NRI_P174",50
"63528",1125.52473333204,"NRI_P174",100
"63529",-805.253726667957,"NRI_P174",25
"63530",-1228.36483666796,"NRI_P174",50
"63531",-12701.398716668,"NRI_P174",100
"63532",2509.02945333201,"NRI_P174",25
"63533",-8498.75493666797,"NRI_P174",50
"63534",-2782.44940666796,"NRI_P174",100
"63535",-2273.81319666799,"NRI_P174",25
"63536",3468.35558333201,"NRI_P174",50
"63537",3267.356323332,"NRI_P174",100
"63538",-1112.08799666795,"NRI_P174",25
"63539",4541.69026333204,"NRI_P174",50
"63540",10030.201343332,"NRI_P174",100
"63541",5098.093113332,"NRI_P174",25
"63542",-4138.71528666798,"NRI_P174",50
"63543",-1185.40997666796,"NRI_P174",100
"63544",-5462.25030666799,"NRI_P174",25
"63545",-274.228386667965,"NRI_P174",50
"63546",-96.3805566679803,"NRI_P174",100
"63547",1891.78667333204,"NRI_P174",25
"63548",-4865.12000666797,"NRI_P174",50
"63549",-6256.639296668,"NRI_P174",100
"63550",-3417.30692666798,"NRI_P174",25
"63551",-2217.23470666795,"NRI_P174",50
"63552",-5931.94039666798,"NRI_P174",100
"63553",1397.13853333204,"NRI_P174",25
"63554",2880.20475333201,"NRI_P174",50
"63555",-9681.17932666797,"NRI_P174",100
"63556",1911.57360333204,"NRI_P174",25
"63557",-545.062586667947,"NRI_P174",50
"63558",2037.06305333204,"NRI_P174",100
"63559",-2196.780976668,"NRI_P174",25
"63560",-653.339386667998,"NRI_P174",50
"63561",7219.65460333205,"NRI_P174",100
"63562",-461.748746667989,"NRI_P174",25
"63563",4841.93075333204,"NRI_P174",50
"63564",-390.929186667956,"NRI_P174",100
"63565",3182.31245333201,"NRI_P174",25
"63566",-910.066916667973,"NRI_P174",50
"63567",-8821.60136666795,"NRI_P174",100
"63568",160.363813332049,"NRI_P174",25
"63569",3671.34912333201,"NRI_P174",50
"63570",-7203.07025666797,"NRI_P174",100
"63571",-2218.11537666799,"NRI_P174",25
"63572",3.06493333203252,"NRI_P174",50
"63573",-8888.38127666799,"NRI_P174",100
"63574",-2596.28156666795,"NRI_P174",25
"63575",13344.777613332,"NRI_P174",50
"63576",-4387.13232666795,"NRI_P174",100
"63577",-2641.46504666796,"NRI_P174",25
"63578",-7179.91875666799,"NRI_P174",50
"63579",-2530.37885666796,"NRI_P174",100
"63580",1137.38404333201,"NRI_P174",25
"63581",10516.996803332,"NRI_P174",50
"63582",-2949.689726668,"NRI_P174",100
"63583",2429.49024333205,"NRI_P174",25
"63584",4322.53288333205,"NRI_P174",50
"63585",-5956.00083666795,"NRI_P174",100
"63586",265.616423332016,"NRI_P174",25
"63587",899.760703332024,"NRI_P174",50
"63588",-5238.15512666799,"NRI_P174",100
"63589",5246.37689333205,"NRI_P174",25
"63590",-4024.80056666798,"NRI_P174",50
"63591",90.0074433319969,"NRI_P174",100
"63592",-3795.76094666799,"NRI_P174",25
"63593",-1217.50626666797,"NRI_P174",50
"63594",-519.832856667985,"NRI_P174",100
"63595",-2119.61915666796,"NRI_P174",25
"63596",2533.89394333202,"NRI_P174",50
"63597",-3101.09310666798,"NRI_P174",100
"63598",-2183.55843666795,"NRI_P174",25
"63599",5145.60339333204,"NRI_P174",50
"63600",-8235.68870666798,"NRI_P174",100
"63601",-16090.268730342,"NRI_P175",25
"63602",-28986.935460342,"NRI_P175",50
"63603",-52169.795410342,"NRI_P175",100
"63604",-15213.286760342,"NRI_P175",25
"63605",-33891.334040342,"NRI_P175",50
"63606",-39077.399360342,"NRI_P175",100
"63607",-22796.313570342,"NRI_P175",25
"63608",-10714.284400342,"NRI_P175",50
"63609",-51764.171410342,"NRI_P175",100
"63610",-11964.544660342,"NRI_P175",25
"63611",-29863.098410342,"NRI_P175",50
"63612",-47312.564370342,"NRI_P175",100
"63613",-17837.699400342,"NRI_P175",25
"63614",-17627.478400342,"NRI_P175",50
"63615",-43006.556790342,"NRI_P175",100
"63616",-8964.88905034203,"NRI_P175",25
"63617",-14263.364680342,"NRI_P175",50
"63618",-52248.508530342,"NRI_P175",100
"63619",-20177.263700342,"NRI_P175",25
"63620",-11230.348580342,"NRI_P175",50
"63621",-47949.883270342,"NRI_P175",100
"63622",-15980.390100342,"NRI_P175",25
"63623",-8835.43072034203,"NRI_P175",50
"63624",-49265.979700342,"NRI_P175",100
"63625",-6266.597920342,"NRI_P175",25
"63626",-25830.873720342,"NRI_P175",50
"63627",-48487.400430342,"NRI_P175",100
"63628",-1959.77038034203,"NRI_P175",25
"63629",-25043.043070342,"NRI_P175",50
"63630",-32516.853350342,"NRI_P175",100
"63631",-9434.25874034205,"NRI_P175",25
"63632",-33583.748440342,"NRI_P175",50
"63633",-61498.557370342,"NRI_P175",100
"63634",-18365.158600342,"NRI_P175",25
"63635",-15665.579570342,"NRI_P175",50
"63636",-50983.749680342,"NRI_P175",100
"63637",9101.18501965801,"NRI_P175",25
"63638",-38582.252650342,"NRI_P175",50
"63639",-48403.841970342,"NRI_P175",100
"63640",-15215.923540342,"NRI_P175",25
"63641",7644.40345965797,"NRI_P175",50
"63642",-56810.372070342,"NRI_P175",100
"63643",-46802.913460342,"NRI_P175",25
"63644",-9200.18275034201,"NRI_P175",50
"63645",-56353.413980342,"NRI_P175",100
"63646",-7671.87045034202,"NRI_P175",25
"63647",-21828.695420342,"NRI_P175",50
"63648",-53065.458760342,"NRI_P175",100
"63649",-17197.087570342,"NRI_P175",25
"63650",-17122.777080342,"NRI_P175",50
"63651",-35571.437060342,"NRI_P175",100
"63652",-16664.661470342,"NRI_P175",25
"63653",-29251.261850342,"NRI_P175",50
"63654",-33585.492080342,"NRI_P175",100
"63655",-4023.327540342,"NRI_P175",25
"63656",-31278.444740342,"NRI_P175",50
"63657",-30447.101790342,"NRI_P175",100
"63658",-3719.36633034202,"NRI_P175",25
"63659",-12836.618520342,"NRI_P175",50
"63660",-54817.033270342,"NRI_P175",100
"63661",2307.750079658,"NRI_P175",25
"63662",-51411.544870342,"NRI_P175",50
"63663",-51581.302300342,"NRI_P175",100
"63664",8335.08745965798,"NRI_P175",25
"63665",-20056.699310342,"NRI_P175",50
"63666",-59239.903050342,"NRI_P175",100
"63667",-21475.866400342,"NRI_P175",25
"63668",-43579.579060342,"NRI_P175",50
"63669",-52680.864380342,"NRI_P175",100
"63670",-32323.275230342,"NRI_P175",25
"63671",-49355.862710342,"NRI_P175",50
"63672",-38525.721290342,"NRI_P175",100
"63673",-21854.030020342,"NRI_P175",25
"63674",-33182.651050342,"NRI_P175",50
"63675",-51632.253910342,"NRI_P175",100
"63676",-5627.166000342,"NRI_P175",25
"63677",-28757.801980342,"NRI_P175",50
"63678",-50580.549850342,"NRI_P175",100
"63679",-2537.29273034201,"NRI_P175",25
"63680",-28866.787080342,"NRI_P175",50
"63681",-58816.081650342,"NRI_P175",100
"63682",-4221.65725034202,"NRI_P175",25
"63683",-42302.437990342,"NRI_P175",50
"63684",-59667.549150342,"NRI_P175",100
"63685",-10499.237150342,"NRI_P175",25
"63686",-8277.60724034201,"NRI_P175",50
"63687",-42920.306830342,"NRI_P175",100
"63688",-13630.342860342,"NRI_P175",25
"63689",-32938.227870342,"NRI_P175",50
"63690",-21580.943770342,"NRI_P175",100
"63691",-9160.64074034203,"NRI_P175",25
"63692",-23126.605640342,"NRI_P175",50
"63693",-49164.937570342,"NRI_P175",100
"63694",-18249.084180342,"NRI_P175",25
"63695",5729.40709965798,"NRI_P175",50
"63696",-44995.041380342,"NRI_P175",100
"63697",11562.247599658,"NRI_P175",25
"63698",-31706.513180342,"NRI_P175",50
"63699",-54236.870050342,"NRI_P175",100
"63700",-19983.421960342,"NRI_P175",25
"63701",-8482.58686034201,"NRI_P175",50
"63702",-48515.627690342,"NRI_P175",100
"63703",-33815.811300342,"NRI_P175",25
"63704",5286.262379658,"NRI_P175",50
"63705",-47350.305120342,"NRI_P175",100
"63706",-3305.51853034203,"NRI_P175",25
"63707",497.455789658008,"NRI_P175",50
"63708",-32223.326250342,"NRI_P175",100
"63709",-16836.663080342,"NRI_P175",25
"63710",13757.940389658,"NRI_P175",50
"63711",-54956.671210342,"NRI_P175",100
"63712",7220.03446965799,"NRI_P175",25
"63713",-20669.986380342,"NRI_P175",50
"63714",-13055.541370342,"NRI_P175",100
"63715",-848.714270342025,"NRI_P175",25
"63716",-20721.234600342,"NRI_P175",50
"63717",-47562.896260342,"NRI_P175",100
"63718",-35813.286810342,"NRI_P175",25
"63719",-10666.051820342,"NRI_P175",50
"63720",-46000.356470342,"NRI_P175",100
"63721",-3487.16666034202,"NRI_P175",25
"63722",3237.363979658,"NRI_P175",50
"63723",-47689.437450342,"NRI_P175",100
"63724",-5662.16768034204,"NRI_P175",25
"63725",-33763.941680342,"NRI_P175",50
"63726",-49788.046960342,"NRI_P175",100
"63727",-8132.14839034202,"NRI_P175",25
"63728",-12443.833040342,"NRI_P175",50
"63729",-58635.097100342,"NRI_P175",100
"63730",-2184.05008034204,"NRI_P175",25
"63731",19472.653389658,"NRI_P175",50
"63732",-31665.733600342,"NRI_P175",100
"63733",-3434.66843034199,"NRI_P175",25
"63734",-34971.737750342,"NRI_P175",50
"63735",-62850.276470342,"NRI_P175",100
"63736",-4507.33016034204,"NRI_P175",25
"63737",-16803.890460342,"NRI_P175",50
"63738",-41941.340060342,"NRI_P175",100
"63739",-14541.511880342,"NRI_P175",25
"63740",-11328.891960342,"NRI_P175",50
"63741",-52810.199330342,"NRI_P175",100
"63742",-19483.418410342,"NRI_P175",25
"63743",-42087.908380342,"NRI_P175",50
"63744",-49953.022820342,"NRI_P175",100
"63745",-11632.205000342,"NRI_P175",25
"63746",-13604.825360342,"NRI_P175",50
"63747",-44303.337070342,"NRI_P175",100
"63748",-7657.088090342,"NRI_P175",25
"63749",-11181.903990342,"NRI_P175",50
"63750",-63190.725170342,"NRI_P175",100
"63751",-24953.385070342,"NRI_P175",25
"63752",-29622.192130342,"NRI_P175",50
"63753",-53476.430760342,"NRI_P175",100
"63754",-1441.06929034204,"NRI_P175",25
"63755",-8075.912660342,"NRI_P175",50
"63756",-41581.181650342,"NRI_P175",100
"63757",1525.327899658,"NRI_P175",25
"63758",-48245.840960342,"NRI_P175",50
"63759",-47400.953340342,"NRI_P175",100
"63760",-23398.774370342,"NRI_P175",25
"63761",-39506.863570342,"NRI_P175",50
"63762",-40320.718700342,"NRI_P175",100
"63763",-6334.450430342,"NRI_P175",25
"63764",10401.113659658,"NRI_P175",50
"63765",-43667.682020342,"NRI_P175",100
"63766",5939.807939658,"NRI_P175",25
"63767",-9264.48339034204,"NRI_P175",50
"63768",-32105.556660342,"NRI_P175",100
"63769",-1279.75984034204,"NRI_P175",25
"63770",-12663.818640342,"NRI_P175",50
"63771",-36866.694360342,"NRI_P175",100
"63772",-3210.55623034202,"NRI_P175",25
"63773",-31762.060880342,"NRI_P175",50
"63774",-30184.483910342,"NRI_P175",100
"63775",-14797.149060342,"NRI_P175",25
"63776",-40059.033660342,"NRI_P175",50
"63777",-36202.784460342,"NRI_P175",100
"63778",-17069.988000342,"NRI_P175",25
"63779",-17219.611360342,"NRI_P175",50
"63780",-59459.632890342,"NRI_P175",100
"63781",-28392.804540342,"NRI_P175",25
"63782",-6952.99250034202,"NRI_P175",50
"63783",-47592.847190342,"NRI_P175",100
"63784",-20432.763120342,"NRI_P175",25
"63785",-21901.662190342,"NRI_P175",50
"63786",-30224.948780342,"NRI_P175",100
"63787",-33576.608840342,"NRI_P175",25
"63788",-8526.48863034201,"NRI_P175",50
"63789",-38890.106230342,"NRI_P175",100
"63790",-24831.599270342,"NRI_P175",25
"63791",-53064.206260342,"NRI_P175",50
"63792",-46178.736650342,"NRI_P175",100
"63793",-34104.375620342,"NRI_P175",25
"63794",-36385.785820342,"NRI_P175",50
"63795",-63109.274360342,"NRI_P175",100
"63796",-7617.99932034203,"NRI_P175",25
"63797",-39628.040520342,"NRI_P175",50
"63798",-42196.861780342,"NRI_P175",100
"63799",-13243.671630342,"NRI_P175",25
"63800",-34874.627550342,"NRI_P175",50
"63801",-50753.240310342,"NRI_P175",100
"63802",-4187.35096034204,"NRI_P175",25
"63803",-4097.65165034204,"NRI_P175",50
"63804",-49323.971860342,"NRI_P175",100
"63805",-709.475700342038,"NRI_P175",25
"63806",-38482.473640342,"NRI_P175",50
"63807",-52690.966230342,"NRI_P175",100
"63808",-25304.934670342,"NRI_P175",25
"63809",-24345.327520342,"NRI_P175",50
"63810",-40461.286990342,"NRI_P175",100
"63811",-27368.478430342,"NRI_P175",25
"63812",10729.607739658,"NRI_P175",50
"63813",-60492.584020342,"NRI_P175",100
"63814",-39254.591940342,"NRI_P175",25
"63815",-26484.794070342,"NRI_P175",50
"63816",-38579.587660342,"NRI_P175",100
"63817",-18470.766560342,"NRI_P175",25
"63818",1785.63068965799,"NRI_P175",50
"63819",-47022.808360342,"NRI_P175",100
"63820",-33285.583500342,"NRI_P175",25
"63821",-34043.504740342,"NRI_P175",50
"63822",-47582.816270342,"NRI_P175",100
"63823",-34259.038940342,"NRI_P175",25
"63824",-15851.020430342,"NRI_P175",50
"63825",-40293.538100342,"NRI_P175",100
"63826",-19369.628090342,"NRI_P175",25
"63827",-20882.021190342,"NRI_P175",50
"63828",-42998.416360342,"NRI_P175",100
"63829",6937.10559965798,"NRI_P175",25
"63830",-5436.634170342,"NRI_P175",50
"63831",-58019.761520342,"NRI_P175",100
"63832",-15874.792180342,"NRI_P175",25
"63833",-40733.172940342,"NRI_P175",50
"63834",-51215.397900342,"NRI_P175",100
"63835",-22619.862290342,"NRI_P175",25
"63836",-30219.574560342,"NRI_P175",50
"63837",-55059.766860342,"NRI_P175",100
"63838",7685.205299658,"NRI_P175",25
"63839",-6212.15013034199,"NRI_P175",50
"63840",-54781.261550342,"NRI_P175",100
"63841",-140.488870342029,"NRI_P175",25
"63842",-34393.715360342,"NRI_P175",50
"63843",-31277.958250342,"NRI_P175",100
"63844",-27725.204700342,"NRI_P175",25
"63845",-37093.460700342,"NRI_P175",50
"63846",-42867.378820342,"NRI_P175",100
"63847",-15262.012620342,"NRI_P175",25
"63848",-26453.969010342,"NRI_P175",50
"63849",-35733.592990342,"NRI_P175",100
"63850",-6323.17070034205,"NRI_P175",25
"63851",-23438.724240342,"NRI_P175",50
"63852",-34731.894190342,"NRI_P175",100
"63853",-25240.110040342,"NRI_P175",25
"63854",-23055.846830342,"NRI_P175",50
"63855",-51870.220220342,"NRI_P175",100
"63856",11179.840099658,"NRI_P175",25
"63857",-33199.467570342,"NRI_P175",50
"63858",-49234.644840342,"NRI_P175",100
"63859",-18214.846670342,"NRI_P175",25
"63860",13558.680299658,"NRI_P175",50
"63861",-60792.644310342,"NRI_P175",100
"63862",-50955.750630342,"NRI_P175",25
"63863",-38593.117870342,"NRI_P175",50
"63864",-56580.026020342,"NRI_P175",100
"63865",-3158.19939034199,"NRI_P175",25
"63866",-4705.55852034205,"NRI_P175",50
"63867",-51335.627130342,"NRI_P175",100
"63868",-1374.01028034202,"NRI_P175",25
"63869",-13180.910730342,"NRI_P175",50
"63870",-41257.813900342,"NRI_P175",100
"63871",-5804.48249034199,"NRI_P175",25
"63872",-36667.772680342,"NRI_P175",50
"63873",-52872.310740342,"NRI_P175",100
"63874",-13515.522570342,"NRI_P175",25
"63875",-34905.307120342,"NRI_P175",50
"63876",-45149.683920342,"NRI_P175",100
"63877",-6273.04278034205,"NRI_P175",25
"63878",4307.61252965796,"NRI_P175",50
"63879",-54332.657860342,"NRI_P175",100
"63880",-43173.794660342,"NRI_P175",25
"63881",-38196.304330342,"NRI_P175",50
"63882",-48585.164950342,"NRI_P175",100
"63883",-27772.742820342,"NRI_P175",25
"63884",-44095.247660342,"NRI_P175",50
"63885",-30935.255090342,"NRI_P175",100
"63886",-145.820920341997,"NRI_P175",25
"63887",-56987.270180342,"NRI_P175",50
"63888",-47167.283390342,"NRI_P175",100
"63889",-9136.18079034204,"NRI_P175",25
"63890",-13019.501140342,"NRI_P175",50
"63891",-29555.566780342,"NRI_P175",100
"63892",-16787.735200342,"NRI_P175",25
"63893",-50661.566380342,"NRI_P175",50
"63894",-43709.057660342,"NRI_P175",100
"63895",6034.32047965797,"NRI_P175",25
"63896",-34705.350170342,"NRI_P175",50
"63897",-53271.632840342,"NRI_P175",100
"63898",-3125.26056034199,"NRI_P175",25
"63899",-8050.57723034202,"NRI_P175",50
"63900",-55671.474080342,"NRI_P175",100
"63901",-3059.485294421,"NRI_P176",25
"63902",-3907.746974421,"NRI_P176",50
"63903",-2270.46007442099,"NRI_P176",100
"63904",-413.931504420994,"NRI_P176",25
"63905",-6022.23144442099,"NRI_P176",50
"63906",-2164.410254421,"NRI_P176",100
"63907",-2008.404624421,"NRI_P176",25
"63908",310.872605579003,"NRI_P176",50
"63909",-7676.14119442101,"NRI_P176",100
"63910",10238.113295579,"NRI_P176",25
"63911",-4511.611204421,"NRI_P176",50
"63912",-3904.40610442101,"NRI_P176",100
"63913",648.311105578992,"NRI_P176",25
"63914",590.384415578999,"NRI_P176",50
"63915",452.599775579001,"NRI_P176",100
"63916",98.4988955789886,"NRI_P176",25
"63917",-403.835664421,"NRI_P176",50
"63918",-6929.464024421,"NRI_P176",100
"63919",-372.647052421002,"NRI_P176",25
"63920",-1186.57673442099,"NRI_P176",50
"63921",-480.585384420992,"NRI_P176",100
"63922",-79.399414421001,"NRI_P176",25
"63923",-2603.514324421,"NRI_P176",50
"63924",8768.49962557899,"NRI_P176",100
"63925",6869.857075579,"NRI_P176",25
"63926",7565.02806557901,"NRI_P176",50
"63927",54.0232375790074,"NRI_P176",100
"63928",-1414.38467442099,"NRI_P176",25
"63929",4281.175285579,"NRI_P176",50
"63930",-2043.46370442101,"NRI_P176",100
"63931",921.170695579,"NRI_P176",25
"63932",-6046.117174421,"NRI_P176",50
"63933",-5025.388074421,"NRI_P176",100
"63934",-974.242464420997,"NRI_P176",25
"63935",-4033.75058442101,"NRI_P176",50
"63936",-140.808294421004,"NRI_P176",100
"63937",-1179.97529442099,"NRI_P176",25
"63938",1499.75758557901,"NRI_P176",50
"63939",-393.209364420996,"NRI_P176",100
"63940",-2329.39530442099,"NRI_P176",25
"63941",4191.747635579,"NRI_P176",50
"63942",372.285875578993,"NRI_P176",100
"63943",355.829905579012,"NRI_P176",25
"63944",2210.95597557901,"NRI_P176",50
"63945",-2974.46086442101,"NRI_P176",100
"63946",13.9352755789878,"NRI_P176",25
"63947",-3865.255922421,"NRI_P176",50
"63948",-4227.92828442101,"NRI_P176",100
"63949",-3424.79553442099,"NRI_P176",25
"63950",-2597.905484421,"NRI_P176",50
"63951",-1182.866054421,"NRI_P176",100
"63952",-1567.68239442099,"NRI_P176",25
"63953",-6841.231384421,"NRI_P176",50
"63954",-5804.99317442099,"NRI_P176",100
"63955",-1534.78709442099,"NRI_P176",25
"63956",1769.65686557899,"NRI_P176",50
"63957",-6585.08515442099,"NRI_P176",100
"63958",-3601.30982442101,"NRI_P176",25
"63959",2089.56246557899,"NRI_P176",50
"63960",-2516.86750442101,"NRI_P176",100
"63961",170.194895579014,"NRI_P176",25
"63962",-1657.65673442101,"NRI_P176",50
"63963",-3753.222834421,"NRI_P176",100
"63964",4621.18193557899,"NRI_P176",25
"63965",-2212.07107442099,"NRI_P176",50
"63966",-5011.90378442101,"NRI_P176",100
"63967",-2852.13587442099,"NRI_P176",25
"63968",-2572.670294421,"NRI_P176",50
"63969",-6702.014694421,"NRI_P176",100
"63970",-3883.054724421,"NRI_P176",25
"63971",-2766.53399442101,"NRI_P176",50
"63972",-1271.74993442101,"NRI_P176",100
"63973",-2505.475704421,"NRI_P176",25
"63974",130.090135578997,"NRI_P176",50
"63975",-2454.80935442101,"NRI_P176",100
"63976",-245.670434420987,"NRI_P176",25
"63977",-3835.243534421,"NRI_P176",50
"63978",-1286.43859442099,"NRI_P176",100
"63979",-2648.67384442099,"NRI_P176",25
"63980",2593.41791557899,"NRI_P176",50
"63981",-1439.93911442099,"NRI_P176",100
"63982",570.161865578993,"NRI_P176",25
"63983",-213.884614420997,"NRI_P176",50
"63984",5494.79349557901,"NRI_P176",100
"63985",-3072.71352442101,"NRI_P176",25
"63986",-3650.04840442099,"NRI_P176",50
"63987",-2186.57488442099,"NRI_P176",100
"63988",10099.031035579,"NRI_P176",25
"63989",-5057.80541442099,"NRI_P176",50
"63990",-300.176082421007,"NRI_P176",100
"63991",-5931.88496442101,"NRI_P176",25
"63992",-1416.18313442101,"NRI_P176",50
"63993",-6231.920134421,"NRI_P176",100
"63994",1721.42140557899,"NRI_P176",25
"63995",-2853.49458442099,"NRI_P176",50
"63996",4582.412875579,"NRI_P176",100
"63997",-1363.39969442101,"NRI_P176",25
"63998",-3907.03135442099,"NRI_P176",50
"63999",-1926.213714421,"NRI_P176",100
"64000",-11.907304421009,"NRI_P176",25
"64001",-1587.75537442099,"NRI_P176",50
"64002",-3707.10751442099,"NRI_P176",100
"64003",-2789.14502442101,"NRI_P176",25
"64004",-314.986474420992,"NRI_P176",50
"64005",-6907.394854421,"NRI_P176",100
"64006",-352.110574421007,"NRI_P176",25
"64007",-1100.266624421,"NRI_P176",50
"64008",-4558.75451442099,"NRI_P176",100
"64009",-165.541204420995,"NRI_P176",25
"64010",172.931345579011,"NRI_P176",50
"64011",619.495015579014,"NRI_P176",100
"64012",-3374.75884442101,"NRI_P176",25
"64013",2325.66943557901,"NRI_P176",50
"64014",-6110.11869442099,"NRI_P176",100
"64015",-2001.051054421,"NRI_P176",25
"64016",9439.25950557899,"NRI_P176",50
"64017",-4619.394724421,"NRI_P176",100
"64018",50.1750155790069,"NRI_P176",25
"64019",1477.02527557901,"NRI_P176",50
"64020",-5957.606544421,"NRI_P176",100
"64021",-4540.700864421,"NRI_P176",25
"64022",-1787.84867442099,"NRI_P176",50
"64023",-4221.69498442099,"NRI_P176",100
"64024",-337.291074420995,"NRI_P176",25
"64025",2881.937665579,"NRI_P176",50
"64026",-4751.72623442099,"NRI_P176",100
"64027",-1958.37024442101,"NRI_P176",25
"64028",1901.663035579,"NRI_P176",50
"64029",105.685205579008,"NRI_P176",100
"64030",-2490.055274421,"NRI_P176",25
"64031",-522.185664421006,"NRI_P176",50
"64032",-5109.763154421,"NRI_P176",100
"64033",-2071.05929442099,"NRI_P176",25
"64034",-2799.35230442099,"NRI_P176",50
"64035",-4602.96619442099,"NRI_P176",100
"64036",-2447.07308442099,"NRI_P176",25
"64037",3485.304005579,"NRI_P176",50
"64038",820.676405578997,"NRI_P176",100
"64039",-455.438344421011,"NRI_P176",25
"64040",-5101.984254421,"NRI_P176",50
"64041",-5874.08328442101,"NRI_P176",100
"64042",-1665.21404442101,"NRI_P176",25
"64043",-488.213834421011,"NRI_P176",50
"64044",-6091.37863442101,"NRI_P176",100
"64045",695.413475579,"NRI_P176",25
"64046",-262.234954421001,"NRI_P176",50
"64047",-2402.27667442101,"NRI_P176",100
"64048",-522.921164420986,"NRI_P176",25
"64049",1801.30014557901,"NRI_P176",50
"64050",-5344.421204421,"NRI_P176",100
"64051",61.4631855789921,"NRI_P176",25
"64052",-2897.59626442101,"NRI_P176",50
"64053",-478.056651421008,"NRI_P176",100
"64054",-666.681494421005,"NRI_P176",25
"64055",-3640.341634421,"NRI_P176",50
"64056",-5855.81668442101,"NRI_P176",100
"64057",262.887115579011,"NRI_P176",25
"64058",1751.85539557901,"NRI_P176",50
"64059",-4854.37299442099,"NRI_P176",100
"64060",-2062.399594421,"NRI_P176",25
"64061",-3961.618084421,"NRI_P176",50
"64062",-5862.90367442099,"NRI_P176",100
"64063",-3704.37714442099,"NRI_P176",25
"64064",-7367.23329442099,"NRI_P176",50
"64065",3697.330095579,"NRI_P176",100
"64066",-273.622894420987,"NRI_P176",25
"64067",-1086.555434421,"NRI_P176",50
"64068",-1017.855394421,"NRI_P176",100
"64069",627.513275578996,"NRI_P176",25
"64070",-3507.71335442099,"NRI_P176",50
"64071",-4513.222234421,"NRI_P176",100
"64072",472.086305578996,"NRI_P176",25
"64073",-3388.84917442099,"NRI_P176",50
"64074",-4775.54006442099,"NRI_P176",100
"64075",1106.262125579,"NRI_P176",25
"64076",-2666.95943442101,"NRI_P176",50
"64077",-2991.69308442099,"NRI_P176",100
"64078",1865.199495579,"NRI_P176",25
"64079",-1617.895164421,"NRI_P176",50
"64080",-6759.86788442099,"NRI_P176",100
"64081",-1896.15362442099,"NRI_P176",25
"64082",-1643.643294421,"NRI_P176",50
"64083",-5696.70548442099,"NRI_P176",100
"64084",1135.85753557901,"NRI_P176",25
"64085",-1409.91668442101,"NRI_P176",50
"64086",-5091.44371442101,"NRI_P176",100
"64087",-31.8010944210109,"NRI_P176",25
"64088",-753.897604420985,"NRI_P176",50
"64089",-4397.75917442099,"NRI_P176",100
"64090",786.11143557899,"NRI_P176",25
"64091",2014.089115579,"NRI_P176",50
"64092",-1127.63902442099,"NRI_P176",100
"64093",264.97538557899,"NRI_P176",25
"64094",176.375885579007,"NRI_P176",50
"64095",-1178.513804421,"NRI_P176",100
"64096",913.984075579006,"NRI_P176",25
"64097",4495.18546557901,"NRI_P176",50
"64098",-463.45682442101,"NRI_P176",100
"64099",35.1482755790057,"NRI_P176",25
"64100",4196.74469557899,"NRI_P176",50
"64101",-7374.151329421,"NRI_P176",100
"64102",-3163.13149442099,"NRI_P176",25
"64103",-5892.535204421,"NRI_P176",50
"64104",-4547.14186442099,"NRI_P176",100
"64105",-2370.00779442099,"NRI_P176",25
"64106",1843.729725579,"NRI_P176",50
"64107",-5096.572344421,"NRI_P176",100
"64108",-956.783694420999,"NRI_P176",25
"64109",-4049.801784421,"NRI_P176",50
"64110",-4693.679624421,"NRI_P176",100
"64111",3306.98250557901,"NRI_P176",25
"64112",-201.817354420986,"NRI_P176",50
"64113",1240.89724557899,"NRI_P176",100
"64114",-2485.66728442101,"NRI_P176",25
"64115",-4431.01350442099,"NRI_P176",50
"64116",-2293.388284421,"NRI_P176",100
"64117",18.051895579003,"NRI_P176",25
"64118",3317.359285579,"NRI_P176",50
"64119",-2623.07291442101,"NRI_P176",100
"64120",-1896.36327442099,"NRI_P176",25
"64121",-4925.20713442101,"NRI_P176",50
"64122",-863.168084420991,"NRI_P176",100
"64123",590.043075579015,"NRI_P176",25
"64124",-5904.59239442099,"NRI_P176",50
"64125",-3309.51381242101,"NRI_P176",100
"64126",-1232.90518442099,"NRI_P176",25
"64127",-7046.03227442101,"NRI_P176",50
"64128",-6508.13847442099,"NRI_P176",100
"64129",3288.93060557899,"NRI_P176",25
"64130",-3737.71029442101,"NRI_P176",50
"64131",-1539.69159442099,"NRI_P176",100
"64132",-1561.399234421,"NRI_P176",25
"64133",-3911.86025142099,"NRI_P176",50
"64134",-3801.35011442099,"NRI_P176",100
"64135",1057.67682557899,"NRI_P176",25
"64136",875.572125578998,"NRI_P176",50
"64137",-7630.692474421,"NRI_P176",100
"64138",-973.848224421003,"NRI_P176",25
"64139",-891.770134421007,"NRI_P176",50
"64140",-1503.883174421,"NRI_P176",100
"64141",-178.561424421001,"NRI_P176",25
"64142",-6089.78224442099,"NRI_P176",50
"64143",3528.94865557901,"NRI_P176",100
"64144",1419.06123557899,"NRI_P176",25
"64145",-4150.90120442101,"NRI_P176",50
"64146",4888.35855557901,"NRI_P176",100
"64147",-2612.20510442101,"NRI_P176",25
"64148",-2776.714134421,"NRI_P176",50
"64149",-3108.057284421,"NRI_P176",100
"64150",2579.12583557901,"NRI_P176",25
"64151",-2824.14421442099,"NRI_P176",50
"64152",-716.954734420986,"NRI_P176",100
"64153",-175.917274420994,"NRI_P176",25
"64154",-5004.80737442101,"NRI_P176",50
"64155",-5639.21753442101,"NRI_P176",100
"64156",1208.26169557901,"NRI_P176",25
"64157",-1752.47561442101,"NRI_P176",50
"64158",-4646.51165442099,"NRI_P176",100
"64159",-533.872584421013,"NRI_P176",25
"64160",-1025.222994421,"NRI_P176",50
"64161",-675.822914421005,"NRI_P176",100
"64162",-5852.862584421,"NRI_P176",25
"64163",-435.811974420998,"NRI_P176",50
"64164",679.652565578988,"NRI_P176",100
"64165",-2156.86427442101,"NRI_P176",25
"64166",-2859.360034421,"NRI_P176",50
"64167",-5167.919484421,"NRI_P176",100
"64168",-3528.071724421,"NRI_P176",25
"64169",-2150.930744421,"NRI_P176",50
"64170",-5776.352114421,"NRI_P176",100
"64171",1.63680557900807,"NRI_P176",25
"64172",-3634.37380442099,"NRI_P176",50
"64173",-3700.07923442099,"NRI_P176",100
"64174",-408.199774420995,"NRI_P176",25
"64175",-1061.91159442099,"NRI_P176",50
"64176",-3075.79433442099,"NRI_P176",100
"64177",565.43512557901,"NRI_P176",25
"64178",1335.13617557901,"NRI_P176",50
"64179",1693.77837857901,"NRI_P176",100
"64180",2233.99550557899,"NRI_P176",25
"64181",-4146.50689442101,"NRI_P176",50
"64182",1684.51494557899,"NRI_P176",100
"64183",1923.98357557901,"NRI_P176",25
"64184",706.098355578986,"NRI_P176",50
"64185",-5750.786114421,"NRI_P176",100
"64186",-720.157124421006,"NRI_P176",25
"64187",-3883.15685442099,"NRI_P176",50
"64188",-212.395894421003,"NRI_P176",100
"64189",-2644.938434421,"NRI_P176",25
"64190",-1967.28552442099,"NRI_P176",50
"64191",3724.30409557899,"NRI_P176",100
"64192",-1576.216084421,"NRI_P176",25
"64193",2211.43441557899,"NRI_P176",50
"64194",-3070.21690442099,"NRI_P176",100
"64195",189.590005578997,"NRI_P176",25
"64196",596.201705579006,"NRI_P176",50
"64197",-4137.86888442101,"NRI_P176",100
"64198",-2417.021394421,"NRI_P176",25
"64199",-4200.995564421,"NRI_P176",50
"64200",-5059.425084421,"NRI_P176",100
"64201",264.6271998968,"NRI_P177",25
"64202",-153.661300103202,"NRI_P177",50
"64203",948.083379896794,"NRI_P177",100
"64204",-6.05646010320197,"NRI_P177",25
"64205",552.164899896794,"NRI_P177",50
"64206",-458.822220103204,"NRI_P177",100
"64207",285.814899896795,"NRI_P177",25
"64208",-34.2041301032004,"NRI_P177",50
"64209",-332.333820103202,"NRI_P177",100
"64210",77.7021998967975,"NRI_P177",25
"64211",45.9880498967977,"NRI_P177",50
"64212",646.310569896799,"NRI_P177",100
"64213",533.166219896797,"NRI_P177",25
"64214",1219.8838098968,"NRI_P177",50
"64215",261.504109896799,"NRI_P177",100
"64216",-134.732720103202,"NRI_P177",25
"64217",-113.186300103203,"NRI_P177",50
"64218",-305.669660103202,"NRI_P177",100
"64219",136.621399896794,"NRI_P177",25
"64220",-6.34319010320178,"NRI_P177",50
"64221",301.005859896795,"NRI_P177",100
"64222",28.7610198967959,"NRI_P177",25
"64223",-10.5358801032053,"NRI_P177",50
"64224",-271.064950103202,"NRI_P177",100
"64225",-124.917170103203,"NRI_P177",25
"64226",46.9990498967964,"NRI_P177",50
"64227",33.327339896794,"NRI_P177",100
"64228",54.2262998967999,"NRI_P177",25
"64229",73.7433398967987,"NRI_P177",50
"64230",942.748969896798,"NRI_P177",100
"64231",68.1033998967978,"NRI_P177",25
"64232",445.289679896799,"NRI_P177",50
"64233",569.600459896799,"NRI_P177",100
"64234",202.264819896795,"NRI_P177",25
"64235",-108.503790103205,"NRI_P177",50
"64236",-87.9478301031995,"NRI_P177",100
"64237",49.0918798967978,"NRI_P177",25
"64238",150.351799896795,"NRI_P177",50
"64239",-279.784420103206,"NRI_P177",100
"64240",-47.9848701032024,"NRI_P177",25
"64241",58.4009598967968,"NRI_P177",50
"64242",-243.077570103203,"NRI_P177",100
"64243",-235.359310103202,"NRI_P177",25
"64244",46.8765098967997,"NRI_P177",50
"64245",1611.3522398968,"NRI_P177",100
"64246",410.020499896797,"NRI_P177",25
"64247",-223.666890103203,"NRI_P177",50
"64248",320.900639896798,"NRI_P177",100
"64249",19.2507998967994,"NRI_P177",25
"64250",-269.658210103204,"NRI_P177",50
"64251",1073.93043989679,"NRI_P177",100
"64252",-93.4190601032024,"NRI_P177",25
"64253",108.549639896795,"NRI_P177",50
"64254",-211.227240103202,"NRI_P177",100
"64255",4.47118989679439,"NRI_P177",25
"64256",-88.1267601032014,"NRI_P177",50
"64257",1747.00907989679,"NRI_P177",100
"64258",-183.150810103201,"NRI_P177",25
"64259",287.492189896795,"NRI_P177",50
"64260",1254.4986398968,"NRI_P177",100
"64261",-280.050150103205,"NRI_P177",25
"64262",80.3573598967996,"NRI_P177",50
"64263",-393.0311801032,"NRI_P177",100
"64264",25.6747098967971,"NRI_P177",25
"64265",123.947119896795,"NRI_P177",50
"64266",363.519469896797,"NRI_P177",100
"64267",-10.4632301032034,"NRI_P177",25
"64268",-288.079790103206,"NRI_P177",50
"64269",608.725699896801,"NRI_P177",100
"64270",287.064299896796,"NRI_P177",25
"64271",1174.8995098968,"NRI_P177",50
"64272",784.782499896799,"NRI_P177",100
"64273",22.7441598967998,"NRI_P177",25
"64274",-92.1401201032058,"NRI_P177",50
"64275",628.771689896799,"NRI_P177",100
"64276",-183.150810103201,"NRI_P177",25
"64277",320.486869896798,"NRI_P177",50
"64278",-28.2749601032046,"NRI_P177",100
"64279",328.272299896795,"NRI_P177",25
"64280",-300.843570103199,"NRI_P177",50
"64281",2091.90537989679,"NRI_P177",100
"64282",44.4805398967947,"NRI_P177",25
"64283",555.6539998968,"NRI_P177",50
"64284",-137.813580103204,"NRI_P177",100
"64285",21.0648298968008,"NRI_P177",25
"64286",18.3002098967991,"NRI_P177",50
"64287",145.0755298968,"NRI_P177",100
"64288",-28.9214701032033,"NRI_P177",25
"64289",-127.730320103205,"NRI_P177",50
"64290",526.041619896794,"NRI_P177",100
"64291",-9.05941010320385,"NRI_P177",25
"64292",274.802819896795,"NRI_P177",50
"64293",402.732529896799,"NRI_P177",100
"64294",128.613319896795,"NRI_P177",25
"64295",-94.8404501032055,"NRI_P177",50
"64296",1218.4247098968,"NRI_P177",100
"64297",-46.3926201032009,"NRI_P177",25
"64298",-122.479900103201,"NRI_P177",50
"64299",1149.0838498968,"NRI_P177",100
"64300",2.94000989679625,"NRI_P177",25
"64301",484.744039896796,"NRI_P177",50
"64302",896.300239896795,"NRI_P177",100
"64303",-290.360480103205,"NRI_P177",25
"64304",-77.3177801031998,"NRI_P177",50
"64305",394.701449896798,"NRI_P177",100
"64306",402.136789896795,"NRI_P177",25
"64307",-23.6913101032042,"NRI_P177",50
"64308",-109.629110103204,"NRI_P177",100
"64309",-38.2304301032054,"NRI_P177",25
"64310",205.224929896794,"NRI_P177",50
"64311",-153.631400103201,"NRI_P177",100
"64312",875.4314898968,"NRI_P177",25
"64313",279.050089896795,"NRI_P177",50
"64314",202.991789896798,"NRI_P177",100
"64315",599.184499896801,"NRI_P177",25
"64316",-19.1973601032005,"NRI_P177",50
"64317",703.144689896799,"NRI_P177",100
"64318",1548.3607898968,"NRI_P177",25
"64319",377.390079896795,"NRI_P177",50
"64320",46.9175898967951,"NRI_P177",100
"64321",76.5004998967997,"NRI_P177",25
"64322",233.391849896798,"NRI_P177",50
"64323",439.028449896796,"NRI_P177",100
"64324",88.6688998967948,"NRI_P177",25
"64325",169.395419896799,"NRI_P177",50
"64326",515.8937698968,"NRI_P177",100
"64327",57.4548598967958,"NRI_P177",25
"64328",-400.466310103206,"NRI_P177",50
"64329",-354.759570103204,"NRI_P177",100
"64330",3.61476989679795,"NRI_P177",25
"64331",247.820099896795,"NRI_P177",50
"64332",757.7561098968,"NRI_P177",100
"64333",-118.421930103206,"NRI_P177",25
"64334",926.8477098968,"NRI_P177",50
"64335",193.314309896799,"NRI_P177",100
"64336",-91.4257801031999,"NRI_P177",25
"64337",63.6737898967986,"NRI_P177",50
"64338",174.680099896796,"NRI_P177",100
"64339",-248.862510103201,"NRI_P177",25
"64340",354.7828898968,"NRI_P177",50
"64341",-8.47297010320472,"NRI_P177",100
"64342",-92.4653701032003,"NRI_P177",25
"64343",922.759729896796,"NRI_P177",50
"64344",1072.80199989679,"NRI_P177",100
"64345",-154.357310103202,"NRI_P177",25
"64346",136.518929896796,"NRI_P177",50
"64347",239.487939896797,"NRI_P177",100
"64348",88.0305198967981,"NRI_P177",25
"64349",6.6528298967969,"NRI_P177",50
"64350",-334.889900103204,"NRI_P177",100
"64351",-324.176810103199,"NRI_P177",25
"64352",-305.467350103201,"NRI_P177",50
"64353",-458.322050103205,"NRI_P177",100
"64354",-4.15664010320324,"NRI_P177",25
"64355",344.296749896799,"NRI_P177",50
"64356",-136.442220103199,"NRI_P177",100
"64357",-181.248910103204,"NRI_P177",25
"64358",207.5707798968,"NRI_P177",50
"64359",803.440869896796,"NRI_P177",100
"64360",-263.818820103203,"NRI_P177",25
"64361",-335.326640103201,"NRI_P177",50
"64362",659.619749896796,"NRI_P177",100
"64363",163.572689896799,"NRI_P177",25
"64364",-42.2738501031999,"NRI_P177",50
"64365",-314.881510103201,"NRI_P177",100
"64366",-188.446510103204,"NRI_P177",25
"64367",1689.33552989679,"NRI_P177",50
"64368",-284.904100103202,"NRI_P177",100
"64369",833.226899896799,"NRI_P177",25
"64370",-190.184470103202,"NRI_P177",50
"64371",719.251689896795,"NRI_P177",100
"64372",70.3757998967994,"NRI_P177",25
"64373",259.5721998968,"NRI_P177",50
"64374",-179.382980103204,"NRI_P177",100
"64375",327.729619896796,"NRI_P177",25
"64376",602.976979896797,"NRI_P177",50
"64377",-150.194710103206,"NRI_P177",100
"64378",52.4979998967974,"NRI_P177",25
"64379",-292.487490103202,"NRI_P177",50
"64380",-331.338030103201,"NRI_P177",100
"64381",5.19838989679556,"NRI_P177",25
"64382",-299.130210103205,"NRI_P177",50
"64383",57.8170798967985,"NRI_P177",100
"64384",107.975699896801,"NRI_P177",25
"64385",477.026309896799,"NRI_P177",50
"64386",-224.7651901032,"NRI_P177",100
"64387",-151.2917101032,"NRI_P177",25
"64388",-89.1364701031998,"NRI_P177",50
"64389",442.109829896799,"NRI_P177",100
"64390",-49.3446101032023,"NRI_P177",25
"64391",219.724759896795,"NRI_P177",50
"64392",-333.4762001032,"NRI_P177",100
"64393",142.871119896794,"NRI_P177",25
"64394",-181.124270103202,"NRI_P177",50
"64395",-7.02070010320313,"NRI_P177",100
"64396",27.5352398967952,"NRI_P177",25
"64397",-142.037200103201,"NRI_P177",50
"64398",92.663809896796,"NRI_P177",100
"64399",192.952299896795,"NRI_P177",25
"64400",-66.0898101031999,"NRI_P177",50
"64401",427.902349896794,"NRI_P177",100
"64402",4.99939989679842,"NRI_P177",25
"64403",-25.0573601032011,"NRI_P177",50
"64404",103.423199896795,"NRI_P177",100
"64405",-156.467310103202,"NRI_P177",25
"64406",250.999599896801,"NRI_P177",50
"64407",-153.663490103201,"NRI_P177",100
"64408",21.1231598968006,"NRI_P177",25
"64409",588.179319896801,"NRI_P177",50
"64410",424.747639896799,"NRI_P177",100
"64411",75.7878998968008,"NRI_P177",25
"64412",-247.861570103203,"NRI_P177",50
"64413",745.805959896796,"NRI_P177",100
"64414",-40.5251601031996,"NRI_P177",25
"64415",-94.4592001031997,"NRI_P177",50
"64416",976.678529896795,"NRI_P177",100
"64417",118.1634998968,"NRI_P177",25
"64418",119.511109896797,"NRI_P177",50
"64419",226.987099896796,"NRI_P177",100
"64420",-127.462540103203,"NRI_P177",25
"64421",166.295129896796,"NRI_P177",50
"64422",-421.596370103201,"NRI_P177",100
"64423",-36.2746001031992,"NRI_P177",25
"64424",6.08591989679553,"NRI_P177",50
"64425",-132.3276901032,"NRI_P177",100
"64426",-57.1060101032053,"NRI_P177",25
"64427",339.960689896798,"NRI_P177",50
"64428",144.241229896797,"NRI_P177",100
"64429",-87.5858101032063,"NRI_P177",25
"64430",99.5489598967979,"NRI_P177",50
"64431",559.165029896794,"NRI_P177",100
"64432",180.286999896794,"NRI_P177",25
"64433",-56.5654001032017,"NRI_P177",50
"64434",457.772479896797,"NRI_P177",100
"64435",-112.554470103205,"NRI_P177",25
"64436",-144.238670103201,"NRI_P177",50
"64437",-219.8160401032,"NRI_P177",100
"64438",248.499799896796,"NRI_P177",25
"64439",-306.264020103205,"NRI_P177",50
"64440",527.5713598968,"NRI_P177",100
"64441",-263.138710103201,"NRI_P177",25
"64442",-62.1033501031998,"NRI_P177",50
"64443",-356.194420103202,"NRI_P177",100
"64444",45.2073598967982,"NRI_P177",25
"64445",21.3884998967987,"NRI_P177",50
"64446",5.05506989679998,"NRI_P177",100
"64447",-6.67023010320554,"NRI_P177",25
"64448",835.713829896798,"NRI_P177",50
"64449",496.425989896794,"NRI_P177",100
"64450",330.803019896797,"NRI_P177",25
"64451",-245.538010103206,"NRI_P177",50
"64452",-369.841520103204,"NRI_P177",100
"64453",757.415919896797,"NRI_P177",25
"64454",125.117929896798,"NRI_P177",50
"64455",-188.097780103206,"NRI_P177",100
"64456",19.2507998967994,"NRI_P177",25
"64457",-345.763110103202,"NRI_P177",50
"64458",-329.0373701032,"NRI_P177",100
"64459",126.392789896796,"NRI_P177",25
"64460",142.760629896795,"NRI_P177",50
"64461",207.798949896795,"NRI_P177",100
"64462",192.952299896795,"NRI_P177",25
"64463",467.055709896798,"NRI_P177",50
"64464",119.9172398968,"NRI_P177",100
"64465",140.076099896796,"NRI_P177",25
"64466",-21.2152601031994,"NRI_P177",50
"64467",-96.9369501032052,"NRI_P177",100
"64468",32.2369598967998,"NRI_P177",25
"64469",885.8677198968,"NRI_P177",50
"64470",148.401039896795,"NRI_P177",100
"64471",77.0654898967987,"NRI_P177",25
"64472",-125.231610103205,"NRI_P177",50
"64473",316.7095798968,"NRI_P177",100
"64474",14.5176998967945,"NRI_P177",25
"64475",-161.711800103199,"NRI_P177",50
"64476",686.525449896799,"NRI_P177",100
"64477",95.6216998967939,"NRI_P177",25
"64478",-24.3809801032039,"NRI_P177",50
"64479",107.1410398968,"NRI_P177",100
"64480",22.7312698967944,"NRI_P177",25
"64481",769.416189896794,"NRI_P177",50
"64482",98.008449896799,"NRI_P177",100
"64483",264.065519896794,"NRI_P177",25
"64484",-99.0015301032035,"NRI_P177",50
"64485",-244.955750103203,"NRI_P177",100
"64486",32.5060998967965,"NRI_P177",25
"64487",-239.467330103202,"NRI_P177",50
"64488",-136.7672101032,"NRI_P177",100
"64489",301.245419896797,"NRI_P177",25
"64490",275.023609896794,"NRI_P177",50
"64491",1241.6112398968,"NRI_P177",100
"64492",81.0840998967979,"NRI_P177",25
"64493",355.281209896799,"NRI_P177",50
"64494",374.5292798968,"NRI_P177",100
"64495",-299.8730601032,"NRI_P177",25
"64496",286.094549896799,"NRI_P177",50
"64497",212.365909896798,"NRI_P177",100
"64498",-285.978940103203,"NRI_P177",25
"64499",-24.9541201032043,"NRI_P177",50
"64500",403.5209398968,"NRI_P177",100
"64501",9300.197089244,"NRI_P178",25
"64502",-2199.56914075601,"NRI_P178",50
"64503",-5541.96465075601,"NRI_P178",100
"64504",10894.582429244,"NRI_P178",25
"64505",162.223769243981,"NRI_P178",50
"64506",233.231839243992,"NRI_P178",100
"64507",-2113.07252075602,"NRI_P178",25
"64508",-5537.40541075601,"NRI_P178",50
"64509",1352.123589244,"NRI_P178",100
"64510",2923.06671924397,"NRI_P178",25
"64511",10289.306979244,"NRI_P178",50
"64512",10136.394409244,"NRI_P178",100
"64513",1732.10631924399,"NRI_P178",25
"64514",8481.78185924402,"NRI_P178",50
"64515",28672.537769244,"NRI_P178",100
"64516",-2.75625075600692,"NRI_P178",25
"64517",1728.94173924398,"NRI_P178",50
"64518",9781.274449244,"NRI_P178",100
"64519",3752.302619244,"NRI_P178",25
"64520",17527.348629244,"NRI_P178",50
"64521",6237.999109244,"NRI_P178",100
"64522",-141.008510756015,"NRI_P178",25
"64523",12002.717939244,"NRI_P178",50
"64524",18543.160449244,"NRI_P178",100
"64525",-3037.16864075602,"NRI_P178",25
"64526",5838.02865924398,"NRI_P178",50
"64527",21981.738629244,"NRI_P178",100
"64528",3048.32375924397,"NRI_P178",25
"64529",-2090.71728075601,"NRI_P178",50
"64530",6027.55515924402,"NRI_P178",100
"64531",2762.63024924402,"NRI_P178",25
"64532",-1294.75223075601,"NRI_P178",50
"64533",9343.207279244,"NRI_P178",100
"64534",2130.37305924398,"NRI_P178",25
"64535",3665.146889244,"NRI_P178",50
"64536",5762.71693924398,"NRI_P178",100
"64537",340.147079243994,"NRI_P178",25
"64538",-2730.35826075601,"NRI_P178",50
"64539",3574.25831924399,"NRI_P178",100
"64540",-2188.38787075601,"NRI_P178",25
"64541",-3807.44745075601,"NRI_P178",50
"64542",8793.71290924397,"NRI_P178",100
"64543",-734.664090756007,"NRI_P178",25
"64544",6214.22772924401,"NRI_P178",50
"64545",18692.629049244,"NRI_P178",100
"64546",5788.47186924398,"NRI_P178",25
"64547",7148.526529244,"NRI_P178",50
"64548",14810.070839244,"NRI_P178",100
"64549",324.276949243998,"NRI_P178",25
"64550",6530.73605924399,"NRI_P178",50
"64551",2933.72144924398,"NRI_P178",100
"64552",-3900.834600756,"NRI_P178",25
"64553",10448.082749244,"NRI_P178",50
"64554",9384.13258924396,"NRI_P178",100
"64555",6312.02920924398,"NRI_P178",25
"64556",20026.111749244,"NRI_P178",50
"64557",546.165179243981,"NRI_P178",100
"64558",2040.47357924399,"NRI_P178",25
"64559",4598.305409244,"NRI_P178",50
"64560",21088.395099244,"NRI_P178",100
"64561",10257.245299244,"NRI_P178",25
"64562",-1291.45539075602,"NRI_P178",50
"64563",1236.94328924399,"NRI_P178",100
"64564",983.519619244005,"NRI_P178",25
"64565",8796.65238924397,"NRI_P178",50
"64566",4372.12763924399,"NRI_P178",100
"64567",6879.25710924398,"NRI_P178",25
"64568",5861.54049924397,"NRI_P178",50
"64569",1890.96559924399,"NRI_P178",100
"64570",15049.872869244,"NRI_P178",25
"64571",10646.183809244,"NRI_P178",50
"64572",6825.87025924397,"NRI_P178",100
"64573",7238.17308924397,"NRI_P178",25
"64574",11425.874959244,"NRI_P178",50
"64575",20847.235099244,"NRI_P178",100
"64576",-637.192560755997,"NRI_P178",25
"64577",-1985.05290075601,"NRI_P178",50
"64578",7033.734729244,"NRI_P178",100
"64579",4889.83659924401,"NRI_P178",25
"64580",-1099.23748075601,"NRI_P178",50
"64581",8133.38008924402,"NRI_P178",100
"64582",2793.27943924398,"NRI_P178",25
"64583",-1333.07692075599,"NRI_P178",50
"64584",7073.32258924397,"NRI_P178",100
"64585",4247.98085924398,"NRI_P178",25
"64586",-3004.237280756,"NRI_P178",50
"64587",11055.283489244,"NRI_P178",100
"64588",2346.472449244,"NRI_P178",25
"64589",11112.802509244,"NRI_P178",50
"64590",26132.494439244,"NRI_P178",100
"64591",4930.55434924402,"NRI_P178",25
"64592",847.31613924398,"NRI_P178",50
"64593",10985.413519244,"NRI_P178",100
"64594",-640.894590756012,"NRI_P178",25
"64595",6085.75875924397,"NRI_P178",50
"64596",16092.056539244,"NRI_P178",100
"64597",4765.80669924399,"NRI_P178",25
"64598",5782.48292924397,"NRI_P178",50
"64599",-1498.61625075599,"NRI_P178",100
"64600",10101.980739244,"NRI_P178",25
"64601",4092.18020924399,"NRI_P178",50
"64602",15590.046199244,"NRI_P178",100
"64603",-1009.70693075602,"NRI_P178",25
"64604",7242.53479924399,"NRI_P178",50
"64605",4451.97776924397,"NRI_P178",100
"64606",-2078.43340075601,"NRI_P178",25
"64607",48.7802792440052,"NRI_P178",50
"64608",9685.48942924399,"NRI_P178",100
"64609",-642.463570755994,"NRI_P178",25
"64610",6247.574199244,"NRI_P178",50
"64611",35447.741289244,"NRI_P178",100
"64612",9612.992909244,"NRI_P178",25
"64613",2154.135709244,"NRI_P178",50
"64614",15344.234059244,"NRI_P178",100
"64615",8038.39147924402,"NRI_P178",25
"64616",4519.71806924397,"NRI_P178",50
"64617",10859.978009244,"NRI_P178",100
"64618",-1705.26847075601,"NRI_P178",25
"64619",3473.20234924401,"NRI_P178",50
"64620",25506.927239244,"NRI_P178",100
"64621",2456.989759244,"NRI_P178",25
"64622",-1957.244810756,"NRI_P178",50
"64623",4759.74824924397,"NRI_P178",100
"64624",1177.652129244,"NRI_P178",25
"64625",1816.55453924398,"NRI_P178",50
"64626",8049.98291924401,"NRI_P178",100
"64627",-1070.583460756,"NRI_P178",25
"64628",2237.33852924398,"NRI_P178",50
"64629",-3133.297540756,"NRI_P178",100
"64630",10895.729639244,"NRI_P178",25
"64631",5588.804989244,"NRI_P178",50
"64632",1154.37416924399,"NRI_P178",100
"64633",-3680.237960756,"NRI_P178",25
"64634",13213.483639244,"NRI_P178",50
"64635",30795.737919244,"NRI_P178",100
"64636",298.116179243982,"NRI_P178",25
"64637",1176.37513924399,"NRI_P178",50
"64638",-4886.53880075601,"NRI_P178",100
"64639",856.835069244,"NRI_P178",25
"64640",4531.77640924402,"NRI_P178",50
"64641",7147.67374924399,"NRI_P178",100
"64642",1255.172099244,"NRI_P178",25
"64643",-2091.500420756,"NRI_P178",50
"64644",23788.848589244,"NRI_P178",100
"64645",-2309.56697075602,"NRI_P178",25
"64646",-1304.25741075602,"NRI_P178",50
"64647",4839.67425924397,"NRI_P178",100
"64648",11801.877159244,"NRI_P178",25
"64649",-5185.20211075601,"NRI_P178",50
"64650",16751.549279244,"NRI_P178",100
"64651",-493.175980756001,"NRI_P178",25
"64652",10517.166369244,"NRI_P178",50
"64653",-1326.66461075601,"NRI_P178",100
"64654",-934.879620755994,"NRI_P178",25
"64655",6088.13087924398,"NRI_P178",50
"64656",2673.545399244,"NRI_P178",100
"64657",1657.41118924398,"NRI_P178",25
"64658",3065.17676924399,"NRI_P178",50
"64659",-2777.585590756,"NRI_P178",100
"64660",2541.892019244,"NRI_P178",25
"64661",8801.81957924398,"NRI_P178",50
"64662",13779.658759244,"NRI_P178",100
"64663",3206.741319244,"NRI_P178",25
"64664",-6553.23310075601,"NRI_P178",50
"64665",-9393.496040756,"NRI_P178",100
"64666",397.294139243982,"NRI_P178",25
"64667",360.516839243995,"NRI_P178",50
"64668",9404.75861924401,"NRI_P178",100
"64669",22318.808879244,"NRI_P178",25
"64670",3700.60587924402,"NRI_P178",50
"64671",4382.16746924401,"NRI_P178",100
"64672",2381.44605924399,"NRI_P178",25
"64673",10091.451429244,"NRI_P178",50
"64674",23118.138639244,"NRI_P178",100
"64675",-1151.36131075601,"NRI_P178",25
"64676",4433.76689924402,"NRI_P178",50
"64677",7525.877809244,"NRI_P178",100
"64678",-724.879830756021,"NRI_P178",25
"64679",5833.48791924401,"NRI_P178",50
"64680",15624.008619244,"NRI_P178",100
"64681",10267.936059244,"NRI_P178",25
"64682",17781.543219244,"NRI_P178",50
"64683",2834.50266924399,"NRI_P178",100
"64684",1528.74377924399,"NRI_P178",25
"64685",1940.453269244,"NRI_P178",50
"64686",11830.230629244,"NRI_P178",100
"64687",-228.575470756012,"NRI_P178",25
"64688",13185.011029244,"NRI_P178",50
"64689",4346.01142924398,"NRI_P178",100
"64690",7018.52171924399,"NRI_P178",25
"64691",-6951.424290756,"NRI_P178",50
"64692",18907.479329244,"NRI_P178",100
"64693",-3684.028670756,"NRI_P178",25
"64694",1785.513549244,"NRI_P178",50
"64695",1369.07775924398,"NRI_P178",100
"64696",4843.241839244,"NRI_P178",25
"64697",-1006.360690756,"NRI_P178",50
"64698",23534.256539244,"NRI_P178",100
"64699",-1072.448920756,"NRI_P178",25
"64700",3961.84682924396,"NRI_P178",50
"64701",-6771.61613075601,"NRI_P178",100
"64702",1349.781169244,"NRI_P178",25
"64703",-3625.20433075601,"NRI_P178",50
"64704",1298.37033924399,"NRI_P178",100
"64705",-938.437090756022,"NRI_P178",25
"64706",17121.806029244,"NRI_P178",50
"64707",-6898.05749075601,"NRI_P178",100
"64708",-697.305190756015,"NRI_P178",25
"64709",9049.48403924398,"NRI_P178",50
"64710",13264.550519244,"NRI_P178",100
"64711",-3494.897210756,"NRI_P178",25
"64712",3906.64848924402,"NRI_P178",50
"64713",27524.546189244,"NRI_P178",100
"64714",3476.68486924397,"NRI_P178",25
"64715",668.374009243998,"NRI_P178",50
"64716",2173.118479244,"NRI_P178",100
"64717",1750.16744924398,"NRI_P178",25
"64718",17095.583079244,"NRI_P178",50
"64719",11284.251719244,"NRI_P178",100
"64720",-15.8514607560064,"NRI_P178",25
"64721",16347.187079244,"NRI_P178",50
"64722",26252.133169244,"NRI_P178",100
"64723",2122.22930924399,"NRI_P178",25
"64724",14462.522719244,"NRI_P178",50
"64725",9491.32691924399,"NRI_P178",100
"64726",1320.14687924398,"NRI_P178",25
"64727",9456.66539924397,"NRI_P178",50
"64728",12019.594439244,"NRI_P178",100
"64729",2610.14664924398,"NRI_P178",25
"64730",-2908.286070756,"NRI_P178",50
"64731",-2855.33258075602,"NRI_P178",100
"64732",-104.192700756015,"NRI_P178",25
"64733",6510.02437924399,"NRI_P178",50
"64734",12772.140619244,"NRI_P178",100
"64735",-3262.269390756,"NRI_P178",25
"64736",7687.27179924402,"NRI_P178",50
"64737",18776.797279244,"NRI_P178",100
"64738",-2101.12003075602,"NRI_P178",25
"64739",12434.320489244,"NRI_P178",50
"64740",14575.819119244,"NRI_P178",100
"64741",467.699869243981,"NRI_P178",25
"64742",-4326.08003075601,"NRI_P178",50
"64743",24916.371289244,"NRI_P178",100
"64744",10245.486849244,"NRI_P178",25
"64745",3350.81092924401,"NRI_P178",50
"64746",5565.28789924397,"NRI_P178",100
"64747",3944.57588924401,"NRI_P178",25
"64748",21061.100469244,"NRI_P178",50
"64749",-7208.417170756,"NRI_P178",100
"64750",11917.787739244,"NRI_P178",25
"64751",-1504.49645075601,"NRI_P178",50
"64752",13503.826029244,"NRI_P178",100
"64753",8327.916489244,"NRI_P178",25
"64754",5612.73635924401,"NRI_P178",50
"64755",-2640.120100756,"NRI_P178",100
"64756",12393.235759244,"NRI_P178",25
"64757",-1154.52006075601,"NRI_P178",50
"64758",-2609.71910075602,"NRI_P178",100
"64759",-7.18879075601581,"NRI_P178",25
"64760",7266.24837924397,"NRI_P178",50
"64761",-6004.003520756,"NRI_P178",100
"64762",-659.919170756009,"NRI_P178",25
"64763",-808.384020755999,"NRI_P178",50
"64764",3200.39328924401,"NRI_P178",100
"64765",-493.263430756022,"NRI_P178",25
"64766",1828.103839244,"NRI_P178",50
"64767",19456.893869244,"NRI_P178",100
"64768",-2164.740700756,"NRI_P178",25
"64769",10520.145229244,"NRI_P178",50
"64770",-3704.958350756,"NRI_P178",100
"64771",1570.54160924398,"NRI_P178",25
"64772",4661.76238924402,"NRI_P178",50
"64773",19120.293889244,"NRI_P178",100
"64774",-587.203010755999,"NRI_P178",25
"64775",3138.30468924399,"NRI_P178",50
"64776",-107.316470756021,"NRI_P178",100
"64777",831.611419244,"NRI_P178",25
"64778",4292.43126924397,"NRI_P178",50
"64779",20155.359399244,"NRI_P178",100
"64780",3955.38768924397,"NRI_P178",25
"64781",783.203659243998,"NRI_P178",50
"64782",7418.96975924398,"NRI_P178",100
"64783",6018.32965924402,"NRI_P178",25
"64784",-4648.76398075602,"NRI_P178",50
"64785",15493.421939244,"NRI_P178",100
"64786",1753.78315924399,"NRI_P178",25
"64787",7806.39478924402,"NRI_P178",50
"64788",10866.193589244,"NRI_P178",100
"64789",1860.532939244,"NRI_P178",25
"64790",-1470.218100756,"NRI_P178",50
"64791",7483.426449244,"NRI_P178",100
"64792",313.28402924398,"NRI_P178",25
"64793",10234.039619244,"NRI_P178",50
"64794",19767.846609244,"NRI_P178",100
"64795",49.0380892439862,"NRI_P178",25
"64796",6763.24363924397,"NRI_P178",50
"64797",24218.067479244,"NRI_P178",100
"64798",3855.88320924397,"NRI_P178",25
"64799",7184.76471924401,"NRI_P178",50
"64800",5731.729929244,"NRI_P178",100
"64801",-2367.04356016099,"NRI_P179",25
"64802",-945.008530160994,"NRI_P179",50
"64803",-3415.250730161,"NRI_P179",100
"64804",-1515.48143016099,"NRI_P179",25
"64805",-3248.103400161,"NRI_P179",50
"64806",-2641.853680161,"NRI_P179",100
"64807",-2332.840230161,"NRI_P179",25
"64808",-216.81113016099,"NRI_P179",50
"64809",-2289.339740161,"NRI_P179",100
"64810",-366.180300160981,"NRI_P179",25
"64811",-1224.917430161,"NRI_P179",50
"64812",-3590.738870161,"NRI_P179",100
"64813",-1681.47213016098,"NRI_P179",25
"64814",-828.001790160983,"NRI_P179",50
"64815",-2932.05053016098,"NRI_P179",100
"64816",-343.417530160979,"NRI_P179",25
"64817",-2536.003130161,"NRI_P179",50
"64818",-639.869530160999,"NRI_P179",100
"64819",-1190.55493016099,"NRI_P179",25
"64820",-1300.179080161,"NRI_P179",50
"64821",595.678109839006,"NRI_P179",100
"64822",-519.698730161006,"NRI_P179",25
"64823",-1716.133730161,"NRI_P179",50
"64824",-3686.450870161,"NRI_P179",100
"64825",-153.645430161007,"NRI_P179",25
"64826",-699.024630161002,"NRI_P179",50
"64827",-3190.31893016098,"NRI_P179",100
"64828",-2395.218130161,"NRI_P179",25
"64829",-952.174690160988,"NRI_P179",50
"64830",-3066.537850161,"NRI_P179",100
"64831",-335.821240160993,"NRI_P179",25
"64832",-2028.41273016098,"NRI_P179",50
"64833",-3608.41729016099,"NRI_P179",100
"64834",-826.862100161001,"NRI_P179",25
"64835",-2495.965830161,"NRI_P179",50
"64836",-3264.98338016099,"NRI_P179",100
"64837",993.138569839008,"NRI_P179",25
"64838",-16.0878301610064,"NRI_P179",50
"64839",-2931.702230161,"NRI_P179",100
"64840",-153.941230160999,"NRI_P179",25
"64841",430.987069839,"NRI_P179",50
"64842",-2461.253230161,"NRI_P179",100
"64843",-648.588030160987,"NRI_P179",25
"64844",-917.445220160997,"NRI_P179",50
"64845",-1580.322070161,"NRI_P179",100
"64846",642.65476983902,"NRI_P179",25
"64847",-1380.645620161,"NRI_P179",50
"64848",-2988.73193016098,"NRI_P179",100
"64849",-149.679030161002,"NRI_P179",25
"64850",-1496.039880161,"NRI_P179",50
"64851",-1953.98923016098,"NRI_P179",100
"64852",-425.636530160991,"NRI_P179",25
"64853",-2099.506230161,"NRI_P179",50
"64854",-3738.16401016098,"NRI_P179",100
"64855",299.363969839003,"NRI_P179",25
"64856",-2499.585830161,"NRI_P179",50
"64857",-2661.23039016098,"NRI_P179",100
"64858",-2169.65239016101,"NRI_P179",25
"64859",488.240269839007,"NRI_P179",50
"64860",-1606.66555016098,"NRI_P179",100
"64861",-2089.03053016099,"NRI_P179",25
"64862",-1238.28507016099,"NRI_P179",50
"64863",-1305.65983016099,"NRI_P179",100
"64864",-228.844010161003,"NRI_P179",25
"64865",-2047.14120016099,"NRI_P179",50
"64866",2221.63926983901,"NRI_P179",100
"64867",179.287769839022,"NRI_P179",25
"64868",1490.38146983902,"NRI_P179",50
"64869",-3127.06444016099,"NRI_P179",100
"64870",-2235.32274016101,"NRI_P179",25
"64871",-2019.49344016099,"NRI_P179",50
"64872",27252.956399839,"NRI_P179",100
"64873",-553.204010160989,"NRI_P179",25
"64874",-262.582230161002,"NRI_P179",50
"64875",-2738.25763016098,"NRI_P179",100
"64876",-1076.30978016098,"NRI_P179",25
"64877",-113.268130160985,"NRI_P179",50
"64878",-3303.08371016098,"NRI_P179",100
"64879",1117.07652983902,"NRI_P179",25
"64880",-1274.86436016098,"NRI_P179",50
"64881",-3023.080900161,"NRI_P179",100
"64882",28790.713669839,"NRI_P179",25
"64883",29.9429698390013,"NRI_P179",50
"64884",-2210.037530161,"NRI_P179",100
"64885",-1696.35533016099,"NRI_P179",25
"64886",-807.129430161003,"NRI_P179",50
"64887",165.087469838996,"NRI_P179",100
"64888",471.386969839019,"NRI_P179",25
"64889",-696.684830160986,"NRI_P179",50
"64890",-1311.429530161,"NRI_P179",100
"64891",85.3119698390074,"NRI_P179",25
"64892",-2927.96616016098,"NRI_P179",50
"64893",-3374.07189016099,"NRI_P179",100
"64894",-1137.90115016099,"NRI_P179",25
"64895",-2739.999090161,"NRI_P179",50
"64896",-1469.38783016099,"NRI_P179",100
"64897",-780.702930161002,"NRI_P179",25
"64898",-442.796980160987,"NRI_P179",50
"64899",-3272.36993016099,"NRI_P179",100
"64900",29929.045069839,"NRI_P179",25
"64901",-758.444020160998,"NRI_P179",50
"64902",-2416.93587016099,"NRI_P179",100
"64903",555.780979839008,"NRI_P179",25
"64904",-2668.132120161,"NRI_P179",50
"64905",-599.530470161,"NRI_P179",100
"64906",-392.461210160982,"NRI_P179",25
"64907",607.848669839004,"NRI_P179",50
"64908",-2278.10989016099,"NRI_P179",100
"64909",-2195.826680161,"NRI_P179",25
"64910",-23.7156301609939,"NRI_P179",50
"64911",30224.509269839,"NRI_P179",100
"64912",-583.610430161003,"NRI_P179",25
"64913",-2218.22143016098,"NRI_P179",50
"64914",-3224.42419016099,"NRI_P179",100
"64915",29821.910169839,"NRI_P179",25
"64916",-734.120030160993,"NRI_P179",50
"64917",-3504.77477016099,"NRI_P179",100
"64918",-719.342030161002,"NRI_P179",25
"64919",-881.190900160989,"NRI_P179",50
"64920",-1249.07924016099,"NRI_P179",100
"64921",-807.71824016099,"NRI_P179",25
"64922",-1673.22543016099,"NRI_P179",50
"64923",-3484.87372016101,"NRI_P179",100
"64924",-2257.56767016099,"NRI_P179",25
"64925",-1224.22213016098,"NRI_P179",50
"64926",-2040.935130161,"NRI_P179",100
"64927",102.114169839013,"NRI_P179",25
"64928",-2929.63312016099,"NRI_P179",50
"64929",-3291.981710161,"NRI_P179",100
"64930",-659.447530160978,"NRI_P179",25
"64931",-2303.477430161,"NRI_P179",50
"64932",-3468.18665016099,"NRI_P179",100
"64933",-1880.55673016098,"NRI_P179",25
"64934",-2565.90363016099,"NRI_P179",50
"64935",-3099.691410161,"NRI_P179",100
"64936",575.191169839003,"NRI_P179",25
"64937",-2211.10356016099,"NRI_P179",50
"64938",-2855.29923016101,"NRI_P179",100
"64939",-2206.365570161,"NRI_P179",25
"64940",-264.431450161006,"NRI_P179",50
"64941",-2851.649480161,"NRI_P179",100
"64942",-1056.28929016099,"NRI_P179",25
"64943",1011.620329839,"NRI_P179",50
"64944",-2970.255790161,"NRI_P179",100
"64945",-160.353630161,"NRI_P179",25
"64946",-2400.293530161,"NRI_P179",50
"64947",-1333.30803016099,"NRI_P179",100
"64948",-2264.76613016101,"NRI_P179",25
"64949",-2158.10250016098,"NRI_P179",50
"64950",-2502.84897016099,"NRI_P179",100
"64951",-2621.33178016098,"NRI_P179",25
"64952",-818.31398016098,"NRI_P179",50
"64953",-2862.16043016099,"NRI_P179",100
"64954",-640.009510161006,"NRI_P179",25
"64955",-1142.94977016098,"NRI_P179",50
"64956",-1338.952880161,"NRI_P179",100
"64957",-821.714570160984,"NRI_P179",25
"64958",-125.962460160983,"NRI_P179",50
"64959",-2193.327330161,"NRI_P179",100
"64960",-443.826430160989,"NRI_P179",25
"64961",-222.472330160992,"NRI_P179",50
"64962",-1655.409460161,"NRI_P179",100
"64963",559.490669838997,"NRI_P179",25
"64964",-351.427330160979,"NRI_P179",50
"64965",-2547.90903016098,"NRI_P179",100
"64966",-1000.33835016098,"NRI_P179",25
"64967",674.547669838998,"NRI_P179",50
"64968",-1387.70033016099,"NRI_P179",100
"64969",-2224.69745016098,"NRI_P179",25
"64970",-2262.14307016099,"NRI_P179",50
"64971",-2046.20253016098,"NRI_P179",100
"64972",-482.190930160985,"NRI_P179",25
"64973",-2813.487880161,"NRI_P179",50
"64974",-3205.44943016098,"NRI_P179",100
"64975",666.635869838996,"NRI_P179",25
"64976",-2794.89702016101,"NRI_P179",50
"64977",-3487.31973016099,"NRI_P179",100
"64978",-2147.31974016098,"NRI_P179",25
"64979",-739.413130161003,"NRI_P179",50
"64980",27544.565649839,"NRI_P179",100
"64981",-708.487780160998,"NRI_P179",25
"64982",-2222.01863016098,"NRI_P179",50
"64983",-3460.37286016101,"NRI_P179",100
"64984",-249.779630161007,"NRI_P179",25
"64985",-2768.00238016099,"NRI_P179",50
"64986",-730.723630160996,"NRI_P179",100
"64987",-635.793280160986,"NRI_P179",25
"64988",-843.187560160994,"NRI_P179",50
"64989",-3181.63783016099,"NRI_P179",100
"64990",-386.842410160985,"NRI_P179",25
"64991",-2686.831630161,"NRI_P179",50
"64992",-2599.54722016098,"NRI_P179",100
"64993",30067.700669839,"NRI_P179",25
"64994",-2146.11313016099,"NRI_P179",50
"64995",-1200.680830161,"NRI_P179",100
"64996",-964.966530160978,"NRI_P179",25
"64997",-1278.816330161,"NRI_P179",50
"64998",-2158.96603016098,"NRI_P179",100
"64999",-930.046330160985,"NRI_P179",25
"65000",-2159.13854016099,"NRI_P179",50
"65001",393.848459839006,"NRI_P179",100
"65002",-797.688530160987,"NRI_P179",25
"65003",-595.338130160992,"NRI_P179",50
"65004",-2652.168530161,"NRI_P179",100
"65005",1092.36676983902,"NRI_P179",25
"65006",314.453869838995,"NRI_P179",50
"65007",-3626.34832016099,"NRI_P179",100
"65008",-1286.20763016099,"NRI_P179",25
"65009",-2110.20402016098,"NRI_P179",50
"65010",-2750.40616016099,"NRI_P179",100
"65011",-495.625930160983,"NRI_P179",25
"65012",-2481.711380161,"NRI_P179",50
"65013",-2752.45251016101,"NRI_P179",100
"65014",-739.505430160993,"NRI_P179",25
"65015",-917.075120160996,"NRI_P179",50
"65016",-3402.02931016099,"NRI_P179",100
"65017",30.6078198390023,"NRI_P179",25
"65018",-2821.74853016098,"NRI_P179",50
"65019",-437.282080160978,"NRI_P179",100
"65020",-925.183530160983,"NRI_P179",25
"65021",-2087.78333016098,"NRI_P179",50
"65022",-2158.457130161,"NRI_P179",100
"65023",-216.330630160985,"NRI_P179",25
"65024",-296.336840161006,"NRI_P179",50
"65025",-1652.25432016098,"NRI_P179",100
"65026",-373.801830160985,"NRI_P179",25
"65027",527.491269838996,"NRI_P179",50
"65028",-3231.03760016098,"NRI_P179",100
"65029",-806.97559016099,"NRI_P179",25
"65030",690.349269839004,"NRI_P179",50
"65031",-3534.797800161,"NRI_P179",100
"65032",-371.747030161001,"NRI_P179",25
"65033",-1145.11569016098,"NRI_P179",50
"65034",-913.938970160991,"NRI_P179",100
"65035",-1773.025130161,"NRI_P179",25
"65036",-2672.07714016098,"NRI_P179",50
"65037",-2605.791570161,"NRI_P179",100
"65038",-2277.54833016099,"NRI_P179",25
"65039",-1735.95093016099,"NRI_P179",50
"65040",-3717.23782016098,"NRI_P179",100
"65041",-1140.38393016098,"NRI_P179",25
"65042",-2673.09462016099,"NRI_P179",50
"65043",-2987.208120161,"NRI_P179",100
"65044",-541.153830160998,"NRI_P179",25
"65045",512.664959839021,"NRI_P179",50
"65046",-3241.387250161,"NRI_P179",100
"65047",-538.374930160993,"NRI_P179",25
"65048",-907.281850161002,"NRI_P179",50
"65049",-1221.84419016101,"NRI_P179",100
"65050",236.164869839005,"NRI_P179",25
"65051",-1375.494630161,"NRI_P179",50
"65052",-2859.64793016098,"NRI_P179",100
"65053",186.770319839008,"NRI_P179",25
"65054",521.412469839008,"NRI_P179",50
"65055",-750.341240160982,"NRI_P179",100
"65056",-737.970530160994,"NRI_P179",25
"65057",-2128.52163016101,"NRI_P179",50
"65058",-3240.22620016098,"NRI_P179",100
"65059",-936.334400160995,"NRI_P179",25
"65060",-2769.11433016098,"NRI_P179",50
"65061",-652.582730160997,"NRI_P179",100
"65062",-799.705820161005,"NRI_P179",25
"65063",-2190.425830161,"NRI_P179",50
"65064",-2042.88022016099,"NRI_P179",100
"65065",-592.359230161004,"NRI_P179",25
"65066",-553.759870160982,"NRI_P179",50
"65067",-3461.21530016098,"NRI_P179",100
"65068",-542.858230160986,"NRI_P179",25
"65069",-191.399930160987,"NRI_P179",50
"65070",-290.597380160994,"NRI_P179",100
"65071",-1886.22556016099,"NRI_P179",25
"65072",-614.864530160994,"NRI_P179",50
"65073",-2356.62373016099,"NRI_P179",100
"65074",-672.916830161004,"NRI_P179",25
"65075",-1855.66059016099,"NRI_P179",50
"65076",-1539.95011016098,"NRI_P179",100
"65077",132.779969839001,"NRI_P179",25
"65078",-162.670130160986,"NRI_P179",50
"65079",-2799.726260161,"NRI_P179",100
"65080",-2250.98513016099,"NRI_P179",25
"65081",-1989.04703016099,"NRI_P179",50
"65082",-3212.91043016099,"NRI_P179",100
"65083",611.138569839008,"NRI_P179",25
"65084",-882.291000161,"NRI_P179",50
"65085",-2470.71863016099,"NRI_P179",100
"65086",-2163.47234016098,"NRI_P179",25
"65087",-992.692430160998,"NRI_P179",50
"65088",-2901.22343016099,"NRI_P179",100
"65089",-315.989530160994,"NRI_P179",25
"65090",-809.593270160985,"NRI_P179",50
"65091",-2642.38036016098,"NRI_P179",100
"65092",-652.202330161002,"NRI_P179",25
"65093",-583.591620160994,"NRI_P179",50
"65094",-3102.62532016099,"NRI_P179",100
"65095",120.442859839008,"NRI_P179",25
"65096",-2121.12712016099,"NRI_P179",50
"65097",-2183.53799016098,"NRI_P179",100
"65098",-1483.799130161,"NRI_P179",25
"65099",-970.179320160998,"NRI_P179",50
"65100",-1372.895380161,"NRI_P179",100
"65101",-25752.695398798,"NRI_P180",25
"65102",-18499.952818798,"NRI_P180",50
"65103",-41643.385038798,"NRI_P180",100
"65104",-10810.254558798,"NRI_P180",25
"65105",-9208.94301879796,"NRI_P180",50
"65106",-54135.948388798,"NRI_P180",100
"65107",-18555.408478798,"NRI_P180",25
"65108",-21566.871348798,"NRI_P180",50
"65109",-46943.444728798,"NRI_P180",100
"65110",-17346.414758798,"NRI_P180",25
"65111",-38105.706348798,"NRI_P180",50
"65112",-56956.418598798,"NRI_P180",100
"65113",-11421.159818798,"NRI_P180",25
"65114",-18647.989488798,"NRI_P180",50
"65115",-55083.326768798,"NRI_P180",100
"65116",-14239.990648798,"NRI_P180",25
"65117",-24721.923948798,"NRI_P180",50
"65118",-64888.165528798,"NRI_P180",100
"65119",-19309.459298798,"NRI_P180",25
"65120",-11515.913918798,"NRI_P180",50
"65121",-47193.485778798,"NRI_P180",100
"65122",-16857.434798798,"NRI_P180",25
"65123",-29655.718448798,"NRI_P180",50
"65124",-54961.686278798,"NRI_P180",100
"65125",-9954.674058798,"NRI_P180",25
"65126",-41010.606228798,"NRI_P180",50
"65127",-53727.326588798,"NRI_P180",100
"65128",1625.99523120199,"NRI_P180",25
"65129",-11071.463218798,"NRI_P180",50
"65130",-54973.084488798,"NRI_P180",100
"65131",-12651.686218798,"NRI_P180",25
"65132",-21310.981468798,"NRI_P180",50
"65133",-58010.683558798,"NRI_P180",100
"65134",-9183.71206879796,"NRI_P180",25
"65135",-25119.875338798,"NRI_P180",50
"65136",-63685.306028798,"NRI_P180",100
"65137",-22054.396408798,"NRI_P180",25
"65138",-28747.991538798,"NRI_P180",50
"65139",-62996.192438798,"NRI_P180",100
"65140",-4192.85200879799,"NRI_P180",25
"65141",-37030.247718798,"NRI_P180",50
"65142",-54151.447448798,"NRI_P180",100
"65143",-3237.30454879801,"NRI_P180",25
"65144",-32243.411268798,"NRI_P180",50
"65145",-45893.101538798,"NRI_P180",100
"65146",-11006.973608798,"NRI_P180",25
"65147",-40624.287438798,"NRI_P180",50
"65148",-51808.007968798,"NRI_P180",100
"65149",-14625.421018798,"NRI_P180",25
"65150",-16105.070538798,"NRI_P180",50
"65151",-60002.303098798,"NRI_P180",100
"65152",-13150.990778798,"NRI_P180",25
"65153",-24525.921368798,"NRI_P180",50
"65154",-61063.409068798,"NRI_P180",100
"65155",-1426.59321879799,"NRI_P180",25
"65156",-34797.820568798,"NRI_P180",50
"65157",-56101.297508798,"NRI_P180",100
"65158",-14584.439118798,"NRI_P180",25
"65159",-24595.591258798,"NRI_P180",50
"65160",-48147.507268798,"NRI_P180",100
"65161",-22905.566328798,"NRI_P180",25
"65162",-22439.754128798,"NRI_P180",50
"65163",-57308.146938798,"NRI_P180",100
"65164",-4998.71995879797,"NRI_P180",25
"65165",-19100.182738798,"NRI_P180",50
"65166",-46324.901758798,"NRI_P180",100
"65167",-18608.780128798,"NRI_P180",25
"65168",-36236.449498798,"NRI_P180",50
"65169",-62072.223348798,"NRI_P180",100
"65170",-11122.047818798,"NRI_P180",25
"65171",-18404.667748798,"NRI_P180",50
"65172",-64052.025828798,"NRI_P180",100
"65173",-13272.455818798,"NRI_P180",25
"65174",-22748.548858798,"NRI_P180",50
"65175",-57996.104428798,"NRI_P180",100
"65176",-22872.192798798,"NRI_P180",25
"65177",-26449.963198798,"NRI_P180",50
"65178",-52380.294748798,"NRI_P180",100
"65179",-17112.375688798,"NRI_P180",25
"65180",-10783.389108798,"NRI_P180",50
"65181",-59642.406668798,"NRI_P180",100
"65182",-15552.537058798,"NRI_P180",25
"65183",-34225.203628798,"NRI_P180",50
"65184",-65478.758388798,"NRI_P180",100
"65185",-13842.045008798,"NRI_P180",25
"65186",-20597.291988798,"NRI_P180",50
"65187",-56634.044418798,"NRI_P180",100
"65188",-21411.834518798,"NRI_P180",25
"65189",-21547.607378798,"NRI_P180",50
"65190",-54541.920288798,"NRI_P180",100
"65191",-18289.843388798,"NRI_P180",25
"65192",-34613.123398798,"NRI_P180",50
"65193",-56529.743208798,"NRI_P180",100
"65194",-11992.563818798,"NRI_P180",25
"65195",-43118.279548798,"NRI_P180",50
"65196",-61178.374688798,"NRI_P180",100
"65197",-10707.068898798,"NRI_P180",25
"65198",-20606.624658798,"NRI_P180",50
"65199",-59296.457928798,"NRI_P180",100
"65200",-9578.60343879799,"NRI_P180",25
"65201",-23464.715688798,"NRI_P180",50
"65202",-57317.040858798,"NRI_P180",100
"65203",-16356.220698798,"NRI_P180",25
"65204",-28153.630958798,"NRI_P180",50
"65205",-55480.311388798,"NRI_P180",100
"65206",-3647.98489879799,"NRI_P180",25
"65207",-30705.926088798,"NRI_P180",50
"65208",-56738.473068798,"NRI_P180",100
"65209",-13558.122778798,"NRI_P180",25
"65210",-26739.630468798,"NRI_P180",50
"65211",-50220.784658798,"NRI_P180",100
"65212",-963.937978798,"NRI_P180",25
"65213",-20080.048668798,"NRI_P180",50
"65214",-58315.401728798,"NRI_P180",100
"65215",-22711.647298798,"NRI_P180",25
"65216",-30582.368998798,"NRI_P180",50
"65217",-42935.984298798,"NRI_P180",100
"65218",-13708.442968798,"NRI_P180",25
"65219",-36802.558098798,"NRI_P180",50
"65220",-47472.932888798,"NRI_P180",100
"65221",-16072.094958798,"NRI_P180",25
"65222",-25852.326368798,"NRI_P180",50
"65223",-49190.411748798,"NRI_P180",100
"65224",-14005.561608798,"NRI_P180",25
"65225",-23644.163628798,"NRI_P180",50
"65226",-50179.585208798,"NRI_P180",100
"65227",-12094.054658798,"NRI_P180",25
"65228",-21351.763648798,"NRI_P180",50
"65229",-49347.754908798,"NRI_P180",100
"65230",-6950.46019879798,"NRI_P180",25
"65231",-1517.96914879797,"NRI_P180",50
"65232",-43555.882368798,"NRI_P180",100
"65233",-5752.95417879801,"NRI_P180",25
"65234",-4027.45496879797,"NRI_P180",50
"65235",-50025.343638798,"NRI_P180",100
"65236",-3191.097798798,"NRI_P180",25
"65237",-9564.57789879799,"NRI_P180",50
"65238",-46000.657748798,"NRI_P180",100
"65239",-552.220218797971,"NRI_P180",25
"65240",-32137.872118798,"NRI_P180",50
"65241",-58302.210468798,"NRI_P180",100
"65242",-15106.889758798,"NRI_P180",25
"65243",-22773.006968798,"NRI_P180",50
"65244",-60643.799608798,"NRI_P180",100
"65245",-22548.823758798,"NRI_P180",25
"65246",-21893.191248798,"NRI_P180",50
"65247",-59790.384788798,"NRI_P180",100
"65248",-14127.803848798,"NRI_P180",25
"65249",-30255.096248798,"NRI_P180",50
"65250",-34971.376328798,"NRI_P180",100
"65251",-11562.474398798,"NRI_P180",25
"65252",-24750.201258798,"NRI_P180",50
"65253",-57693.477988798,"NRI_P180",100
"65254",-17322.188028798,"NRI_P180",25
"65255",-8337.82154879801,"NRI_P180",50
"65256",-50753.113438798,"NRI_P180",100
"65257",-9339.40244879801,"NRI_P180",25
"65258",-26139.776768798,"NRI_P180",50
"65259",-48301.845658798,"NRI_P180",100
"65260",-5564.70988879801,"NRI_P180",25
"65261",-12835.955958798,"NRI_P180",50
"65262",-48874.313338798,"NRI_P180",100
"65263",-13338.867188798,"NRI_P180",25
"65264",-40446.677898798,"NRI_P180",50
"65265",-40414.410458798,"NRI_P180",100
"65266",-14662.341798798,"NRI_P180",25
"65267",-34069.177218798,"NRI_P180",50
"65268",-53047.817148798,"NRI_P180",100
"65269",-21126.722468798,"NRI_P180",25
"65270",-39432.891868798,"NRI_P180",50
"65271",-42159.657188798,"NRI_P180",100
"65272",-9170.60780879797,"NRI_P180",25
"65273",-17012.145538798,"NRI_P180",50
"65274",-54662.321438798,"NRI_P180",100
"65275",-19979.361098798,"NRI_P180",25
"65276",-14344.650958798,"NRI_P180",50
"65277",-62659.508218798,"NRI_P180",100
"65278",-19092.763638798,"NRI_P180",25
"65279",-26122.035378798,"NRI_P180",50
"65280",-49645.882938798,"NRI_P180",100
"65281",-23551.806418798,"NRI_P180",25
"65282",-31548.258658798,"NRI_P180",50
"65283",-44171.915808798,"NRI_P180",100
"65284",-15171.576278798,"NRI_P180",25
"65285",-25647.170268798,"NRI_P180",50
"65286",-59088.300338798,"NRI_P180",100
"65287",-20497.411598798,"NRI_P180",25
"65288",-20555.515278798,"NRI_P180",50
"65289",-57960.935888798,"NRI_P180",100
"65290",-9931.04249879799,"NRI_P180",25
"65291",-29570.206008798,"NRI_P180",50
"65292",-36280.256808798,"NRI_P180",100
"65293",-4538.52519879799,"NRI_P180",25
"65294",-18462.475368798,"NRI_P180",50
"65295",-48573.669688798,"NRI_P180",100
"65296",-10187.801088798,"NRI_P180",25
"65297",-19798.679398798,"NRI_P180",50
"65298",-50300.702008798,"NRI_P180",100
"65299",-11477.567498798,"NRI_P180",25
"65300",-31607.396698798,"NRI_P180",50
"65301",-49368.946968798,"NRI_P180",100
"65302",-5976.439148798,"NRI_P180",25
"65303",-21344.482668798,"NRI_P180",50
"65304",-60215.435468798,"NRI_P180",100
"65305",-9429.845138798,"NRI_P180",25
"65306",-35097.704288798,"NRI_P180",50
"65307",-52314.449338798,"NRI_P180",100
"65308",-7389.62321879796,"NRI_P180",25
"65309",-24103.918138798,"NRI_P180",50
"65310",-57843.627898798,"NRI_P180",100
"65311",-25096.763998798,"NRI_P180",25
"65312",-30242.651048798,"NRI_P180",50
"65313",-46061.560208798,"NRI_P180",100
"65314",-13956.262718798,"NRI_P180",25
"65315",-23763.720098798,"NRI_P180",50
"65316",-52838.583018798,"NRI_P180",100
"65317",-5061.34388879797,"NRI_P180",25
"65318",-27561.039188798,"NRI_P180",50
"65319",-51320.676798798,"NRI_P180",100
"65320",-7970.74774879799,"NRI_P180",25
"65321",-20873.926658798,"NRI_P180",50
"65322",-54497.305468798,"NRI_P180",100
"65323",-19867.055338798,"NRI_P180",25
"65324",-16258.908468798,"NRI_P180",50
"65325",-60778.052768798,"NRI_P180",100
"65326",-21873.571438798,"NRI_P180",25
"65327",-33410.172178798,"NRI_P180",50
"65328",-50801.455158798,"NRI_P180",100
"65329",-14426.142148798,"NRI_P180",25
"65330",-19269.155308798,"NRI_P180",50
"65331",-55207.515608798,"NRI_P180",100
"65332",-12351.187998798,"NRI_P180",25
"65333",-29039.160418798,"NRI_P180",50
"65334",-62373.568408798,"NRI_P180",100
"65335",-3037.30854879797,"NRI_P180",25
"65336",-29666.389858798,"NRI_P180",50
"65337",-39283.082918798,"NRI_P180",100
"65338",-25323.354598798,"NRI_P180",25
"65339",-18196.392478798,"NRI_P180",50
"65340",-59519.895368798,"NRI_P180",100
"65341",-15329.637168798,"NRI_P180",25
"65342",-14722.223098798,"NRI_P180",50
"65343",-56038.626758798,"NRI_P180",100
"65344",-13099.694698798,"NRI_P180",25
"65345",-29971.657528798,"NRI_P180",50
"65346",-57953.835728798,"NRI_P180",100
"65347",-7775.70505879796,"NRI_P180",25
"65348",-29850.178128798,"NRI_P180",50
"65349",-65621.805948798,"NRI_P180",100
"65350",-12814.839688798,"NRI_P180",25
"65351",-23941.704808798,"NRI_P180",50
"65352",-54720.334698798,"NRI_P180",100
"65353",-14757.942648798,"NRI_P180",25
"65354",-28422.211298798,"NRI_P180",50
"65355",-39843.011818798,"NRI_P180",100
"65356",-6384.709038798,"NRI_P180",25
"65357",-33984.194318798,"NRI_P180",50
"65358",-46148.493768798,"NRI_P180",100
"65359",-13439.386548798,"NRI_P180",25
"65360",-14956.674828798,"NRI_P180",50
"65361",-32909.785878798,"NRI_P180",100
"65362",-14202.929608798,"NRI_P180",25
"65363",-25606.994668798,"NRI_P180",50
"65364",-53982.724578798,"NRI_P180",100
"65365",-8305.953978798,"NRI_P180",25
"65366",-16116.726818798,"NRI_P180",50
"65367",-49471.614558798,"NRI_P180",100
"65368",-16691.313638798,"NRI_P180",25
"65369",-30522.805638798,"NRI_P180",50
"65370",-54532.293998798,"NRI_P180",100
"65371",-16214.659598798,"NRI_P180",25
"65372",-31762.814558798,"NRI_P180",50
"65373",-55634.631948798,"NRI_P180",100
"65374",-18711.824208798,"NRI_P180",25
"65375",-30665.774418798,"NRI_P180",50
"65376",-56658.057278798,"NRI_P180",100
"65377",-14886.438698798,"NRI_P180",25
"65378",-33510.108478798,"NRI_P180",50
"65379",-61610.825438798,"NRI_P180",100
"65380",-22908.872198798,"NRI_P180",25
"65381",-13451.438748798,"NRI_P180",50
"65382",-48790.396038798,"NRI_P180",100
"65383",-8181.266218798,"NRI_P180",25
"65384",-17213.133218798,"NRI_P180",50
"65385",-63588.108928798,"NRI_P180",100
"65386",-6814.52979879797,"NRI_P180",25
"65387",-32263.176278798,"NRI_P180",50
"65388",-57459.030678798,"NRI_P180",100
"65389",-20073.227198798,"NRI_P180",25
"65390",-29894.475368798,"NRI_P180",50
"65391",-36639.207238798,"NRI_P180",100
"65392",-9733.20521879802,"NRI_P180",25
"65393",-26819.974048798,"NRI_P180",50
"65394",-63079.620848798,"NRI_P180",100
"65395",-7085.83743879799,"NRI_P180",25
"65396",-31166.962228798,"NRI_P180",50
"65397",-44097.643628798,"NRI_P180",100
"65398",-18733.548598798,"NRI_P180",25
"65399",-29730.007578798,"NRI_P180",50
"65400",-58192.688398798,"NRI_P180",100
"65401",-475.909196933993,"NRI_P181",25
"65402",3470.95978306601,"NRI_P181",50
"65403",2849.421133066,"NRI_P181",100
"65404",163.554713065998,"NRI_P181",25
"65405",13468.386093066,"NRI_P181",50
"65406",1028.61563306599,"NRI_P181",100
"65407",-1038.34020693399,"NRI_P181",25
"65408",-1187.66933693399,"NRI_P181",50
"65409",12290.024973066,"NRI_P181",100
"65410",196.628763065994,"NRI_P181",25
"65411",4030.70717306601,"NRI_P181",50
"65412",2330.09841306601,"NRI_P181",100
"65413",2569.84431306599,"NRI_P181",25
"65414",3291.98025306599,"NRI_P181",50
"65415",3396.038783066,"NRI_P181",100
"65416",92.7732430660108,"NRI_P181",25
"65417",1148.14456306599,"NRI_P181",50
"65418",-1043.14806693399,"NRI_P181",100
"65419",-158.617076933995,"NRI_P181",25
"65420",2670.763353066,"NRI_P181",50
"65421",-790.03527693401,"NRI_P181",100
"65422",-527.823576933995,"NRI_P181",25
"65423",494.60620306601,"NRI_P181",50
"65424",600.205843066011,"NRI_P181",100
"65425",627.901433065999,"NRI_P181",25
"65426",-145.711896933994,"NRI_P181",50
"65427",-1332.186456934,"NRI_P181",100
"65428",-832.693416933995,"NRI_P181",25
"65429",794.827003065991,"NRI_P181",50
"65430",27.4809130659851,"NRI_P181",100
"65431",-1666.97110693401,"NRI_P181",25
"65432",2591.88156306601,"NRI_P181",50
"65433",-2635.69206693399,"NRI_P181",100
"65434",408.37759306599,"NRI_P181",25
"65435",-221.027466934,"NRI_P181",50
"65436",-55.9620569339895,"NRI_P181",100
"65437",3494.852333066,"NRI_P181",25
"65438",-1508.15699693401,"NRI_P181",50
"65439",1224.64764306601,"NRI_P181",100
"65440",7355.505323066,"NRI_P181",25
"65441",-1807.131066934,"NRI_P181",50
"65442",-2009.45849693401,"NRI_P181",100
"65443",6326.370133066,"NRI_P181",25
"65444",-1741.84428693401,"NRI_P181",50
"65445",-1604.18713693399,"NRI_P181",100
"65446",-677.844526934001,"NRI_P181",25
"65447",-205.214456933987,"NRI_P181",50
"65448",10493.256293066,"NRI_P181",100
"65449",430.073433065991,"NRI_P181",25
"65450",4089.275573066,"NRI_P181",50
"65451",-1985.90901693399,"NRI_P181",100
"65452",699.355833065987,"NRI_P181",25
"65453",5748.72643306601,"NRI_P181",50
"65454",1682.83855306599,"NRI_P181",100
"65455",128.625683065999,"NRI_P181",25
"65456",1458.280783066,"NRI_P181",50
"65457",-1101.92947693399,"NRI_P181",100
"65458",3793.965963066,"NRI_P181",25
"65459",1564.24770306601,"NRI_P181",50
"65460",-3333.85464693399,"NRI_P181",100
"65461",286.072753065993,"NRI_P181",25
"65462",1051.884153066,"NRI_P181",50
"65463",-1318.434286934,"NRI_P181",100
"65464",11707.950583066,"NRI_P181",25
"65465",659.135103065986,"NRI_P181",50
"65466",843.267103065999,"NRI_P181",100
"65467",3692.33805306599,"NRI_P181",25
"65468",-55.7700869340042,"NRI_P181",50
"65469",6377.52100306601,"NRI_P181",100
"65470",-1778.057516934,"NRI_P181",25
"65471",199.578403066,"NRI_P181",50
"65472",6255.61526306599,"NRI_P181",100
"65473",83.9872630659956,"NRI_P181",25
"65474",923.374313065986,"NRI_P181",50
"65475",-2004.81537693401,"NRI_P181",100
"65476",-105.693816934014,"NRI_P181",25
"65477",249.641633065999,"NRI_P181",50
"65478",1436.700273066,"NRI_P181",100
"65479",1109.03874306599,"NRI_P181",25
"65480",9515.815133066,"NRI_P181",50
"65481",2007.70724306599,"NRI_P181",100
"65482",181.298683066008,"NRI_P181",25
"65483",-1500.554776934,"NRI_P181",50
"65484",2385.08943306599,"NRI_P181",100
"65485",-429.33956693401,"NRI_P181",25
"65486",1257.167483066,"NRI_P181",50
"65487",729.77225306601,"NRI_P181",100
"65488",930.359143065987,"NRI_P181",25
"65489",-314.496426933998,"NRI_P181",50
"65490",4099.034333066,"NRI_P181",100
"65491",-682.409696933988,"NRI_P181",25
"65492",-1388.034116934,"NRI_P181",50
"65493",950.296983065986,"NRI_P181",100
"65494",-2481.13164693399,"NRI_P181",25
"65495",-467.183286934014,"NRI_P181",50
"65496",-813.215576933988,"NRI_P181",100
"65497",-652.020846934,"NRI_P181",25
"65498",-365.587016934005,"NRI_P181",50
"65499",2969.61105306601,"NRI_P181",100
"65500",2384.00233306599,"NRI_P181",25
"65501",3913.19035306599,"NRI_P181",50
"65502",2115.54326306601,"NRI_P181",100
"65503",-716.308366934012,"NRI_P181",25
"65504",608.385393066012,"NRI_P181",50
"65505",8419.541343066,"NRI_P181",100
"65506",-1316.15958693399,"NRI_P181",25
"65507",1063.68949306599,"NRI_P181",50
"65508",2923.350033066,"NRI_P181",100
"65509",3824.725743066,"NRI_P181",25
"65510",581.384093066008,"NRI_P181",50
"65511",852.340703066002,"NRI_P181",100
"65512",-495.158246934006,"NRI_P181",25
"65513",8200.607153066,"NRI_P181",50
"65514",2705.57646306601,"NRI_P181",100
"65515",371.913023066008,"NRI_P181",25
"65516",-619.014286933991,"NRI_P181",50
"65517",11294.328403066,"NRI_P181",100
"65518",108.977283065993,"NRI_P181",25
"65519",3852.04185306601,"NRI_P181",50
"65520",5081.151513066,"NRI_P181",100
"65521",11500.936633066,"NRI_P181",25
"65522",4418.01395306599,"NRI_P181",50
"65523",5474.50140306601,"NRI_P181",100
"65524",540.660843065998,"NRI_P181",25
"65525",104.69830306599,"NRI_P181",50
"65526",6109.34312306601,"NRI_P181",100
"65527",1477.42563306598,"NRI_P181",25
"65528",-571.408496933989,"NRI_P181",50
"65529",3368.74584306599,"NRI_P181",100
"65530",815.142893065989,"NRI_P181",25
"65531",-1159.60071693402,"NRI_P181",50
"65532",-538.875466933998,"NRI_P181",100
"65533",-816.569446934009,"NRI_P181",25
"65534",2934.532583066,"NRI_P181",50
"65535",-2987.10220693401,"NRI_P181",100
"65536",542.86938306599,"NRI_P181",25
"65537",4922.507693066,"NRI_P181",50
"65538",2666.963413066,"NRI_P181",100
"65539",2516.32010306601,"NRI_P181",25
"65540",2636.13758306601,"NRI_P181",50
"65541",4457.21074306601,"NRI_P181",100
"65542",-1322.30411693401,"NRI_P181",25
"65543",487.603003066004,"NRI_P181",50
"65544",428.719143066002,"NRI_P181",100
"65545",-1703.55826693401,"NRI_P181",25
"65546",-1573.61032693399,"NRI_P181",50
"65547",941.035543066013,"NRI_P181",100
"65548",-60.1834169340145,"NRI_P181",25
"65549",-837.151636933995,"NRI_P181",50
"65550",538.378403065988,"NRI_P181",100
"65551",3955.26893306599,"NRI_P181",25
"65552",968.072813065985,"NRI_P181",50
"65553",2251.76315306599,"NRI_P181",100
"65554",486.758403065993,"NRI_P181",25
"65555",-1007.62078693401,"NRI_P181",50
"65556",581.075053065986,"NRI_P181",100
"65557",-25.2277369340009,"NRI_P181",25
"65558",3991.87697306601,"NRI_P181",50
"65559",9047.33673306601,"NRI_P181",100
"65560",3486.56882306599,"NRI_P181",25
"65561",-1566.498586934,"NRI_P181",50
"65562",7951.72083306601,"NRI_P181",100
"65563",-1348.09912693402,"NRI_P181",25
"65564",514.796303065988,"NRI_P181",50
"65565",7440.34715306599,"NRI_P181",100
"65566",-1008.75370693399,"NRI_P181",25
"65567",-1653.994056934,"NRI_P181",50
"65568",-744.830016933993,"NRI_P181",100
"65569",-1779.18838693399,"NRI_P181",25
"65570",-190.089326933987,"NRI_P181",50
"65571",10632.878763066,"NRI_P181",100
"65572",962.098093065986,"NRI_P181",25
"65573",-1075.723096934,"NRI_P181",50
"65574",1290.140173066,"NRI_P181",100
"65575",281.913063065993,"NRI_P181",25
"65576",-1892.22715693401,"NRI_P181",50
"65577",-2306.990486934,"NRI_P181",100
"65578",-1400.68878693401,"NRI_P181",25
"65579",-826.819086934003,"NRI_P181",50
"65580",4694.78543306599,"NRI_P181",100
"65581",980.712963066006,"NRI_P181",25
"65582",2092.04132306599,"NRI_P181",50
"65583",-248.407636933989,"NRI_P181",100
"65584",-1181.29347693399,"NRI_P181",25
"65585",2062.11000306599,"NRI_P181",50
"65586",-160.005906934006,"NRI_P181",100
"65587",-418.932376934012,"NRI_P181",25
"65588",4771.104023066,"NRI_P181",50
"65589",957.068063065992,"NRI_P181",100
"65590",-923.166636934009,"NRI_P181",25
"65591",2802.714583066,"NRI_P181",50
"65592",-1916.08508693401,"NRI_P181",100
"65593",-1453.434496934,"NRI_P181",25
"65594",-1114.95077693401,"NRI_P181",50
"65595",-1479.09373693401,"NRI_P181",100
"65596",2143.75634306599,"NRI_P181",25
"65597",-2532.45282693399,"NRI_P181",50
"65598",2889.48787306601,"NRI_P181",100
"65599",-390.500606933987,"NRI_P181",25
"65600",-625.654826934013,"NRI_P181",50
"65601",3166.67918306601,"NRI_P181",100
"65602",239.935383066011,"NRI_P181",25
"65603",5620.242833066,"NRI_P181",50
"65604",4984.83618306599,"NRI_P181",100
"65605",246.657443066011,"NRI_P181",25
"65606",4054.58320306599,"NRI_P181",50
"65607",-1241.28576693402,"NRI_P181",100
"65608",-771.89981693399,"NRI_P181",25
"65609",26.8485330659896,"NRI_P181",50
"65610",7353.88073306601,"NRI_P181",100
"65611",-812.421716934012,"NRI_P181",25
"65612",4351.63684306599,"NRI_P181",50
"65613",1666.721283066,"NRI_P181",100
"65614",602.015593065997,"NRI_P181",25
"65615",3052.70166306599,"NRI_P181",50
"65616",203.626883065997,"NRI_P181",100
"65617",-414.671956934006,"NRI_P181",25
"65618",653.184513065993,"NRI_P181",50
"65619",-767.884286934015,"NRI_P181",100
"65620",-515.737586934003,"NRI_P181",25
"65621",407.384793066012,"NRI_P181",50
"65622",-1854.61067693401,"NRI_P181",100
"65623",-1345.046026934,"NRI_P181",25
"65624",-268.455106934009,"NRI_P181",50
"65625",5954.50168306599,"NRI_P181",100
"65626",-486.93271693401,"NRI_P181",25
"65627",2830.89060306599,"NRI_P181",50
"65628",-3926.902076934,"NRI_P181",100
"65629",15260.287863066,"NRI_P181",25
"65630",3563.09066306599,"NRI_P181",50
"65631",1810.82343306599,"NRI_P181",100
"65632",-614.706096934009,"NRI_P181",25
"65633",8489.37048306598,"NRI_P181",50
"65634",4944.92852306599,"NRI_P181",100
"65635",-547.529256934009,"NRI_P181",25
"65636",-1778.175066934,"NRI_P181",50
"65637",-1812.62016693401,"NRI_P181",100
"65638",-329.564016933989,"NRI_P181",25
"65639",-690.664456933999,"NRI_P181",50
"65640",6040.53877306599,"NRI_P181",100
"65641",5402.753833066,"NRI_P181",25
"65642",914.16844306601,"NRI_P181",50
"65643",1520.34804306601,"NRI_P181",100
"65644",255.358933065989,"NRI_P181",25
"65645",-1344.87417693401,"NRI_P181",50
"65646",1068.668843066,"NRI_P181",100
"65647",3748.55133306599,"NRI_P181",25
"65648",-455.997036934015,"NRI_P181",50
"65649",7326.82669306599,"NRI_P181",100
"65650",-929.340706933988,"NRI_P181",25
"65651",6541.24568306599,"NRI_P181",50
"65652",-534.039836934011,"NRI_P181",100
"65653",-7.62979693399393,"NRI_P181",25
"65654",-1952.535856934,"NRI_P181",50
"65655",3908.64544306599,"NRI_P181",100
"65656",-937.023836934008,"NRI_P181",25
"65657",-1731.10138693399,"NRI_P181",50
"65658",2535.741273066,"NRI_P181",100
"65659",-299.396366934001,"NRI_P181",25
"65660",-301.067596934008,"NRI_P181",50
"65661",1813.88903306599,"NRI_P181",100
"65662",-1946.49607693401,"NRI_P181",25
"65663",1723.20175306601,"NRI_P181",50
"65664",-2118.78479693399,"NRI_P181",100
"65665",-1363.39397693399,"NRI_P181",25
"65666",-716.160236933996,"NRI_P181",50
"65667",2759.93824306599,"NRI_P181",100
"65668",694.861613065994,"NRI_P181",25
"65669",-158.344786934002,"NRI_P181",50
"65670",3399.540223066,"NRI_P181",100
"65671",-1314.43395693399,"NRI_P181",25
"65672",5086.66046306599,"NRI_P181",50
"65673",-1785.97354693399,"NRI_P181",100
"65674",-519.629756934009,"NRI_P181",25
"65675",1208.38713306599,"NRI_P181",50
"65676",7095.49584306599,"NRI_P181",100
"65677",-1975.15347693401,"NRI_P181",25
"65678",1798.56835306599,"NRI_P181",50
"65679",4044.06397306599,"NRI_P181",100
"65680",403.204823065986,"NRI_P181",25
"65681",-540.765326933993,"NRI_P181",50
"65682",273.498803066002,"NRI_P181",100
"65683",508.143063066003,"NRI_P181",25
"65684",-1572.06518693399,"NRI_P181",50
"65685",-383.41199693401,"NRI_P181",100
"65686",-1640.31409693399,"NRI_P181",25
"65687",8825.708773066,"NRI_P181",50
"65688",9142.84785306599,"NRI_P181",100
"65689",1147.402423066,"NRI_P181",25
"65690",-468.506726933992,"NRI_P181",50
"65691",14798.731703066,"NRI_P181",100
"65692",871.790173065994,"NRI_P181",25
"65693",3986.16298306599,"NRI_P181",50
"65694",4240.760453066,"NRI_P181",100
"65695",-719.396736933995,"NRI_P181",25
"65696",-1696.25516693399,"NRI_P181",50
"65697",3921.19557306601,"NRI_P181",100
"65698",225.983503066003,"NRI_P181",25
"65699",1294.857513066,"NRI_P181",50
"65700",3143.99183306599,"NRI_P181",100
"65701",-4123.219484353,"NRI_P182",25
"65702",-10751.972684353,"NRI_P182",50
"65703",-28778.335884353,"NRI_P182",100
"65704",-3925.72598435302,"NRI_P182",25
"65705",10746.248215647,"NRI_P182",50
"65706",-28944.195644353,"NRI_P182",100
"65707",-7561.23927435302,"NRI_P182",25
"65708",-16305.351154353,"NRI_P182",50
"65709",-28923.302744353,"NRI_P182",100
"65710",-12179.880954353,"NRI_P182",25
"65711",-16318.330474353,"NRI_P182",50
"65712",-23864.506934353,"NRI_P182",100
"65713",-11873.365084353,"NRI_P182",25
"65714",-5551.07098435302,"NRI_P182",50
"65715",-29099.033504353,"NRI_P182",100
"65716",-7515.43738435302,"NRI_P182",25
"65717",14768.174245647,"NRI_P182",50
"65718",-28982.612944353,"NRI_P182",100
"65719",-1710.59438435303,"NRI_P182",25
"65720",-5611.28958435301,"NRI_P182",50
"65721",-28712.589434353,"NRI_P182",100
"65722",-2195.70328435302,"NRI_P182",25
"65723",-15581.787684353,"NRI_P182",50
"65724",-25897.501224353,"NRI_P182",100
"65725",-12173.009584353,"NRI_P182",25
"65726",-15663.441454353,"NRI_P182",50
"65727",-29077.780884353,"NRI_P182",100
"65728",-12167.642704353,"NRI_P182",25
"65729",-6282.31028435301,"NRI_P182",50
"65730",-28973.919584353,"NRI_P182",100
"65731",-7149.716984353,"NRI_P182",25
"65732",-7529.03337435302,"NRI_P182",50
"65733",-28816.385734353,"NRI_P182",100
"65734",-4152.34853435302,"NRI_P182",25
"65735",-16240.184484353,"NRI_P182",50
"65736",-29576.820144353,"NRI_P182",100
"65737",-3483.251984353,"NRI_P182",25
"65738",-9513.76528435302,"NRI_P182",50
"65739",-28931.040014353,"NRI_P182",100
"65740",-12148.370784353,"NRI_P182",25
"65741",-15649.576784353,"NRI_P182",50
"65742",-29460.480894353,"NRI_P182",100
"65743",-2177.72338435301,"NRI_P182",25
"65744",-19669.848454353,"NRI_P182",50
"65745",-29509.455684353,"NRI_P182",100
"65746",-3481.037484353,"NRI_P182",25
"65747",-15666.021254353,"NRI_P182",50
"65748",-29464.289224353,"NRI_P182",100
"65749",-3949.54838435302,"NRI_P182",25
"65750",-10919.241244353,"NRI_P182",50
"65751",-29383.906954353,"NRI_P182",100
"65752",-2164.76898435302,"NRI_P182",25
"65753",-13118.426384353,"NRI_P182",50
"65754",-29192.725424353,"NRI_P182",100
"65755",-12163.961984353,"NRI_P182",25
"65756",-9772.995574353,"NRI_P182",50
"65757",-29480.563204353,"NRI_P182",100
"65758",-7464.77048435301,"NRI_P182",25
"65759",-5856.15894435302,"NRI_P182",50
"65760",-29531.024564353,"NRI_P182",100
"65761",-12167.642704353,"NRI_P182",25
"65762",-19763.034984353,"NRI_P182",50
"65763",-28624.639184353,"NRI_P182",100
"65764",-12195.669364353,"NRI_P182",25
"65765",-5811.00658435302,"NRI_P182",50
"65766",-28715.269784353,"NRI_P182",100
"65767",-7546.22858435303,"NRI_P182",25
"65768",-19666.468764353,"NRI_P182",50
"65769",-28529.720534353,"NRI_P182",100
"65770",-3484.94568435301,"NRI_P182",25
"65771",-15976.325584353,"NRI_P182",50
"65772",-29584.939344353,"NRI_P182",100
"65773",-1051.67318435301,"NRI_P182",25
"65774",-3327.92188435301,"NRI_P182",50
"65775",-28253.121634353,"NRI_P182",100
"65776",-3468.36668435301,"NRI_P182",25
"65777",-19585.925284353,"NRI_P182",50
"65778",-29010.349984353,"NRI_P182",100
"65779",-7144.45638435302,"NRI_P182",25
"65780",-19096.557884353,"NRI_P182",50
"65781",-29443.073414353,"NRI_P182",100
"65782",-12158.285184353,"NRI_P182",25
"65783",-7507.56178435302,"NRI_P182",50
"65784",-29450.718374353,"NRI_P182",100
"65785",-3477.00268435301,"NRI_P182",25
"65786",-3769.63578435301,"NRI_P182",50
"65787",-28341.126944353,"NRI_P182",100
"65788",-2681.93418435301,"NRI_P182",25
"65789",-10933.023684353,"NRI_P182",50
"65790",-29322.509044353,"NRI_P182",100
"65791",-12185.422764353,"NRI_P182",25
"65792",-14200.692154353,"NRI_P182",50
"65793",-28960.215084353,"NRI_P182",100
"65794",-4113.01838435302,"NRI_P182",25
"65795",-7478.79568435301,"NRI_P182",50
"65796",-26387.915224353,"NRI_P182",100
"65797",-7570.01613435301,"NRI_P182",25
"65798",-9780.589634353,"NRI_P182",50
"65799",-29303.831144353,"NRI_P182",100
"65800",-2235.28055435303,"NRI_P182",25
"65801",-7405.17797435302,"NRI_P182",50
"65802",-29337.703054353,"NRI_P182",100
"65803",-4017.22028435301,"NRI_P182",25
"65804",-13704.079384353,"NRI_P182",50
"65805",-29247.734284353,"NRI_P182",100
"65806",-2056.97108435302,"NRI_P182",25
"65807",-7517.56368435302,"NRI_P182",50
"65808",-22999.047124353,"NRI_P182",100
"65809",-3422.472584353,"NRI_P182",25
"65810",-14364.498314353,"NRI_P182",50
"65811",-29450.008964353,"NRI_P182",100
"65812",-2047.84168435301,"NRI_P182",25
"65813",-5730.128494353,"NRI_P182",50
"65814",-26985.297064353,"NRI_P182",100
"65815",-4115.10148435301,"NRI_P182",25
"65816",-11686.217724353,"NRI_P182",50
"65817",-27872.860844353,"NRI_P182",100
"65818",-12077.581384353,"NRI_P182",25
"65819",-11074.046684353,"NRI_P182",50
"65820",-28703.336454353,"NRI_P182",100
"65821",-3495.174184353,"NRI_P182",25
"65822",-7552.21185435302,"NRI_P182",50
"65823",-28426.531694353,"NRI_P182",100
"65824",-7450.800384353,"NRI_P182",25
"65825",-10956.604384353,"NRI_P182",50
"65826",-29552.724984353,"NRI_P182",100
"65827",-3495.174184353,"NRI_P182",25
"65828",-4318.03668435302,"NRI_P182",50
"65829",-27841.747974353,"NRI_P182",100
"65830",-2238.34382435301,"NRI_P182",25
"65831",-14387.156174353,"NRI_P182",50
"65832",-28944.476914353,"NRI_P182",100
"65833",-2197.59558435302,"NRI_P182",25
"65834",-5758.86068435301,"NRI_P182",50
"65835",-22573.801984353,"NRI_P182",100
"65836",-11905.713184353,"NRI_P182",25
"65837",-5694.439304353,"NRI_P182",50
"65838",-24985.875984353,"NRI_P182",100
"65839",-7269.06288435301,"NRI_P182",25
"65840",-10571.610984353,"NRI_P182",50
"65841",-26684.099384353,"NRI_P182",100
"65842",-4013.081684353,"NRI_P182",25
"65843",-13748.175984353,"NRI_P182",50
"65844",-29289.960334353,"NRI_P182",100
"65845",-4102.277684353,"NRI_P182",25
"65846",-10646.249784353,"NRI_P182",50
"65847",-29218.520454353,"NRI_P182",100
"65848",-3497.08728435301,"NRI_P182",25
"65849",-11686.921404353,"NRI_P182",50
"65850",-29569.762484353,"NRI_P182",100
"65851",-12133.669384353,"NRI_P182",25
"65852",-9796.60555435301,"NRI_P182",50
"65853",-29368.906774353,"NRI_P182",100
"65854",-7562.80797435303,"NRI_P182",25
"65855",-6283.92111435303,"NRI_P182",50
"65856",-26271.985764353,"NRI_P182",100
"65857",-3242.60218435302,"NRI_P182",25
"65858",-19317.016284353,"NRI_P182",50
"65859",-29023.043264353,"NRI_P182",100
"65860",-2081.92528435303,"NRI_P182",25
"65861",-5755.07520435302,"NRI_P182",50
"65862",-29309.854474353,"NRI_P182",100
"65863",-4115.10148435301,"NRI_P182",25
"65864",-13904.585484353,"NRI_P182",50
"65865",-29243.490414353,"NRI_P182",100
"65866",-1943.39818435302,"NRI_P182",25
"65867",-11652.796284353,"NRI_P182",50
"65868",-29281.936434353,"NRI_P182",100
"65869",-2179.806484353,"NRI_P182",25
"65870",-15833.744674353,"NRI_P182",50
"65871",-29218.906504353,"NRI_P182",100
"65872",-7535.309584353,"NRI_P182",25
"65873",-9804.428094353,"NRI_P182",50
"65874",-25848.021604353,"NRI_P182",100
"65875",-3988.213384353,"NRI_P182",25
"65876",-11422.016084353,"NRI_P182",50
"65877",-27609.819384353,"NRI_P182",100
"65878",-12176.485644353,"NRI_P182",25
"65879",-7644.65146435302,"NRI_P182",50
"65880",-29020.294834353,"NRI_P182",100
"65881",-2856.88528435302,"NRI_P182",25
"65882",-15672.990184353,"NRI_P182",50
"65883",-28808.871284353,"NRI_P182",100
"65884",-12155.735284353,"NRI_P182",25
"65885",-14385.567854353,"NRI_P182",50
"65886",-26727.795104353,"NRI_P182",100
"65887",-2056.97108435302,"NRI_P182",25
"65888",-16076.583384353,"NRI_P182",50
"65889",-29644.811814353,"NRI_P182",100
"65890",-1715.93378435302,"NRI_P182",25
"65891",-5753.97726435302,"NRI_P182",50
"65892",-26746.302184353,"NRI_P182",100
"65893",-7539.03167435303,"NRI_P182",25
"65894",-11048.966254353,"NRI_P182",50
"65895",-29364.344094353,"NRI_P182",100
"65896",-4129.08518435303,"NRI_P182",25
"65897",-5700.90798435302,"NRI_P182",50
"65898",-28130.774434353,"NRI_P182",100
"65899",-7580.13378435301,"NRI_P182",25
"65900",-11669.681754353,"NRI_P182",50
"65901",-28524.676584353,"NRI_P182",100
"65902",-4167.941284353,"NRI_P182",25
"65903",-18341.347384353,"NRI_P182",50
"65904",-29596.146114353,"NRI_P182",100
"65905",-4121.221984353,"NRI_P182",25
"65906",-6003.59828435301,"NRI_P182",50
"65907",-28994.544664353,"NRI_P182",100
"65908",-12030.975384353,"NRI_P182",25
"65909",-13315.279184353,"NRI_P182",50
"65910",-29409.151084353,"NRI_P182",100
"65911",-12133.669384353,"NRI_P182",25
"65912",-13730.861784353,"NRI_P182",50
"65913",-29107.199554353,"NRI_P182",100
"65914",-1966.78588435301,"NRI_P182",25
"65915",-14202.357684353,"NRI_P182",50
"65916",-29381.960574353,"NRI_P182",100
"65917",-11873.365084353,"NRI_P182",25
"65918",-13918.779424353,"NRI_P182",50
"65919",-29172.653654353,"NRI_P182",100
"65920",-7481.560184353,"NRI_P182",25
"65921",-7425.79414435301,"NRI_P182",50
"65922",-26621.499184353,"NRI_P182",100
"65923",-3489.30848435301,"NRI_P182",25
"65924",-14120.947484353,"NRI_P182",50
"65925",-28930.953614353,"NRI_P182",100
"65926",-4102.277684353,"NRI_P182",25
"65927",-15525.660284353,"NRI_P182",50
"65928",-29524.932044353,"NRI_P182",100
"65929",-11781.273984353,"NRI_P182",25
"65930",-15470.120684353,"NRI_P182",50
"65931",-27796.669954353,"NRI_P182",100
"65932",-3470.558384353,"NRI_P182",25
"65933",-15447.203874353,"NRI_P182",50
"65934",-29459.720514353,"NRI_P182",100
"65935",-7513.33268435302,"NRI_P182",25
"65936",-5428.704054353,"NRI_P182",50
"65937",-27826.092284353,"NRI_P182",100
"65938",-3472.24618435302,"NRI_P182",25
"65939",-5752.74350435301,"NRI_P182",50
"65940",-29248.423234353,"NRI_P182",100
"65941",-7542.67114435302,"NRI_P182",25
"65942",-11742.647834353,"NRI_P182",50
"65943",-26558.643734353,"NRI_P182",100
"65944",-2204.95714435301,"NRI_P182",25
"65945",-14431.132854353,"NRI_P182",50
"65946",-28502.071144353,"NRI_P182",100
"65947",-11935.087184353,"NRI_P182",25
"65948",-11067.454384353,"NRI_P182",50
"65949",-29236.338334353,"NRI_P182",100
"65950",-3477.00268435301,"NRI_P182",25
"65951",-7606.41194435302,"NRI_P182",50
"65952",-29449.681044353,"NRI_P182",100
"65953",-3477.00268435301,"NRI_P182",25
"65954",-5571.04775435303,"NRI_P182",50
"65955",-29318.145524353,"NRI_P182",100
"65956",-7397.58988435302,"NRI_P182",25
"65957",-10659.031504353,"NRI_P182",50
"65958",-23715.175264353,"NRI_P182",100
"65959",-3478.74858435302,"NRI_P182",25
"65960",-5744.97377435301,"NRI_P182",50
"65961",-29484.320444353,"NRI_P182",100
"65962",-3394.21138435302,"NRI_P182",25
"65963",-5255.45328435302,"NRI_P182",50
"65964",-29372.221354353,"NRI_P182",100
"65965",-2239.73751435301,"NRI_P182",25
"65966",-11047.209664353,"NRI_P182",50
"65967",-27087.164804353,"NRI_P182",100
"65968",-1806.74238435301,"NRI_P182",25
"65969",-7635.83600435301,"NRI_P182",50
"65970",-27235.940914353,"NRI_P182",100
"65971",-3466.15298435302,"NRI_P182",25
"65972",-7706.49248435302,"NRI_P182",50
"65973",-26869.226454353,"NRI_P182",100
"65974",-2229.683254353,"NRI_P182",25
"65975",-11024.202754353,"NRI_P182",50
"65976",-27809.654994353,"NRI_P182",100
"65977",-12195.669364353,"NRI_P182",25
"65978",-11713.542984353,"NRI_P182",50
"65979",-26173.708144353,"NRI_P182",100
"65980",-11450.672384353,"NRI_P182",25
"65981",-9804.085074353,"NRI_P182",50
"65982",-29230.695344353,"NRI_P182",100
"65983",-4176.37473435301,"NRI_P182",25
"65984",-6358.62485435302,"NRI_P182",50
"65985",-25404.197624353,"NRI_P182",100
"65986",-7537.18098435301,"NRI_P182",25
"65987",-19691.880274353,"NRI_P182",50
"65988",-28789.568824353,"NRI_P182",100
"65989",-2213.69835435302,"NRI_P182",25
"65990",-14396.822384353,"NRI_P182",50
"65991",-28968.108604353,"NRI_P182",100
"65992",-12148.403184353,"NRI_P182",25
"65993",-5668.45785435301,"NRI_P182",50
"65994",-29088.768624353,"NRI_P182",100
"65995",-3515.08235435301,"NRI_P182",25
"65996",-11621.259754353,"NRI_P182",50
"65997",-29575.604474353,"NRI_P182",100
"65998",-12183.196174353,"NRI_P182",25
"65999",-10688.437054353,"NRI_P182",50
"66000",-29347.836574353,"NRI_P182",100
"66001",-54897.246081501,"NRI_P183",25
"66002",-1061.44698150101,"NRI_P183",50
"66003",-103930.114851501,"NRI_P183",100
"66004",-914.517451500986,"NRI_P183",25
"66005",-56018.053461501,"NRI_P183",50
"66006",-105410.423171501,"NRI_P183",100
"66007",-54364.376831501,"NRI_P183",25
"66008",12535.031468499,"NRI_P183",50
"66009",-105728.269221501,"NRI_P183",100
"66010",1790.538938499,"NRI_P183",25
"66011",-55614.838501501,"NRI_P183",50
"66012",-103570.151961501,"NRI_P183",100
"66013",-54486.359291501,"NRI_P183",25
"66014",-51381.238021501,"NRI_P183",50
"66015",-108170.466881501,"NRI_P183",100
"66016",-1476.07835150097,"NRI_P183",25
"66017",-4064.34389150096,"NRI_P183",50
"66018",-107371.360531501,"NRI_P183",100
"66019",-595.942771500966,"NRI_P183",25
"66020",-50314.489721501,"NRI_P183",50
"66021",-107834.071341501,"NRI_P183",100
"66022",-2599.12579150096,"NRI_P183",25
"66023",-46276.914301501,"NRI_P183",50
"66024",-111552.757321501,"NRI_P183",100
"66025",-54378.612891501,"NRI_P183",25
"66026",-54362.489081501,"NRI_P183",50
"66027",-109512.837771501,"NRI_P183",100
"66028",-52266.825021501,"NRI_P183",25
"66029",-53991.175611501,"NRI_P183",50
"66030",-101946.545351501,"NRI_P183",100
"66031",1092.51461849903,"NRI_P183",25
"66032",2197.22558849899,"NRI_P183",50
"66033",-104446.995191501,"NRI_P183",100
"66034",418.72700849903,"NRI_P183",25
"66035",-103558.645581501,"NRI_P183",50
"66036",-107155.504211501,"NRI_P183",100
"66037",-2478.08351150097,"NRI_P183",25
"66038",-42112.544381501,"NRI_P183",50
"66039",-109114.029131501,"NRI_P183",100
"66040",-52027.788291501,"NRI_P183",25
"66041",441.838448499038,"NRI_P183",50
"66042",-97826.091341501,"NRI_P183",100
"66043",-53657.540881501,"NRI_P183",25
"66044",-2023.31533150101,"NRI_P183",50
"66045",-111224.009631501,"NRI_P183",100
"66046",-1158.649791501,"NRI_P183",25
"66047",-50008.076681501,"NRI_P183",50
"66048",-107409.806531501,"NRI_P183",100
"66049",-53317.493481501,"NRI_P183",25
"66050",-55431.619971501,"NRI_P183",50
"66051",-110456.381641501,"NRI_P183",100
"66052",-506.726871501014,"NRI_P183",25
"66053",-51425.381081501,"NRI_P183",50
"66054",-109530.997591501,"NRI_P183",100
"66055",-829.195671500987,"NRI_P183",25
"66056",-104200.971481501,"NRI_P183",50
"66057",-108547.912131501,"NRI_P183",100
"66058",-109096.712321501,"NRI_P183",25
"66059",-2235.30868150102,"NRI_P183",50
"66060",-109064.724081501,"NRI_P183",100
"66061",-54040.088301501,"NRI_P183",25
"66062",-44458.463471501,"NRI_P183",50
"66063",-111189.559891501,"NRI_P183",100
"66064",-52839.896031501,"NRI_P183",25
"66065",-1884.53794150101,"NRI_P183",50
"66066",-108037.122721501,"NRI_P183",100
"66067",325.306308499014,"NRI_P183",25
"66068",-44696.745521501,"NRI_P183",50
"66069",-104085.502231501,"NRI_P183",100
"66070",-54201.088141501,"NRI_P183",25
"66071",-107543.166541501,"NRI_P183",50
"66072",-94374.167341501,"NRI_P183",100
"66073",-1515.315161501,"NRI_P183",25
"66074",-49780.264281501,"NRI_P183",50
"66075",-106767.041231501,"NRI_P183",100
"66076",-55203.303971501,"NRI_P183",25
"66077",-107193.400571501,"NRI_P183",50
"66078",-102130.664311501,"NRI_P183",100
"66079",-2514.174291501,"NRI_P183",25
"66080",-50491.340211501,"NRI_P183",50
"66081",-107457.229761501,"NRI_P183",100
"66082",-55119.228811501,"NRI_P183",25
"66083",-57125.115711501,"NRI_P183",50
"66084",-107678.427481501,"NRI_P183",100
"66085",-2271.035991501,"NRI_P183",25
"66086",-106518.373561501,"NRI_P183",50
"66087",-108709.812761501,"NRI_P183",100
"66088",-54306.469091501,"NRI_P183",25
"66089",-55450.550071501,"NRI_P183",50
"66090",-110372.900861501,"NRI_P183",100
"66091",-54458.486791501,"NRI_P183",25
"66092",-54055.906171501,"NRI_P183",50
"66093",-108133.600791501,"NRI_P183",100
"66094",-52416.959011501,"NRI_P183",25
"66095",941.775908499025,"NRI_P183",50
"66096",-108127.525611501,"NRI_P183",100
"66097",-55025.741951501,"NRI_P183",25
"66098",-4239.91925150098,"NRI_P183",50
"66099",-102791.341191501,"NRI_P183",100
"66100",456.242338498996,"NRI_P183",25
"66101",-108026.032831501,"NRI_P183",50
"66102",-106534.140341501,"NRI_P183",100
"66103",-52573.120081501,"NRI_P183",25
"66104",-1788.19353150099,"NRI_P183",50
"66105",-107677.490611501,"NRI_P183",100
"66106",-54718.045351501,"NRI_P183",25
"66107",-889.91043150099,"NRI_P183",50
"66108",-109064.583121501,"NRI_P183",100
"66109",-52246.572521501,"NRI_P183",25
"66110",-105982.773191501,"NRI_P183",50
"66111",-110550.741531501,"NRI_P183",100
"66112",-55457.037841501,"NRI_P183",25
"66113",-55928.893641501,"NRI_P183",50
"66114",-106535.076771501,"NRI_P183",100
"66115",1125.24400849902,"NRI_P183",25
"66116",10773.070848499,"NRI_P183",50
"66117",-107791.172401501,"NRI_P183",100
"66118",-878.436491500994,"NRI_P183",25
"66119",-52945.635941501,"NRI_P183",50
"66120",-100038.412691501,"NRI_P183",100
"66121",-53312.077551501,"NRI_P183",25
"66122",-55801.915201501,"NRI_P183",50
"66123",-105876.708641501,"NRI_P183",100
"66124",-52527.098691501,"NRI_P183",25
"66125",-54505.577451501,"NRI_P183",50
"66126",-100222.521031501,"NRI_P183",100
"66127",-54709.785291501,"NRI_P183",25
"66128",-2809.146161501,"NRI_P183",50
"66129",-98399.247791501,"NRI_P183",100
"66130",4254.94990849902,"NRI_P183",25
"66131",-50305.544281501,"NRI_P183",50
"66132",-95319.561461501,"NRI_P183",100
"66133",-1127.09426150098,"NRI_P183",25
"66134",-54271.636291501,"NRI_P183",50
"66135",-110724.791321501,"NRI_P183",100
"66136",-51093.512991501,"NRI_P183",25
"66137",-51210.803771501,"NRI_P183",50
"66138",-91143.729561501,"NRI_P183",100
"66139",-41689.660591501,"NRI_P183",25
"66140",-55521.342881501,"NRI_P183",50
"66141",-105699.357721501,"NRI_P183",100
"66142",-2226.53189150098,"NRI_P183",25
"66143",-53057.182251501,"NRI_P183",50
"66144",-110572.301621501,"NRI_P183",100
"66145",-54586.006341501,"NRI_P183",25
"66146",-55146.756751501,"NRI_P183",50
"66147",-105731.184701501,"NRI_P183",100
"66148",-54089.542241501,"NRI_P183",25
"66149",-55731.723161501,"NRI_P183",50
"66150",-107287.960481501,"NRI_P183",100
"66151",-103799.046591501,"NRI_P183",25
"66152",-56039.923711501,"NRI_P183",50
"66153",-95819.532181501,"NRI_P183",100
"66154",394.268028499035,"NRI_P183",25
"66155",-53143.247961501,"NRI_P183",50
"66156",-98942.168521501,"NRI_P183",100
"66157",-1173.19579150097,"NRI_P183",25
"66158",-157.688051500998,"NRI_P183",50
"66159",-106816.414821501,"NRI_P183",100
"66160",-53917.105381501,"NRI_P183",25
"66161",-54815.449241501,"NRI_P183",50
"66162",-98645.793191501,"NRI_P183",100
"66163",-53990.676791501,"NRI_P183",25
"66164",-108869.566461501,"NRI_P183",50
"66165",-106818.574581501,"NRI_P183",100
"66166",-53784.773411501,"NRI_P183",25
"66167",-1653.81391150097,"NRI_P183",50
"66168",-99091.360671501,"NRI_P183",100
"66169",-53159.388781501,"NRI_P183",25
"66170",-56208.005041501,"NRI_P183",50
"66171",-109982.880941501,"NRI_P183",100
"66172",-53597.737811501,"NRI_P183",25
"66173",-57799.744561501,"NRI_P183",50
"66174",-105905.886651501,"NRI_P183",100
"66175",618.668658499024,"NRI_P183",25
"66176",-105898.328911501,"NRI_P183",50
"66177",-105718.491341501,"NRI_P183",100
"66178",-53431.281591501,"NRI_P183",25
"66179",-54010.488191501,"NRI_P183",50
"66180",-110361.153221501,"NRI_P183",100
"66181",858.945438499039,"NRI_P183",25
"66182",-55622.601281501,"NRI_P183",50
"66183",-105573.891111501,"NRI_P183",100
"66184",-55143.712091501,"NRI_P183",25
"66185",-51011.778081501,"NRI_P183",50
"66186",-97809.675631501,"NRI_P183",100
"66187",-3499.99900150101,"NRI_P183",25
"66188",-50960.012241501,"NRI_P183",50
"66189",-108327.595561501,"NRI_P183",100
"66190",-52556.522311501,"NRI_P183",25
"66191",-108658.251091501,"NRI_P183",50
"66192",-110523.982151501,"NRI_P183",100
"66193",-52886.052591501,"NRI_P183",25
"66194",-55203.732571501,"NRI_P183",50
"66195",-98473.829521501,"NRI_P183",100
"66196",-956.557921500993,"NRI_P183",25
"66197",-55019.319871501,"NRI_P183",50
"66198",-100892.998491501,"NRI_P183",100
"66199",-1056.25102150097,"NRI_P183",25
"66200",-105166.831271501,"NRI_P183",50
"66201",-99314.034861501,"NRI_P183",100
"66202",-725.305051500967,"NRI_P183",25
"66203",-1603.15734150098,"NRI_P183",50
"66204",-105579.022661501,"NRI_P183",100
"66205",-376.899321500969,"NRI_P183",25
"66206",-55094.029961501,"NRI_P183",50
"66207",-109600.375911501,"NRI_P183",100
"66208",-54101.122391501,"NRI_P183",25
"66209",-56456.589121501,"NRI_P183",50
"66210",-109886.213081501,"NRI_P183",100
"66211",-108460.351851501,"NRI_P183",25
"66212",-53594.380261501,"NRI_P183",50
"66213",-93902.309461501,"NRI_P183",100
"66214",-1665.27851150098,"NRI_P183",25
"66215",-56407.642441501,"NRI_P183",50
"66216",-111336.083461501,"NRI_P183",100
"66217",-722.554691500962,"NRI_P183",25
"66218",-106304.914601501,"NRI_P183",50
"66219",-93319.920601501,"NRI_P183",100
"66220",-53604.475691501,"NRI_P183",25
"66221",2106.38322849903,"NRI_P183",50
"66222",-106955.508081501,"NRI_P183",100
"66223",3283.64610849903,"NRI_P183",25
"66224",13600.384878499,"NRI_P183",50
"66225",-110244.432691501,"NRI_P183",100
"66226",-53259.305181501,"NRI_P183",25
"66227",-52963.999271501,"NRI_P183",50
"66228",-99450.582851501,"NRI_P183",100
"66229",-51318.367601501,"NRI_P183",25
"66230",-53116.099681501,"NRI_P183",50
"66231",-97876.059761501,"NRI_P183",100
"66232",-2989.58555150102,"NRI_P183",25
"66233",-55681.861701501,"NRI_P183",50
"66234",-104244.795641501,"NRI_P183",100
"66235",-1032.95785150101,"NRI_P183",25
"66236",-54687.583891501,"NRI_P183",50
"66237",-110076.148571501,"NRI_P183",100
"66238",-51884.740191501,"NRI_P183",25
"66239",-37778.423211501,"NRI_P183",50
"66240",-110315.998051501,"NRI_P183",100
"66241",-54351.477191501,"NRI_P183",25
"66242",-51535.127051501,"NRI_P183",50
"66243",-109174.028541501,"NRI_P183",100
"66244",-53142.781791501,"NRI_P183",25
"66245",-1604.30548150098,"NRI_P183",50
"66246",-103704.539331501,"NRI_P183",100
"66247",-53384.131031501,"NRI_P183",25
"66248",-104813.529781501,"NRI_P183",50
"66249",-110448.328251501,"NRI_P183",100
"66250",-50891.013741501,"NRI_P183",25
"66251",-99305.308191501,"NRI_P183",50
"66252",-109313.989151501,"NRI_P183",100
"66253",-53742.935891501,"NRI_P183",25
"66254",-54603.028181501,"NRI_P183",50
"66255",-108135.418271501,"NRI_P183",100
"66256",-1534.49979150097,"NRI_P183",25
"66257",-56192.228991501,"NRI_P183",50
"66258",-109813.211551501,"NRI_P183",100
"66259",-54036.649381501,"NRI_P183",25
"66260",-41268.616261501,"NRI_P183",50
"66261",-90147.991521501,"NRI_P183",100
"66262",-53664.205711501,"NRI_P183",25
"66263",-55037.970041501,"NRI_P183",50
"66264",-110753.425771501,"NRI_P183",100
"66265",10.265708499006,"NRI_P183",25
"66266",-55201.262101501,"NRI_P183",50
"66267",-107889.326601501,"NRI_P183",100
"66268",-3268.99590150098,"NRI_P183",25
"66269",-57316.526021501,"NRI_P183",50
"66270",-105166.627071501,"NRI_P183",100
"66271",-43088.438321501,"NRI_P183",25
"66272",-56179.946921501,"NRI_P183",50
"66273",-101530.940011501,"NRI_P183",100
"66274",-53991.435111501,"NRI_P183",25
"66275",-55905.602671501,"NRI_P183",50
"66276",-109533.328051501,"NRI_P183",100
"66277",-2633.62959150097,"NRI_P183",25
"66278",-106416.097571501,"NRI_P183",50
"66279",-108161.896551501,"NRI_P183",100
"66280",1769.13549849903,"NRI_P183",25
"66281",-55235.033001501,"NRI_P183",50
"66282",-108808.359381501,"NRI_P183",100
"66283",-52244.613281501,"NRI_P183",25
"66284",-5091.44352150097,"NRI_P183",50
"66285",-84615.317431501,"NRI_P183",100
"66286",-2042.57498150098,"NRI_P183",25
"66287",-5394.508241501,"NRI_P183",50
"66288",-108427.878601501,"NRI_P183",100
"66289",-54228.874811501,"NRI_P183",25
"66290",-106839.554961501,"NRI_P183",50
"66291",-110343.308611501,"NRI_P183",100
"66292",-2485.58586150099,"NRI_P183",25
"66293",-55032.675571501,"NRI_P183",50
"66294",-106460.784391501,"NRI_P183",100
"66295",9044.90480849904,"NRI_P183",25
"66296",-56073.800091501,"NRI_P183",50
"66297",-106805.832351501,"NRI_P183",100
"66298",-80.1514915009611,"NRI_P183",25
"66299",-46040.716211501,"NRI_P183",50
"66300",-108837.080861501,"NRI_P183",100
"66301",-7344.61661809403,"NRI_P184",25
"66302",-20410.4304380941,"NRI_P184",50
"66303",-25075.511138094,"NRI_P184",100
"66304",385.777141905972,"NRI_P184",25
"66305",-19613.755028094,"NRI_P184",50
"66306",-27722.330748094,"NRI_P184",100
"66307",-20537.3849080941,"NRI_P184",25
"66308",-7263.55685809406,"NRI_P184",50
"66309",-28516.759278094,"NRI_P184",100
"66310",-572.330238094088,"NRI_P184",25
"66311",2074.44957190601,"NRI_P184",50
"66312",-27218.0452580941,"NRI_P184",100
"66313",-634.240388093982,"NRI_P184",25
"66314",-7807.27283809404,"NRI_P184",50
"66315",-28072.864538094,"NRI_P184",100
"66316",1677.07307190599,"NRI_P184",25
"66317",-7917.08733809402,"NRI_P184",50
"66318",-26159.5896380941,"NRI_P184",100
"66319",-329.321838094038,"NRI_P184",25
"66320",-668.89080809406,"NRI_P184",50
"66321",-27974.052598094,"NRI_P184",100
"66322",-20508.974038094,"NRI_P184",25
"66323",-20414.717228094,"NRI_P184",50
"66324",14201.474521906,"NRI_P184",100
"66325",-7254.98593809409,"NRI_P184",25
"66326",-442.537528094021,"NRI_P184",50
"66327",-22985.317068094,"NRI_P184",100
"66328",-20567.520598094,"NRI_P184",25
"66329",-7107.46876809408,"NRI_P184",50
"66330",11140.7455519059,"NRI_P184",100
"66331",-8.45861809398048,"NRI_P184",25
"66332",1129.65497190598,"NRI_P184",50
"66333",-26542.141158094,"NRI_P184",100
"66334",-662.094488094095,"NRI_P184",25
"66335",-20058.4221180941,"NRI_P184",50
"66336",-27338.133498094,"NRI_P184",100
"66337",-7345.39383809408,"NRI_P184",25
"66338",-7238.48591809405,"NRI_P184",50
"66339",-27971.374058094,"NRI_P184",100
"66340",402.455171905924,"NRI_P184",25
"66341",-27905.0959980941,"NRI_P184",50
"66342",-27394.961498094,"NRI_P184",100
"66343",-20544.805908094,"NRI_P184",25
"66344",-20470.2598780941,"NRI_P184",50
"66345",-26772.3877980941,"NRI_P184",100
"66346",483.333541905973,"NRI_P184",25
"66347",-20154.064728094,"NRI_P184",50
"66348",-26132.066838094,"NRI_P184",100
"66349",-607.803638093988,"NRI_P184",25
"66350",-20060.133758094,"NRI_P184",50
"66351",-25992.985818094,"NRI_P184",100
"66352",304.981371906004,"NRI_P184",25
"66353",-519.734438094078,"NRI_P184",50
"66354",-27116.678048094,"NRI_P184",100
"66355",-7087.24163809407,"NRI_P184",25
"66356",-20126.615458094,"NRI_P184",50
"66357",1742.575151906,"NRI_P184",100
"66358",11131.9086619059,"NRI_P184",25
"66359",-21163.1840280941,"NRI_P184",50
"66360",10743.813351906,"NRI_P184",100
"66361",230.659941905993,"NRI_P184",25
"66362",-6114.75083809404,"NRI_P184",50
"66363",-27790.6802380941,"NRI_P184",100
"66364",-664.247168094036,"NRI_P184",25
"66365",-549.232218094054,"NRI_P184",50
"66366",-27187.0386380941,"NRI_P184",100
"66367",-20491.187138094,"NRI_P184",25
"66368",-27615.999838094,"NRI_P184",50
"66369",-19586.416928094,"NRI_P184",100
"66370",-6489.03333809401,"NRI_P184",25
"66371",-20442.0775480941,"NRI_P184",50
"66372",-27524.786778094,"NRI_P184",100
"66373",-633.40040809405,"NRI_P184",25
"66374",-20479.463128094,"NRI_P184",50
"66375",-27474.1221280941,"NRI_P184",100
"66376",-310.321138094063,"NRI_P184",25
"66377",-6404.074218094,"NRI_P184",50
"66378",-27767.638478094,"NRI_P184",100
"66379",-6666.58913809399,"NRI_P184",25
"66380",1099.27487190592,"NRI_P184",50
"66381",-27345.008948094,"NRI_P184",100
"66382",-7205.85973809403,"NRI_P184",25
"66383",-5945.36662809399,"NRI_P184",50
"66384",-27801.2269280941,"NRI_P184",100
"66385",1632.60786190594,"NRI_P184",25
"66386",-27528.4576380941,"NRI_P184",50
"66387",9151.81959190592,"NRI_P184",100
"66388",-7353.23155809403,"NRI_P184",25
"66389",435.633641905966,"NRI_P184",50
"66390",-27252.081618094,"NRI_P184",100
"66391",-4235.95333809406,"NRI_P184",25
"66392",44.8763419059105,"NRI_P184",50
"66393",86005.220181906,"NRI_P184",100
"66394",-7229.24103809404,"NRI_P184",25
"66395",-652.539528093999,"NRI_P184",50
"66396",-25838.991388094,"NRI_P184",100
"66397",-483.122038094094,"NRI_P184",25
"66398",-463.486058094073,"NRI_P184",50
"66399",-28331.348438094,"NRI_P184",100
"66400",80.4266719059087,"NRI_P184",25
"66401",-16444.349258094,"NRI_P184",50
"66402",-26313.8628180941,"NRI_P184",100
"66403",-7339.33735809405,"NRI_P184",25
"66404",-26418.108898094,"NRI_P184",50
"66405",13894.997591906,"NRI_P184",100
"66406",22.6065319059417,"NRI_P184",25
"66407",-5065.63961809408,"NRI_P184",50
"66408",-27052.242778094,"NRI_P184",100
"66409",-20034.056138094,"NRI_P184",25
"66410",-21120.8680580941,"NRI_P184",50
"66411",-24282.2478480941,"NRI_P184",100
"66412",-17.0362080939813,"NRI_P184",25
"66413",-27658.564478094,"NRI_P184",50
"66414",-26168.8274980941,"NRI_P184",100
"66415",-7320.38468809403,"NRI_P184",25
"66416",-6808.09065809404,"NRI_P184",50
"66417",-28045.940518094,"NRI_P184",100
"66418",-7205.50513809407,"NRI_P184",25
"66419",-20106.126358094,"NRI_P184",50
"66420",-26025.1329180941,"NRI_P184",100
"66421",-7039.77923809399,"NRI_P184",25
"66422",-19926.0169580941,"NRI_P184",50
"66423",-26728.6885280941,"NRI_P184",100
"66424",-642.947578094085,"NRI_P184",25
"66425",39148.829751906,"NRI_P184",50
"66426",-26506.902648094,"NRI_P184",100
"66427",-20356.4032380941,"NRI_P184",25
"66428",2255.75612190599,"NRI_P184",50
"66429",-26310.7184280941,"NRI_P184",100
"66430",-7323.342748094,"NRI_P184",25
"66431",32580.128671906,"NRI_P184",50
"66432",-28061.592418094,"NRI_P184",100
"66433",6.87393190595321,"NRI_P184",25
"66434",-20963.844448094,"NRI_P184",50
"66435",-27693.4619180941,"NRI_P184",100
"66436",16.5538719060132,"NRI_P184",25
"66437",-27812.265128094,"NRI_P184",50
"66438",-26716.6200480941,"NRI_P184",100
"66439",-548.882238093996,"NRI_P184",25
"66440",-20962.3156380941,"NRI_P184",50
"66441",-24564.906488094,"NRI_P184",100
"66442",29.1331719059963,"NRI_P184",25
"66443",99.6602719059447,"NRI_P184",50
"66444",-28274.6005980941,"NRI_P184",100
"66445",-615.731438094052,"NRI_P184",25
"66446",9447.075441906,"NRI_P184",50
"66447",-27538.775528094,"NRI_P184",100
"66448",0.0116619059117511,"NRI_P184",25
"66449",-27694.3590380941,"NRI_P184",50
"66450",-27807.8935480941,"NRI_P184",100
"66451",7.98308190598618,"NRI_P184",25
"66452",-7618.06413809408,"NRI_P184",50
"66453",-25313.6054480941,"NRI_P184",100
"66454",22.6065319059417,"NRI_P184",25
"66455",-27059.9533880941,"NRI_P184",50
"66456",-26029.463488094,"NRI_P184",100
"66457",92.1957419059472,"NRI_P184",25
"66458",-20411.5053980941,"NRI_P184",50
"66459",-27808.0286380941,"NRI_P184",100
"66460",1353.431071906,"NRI_P184",25
"66461",-27822.405048094,"NRI_P184",50
"66462",-28342.622238094,"NRI_P184",100
"66463",195.10807190591,"NRI_P184",25
"66464",-18861.296948094,"NRI_P184",50
"66465",-27348.579798094,"NRI_P184",100
"66466",16.5538719060132,"NRI_P184",25
"66467",210.179741906002,"NRI_P184",50
"66468",-28334.631598094,"NRI_P184",100
"66469",-7205.50513809407,"NRI_P184",25
"66470",-20160.2031580941,"NRI_P184",50
"66471",-26085.4614280941,"NRI_P184",100
"66472",-20334.333638094,"NRI_P184",25
"66473",-6097.63152809406,"NRI_P184",50
"66474",-24901.384138094,"NRI_P184",100
"66475",-20473.2891380941,"NRI_P184",25
"66476",-7834.92507809401,"NRI_P184",50
"66477",-27670.603558094,"NRI_P184",100
"66478",-20462.4792380941,"NRI_P184",25
"66479",-20513.178018094,"NRI_P184",50
"66480",-27354.4366580941,"NRI_P184",100
"66481",42453.934741906,"NRI_P184",25
"66482",-7876.25425809401,"NRI_P184",50
"66483",-27736.979488094,"NRI_P184",100
"66484",-7286.96763809409,"NRI_P184",25
"66485",-556.447628094,"NRI_P184",50
"66486",11586.275831906,"NRI_P184",100
"66487",157.153441905975,"NRI_P184",25
"66488",30.4188619059278,"NRI_P184",50
"66489",-27488.9122580941,"NRI_P184",100
"66490",53.7842719060136,"NRI_P184",25
"66491",-230.741428093985,"NRI_P184",50
"66492",-27745.691938094,"NRI_P184",100
"66493",-5707.30333809403,"NRI_P184",25
"66494",-6991.13004809408,"NRI_P184",50
"66495",-28324.906228094,"NRI_P184",100
"66496",162.887841905933,"NRI_P184",25
"66497",-27485.143938094,"NRI_P184",50
"66498",-26825.793188094,"NRI_P184",100
"66499",1009.99507190601,"NRI_P184",25
"66500",-18812.438258094,"NRI_P184",50
"66501",1294.13821190596,"NRI_P184",100
"66502",236.112771905959,"NRI_P184",25
"66503",-27465.9374080941,"NRI_P184",50
"66504",-22992.742698094,"NRI_P184",100
"66505",-649.517438094015,"NRI_P184",25
"66506",-20345.4121380941,"NRI_P184",50
"66507",-28211.176728094,"NRI_P184",100
"66508",-6562.32923809404,"NRI_P184",25
"66509",-20303.631338094,"NRI_P184",50
"66510",-23414.5931680941,"NRI_P184",100
"66511",-650.508778094081,"NRI_P184",25
"66512",-7195.98282809404,"NRI_P184",50
"66513",-24090.1481480941,"NRI_P184",100
"66514",143.348241905915,"NRI_P184",25
"66515",5168.00084190594,"NRI_P184",50
"66516",-27892.6887080941,"NRI_P184",100
"66517",-652.049158093985,"NRI_P184",25
"66518",-27344.131338094,"NRI_P184",50
"66519",-27987.782648094,"NRI_P184",100
"66520",0.0116619059117511,"NRI_P184",25
"66521",-6481.51013809408,"NRI_P184",50
"66522",-19282.878158094,"NRI_P184",100
"66523",18.0413919059793,"NRI_P184",25
"66524",-20357.914128094,"NRI_P184",50
"66525",-26989.653138094,"NRI_P184",100
"66526",151.329171905993,"NRI_P184",25
"66527",-6732.32212809403,"NRI_P184",50
"66528",-26689.146708094,"NRI_P184",100
"66529",-20550.470338094,"NRI_P184",25
"66530",-21086.9242480941,"NRI_P184",50
"66531",-25964.596268094,"NRI_P184",100
"66532",-7345.51805809408,"NRI_P184",25
"66533",-20358.568168094,"NRI_P184",50
"66534",-28007.8843580941,"NRI_P184",100
"66535",32.7235719059827,"NRI_P184",25
"66536",-7600.73613809398,"NRI_P184",50
"66537",-28525.116648094,"NRI_P184",100
"66538",162.388641905971,"NRI_P184",25
"66539",373.928861905937,"NRI_P184",50
"66540",-28317.427128094,"NRI_P184",100
"66541",234.053271905985,"NRI_P184",25
"66542",289.448741905973,"NRI_P184",50
"66543",-28367.964168094,"NRI_P184",100
"66544",-6765.11453809403,"NRI_P184",25
"66545",2310.75128190592,"NRI_P184",50
"66546",-27914.308868094,"NRI_P184",100
"66547",-565.537838094053,"NRI_P184",25
"66548",-230.348928094027,"NRI_P184",50
"66549",-26807.9397180941,"NRI_P184",100
"66550",84.9124719059328,"NRI_P184",25
"66551",-5588.75075809401,"NRI_P184",50
"66552",-28128.369278094,"NRI_P184",100
"66553",621.760571905994,"NRI_P184",25
"66554",-25525.028338094,"NRI_P184",50
"66555",-27940.656898094,"NRI_P184",100
"66556",-7226.50963809399,"NRI_P184",25
"66557",-614.74184809404,"NRI_P184",50
"66558",-23495.6890280941,"NRI_P184",100
"66559",85.6000419060001,"NRI_P184",25
"66560",-7849.60774809401,"NRI_P184",50
"66561",-28243.5762280941,"NRI_P184",100
"66562",-598.574738094001,"NRI_P184",25
"66563",-27709.0482380941,"NRI_P184",50
"66564",-28178.150418094,"NRI_P184",100
"66565",595.480861905962,"NRI_P184",25
"66566",-7159.64595809404,"NRI_P184",50
"66567",-26851.2296980941,"NRI_P184",100
"66568",-9.53502809407655,"NRI_P184",25
"66569",-20454.8120280941,"NRI_P184",50
"66570",669.895901905955,"NRI_P184",100
"66571",-613.897578094038,"NRI_P184",25
"66572",-658.815628094017,"NRI_P184",50
"66573",-27180.507358094,"NRI_P184",100
"66574",-20457.787438094,"NRI_P184",25
"66575",-7015.51563809405,"NRI_P184",50
"66576",-27357.817768094,"NRI_P184",100
"66577",-4671.07333809405,"NRI_P184",25
"66578",-511.65359809401,"NRI_P184",50
"66579",-23241.843638094,"NRI_P184",100
"66580",76.6869419059949,"NRI_P184",25
"66581",-21067.640638094,"NRI_P184",50
"66582",86106.5722519059,"NRI_P184",100
"66583",-8.45861809398048,"NRI_P184",25
"66584",-628.878058094066,"NRI_P184",50
"66585",-28096.524548094,"NRI_P184",100
"66586",62.2666419059969,"NRI_P184",25
"66587",-20426.195138094,"NRI_P184",50
"66588",-26605.2077880941,"NRI_P184",100
"66589",-7321.73784809408,"NRI_P184",25
"66590",-20305.982798094,"NRI_P184",50
"66591",-25614.922528094,"NRI_P184",100
"66592",-665.943358094082,"NRI_P184",25
"66593",2253.85693190596,"NRI_P184",50
"66594",-26502.8069380941,"NRI_P184",100
"66595",907.710071905982,"NRI_P184",25
"66596",-20989.903938094,"NRI_P184",50
"66597",-25745.002588094,"NRI_P184",100
"66598",-496.687938094023,"NRI_P184",25
"66599",-443.660428093979,"NRI_P184",50
"66600",-26738.441648094,"NRI_P184",100
"66601",-419.435237858212,"NRI_P186",25
"66602",-1435.2677378582,"NRI_P186",50
"66603",3138.10037214179,"NRI_P186",100
"66604",-849.173547858212,"NRI_P186",25
"66605",314.91393214179,"NRI_P186",50
"66606",-2661.17792785821,"NRI_P186",100
"66607",-1058.4579878582,"NRI_P186",25
"66608",-1714.16888785821,"NRI_P186",50
"66609",-1728.9533978582,"NRI_P186",100
"66610",-343.690067858202,"NRI_P186",25
"66611",-1238.43110785821,"NRI_P186",50
"66612",-2232.52674785821,"NRI_P186",100
"66613",-196.4025778582,"NRI_P186",25
"66614",-1059.9686978582,"NRI_P186",50
"66615",-1479.43828785821,"NRI_P186",100
"66616",-105.992207858202,"NRI_P186",25
"66617",655.718282141795,"NRI_P186",50
"66618",764.181302141791,"NRI_P186",100
"66619",-691.464657858203,"NRI_P186",25
"66620",-869.270897858209,"NRI_P186",50
"66621",-560.877827858203,"NRI_P186",100
"66622",-996.794087858201,"NRI_P186",25
"66623",-1144.6282578582,"NRI_P186",50
"66624",651.186432141796,"NRI_P186",100
"66625",-417.220547858204,"NRI_P186",25
"66626",-213.219197858212,"NRI_P186",50
"66627",236.406492141788,"NRI_P186",100
"66628",1202.7473821418,"NRI_P186",25
"66629",1252.9153821418,"NRI_P186",50
"66630",1228.8562621418,"NRI_P186",100
"66631",321.706232141791,"NRI_P186",25
"66632",-147.9754378582,"NRI_P186",50
"66633",-665.163557858206,"NRI_P186",100
"66634",-881.867217858206,"NRI_P186",25
"66635",-254.657217858199,"NRI_P186",50
"66636",-160.092887858205,"NRI_P186",100
"66637",221.599342141795,"NRI_P186",25
"66638",-1395.3424878582,"NRI_P186",50
"66639",-344.714847858209,"NRI_P186",100
"66640",-675.180587858209,"NRI_P186",25
"66641",1485.17764214179,"NRI_P186",50
"66642",312.559112141797,"NRI_P186",100
"66643",274.787292141787,"NRI_P186",25
"66644",-1066.13260785821,"NRI_P186",50
"66645",-1044.81073785821,"NRI_P186",100
"66646",642.666352141794,"NRI_P186",25
"66647",-905.53263785821,"NRI_P186",50
"66648",3397.22106214179,"NRI_P186",100
"66649",1906.91332214179,"NRI_P186",25
"66650",-1983.60974785821,"NRI_P186",50
"66651",-1839.8988078582,"NRI_P186",100
"66652",-3.69329785820446,"NRI_P186",25
"66653",-1473.4246378582,"NRI_P186",50
"66654",415.338362141789,"NRI_P186",100
"66655",-691.180437858202,"NRI_P186",25
"66656",109.830492141788,"NRI_P186",50
"66657",-441.973897858203,"NRI_P186",100
"66658",-135.55988785821,"NRI_P186",25
"66659",-2205.6905478582,"NRI_P186",50
"66660",-315.3622578582,"NRI_P186",100
"66661",-89.7209478582081,"NRI_P186",25
"66662",-862.693857858205,"NRI_P186",50
"66663",2630.9405221418,"NRI_P186",100
"66664",-379.483787858204,"NRI_P186",25
"66665",217.3822821418,"NRI_P186",50
"66666",-1243.2930178582,"NRI_P186",100
"66667",-508.636567858208,"NRI_P186",25
"66668",-1049.75366785821,"NRI_P186",50
"66669",-1538.32617785821,"NRI_P186",100
"66670",-1227.98084785821,"NRI_P186",25
"66671",-1083.42963785821,"NRI_P186",50
"66672",-2335.6582578582,"NRI_P186",100
"66673",595.260982141801,"NRI_P186",25
"66674",244.753682141789,"NRI_P186",50
"66675",-326.553137858209,"NRI_P186",100
"66676",140.2843621418,"NRI_P186",25
"66677",-1109.5493778582,"NRI_P186",50
"66678",-2678.6905778582,"NRI_P186",100
"66679",-66.2255678582005,"NRI_P186",25
"66680",1324.9595221418,"NRI_P186",50
"66681",-2134.84212785821,"NRI_P186",100
"66682",-1304.0217878582,"NRI_P186",25
"66683",-1054.8929078582,"NRI_P186",50
"66684",-1995.5296978582,"NRI_P186",100
"66685",317.298402141794,"NRI_P186",25
"66686",-1404.50915785821,"NRI_P186",50
"66687",-16.706077858209,"NRI_P186",100
"66688",-821.0667378582,"NRI_P186",25
"66689",-18.7476678582025,"NRI_P186",50
"66690",-1450.31689785821,"NRI_P186",100
"66691",-516.981047858208,"NRI_P186",25
"66692",-861.498707858205,"NRI_P186",50
"66693",3269.23314214179,"NRI_P186",100
"66694",-873.166387858204,"NRI_P186",25
"66695",-227.383267858211,"NRI_P186",50
"66696",-1647.11898785821,"NRI_P186",100
"66697",-241.844967858211,"NRI_P186",25
"66698",-525.545387858205,"NRI_P186",50
"66699",-1591.2637078582,"NRI_P186",100
"66700",-712.059507858212,"NRI_P186",25
"66701",-1338.00190785821,"NRI_P186",50
"66702",-288.752437858202,"NRI_P186",100
"66703",1333.4769821418,"NRI_P186",25
"66704",1252.61657214179,"NRI_P186",50
"66705",-2791.90753785821,"NRI_P186",100
"66706",979.677462141801,"NRI_P186",25
"66707",-1196.64709785821,"NRI_P186",50
"66708",-804.722437858203,"NRI_P186",100
"66709",-1133.0981278582,"NRI_P186",25
"66710",-1414.35743785821,"NRI_P186",50
"66711",-1004.4761778582,"NRI_P186",100
"66712",-1123.33283785821,"NRI_P186",25
"66713",-134.317517858202,"NRI_P186",50
"66714",-678.972577858207,"NRI_P186",100
"66715",-848.206777858213,"NRI_P186",25
"66716",132.484012141795,"NRI_P186",50
"66717",-743.167947858208,"NRI_P186",100
"66718",-351.992577858211,"NRI_P186",25
"66719",-95.9786578581989,"NRI_P186",50
"66720",-1519.0014578582,"NRI_P186",100
"66721",-530.441687858212,"NRI_P186",25
"66722",-1079.7383378582,"NRI_P186",50
"66723",-2375.4863578582,"NRI_P186",100
"66724",-399.999227858207,"NRI_P186",25
"66725",2244.4858321418,"NRI_P186",50
"66726",-695.043207858209,"NRI_P186",100
"66727",-871.352197858199,"NRI_P186",25
"66728",-259.35781785821,"NRI_P186",50
"66729",-854.911707858206,"NRI_P186",100
"66730",-678.376447858202,"NRI_P186",25
"66731",-1239.0336378582,"NRI_P186",50
"66732",-356.103627858203,"NRI_P186",100
"66733",-424.426067858207,"NRI_P186",25
"66734",-431.600667858205,"NRI_P186",50
"66735",642.369152141793,"NRI_P186",100
"66736",-360.219107858211,"NRI_P186",25
"66737",1984.70129214179,"NRI_P186",50
"66738",-2004.86284785821,"NRI_P186",100
"66739",774.219422141789,"NRI_P186",25
"66740",-722.01333785821,"NRI_P186",50
"66741",-306.70328785821,"NRI_P186",100
"66742",-759.853847858205,"NRI_P186",25
"66743",-1611.9648278582,"NRI_P186",50
"66744",-1523.1840978582,"NRI_P186",100
"66745",5.4631421417871,"NRI_P186",25
"66746",-960.559137858203,"NRI_P186",50
"66747",696.902712141789,"NRI_P186",100
"66748",-856.081637858209,"NRI_P186",25
"66749",11.063922141795,"NRI_P186",50
"66750",-1207.29295785821,"NRI_P186",100
"66751",185.611372141793,"NRI_P186",25
"66752",-2039.02334785821,"NRI_P186",50
"66753",-2517.3182878582,"NRI_P186",100
"66754",2256.9230721418,"NRI_P186",25
"66755",-1842.3623078582,"NRI_P186",50
"66756",-1188.17808785821,"NRI_P186",100
"66757",-60.3248978582124,"NRI_P186",25
"66758",82.0776321417943,"NRI_P186",50
"66759",-2177.6497078582,"NRI_P186",100
"66760",64.2246321417915,"NRI_P186",25
"66761",-935.032997858201,"NRI_P186",50
"66762",-1180.11275785821,"NRI_P186",100
"66763",-884.622847858205,"NRI_P186",25
"66764",975.761012141797,"NRI_P186",50
"66765",1794.1440621418,"NRI_P186",100
"66766",1893.0929821418,"NRI_P186",25
"66767",781.382672141801,"NRI_P186",50
"66768",-2754.1221078582,"NRI_P186",100
"66769",465.819602141797,"NRI_P186",25
"66770",24.7611521418003,"NRI_P186",50
"66771",-2486.49969785821,"NRI_P186",100
"66772",2278.21753214179,"NRI_P186",25
"66773",1068.54861214179,"NRI_P186",50
"66774",-2287.0424178582,"NRI_P186",100
"66775",-1761.28988785821,"NRI_P186",25
"66776",1496.49385214179,"NRI_P186",50
"66777",-1372.3879278582,"NRI_P186",100
"66778",64.2777421417995,"NRI_P186",25
"66779",-649.281167858207,"NRI_P186",50
"66780",-2034.8249078582,"NRI_P186",100
"66781",79.898642141794,"NRI_P186",25
"66782",-322.279147858208,"NRI_P186",50
"66783",-1036.68921785821,"NRI_P186",100
"66784",-1095.18157785821,"NRI_P186",25
"66785",-833.928437858209,"NRI_P186",50
"66786",-742.335297858212,"NRI_P186",100
"66787",-278.254427858206,"NRI_P186",25
"66788",-681.521107858207,"NRI_P186",50
"66789",-2346.5219878582,"NRI_P186",100
"66790",-661.477507858202,"NRI_P186",25
"66791",-308.337617858211,"NRI_P186",50
"66792",-1787.2878978582,"NRI_P186",100
"66793",-660.344787858208,"NRI_P186",25
"66794",-129.0039778582,"NRI_P186",50
"66795",63.736672141793,"NRI_P186",100
"66796",424.218032141798,"NRI_P186",25
"66797",495.197002141795,"NRI_P186",50
"66798",-251.46295785821,"NRI_P186",100
"66799",-531.931457858213,"NRI_P186",25
"66800",-983.90621785821,"NRI_P186",50
"66801",-1145.29415785821,"NRI_P186",100
"66802",-631.609197858212,"NRI_P186",25
"66803",-884.831907858199,"NRI_P186",50
"66804",-2550.68476785821,"NRI_P186",100
"66805",-745.879337858205,"NRI_P186",25
"66806",-554.631727858199,"NRI_P186",50
"66807",-562.976017858207,"NRI_P186",100
"66808",-1144.0238778582,"NRI_P186",25
"66809",-22.3040178582014,"NRI_P186",50
"66810",-898.770467858209,"NRI_P186",100
"66811",526.665452141795,"NRI_P186",25
"66812",2805.74260214179,"NRI_P186",50
"66813",-2175.10919785821,"NRI_P186",100
"66814",767.677142141794,"NRI_P186",25
"66815",-189.212517858206,"NRI_P186",50
"66816",-800.99648785821,"NRI_P186",100
"66817",-234.942387858202,"NRI_P186",25
"66818",-1723.73216785821,"NRI_P186",50
"66819",-1548.4426878582,"NRI_P186",100
"66820",302.926942141799,"NRI_P186",25
"66821",1388.48821214179,"NRI_P186",50
"66822",1375.5556421418,"NRI_P186",100
"66823",618.772042141791,"NRI_P186",25
"66824",-541.652317858199,"NRI_P186",50
"66825",-730.213277858202,"NRI_P186",100
"66826",26.4765521418012,"NRI_P186",25
"66827",-178.3808278582,"NRI_P186",50
"66828",-279.074237858207,"NRI_P186",100
"66829",-419.339787858204,"NRI_P186",25
"66830",-1103.0544878582,"NRI_P186",50
"66831",-1935.52067785821,"NRI_P186",100
"66832",-679.996867858208,"NRI_P186",25
"66833",610.317912141792,"NRI_P186",50
"66834",-1072.9382578582,"NRI_P186",100
"66835",-179.306827858207,"NRI_P186",25
"66836",-1435.81285785821,"NRI_P186",50
"66837",7.81905214180006,"NRI_P186",100
"66838",-712.140057858211,"NRI_P186",25
"66839",-2192.46114785821,"NRI_P186",50
"66840",-1864.4992578582,"NRI_P186",100
"66841",228.245852141801,"NRI_P186",25
"66842",-1193.55536785821,"NRI_P186",50
"66843",-2784.83597785821,"NRI_P186",100
"66844",922.286752141794,"NRI_P186",25
"66845",-40.5922778582026,"NRI_P186",50
"66846",1043.48588214179,"NRI_P186",100
"66847",-1487.40491785821,"NRI_P186",25
"66848",-72.364267858211,"NRI_P186",50
"66849",-2023.0405278582,"NRI_P186",100
"66850",-514.740417858207,"NRI_P186",25
"66851",-1161.2192178582,"NRI_P186",50
"66852",-631.648657858212,"NRI_P186",100
"66853",-891.894417858202,"NRI_P186",25
"66854",-1100.1816778582,"NRI_P186",50
"66855",-1432.13012785821,"NRI_P186",100
"66856",172.813662141794,"NRI_P186",25
"66857",-239.193307858208,"NRI_P186",50
"66858",-206.678017858212,"NRI_P186",100
"66859",-30.8401078582101,"NRI_P186",25
"66860",-476.952567858199,"NRI_P186",50
"66861",-1576.97826785821,"NRI_P186",100
"66862",-833.422087858213,"NRI_P186",25
"66863",-1027.70215785821,"NRI_P186",50
"66864",-2038.81018785821,"NRI_P186",100
"66865",468.982922141789,"NRI_P186",25
"66866",-1524.43699785821,"NRI_P186",50
"66867",-2160.73651785821,"NRI_P186",100
"66868",146.755322141791,"NRI_P186",25
"66869",-924.388497858206,"NRI_P186",50
"66870",-1621.1557278582,"NRI_P186",100
"66871",-506.463217858211,"NRI_P186",25
"66872",-489.554537858203,"NRI_P186",50
"66873",-940.741577858207,"NRI_P186",100
"66874",1875.50498214179,"NRI_P186",25
"66875",-2034.94872785821,"NRI_P186",50
"66876",-1112.39615785821,"NRI_P186",100
"66877",-378.085327858207,"NRI_P186",25
"66878",-619.039307858213,"NRI_P186",50
"66879",-2165.2096278582,"NRI_P186",100
"66880",-916.114317858199,"NRI_P186",25
"66881",287.54568214179,"NRI_P186",50
"66882",-872.224737858211,"NRI_P186",100
"66883",-137.041927858212,"NRI_P186",25
"66884",1971.14640214179,"NRI_P186",50
"66885",-563.877127858199,"NRI_P186",100
"66886",-192.595017858199,"NRI_P186",25
"66887",105.92416214179,"NRI_P186",50
"66888",-216.861147858202,"NRI_P186",100
"66889",691.674802141788,"NRI_P186",25
"66890",-1471.7396278582,"NRI_P186",50
"66891",-712.431617858208,"NRI_P186",100
"66892",36.3916321417928,"NRI_P186",25
"66893",539.943052141796,"NRI_P186",50
"66894",340.960812141799,"NRI_P186",100
"66895",-490.3868878582,"NRI_P186",25
"66896",-670.830347858209,"NRI_P186",50
"66897",-192.885417858211,"NRI_P186",100
"66898",-1271.3676278582,"NRI_P186",25
"66899",-1170.44730785821,"NRI_P186",50
"66900",-1608.50976785821,"NRI_P186",100
"66901",-3090.10743544303,"NRI_P187",25
"66902",-12786.544905443,"NRI_P187",50
"66903",-11092.885245443,"NRI_P187",100
"66904",2237.17210455699,"NRI_P187",25
"66905",-1969.41872544301,"NRI_P187",50
"66906",-6108.75499544304,"NRI_P187",100
"66907",-2090.97372544301,"NRI_P187",25
"66908",1853.07531455695,"NRI_P187",50
"66909",-10551.326705443,"NRI_P187",100
"66910",-494.065545443038,"NRI_P187",25
"66911",28461.768454557,"NRI_P187",50
"66912",-12270.812485443,"NRI_P187",100
"66913",-1843.86259544303,"NRI_P187",25
"66914",-883.090855443035,"NRI_P187",50
"66915",5438.58127455699,"NRI_P187",100
"66916",-1618.76881544304,"NRI_P187",25
"66917",1660.83231455699,"NRI_P187",50
"66918",-5335.04774544301,"NRI_P187",100
"66919",-8588.19310544303,"NRI_P187",25
"66920",-7244.60899544304,"NRI_P187",50
"66921",-3496.84711544303,"NRI_P187",100
"66922",-6935.678195443,"NRI_P187",25
"66923",-7145.27043544303,"NRI_P187",50
"66924",-10685.963515443,"NRI_P187",100
"66925",259.879244557,"NRI_P187",25
"66926",10595.697094557,"NRI_P187",50
"66927",-12895.966975443,"NRI_P187",100
"66928",-3967.76327544305,"NRI_P187",25
"66929",-3665.145485443,"NRI_P187",50
"66930",-4656.24225544301,"NRI_P187",100
"66931",4161.58963455696,"NRI_P187",25
"66932",-5837.395905443,"NRI_P187",50
"66933",-11457.291705443,"NRI_P187",100
"66934",580.235474556976,"NRI_P187",25
"66935",3265.38854455698,"NRI_P187",50
"66936",-10646.973745443,"NRI_P187",100
"66937",1652.35502455698,"NRI_P187",25
"66938",-9654.85565544304,"NRI_P187",50
"66939",-11720.715715443,"NRI_P187",100
"66940",-7186.00219544303,"NRI_P187",25
"66941",-7030.79203544301,"NRI_P187",50
"66942",2363.11767455697,"NRI_P187",100
"66943",-6497.89349544304,"NRI_P187",25
"66944",5524.68280455697,"NRI_P187",50
"66945",-13862.726035443,"NRI_P187",100
"66946",-2670.75365544303,"NRI_P187",25
"66947",-3900.90834544302,"NRI_P187",50
"66948",-14891.341875443,"NRI_P187",100
"66949",-4310.10839544301,"NRI_P187",25
"66950",-1626.55764544301,"NRI_P187",50
"66951",-16636.533555443,"NRI_P187",100
"66952",-2032.18839544302,"NRI_P187",25
"66953",-11627.130255443,"NRI_P187",50
"66954",-10657.662155443,"NRI_P187",100
"66955",4838.93750455696,"NRI_P187",25
"66956",-9464.69249544304,"NRI_P187",50
"66957",-17450.365285443,"NRI_P187",100
"66958",1962.67589455697,"NRI_P187",25
"66959",-6256.79441544303,"NRI_P187",50
"66960",-3788.306925443,"NRI_P187",100
"66961",-3235.10888544301,"NRI_P187",25
"66962",4216.834464557,"NRI_P187",50
"66963",-4941.63106544304,"NRI_P187",100
"66964",-3679.99885544303,"NRI_P187",25
"66965",-3976.07771544304,"NRI_P187",50
"66966",-12687.915835443,"NRI_P187",100
"66967",711.462284556997,"NRI_P187",25
"66968",-80.2088854430476,"NRI_P187",50
"66969",2856.14682455698,"NRI_P187",100
"66970",32866.474234557,"NRI_P187",25
"66971",-3348.45708544302,"NRI_P187",50
"66972",-5854.97984544304,"NRI_P187",100
"66973",-6745.70747544302,"NRI_P187",25
"66974",-5573.47927544301,"NRI_P187",50
"66975",-10551.971775443,"NRI_P187",100
"66976",-8289.24996544304,"NRI_P187",25
"66977",214.970804556971,"NRI_P187",50
"66978",30885.283344557,"NRI_P187",100
"66979",-2391.05995544302,"NRI_P187",25
"66980",-2323.43784544303,"NRI_P187",50
"66981",-9165.544205443,"NRI_P187",100
"66982",-4486.06059544301,"NRI_P187",25
"66983",-2774.625655443,"NRI_P187",50
"66984",27590.832074557,"NRI_P187",100
"66985",7363.83938455698,"NRI_P187",25
"66986",-2090.90233544301,"NRI_P187",50
"66987",-1177.661905443,"NRI_P187",100
"66988",27743.690354557,"NRI_P187",25
"66989",-7762.319745443,"NRI_P187",50
"66990",27123.375664557,"NRI_P187",100
"66991",-10428.223905443,"NRI_P187",25
"66992",-4583.05944544304,"NRI_P187",50
"66993",-9858.33016544301,"NRI_P187",100
"66994",-472.849385443027,"NRI_P187",25
"66995",-2858.006495443,"NRI_P187",50
"66996",-5774.44663544302,"NRI_P187",100
"66997",-1331.07799544302,"NRI_P187",25
"66998",-4514.176895443,"NRI_P187",50
"66999",-9310.32835544302,"NRI_P187",100
"67000",5593.58203455695,"NRI_P187",25
"67001",-10446.1920454431,"NRI_P187",50
"67002",-4946.38567544305,"NRI_P187",100
"67003",4706.67737455695,"NRI_P187",25
"67004",-8186.05567544303,"NRI_P187",50
"67005",-8860.48818544304,"NRI_P187",100
"67006",2416.82785455696,"NRI_P187",25
"67007",24561.963904557,"NRI_P187",50
"67008",-13129.065035443,"NRI_P187",100
"67009",-753.092515443044,"NRI_P187",25
"67010",-9886.83159544301,"NRI_P187",50
"67011",-4088.20011544303,"NRI_P187",100
"67012",-1739.10864544305,"NRI_P187",25
"67013",9425.00445455697,"NRI_P187",50
"67014",-10944.308515443,"NRI_P187",100
"67015",-339.965055442997,"NRI_P187",25
"67016",1307.49536455696,"NRI_P187",50
"67017",-7672.59451544302,"NRI_P187",100
"67018",5922.54140455695,"NRI_P187",25
"67019",923.283104556962,"NRI_P187",50
"67020",-12908.039455443,"NRI_P187",100
"67021",-3301.65366544301,"NRI_P187",25
"67022",-7131.55474544305,"NRI_P187",50
"67023",-6182.68213544303,"NRI_P187",100
"67024",1469.191874557,"NRI_P187",25
"67025",-5113.44786544301,"NRI_P187",50
"67026",-16282.126425443,"NRI_P187",100
"67027",-4157.89569544303,"NRI_P187",25
"67028",-12653.625125443,"NRI_P187",50
"67029",21919.029444557,"NRI_P187",100
"67030",-8791.65587544302,"NRI_P187",25
"67031",-3148.45297544304,"NRI_P187",50
"67032",5155.80730455695,"NRI_P187",100
"67033",-5172.73755544302,"NRI_P187",25
"67034",-5154.68725544302,"NRI_P187",50
"67035",-8297.35412544303,"NRI_P187",100
"67036",-2890.738585443,"NRI_P187",25
"67037",-102.795495443046,"NRI_P187",50
"67038",8153.184734557,"NRI_P187",100
"67039",-10857.588145443,"NRI_P187",25
"67040",-3486.282945443,"NRI_P187",50
"67041",-12556.390465443,"NRI_P187",100
"67042",3324.21703455696,"NRI_P187",25
"67043",-9876.90150544303,"NRI_P187",50
"67044",-8553.35875544301,"NRI_P187",100
"67045",-6495.46767544304,"NRI_P187",25
"67046",6564.82197455695,"NRI_P187",50
"67047",-8952.18904544302,"NRI_P187",100
"67048",-6420.12631544302,"NRI_P187",25
"67049",-6999.462655443,"NRI_P187",50
"67050",-9234.77747544303,"NRI_P187",100
"67051",28815.917974557,"NRI_P187",25
"67052",3461.38918455696,"NRI_P187",50
"67053",-10983.331835443,"NRI_P187",100
"67054",-3971.82313544303,"NRI_P187",25
"67055",-5630.38591544301,"NRI_P187",50
"67056",-16462.507135443,"NRI_P187",100
"67057",-914.802865443053,"NRI_P187",25
"67058",24775.074304557,"NRI_P187",50
"67059",-11284.272475443,"NRI_P187",100
"67060",820.665474556969,"NRI_P187",25
"67061",-5192.90066544304,"NRI_P187",50
"67062",-10190.418525443,"NRI_P187",100
"67063",-4227.02459544304,"NRI_P187",25
"67064",-872.531835443049,"NRI_P187",50
"67065",-10454.391365443,"NRI_P187",100
"67066",-6433.026615443,"NRI_P187",25
"67067",-5169.80186544301,"NRI_P187",50
"67068",6020.89911455696,"NRI_P187",100
"67069",3452.32593455695,"NRI_P187",25
"67070",-5156.05946544302,"NRI_P187",50
"67071",-7070.79226544301,"NRI_P187",100
"67072",-7302.22024544305,"NRI_P187",25
"67073",-2246.11944544304,"NRI_P187",50
"67074",-14937.116995443,"NRI_P187",100
"67075",7274.06653455697,"NRI_P187",25
"67076",-6964.30412544304,"NRI_P187",50
"67077",5950.92111455696,"NRI_P187",100
"67078",3939.09154455696,"NRI_P187",25
"67079",21663.613264557,"NRI_P187",50
"67080",-13389.865975443,"NRI_P187",100
"67081",-2142.38408544305,"NRI_P187",25
"67082",-11316.2015854431,"NRI_P187",50
"67083",-11751.674485443,"NRI_P187",100
"67084",-2902.91231544304,"NRI_P187",25
"67085",-4982.14851544303,"NRI_P187",50
"67086",16942.429784557,"NRI_P187",100
"67087",12086.872244557,"NRI_P187",25
"67088",2986.10287455696,"NRI_P187",50
"67089",19416.998694557,"NRI_P187",100
"67090",-6753.860045443,"NRI_P187",25
"67091",-7627.24998544302,"NRI_P187",50
"67092",-4885.30159544304,"NRI_P187",100
"67093",-390.833045442996,"NRI_P187",25
"67094",24487.245884557,"NRI_P187",50
"67095",21265.835534557,"NRI_P187",100
"67096",-3284.03337544302,"NRI_P187",25
"67097",24680.344734557,"NRI_P187",50
"67098",-12418.275115443,"NRI_P187",100
"67099",164.054114556988,"NRI_P187",25
"67100",-8550.13633544301,"NRI_P187",50
"67101",-3042.84931544302,"NRI_P187",100
"67102",-5725.61606544303,"NRI_P187",25
"67103",-9540.46043544303,"NRI_P187",50
"67104",-121.524855443044,"NRI_P187",100
"67105",-4056.96882544301,"NRI_P187",25
"67106",-5828.66477544303,"NRI_P187",50
"67107",-7187.54681544303,"NRI_P187",100
"67108",909.30476455699,"NRI_P187",25
"67109",-5981.80756544304,"NRI_P187",50
"67110",10332.916574557,"NRI_P187",100
"67111",-3773.48895544303,"NRI_P187",25
"67112",15978.856584557,"NRI_P187",50
"67113",-11066.259525443,"NRI_P187",100
"67114",-4545.69083544303,"NRI_P187",25
"67115",313.402104556968,"NRI_P187",50
"67116",5503.54323455697,"NRI_P187",100
"67117",-3939.43622544303,"NRI_P187",25
"67118",-8732.77362544305,"NRI_P187",50
"67119",1154.21790455695,"NRI_P187",100
"67120",-1222.12268544303,"NRI_P187",25
"67121",-6612.54210544302,"NRI_P187",50
"67122",16705.715834557,"NRI_P187",100
"67123",-1313.54584544303,"NRI_P187",25
"67124",-5316.86952544301,"NRI_P187",50
"67125",53434.616654557,"NRI_P187",100
"67126",-2438.30483544304,"NRI_P187",25
"67127",-11477.168585443,"NRI_P187",50
"67128",19818.183274557,"NRI_P187",100
"67129",-1717.21893544303,"NRI_P187",25
"67130",912.340574556962,"NRI_P187",50
"67131",-9527.338985443,"NRI_P187",100
"67132",556.933384556964,"NRI_P187",25
"67133",1533.18615455698,"NRI_P187",50
"67134",2432.965174557,"NRI_P187",100
"67135",-4126.50129544304,"NRI_P187",25
"67136",-9980.14267544303,"NRI_P187",50
"67137",-4057.78301544301,"NRI_P187",100
"67138",-6877.39170544303,"NRI_P187",25
"67139",-8400.13596544304,"NRI_P187",50
"67140",-9642.06258544303,"NRI_P187",100
"67141",547.393074556952,"NRI_P187",25
"67142",-7515.15456544305,"NRI_P187",50
"67143",-4509.31525544304,"NRI_P187",100
"67144",-1993.38661544304,"NRI_P187",25
"67145",-133.557625443034,"NRI_P187",50
"67146",924.420064556994,"NRI_P187",100
"67147",-300.104745443037,"NRI_P187",25
"67148",-5521.99006544304,"NRI_P187",50
"67149",-13220.726105443,"NRI_P187",100
"67150",1918.53376455698,"NRI_P187",25
"67151",-8426.82654544304,"NRI_P187",50
"67152",-9813.02792544302,"NRI_P187",100
"67153",-8903.87171544303,"NRI_P187",25
"67154",-4412.430855443,"NRI_P187",50
"67155",3808.69393455697,"NRI_P187",100
"67156",-3418.78512544301,"NRI_P187",25
"67157",-8357.59192544303,"NRI_P187",50
"67158",-13165.868765443,"NRI_P187",100
"67159",-2343.10821544303,"NRI_P187",25
"67160",-5512.833275443,"NRI_P187",50
"67161",-17.6921354430378,"NRI_P187",100
"67162",-4807.14756544301,"NRI_P187",25
"67163",-3767.63578544301,"NRI_P187",50
"67164",-9040.642855443,"NRI_P187",100
"67165",-1901.15777544305,"NRI_P187",25
"67166",-6755.71417544305,"NRI_P187",50
"67167",28920.444964557,"NRI_P187",100
"67168",4656.91924455698,"NRI_P187",25
"67169",-4761.42074544303,"NRI_P187",50
"67170",22314.393344557,"NRI_P187",100
"67171",410.564274556993,"NRI_P187",25
"67172",-5494.76805544301,"NRI_P187",50
"67173",-2311.62598544301,"NRI_P187",100
"67174",1771.96886455698,"NRI_P187",25
"67175",-11249.064745443,"NRI_P187",50
"67176",3073.64737455698,"NRI_P187",100
"67177",-4922.44857544301,"NRI_P187",25
"67178",10235.748914557,"NRI_P187",50
"67179",-10684.708945443,"NRI_P187",100
"67180",3407.050844557,"NRI_P187",25
"67181",-2059.48525544303,"NRI_P187",50
"67182",-7171.15701544302,"NRI_P187",100
"67183",-1742.19403544301,"NRI_P187",25
"67184",-6827.96066544304,"NRI_P187",50
"67185",-4381.93037544301,"NRI_P187",100
"67186",-4141.177185443,"NRI_P187",25
"67187",-14326.959655443,"NRI_P187",50
"67188",-1679.416025443,"NRI_P187",100
"67189",-6323.71926544304,"NRI_P187",25
"67190",536.236174556951,"NRI_P187",50
"67191",-3751.343625443,"NRI_P187",100
"67192",8553.61409455695,"NRI_P187",25
"67193",-3426.32004544302,"NRI_P187",50
"67194",-12532.153495443,"NRI_P187",100
"67195",861.619074556977,"NRI_P187",25
"67196",1798.08172455698,"NRI_P187",50
"67197",-14407.9702454431,"NRI_P187",100
"67198",-9272.95965544303,"NRI_P187",25
"67199",12510.043374557,"NRI_P187",50
"67200",-9884.98658544302,"NRI_P187",100
"67201",-2870.76287069998,"NRI_P188",25
"67202",-1391.39889069996,"NRI_P188",50
"67203",5093.0678593,"NRI_P188",100
"67204",-754.656670700002,"NRI_P188",25
"67205",-4141.48005069996,"NRI_P188",50
"67206",17066.9718293,"NRI_P188",100
"67207",857.759739300003,"NRI_P188",25
"67208",2795.50626930001,"NRI_P188",50
"67209",-2643.0349807,"NRI_P188",100
"67210",-2417.32747069997,"NRI_P188",25
"67211",-2634.00961069996,"NRI_P188",50
"67212",20995.4502593,"NRI_P188",100
"67213",-153.494340699981,"NRI_P188",25
"67214",9547.5243393,"NRI_P188",50
"67215",4569.93319930002,"NRI_P188",100
"67216",866.547179300047,"NRI_P188",25
"67217",-5949.7532107,"NRI_P188",50
"67218",-6734.64793069998,"NRI_P188",100
"67219",-2922.01407069998,"NRI_P188",25
"67220",-5222.68233069999,"NRI_P188",50
"67221",-1276.46370069997,"NRI_P188",100
"67222",-371.425340699963,"NRI_P188",25
"67223",-3879.5363407,"NRI_P188",50
"67224",5593.49929930002,"NRI_P188",100
"67225",-839.176330699993,"NRI_P188",25
"67226",-3173.47548069997,"NRI_P188",50
"67227",19310.2876593,"NRI_P188",100
"67228",-3048.7028807,"NRI_P188",25
"67229",-4092.7671307,"NRI_P188",50
"67230",10370.4072793,"NRI_P188",100
"67231",8910.47555930004,"NRI_P188",25
"67232",-2172.34886069997,"NRI_P188",50
"67233",13773.2798893,"NRI_P188",100
"67234",2015.57495930005,"NRI_P188",25
"67235",-3944.14490069996,"NRI_P188",50
"67236",-3179.7276407,"NRI_P188",100
"67237",-1682.66687069996,"NRI_P188",25
"67238",2961.95820930001,"NRI_P188",50
"67239",-8418.95338069997,"NRI_P188",100
"67240",-836.010410699993,"NRI_P188",25
"67241",-3864.79862069996,"NRI_P188",50
"67242",107.917669300048,"NRI_P188",100
"67243",-6151.34461069998,"NRI_P188",25
"67244",-2446.8306707,"NRI_P188",50
"67245",-2060.60007069999,"NRI_P188",100
"67246",2497.30242930003,"NRI_P188",25
"67247",-2558.15552069998,"NRI_P188",50
"67248",3656.38751930004,"NRI_P188",100
"67249",725.940409300034,"NRI_P188",25
"67250",-2774.74762069999,"NRI_P188",50
"67251",7862.7916693,"NRI_P188",100
"67252",-3547.76409069996,"NRI_P188",25
"67253",-3446.2626207,"NRI_P188",50
"67254",-4820.75959069998,"NRI_P188",100
"67255",-3745.11050069996,"NRI_P188",25
"67256",988.889009300037,"NRI_P188",50
"67257",12721.1184393,"NRI_P188",100
"67258",4595.83015930001,"NRI_P188",25
"67259",-805.012450699985,"NRI_P188",50
"67260",-48.216410699999,"NRI_P188",100
"67261",-1382.05360069999,"NRI_P188",25
"67262",-3012.47849069996,"NRI_P188",50
"67263",19883.4365793,"NRI_P188",100
"67264",4471.02911930002,"NRI_P188",25
"67265",-1833.63661069999,"NRI_P188",50
"67266",-5058.50589069998,"NRI_P188",100
"67267",110.42997930001,"NRI_P188",25
"67268",-7954.86307069997,"NRI_P188",50
"67269",2050.95436930005,"NRI_P188",100
"67270",-6206.1297707,"NRI_P188",25
"67271",2202.24541930004,"NRI_P188",50
"67272",-11006.0389107,"NRI_P188",100
"67273",-7192.67074069998,"NRI_P188",25
"67274",-3341.91862069996,"NRI_P188",50
"67275",-1712.80936069996,"NRI_P188",100
"67276",-1672.17305069999,"NRI_P188",25
"67277",11067.5651893,"NRI_P188",50
"67278",11867.5934493,"NRI_P188",100
"67279",-1251.1237307,"NRI_P188",25
"67280",303.574419300014,"NRI_P188",50
"67281",-3750.80473069998,"NRI_P188",100
"67282",-1003.8771707,"NRI_P188",25
"67283",-5185.4423307,"NRI_P188",50
"67284",3071.15917930001,"NRI_P188",100
"67285",-725.442210699955,"NRI_P188",25
"67286",-6379.84878070001,"NRI_P188",50
"67287",-8950.97723069997,"NRI_P188",100
"67288",4341.58461930003,"NRI_P188",25
"67289",-2147.8895707,"NRI_P188",50
"67290",572.299729300023,"NRI_P188",100
"67291",-639.239660699968,"NRI_P188",25
"67292",-2696.2100507,"NRI_P188",50
"67293",-6336.61642069998,"NRI_P188",100
"67294",3568.13734930003,"NRI_P188",25
"67295",-4567.90548069996,"NRI_P188",50
"67296",15574.0112093,"NRI_P188",100
"67297",-5241.61584069999,"NRI_P188",25
"67298",-250.310590699955,"NRI_P188",50
"67299",-9490.49461069997,"NRI_P188",100
"67300",-4316.02326069999,"NRI_P188",25
"67301",-1095.50481069996,"NRI_P188",50
"67302",-7082.15082069999,"NRI_P188",100
"67303",-2508.0091807,"NRI_P188",25
"67304",14386.5522593,"NRI_P188",50
"67305",-5993.40798069997,"NRI_P188",100
"67306",-1125.98116069997,"NRI_P188",25
"67307",-95.4806406999705,"NRI_P188",50
"67308",-4803.62291069998,"NRI_P188",100
"67309",11973.0818993,"NRI_P188",25
"67310",6971.15019930003,"NRI_P188",50
"67311",-11150.1893207,"NRI_P188",100
"67312",-1973.55139069998,"NRI_P188",25
"67313",2650.26675930002,"NRI_P188",50
"67314",-8365.59590069999,"NRI_P188",100
"67315",-80.4619506999734,"NRI_P188",25
"67316",-7341.24393069997,"NRI_P188",50
"67317",23976.6567993,"NRI_P188",100
"67318",-2878.59269069997,"NRI_P188",25
"67319",381.433349300001,"NRI_P188",50
"67320",-2316.35143069999,"NRI_P188",100
"67321",-4747.68507069995,"NRI_P188",25
"67322",-4857.92027069995,"NRI_P188",50
"67323",-10221.4939107,"NRI_P188",100
"67324",-3858.59710069996,"NRI_P188",25
"67325",126.852769300051,"NRI_P188",50
"67326",-1733.01573069999,"NRI_P188",100
"67327",20000.9070093,"NRI_P188",25
"67328",-1370.9378207,"NRI_P188",50
"67329",-5089.4639107,"NRI_P188",100
"67330",-3144.65727069997,"NRI_P188",25
"67331",-1232.85197069997,"NRI_P188",50
"67332",14130.7893393,"NRI_P188",100
"67333",10900.8409593,"NRI_P188",25
"67334",-3156.2836507,"NRI_P188",50
"67335",-933.857290699962,"NRI_P188",100
"67336",-4291.24812069995,"NRI_P188",25
"67337",1925.38469930005,"NRI_P188",50
"67338",18679.4299993,"NRI_P188",100
"67339",1076.6285393,"NRI_P188",25
"67340",1843.53885930002,"NRI_P188",50
"67341",-5514.66604069999,"NRI_P188",100
"67342",12564.2407793,"NRI_P188",25
"67343",-2791.28774070001,"NRI_P188",50
"67344",12272.3156193,"NRI_P188",100
"67345",604.949079300044,"NRI_P188",25
"67346",-6031.16068069998,"NRI_P188",50
"67347",-10266.4569207,"NRI_P188",100
"67348",-935.569330699975,"NRI_P188",25
"67349",3625.14566930005,"NRI_P188",50
"67350",-7331.18699069996,"NRI_P188",100
"67351",-4835.55994069995,"NRI_P188",25
"67352",10136.3340793,"NRI_P188",50
"67353",-2585.32744069997,"NRI_P188",100
"67354",-649.84002069995,"NRI_P188",25
"67355",-7062.55722069996,"NRI_P188",50
"67356",5557.39327930001,"NRI_P188",100
"67357",-1884.58971069998,"NRI_P188",25
"67358",2976.27853930002,"NRI_P188",50
"67359",-8098.22768069999,"NRI_P188",100
"67360",14732.6219893,"NRI_P188",25
"67361",-5038.71652069996,"NRI_P188",50
"67362",9507.31591930002,"NRI_P188",100
"67363",-178.398920699954,"NRI_P188",25
"67364",12473.6867593,"NRI_P188",50
"67365",-4891.17320069997,"NRI_P188",100
"67366",-1010.13025069999,"NRI_P188",25
"67367",2511.92885930004,"NRI_P188",50
"67368",-9166.89353069998,"NRI_P188",100
"67369",-3285.26677069999,"NRI_P188",25
"67370",14696.5899893,"NRI_P188",50
"67371",-7563.08516069996,"NRI_P188",100
"67372",11896.3847293,"NRI_P188",25
"67373",26534.8816693,"NRI_P188",50
"67374",4140.3776293,"NRI_P188",100
"67375",1081.44153930002,"NRI_P188",25
"67376",-4355.2512307,"NRI_P188",50
"67377",-4775.30904069997,"NRI_P188",100
"67378",31806.5423793001,"NRI_P188",25
"67379",5847.36379930004,"NRI_P188",50
"67380",9133.80404930003,"NRI_P188",100
"67381",-376.835330699978,"NRI_P188",25
"67382",-9898.52301069998,"NRI_P188",50
"67383",-6985.80211069997,"NRI_P188",100
"67384",-6587.11817069998,"NRI_P188",25
"67385",11361.9307193,"NRI_P188",50
"67386",8605.56252930005,"NRI_P188",100
"67387",3896.5634093,"NRI_P188",25
"67388",-5505.30877069995,"NRI_P188",50
"67389",11856.7805993001,"NRI_P188",100
"67390",-1028.71013069997,"NRI_P188",25
"67391",-6231.2275407,"NRI_P188",50
"67392",-796.791340700001,"NRI_P188",100
"67393",3218.73528930004,"NRI_P188",25
"67394",16160.5623193,"NRI_P188",50
"67395",11778.0747893,"NRI_P188",100
"67396",-4341.56607069995,"NRI_P188",25
"67397",-2169.70638069999,"NRI_P188",50
"67398",-1585.64494069997,"NRI_P188",100
"67399",900.219759300002,"NRI_P188",25
"67400",10813.8471793,"NRI_P188",50
"67401",-11541.4702707,"NRI_P188",100
"67402",-3708.12084069999,"NRI_P188",25
"67403",11565.9312593,"NRI_P188",50
"67404",518.791079300048,"NRI_P188",100
"67405",-1669.12388069998,"NRI_P188",25
"67406",-6451.54608069998,"NRI_P188",50
"67407",-7106.18921069999,"NRI_P188",100
"67408",-3844.75816069997,"NRI_P188",25
"67409",4454.97727930004,"NRI_P188",50
"67410",-11723.0205007,"NRI_P188",100
"67411",1919.34853930003,"NRI_P188",25
"67412",4403.3092593,"NRI_P188",50
"67413",-6014.59316069999,"NRI_P188",100
"67414",7684.40909930004,"NRI_P188",25
"67415",-4362.74296069995,"NRI_P188",50
"67416",-8049.53958069999,"NRI_P188",100
"67417",-1463.8731507,"NRI_P188",25
"67418",-5376.88545069995,"NRI_P188",50
"67419",-6226.9327607,"NRI_P188",100
"67420",4064.2867693,"NRI_P188",25
"67421",-749.165310699958,"NRI_P188",50
"67422",-10118.5424007,"NRI_P188",100
"67423",-3283.57823069999,"NRI_P188",25
"67424",1232.54042930005,"NRI_P188",50
"67425",-178.405220699962,"NRI_P188",100
"67426",-1948.6100407,"NRI_P188",25
"67427",4924.66316930001,"NRI_P188",50
"67428",-6172.75903069996,"NRI_P188",100
"67429",-307.35975069995,"NRI_P188",25
"67430",11726.4043193,"NRI_P188",50
"67431",-5673.34682069998,"NRI_P188",100
"67432",-907.106950699992,"NRI_P188",25
"67433",-3007.88289069996,"NRI_P188",50
"67434",-8744.47542069998,"NRI_P188",100
"67435",-3786.34715069999,"NRI_P188",25
"67436",6380.29779929999,"NRI_P188",50
"67437",-2491.96582069999,"NRI_P188",100
"67438",-2952.84114069998,"NRI_P188",25
"67439",-1366.47353069996,"NRI_P188",50
"67440",-11341.0066007,"NRI_P188",100
"67441",11930.7513193,"NRI_P188",25
"67442",-3044.05973069998,"NRI_P188",50
"67443",18518.7530093,"NRI_P188",100
"67444",-4006.70776069997,"NRI_P188",25
"67445",4983.84497930005,"NRI_P188",50
"67446",29472.3555893,"NRI_P188",100
"67447",12073.0153993,"NRI_P188",25
"67448",6102.31341930002,"NRI_P188",50
"67449",-1473.28294069995,"NRI_P188",100
"67450",5817.87578930001,"NRI_P188",25
"67451",-747.509450699959,"NRI_P188",50
"67452",-7327.63731069997,"NRI_P188",100
"67453",-76.9545206999755,"NRI_P188",25
"67454",5435.93329930003,"NRI_P188",50
"67455",-3027.98990069999,"NRI_P188",100
"67456",593.319629300036,"NRI_P188",25
"67457",2742.00047930004,"NRI_P188",50
"67458",-4302.28606069996,"NRI_P188",100
"67459",1691.32495930005,"NRI_P188",25
"67460",1029.39558930002,"NRI_P188",50
"67461",7861.63548930001,"NRI_P188",100
"67462",9304.96447930002,"NRI_P188",25
"67463",-3934.76148069999,"NRI_P188",50
"67464",-10993.4986407,"NRI_P188",100
"67465",-2751.25650069996,"NRI_P188",25
"67466",5683.80293930002,"NRI_P188",50
"67467",-6735.37943069998,"NRI_P188",100
"67468",14446.7303793,"NRI_P188",25
"67469",-4177.63995069999,"NRI_P188",50
"67470",23437.2138893,"NRI_P188",100
"67471",-6512.93039069997,"NRI_P188",25
"67472",-547.774190699973,"NRI_P188",50
"67473",-1270.4213707,"NRI_P188",100
"67474",1155.81839930004,"NRI_P188",25
"67475",3393.49591930001,"NRI_P188",50
"67476",-2032.93446069997,"NRI_P188",100
"67477",-5207.98563069996,"NRI_P188",25
"67478",-4594.52383069997,"NRI_P188",50
"67479",10554.0976993,"NRI_P188",100
"67480",-2955.83495069999,"NRI_P188",25
"67481",444.380399300018,"NRI_P188",50
"67482",-6878.35332069997,"NRI_P188",100
"67483",451.007119300019,"NRI_P188",25
"67484",15558.8455693,"NRI_P188",50
"67485",6278.52666930004,"NRI_P188",100
"67486",17790.9997693,"NRI_P188",25
"67487",-3498.39650069998,"NRI_P188",50
"67488",-8115.17087069998,"NRI_P188",100
"67489",-1572.8123007,"NRI_P188",25
"67490",-3594.8929407,"NRI_P188",50
"67491",-6724.11392069998,"NRI_P188",100
"67492",-2586.95418069995,"NRI_P188",25
"67493",-8055.13753069998,"NRI_P188",50
"67494",-9268.25704069997,"NRI_P188",100
"67495",347.699619300023,"NRI_P188",25
"67496",-196.523980700003,"NRI_P188",50
"67497",-4423.2717407,"NRI_P188",100
"67498",119.684859300032,"NRI_P188",25
"67499",4678.87348930002,"NRI_P188",50
"67500",-8403.04109069999,"NRI_P188",100
"67501",-492.506124266016,"OLAM_P001",25
"67502",1086.36707573402,"OLAM_P001",50
"67503",-5803.658084266,"OLAM_P001",100
"67504",-1052.44432426599,"OLAM_P001",25
"67505",-3551.28552426602,"OLAM_P001",50
"67506",5732.45201573399,"OLAM_P001",100
"67507",465.377175734029,"OLAM_P001",25
"67508",-5471.22912426601,"OLAM_P001",50
"67509",-900.980454266013,"OLAM_P001",100
"67510",18931.937875734,"OLAM_P001",25
"67511",-3614.38362426602,"OLAM_P001",50
"67512",-2595.22462426597,"OLAM_P001",100
"67513",-1505.27561426599,"OLAM_P001",25
"67514",2851.33637573401,"OLAM_P001",50
"67515",-2582.76352426602,"OLAM_P001",100
"67516",-1381.61792426597,"OLAM_P001",25
"67517",-4254.33321426599,"OLAM_P001",50
"67518",-5581.78532426601,"OLAM_P001",100
"67519",-762.953224266006,"OLAM_P001",25
"67520",-557.992124265991,"OLAM_P001",50
"67521",2056.67556573398,"OLAM_P001",100
"67522",-1252.81072426599,"OLAM_P001",25
"67523",6189.88177573401,"OLAM_P001",50
"67524",9167.37392573402,"OLAM_P001",100
"67525",-3614.41862426599,"OLAM_P001",25
"67526",2787.10173573397,"OLAM_P001",50
"67527",-5637.56817426602,"OLAM_P001",100
"67528",-2921.76222426601,"OLAM_P001",25
"67529",-4603.82132426603,"OLAM_P001",50
"67530",-698.196854265989,"OLAM_P001",100
"67531",-2690.43772426603,"OLAM_P001",25
"67532",-2201.990084266,"OLAM_P001",50
"67533",4221.438555734,"OLAM_P001",100
"67534",3439.52207573398,"OLAM_P001",25
"67535",1229.27086573403,"OLAM_P001",50
"67536",9098.949815734,"OLAM_P001",100
"67537",-2022.29542426602,"OLAM_P001",25
"67538",4890.505275734,"OLAM_P001",50
"67539",1985.30851573398,"OLAM_P001",100
"67540",1888.538275734,"OLAM_P001",25
"67541",-5706.654964266,"OLAM_P001",50
"67542",-674.362324265996,"OLAM_P001",100
"67543",2340.67627573397,"OLAM_P001",25
"67544",9472.08496573399,"OLAM_P001",50
"67545",11801.236995734,"OLAM_P001",100
"67546",-1968.95342426602,"OLAM_P001",25
"67547",-3808.81036426598,"OLAM_P001",50
"67548",-2453.097884266,"OLAM_P001",100
"67549",-687.854724265984,"OLAM_P001",25
"67550",-1657.88602426602,"OLAM_P001",50
"67551",11023.500775734,"OLAM_P001",100
"67552",-597.349124266009,"OLAM_P001",25
"67553",1290.08297573403,"OLAM_P001",50
"67554",4087.44112573401,"OLAM_P001",100
"67555",-2334.94532426598,"OLAM_P001",25
"67556",5072.98607573402,"OLAM_P001",50
"67557",8213.86558573402,"OLAM_P001",100
"67558",-3583.950914266,"OLAM_P001",25
"67559",-907.324024265981,"OLAM_P001",50
"67560",-2385.49156426598,"OLAM_P001",100
"67561",-977.125554265978,"OLAM_P001",25
"67562",-3044.558424266,"OLAM_P001",50
"67563",7367.83661573398,"OLAM_P001",100
"67564",-305.391624265991,"OLAM_P001",25
"67565",3975.427975734,"OLAM_P001",50
"67566",-6344.78355426597,"OLAM_P001",100
"67567",-899.226924266026,"OLAM_P001",25
"67568",-4523.185924266,"OLAM_P001",50
"67569",-8259.09842426598,"OLAM_P001",100
"67570",-398.333464265976,"OLAM_P001",25
"67571",3996.68557573401,"OLAM_P001",50
"67572",14012.419875734,"OLAM_P001",100
"67573",-2502.38652426598,"OLAM_P001",25
"67574",-1523.40156426601,"OLAM_P001",50
"67575",6261.00067573402,"OLAM_P001",100
"67576",181.746975734015,"OLAM_P001",25
"67577",1661.00677573401,"OLAM_P001",50
"67578",1188.11405573401,"OLAM_P001",100
"67579",-1978.96012426598,"OLAM_P001",25
"67580",1290.15443573397,"OLAM_P001",50
"67581",-69.1214242660208,"OLAM_P001",100
"67582",2416.692775734,"OLAM_P001",25
"67583",-1956.86662426603,"OLAM_P001",50
"67584",-1227.41062426602,"OLAM_P001",100
"67585",4113.84447573399,"OLAM_P001",25
"67586",-3794.966624266,"OLAM_P001",50
"67587",-10.8879942659987,"OLAM_P001",100
"67588",-854.563924266025,"OLAM_P001",25
"67589",-1840.74262426601,"OLAM_P001",50
"67590",-4619.17785426602,"OLAM_P001",100
"67591",249.092075733992,"OLAM_P001",25
"67592",-3793.90742426598,"OLAM_P001",50
"67593",1621.18211573397,"OLAM_P001",100
"67594",1105.64173573401,"OLAM_P001",25
"67595",-3605.86090426601,"OLAM_P001",50
"67596",-1268.360154266,"OLAM_P001",100
"67597",289.984175733989,"OLAM_P001",25
"67598",-2346.57272426598,"OLAM_P001",50
"67599",11045.833985734,"OLAM_P001",100
"67600",-2399.52598426602,"OLAM_P001",25
"67601",-4289.63892426598,"OLAM_P001",50
"67602",10331.205775734,"OLAM_P001",100
"67603",2615.61377573397,"OLAM_P001",25
"67604",-1463.98532426602,"OLAM_P001",50
"67605",8904.267995734,"OLAM_P001",100
"67606",3931.497975734,"OLAM_P001",25
"67607",-2838.07242426602,"OLAM_P001",50
"67608",6182.90627573401,"OLAM_P001",100
"67609",1590.13077573403,"OLAM_P001",25
"67610",-1747.08035426599,"OLAM_P001",50
"67611",1512.94075573399,"OLAM_P001",100
"67612",85.8216757340124,"OLAM_P001",25
"67613",-811.636784265982,"OLAM_P001",50
"67614",-1370.05292426603,"OLAM_P001",100
"67615",5880.97637573403,"OLAM_P001",25
"67616",-6219.31242426601,"OLAM_P001",50
"67617",-3763.98076426599,"OLAM_P001",100
"67618",1766.315275734,"OLAM_P001",25
"67619",-4108.17829426599,"OLAM_P001",50
"67620",3681.05094573402,"OLAM_P001",100
"67621",2366.96797573398,"OLAM_P001",25
"67622",6911.40517573402,"OLAM_P001",50
"67623",4828.40718573402,"OLAM_P001",100
"67624",-354.560924265999,"OLAM_P001",25
"67625",-6320.280484266,"OLAM_P001",50
"67626",-7835.73577426601,"OLAM_P001",100
"67627",-1547.08734426601,"OLAM_P001",25
"67628",2275.95327573398,"OLAM_P001",50
"67629",-1284.79138426599,"OLAM_P001",100
"67630",-2922.98892426601,"OLAM_P001",25
"67631",4587.32097573398,"OLAM_P001",50
"67632",2808.07067573402,"OLAM_P001",100
"67633",-1555.17782426602,"OLAM_P001",25
"67634",-3252.77362426597,"OLAM_P001",50
"67635",2732.358075734,"OLAM_P001",100
"67636",2019.32897573401,"OLAM_P001",25
"67637",-428.808504266024,"OLAM_P001",50
"67638",-6684.677874266,"OLAM_P001",100
"67639",-3360.50442426599,"OLAM_P001",25
"67640",3426.86286573397,"OLAM_P001",50
"67641",1768.04987573402,"OLAM_P001",100
"67642",-1270.65242426598,"OLAM_P001",25
"67643",177.143575733993,"OLAM_P001",50
"67644",855.307075734017,"OLAM_P001",100
"67645",4468.13033573399,"OLAM_P001",25
"67646",960.04507573403,"OLAM_P001",50
"67647",2855.83222573402,"OLAM_P001",100
"67648",3723.043175734,"OLAM_P001",25
"67649",-1113.02832426602,"OLAM_P001",50
"67650",-1623.38088426599,"OLAM_P001",100
"67651",-2969.633324266,"OLAM_P001",25
"67652",14258.975915734,"OLAM_P001",50
"67653",2911.13723573403,"OLAM_P001",100
"67654",-2321.43376426602,"OLAM_P001",25
"67655",583.450375734014,"OLAM_P001",50
"67656",4218.90483573399,"OLAM_P001",100
"67657",-1092.513224266,"OLAM_P001",25
"67658",-1800.38606426597,"OLAM_P001",50
"67659",444.318715734,"OLAM_P001",100
"67660",634.473675734014,"OLAM_P001",25
"67661",15461.355975734,"OLAM_P001",50
"67662",1526.37239573401,"OLAM_P001",100
"67663",-2239.385724266,"OLAM_P001",25
"67664",-3722.72886426601,"OLAM_P001",50
"67665",-3476.26502426597,"OLAM_P001",100
"67666",869.704415733984,"OLAM_P001",25
"67667",-2581.29830426601,"OLAM_P001",50
"67668",-843.956324265979,"OLAM_P001",100
"67669",1798.62577573402,"OLAM_P001",25
"67670",-722.577704266005,"OLAM_P001",50
"67671",-1214.57790426601,"OLAM_P001",100
"67672",294.218025734008,"OLAM_P001",25
"67673",618.884575733973,"OLAM_P001",50
"67674",-6190.679724266,"OLAM_P001",100
"67675",1907.66047573398,"OLAM_P001",25
"67676",-712.771234265994,"OLAM_P001",50
"67677",3844.47107573401,"OLAM_P001",100
"67678",-963.299524265982,"OLAM_P001",25
"67679",-2670.57142426597,"OLAM_P001",50
"67680",1429.233855734,"OLAM_P001",100
"67681",-1142.38232426601,"OLAM_P001",25
"67682",-1948.50782426598,"OLAM_P001",50
"67683",-9355.41630426602,"OLAM_P001",100
"67684",-1084.26452426601,"OLAM_P001",25
"67685",-2304.80767426599,"OLAM_P001",50
"67686",-6249.25561426597,"OLAM_P001",100
"67687",-389.060824265995,"OLAM_P001",25
"67688",3883.63787573401,"OLAM_P001",50
"67689",276.856425734004,"OLAM_P001",100
"67690",-1132.30238426599,"OLAM_P001",25
"67691",7023.55697573401,"OLAM_P001",50
"67692",1826.74739573401,"OLAM_P001",100
"67693",-4717.82316426601,"OLAM_P001",25
"67694",-1999.87333426601,"OLAM_P001",50
"67695",3573.43857573398,"OLAM_P001",100
"67696",-1955.88346426602,"OLAM_P001",25
"67697",1461.76217573398,"OLAM_P001",50
"67698",-7782.19875426602,"OLAM_P001",100
"67699",1814.02377573401,"OLAM_P001",25
"67700",2884.13672573399,"OLAM_P001",50
"67701",-4679.32832426601,"OLAM_P001",100
"67702",1709.75677573401,"OLAM_P001",25
"67703",-182.234724265989,"OLAM_P001",50
"67704",-2795.53793426597,"OLAM_P001",100
"67705",-2297.55022426601,"OLAM_P001",25
"67706",3859.39597573399,"OLAM_P001",50
"67707",-2962.98118426598,"OLAM_P001",100
"67708",5733.97757573402,"OLAM_P001",25
"67709",-5293.510624266,"OLAM_P001",50
"67710",-2818.34430426598,"OLAM_P001",100
"67711",-991.405824266025,"OLAM_P001",25
"67712",4907.04623573401,"OLAM_P001",50
"67713",7789.193615734,"OLAM_P001",100
"67714",-559.388364266022,"OLAM_P001",25
"67715",4170.43440573401,"OLAM_P001",50
"67716",-2120.62318426598,"OLAM_P001",100
"67717",7000.69047573401,"OLAM_P001",25
"67718",1370.86673573399,"OLAM_P001",50
"67719",-2552.71632426599,"OLAM_P001",100
"67720",1142.70887573401,"OLAM_P001",25
"67721",2596.77217573399,"OLAM_P001",50
"67722",7481.023935734,"OLAM_P001",100
"67723",2869.25943573401,"OLAM_P001",25
"67724",-2463.81972426601,"OLAM_P001",50
"67725",-1653.84222426597,"OLAM_P001",100
"67726",-844.012624265975,"OLAM_P001",25
"67727",611.286385733983,"OLAM_P001",50
"67728",-4806.61682426598,"OLAM_P001",100
"67729",-191.512224266015,"OLAM_P001",25
"67730",1270.91981573403,"OLAM_P001",50
"67731",3563.325075734,"OLAM_P001",100
"67732",-204.09482426598,"OLAM_P001",25
"67733",8581.398575734,"OLAM_P001",50
"67734",1052.45742573403,"OLAM_P001",100
"67735",-2296.92312426597,"OLAM_P001",25
"67736",3611.27657573402,"OLAM_P001",50
"67737",4154.49637573399,"OLAM_P001",100
"67738",-3500.73892426601,"OLAM_P001",25
"67739",-4259.67782426602,"OLAM_P001",50
"67740",-3330.206954266,"OLAM_P001",100
"67741",2463.77997573401,"OLAM_P001",25
"67742",-1568.25622426602,"OLAM_P001",50
"67743",14497.569885734,"OLAM_P001",100
"67744",-1250.27947426599,"OLAM_P001",25
"67745",-1841.62652426597,"OLAM_P001",50
"67746",-6402.27541426598,"OLAM_P001",100
"67747",-4497.34462426597,"OLAM_P001",25
"67748",841.816895733995,"OLAM_P001",50
"67749",10908.014575734,"OLAM_P001",100
"67750",4947.70307573403,"OLAM_P001",25
"67751",-2819.37052426598,"OLAM_P001",50
"67752",372.238075734,"OLAM_P001",100
"67753",-1710.03842426598,"OLAM_P001",25
"67754",-2131.34310426598,"OLAM_P001",50
"67755",-1026.51806426601,"OLAM_P001",100
"67756",-760.115404265991,"OLAM_P001",25
"67757",-4600.15912426601,"OLAM_P001",50
"67758",-2594.90776426601,"OLAM_P001",100
"67759",-699.87838426599,"OLAM_P001",25
"67760",-2591.87072426599,"OLAM_P001",50
"67761",6225.90567573399,"OLAM_P001",100
"67762",1207.165775734,"OLAM_P001",25
"67763",-3099.85707426601,"OLAM_P001",50
"67764",-5250.24002426601,"OLAM_P001",100
"67765",-1223.292524266,"OLAM_P001",25
"67766",-39.2715242659906,"OLAM_P001",50
"67767",851.116225734004,"OLAM_P001",100
"67768",5123.82157573401,"OLAM_P001",25
"67769",1520.621675734,"OLAM_P001",50
"67770",-2198.634524266,"OLAM_P001",100
"67771",-1236.984924266,"OLAM_P001",25
"67772",5146.713575734,"OLAM_P001",50
"67773",8854.562615734,"OLAM_P001",100
"67774",1395.09877573402,"OLAM_P001",25
"67775",1482.907595734,"OLAM_P001",50
"67776",1195.94313573401,"OLAM_P001",100
"67777",-3203.36952426599,"OLAM_P001",25
"67778",-2196.16686426598,"OLAM_P001",50
"67779",5741.67079573398,"OLAM_P001",100
"67780",-385.159364265972,"OLAM_P001",25
"67781",1277.13797573402,"OLAM_P001",50
"67782",4400.62807573401,"OLAM_P001",100
"67783",-1540.60932426597,"OLAM_P001",25
"67784",-837.48272426601,"OLAM_P001",50
"67785",-7047.57021426602,"OLAM_P001",100
"67786",278.142885733978,"OLAM_P001",25
"67787",-2492.183684266,"OLAM_P001",50
"67788",-1184.06022426602,"OLAM_P001",100
"67789",-471.643384266004,"OLAM_P001",25
"67790",17.9610557340202,"OLAM_P001",50
"67791",-3906.50829426601,"OLAM_P001",100
"67792",244.106765733974,"OLAM_P001",25
"67793",-5039.09952426597,"OLAM_P001",50
"67794",74.9306657339912,"OLAM_P001",100
"67795",236.838675734005,"OLAM_P001",25
"67796",-42.3575242660008,"OLAM_P001",50
"67797",-7461.16932426603,"OLAM_P001",100
"67798",393.778175733984,"OLAM_P001",25
"67799",-1220.15852426598,"OLAM_P001",50
"67800",3004.63739573403,"OLAM_P001",100
"67801",172.242184058305,"OLAM_P002",25
"67802",72.8257440583038,"OLAM_P002",50
"67803",4133.6004840583,"OLAM_P002",100
"67804",-0.40771594169928,"OLAM_P002",25
"67805",65.1886940583063,"OLAM_P002",50
"67806",3259.8429140583,"OLAM_P002",100
"67807",-4.63490594169707,"OLAM_P002",25
"67808",42.5630140583016,"OLAM_P002",50
"67809",1599.7620540583,"OLAM_P002",100
"67810",2.23973405830475,"OLAM_P002",25
"67811",450.287544058301,"OLAM_P002",50
"67812",1775.6299940583,"OLAM_P002",100
"67813",28.2727140583011,"OLAM_P002",25
"67814",3349.4584840583,"OLAM_P002",50
"67815",131.640464058306,"OLAM_P002",100
"67816",-4.0894059416969,"OLAM_P002",25
"67817",0.0216840583016165,"OLAM_P002",50
"67818",673.114244058306,"OLAM_P002",100
"67819",356.737544058306,"OLAM_P002",25
"67820",-14.4307659416954,"OLAM_P002",50
"67821",235.650974058306,"OLAM_P002",100
"67822",10.1561340583066,"OLAM_P002",25
"67823",1321.4554440583,"OLAM_P002",50
"67824",126.524294058305,"OLAM_P002",100
"67825",-30.540645941699,"OLAM_P002",25
"67826",120.414844058301,"OLAM_P002",50
"67827",396.059114058306,"OLAM_P002",100
"67828",100.268244058301,"OLAM_P002",25
"67829",340.204314058305,"OLAM_P002",50
"67830",2944.11323405831,"OLAM_P002",100
"67831",46.0409840583015,"OLAM_P002",25
"67832",128.469704058305,"OLAM_P002",50
"67833",292.943734058303,"OLAM_P002",100
"67834",7.86508405829954,"OLAM_P002",25
"67835",174.7209140583,"OLAM_P002",50
"67836",453.731804058305,"OLAM_P002",100
"67837",-11.3725259416969,"OLAM_P002",25
"67838",170.807664058302,"OLAM_P002",50
"67839",314.678454058303,"OLAM_P002",100
"67840",51.1160440583044,"OLAM_P002",25
"67841",84.7253640583003,"OLAM_P002",50
"67842",345.2425140583,"OLAM_P002",100
"67843",1014.21334405831,"OLAM_P002",25
"67844",19.3937640583026,"OLAM_P002",50
"67845",97.3294440583049,"OLAM_P002",100
"67846",10.2466240583017,"OLAM_P002",25
"67847",121.114794058303,"OLAM_P002",50
"67848",178.245044058305,"OLAM_P002",100
"67849",56.616414058306,"OLAM_P002",25
"67850",19.776014058305,"OLAM_P002",50
"67851",269.130314058304,"OLAM_P002",100
"67852",55.5780940583063,"OLAM_P002",25
"67853",2.10203405830543,"OLAM_P002",50
"67854",107.6935340583,"OLAM_P002",100
"67855",15.7471340582997,"OLAM_P002",25
"67856",14.3508040583038,"OLAM_P002",50
"67857",1011.8663540583,"OLAM_P002",100
"67858",24.2868040583053,"OLAM_P002",25
"67859",439.5470840583,"OLAM_P002",50
"67860",1559.5482440583,"OLAM_P002",100
"67861",-30.540645941699,"OLAM_P002",25
"67862",1589.9639940583,"OLAM_P002",50
"67863",121.754854058301,"OLAM_P002",100
"67864",1014.21334405831,"OLAM_P002",25
"67865",-9.63515594169439,"OLAM_P002",50
"67866",529.663624058303,"OLAM_P002",100
"67867",-28.7850959416974,"OLAM_P002",25
"67868",40.2458840583058,"OLAM_P002",50
"67869",73.580034058301,"OLAM_P002",100
"67870",-0.40771594169928,"OLAM_P002",25
"67871",522.333484058305,"OLAM_P002",50
"67872",140.994634058305,"OLAM_P002",100
"67873",53.5138740583061,"OLAM_P002",25
"67874",26.2957240583055,"OLAM_P002",50
"67875",642.420304058302,"OLAM_P002",100
"67876",-25.7874059416936,"OLAM_P002",25
"67877",78.867044058301,"OLAM_P002",50
"67878",47.0452540583065,"OLAM_P002",100
"67879",356.737544058306,"OLAM_P002",25
"67880",118.858484058306,"OLAM_P002",50
"67881",985.455494058304,"OLAM_P002",100
"67882",20.5932640583051,"OLAM_P002",25
"67883",-5.29003594169626,"OLAM_P002",50
"67884",729.9432740583,"OLAM_P002",100
"67885",-34.4027459416975,"OLAM_P002",25
"67886",-5.48256594169652,"OLAM_P002",50
"67887",381.407914058305,"OLAM_P002",100
"67888",4.07911405830237,"OLAM_P002",25
"67889",124.146274058301,"OLAM_P002",50
"67890",62.1638340583013,"OLAM_P002",100
"67891",-7.84365594169503,"OLAM_P002",25
"67892",516.5547140583,"OLAM_P002",50
"67893",98.9046540583004,"OLAM_P002",100
"67894",23.6810540583028,"OLAM_P002",25
"67895",38.5323740583044,"OLAM_P002",50
"67896",93.0871240583001,"OLAM_P002",100
"67897",3058.6808440583,"OLAM_P002",25
"67898",162.930994058304,"OLAM_P002",50
"67899",422.562954058303,"OLAM_P002",100
"67900",3.69328405830311,"OLAM_P002",25
"67901",2870.1023840583,"OLAM_P002",50
"67902",260.513064058301,"OLAM_P002",100
"67903",8.31255405830598,"OLAM_P002",25
"67904",42.1699740583063,"OLAM_P002",50
"67905",199.7479940583,"OLAM_P002",100
"67906",-13.2502459416937,"OLAM_P002",25
"67907",997.761044058301,"OLAM_P002",50
"67908",356.289134058301,"OLAM_P002",100
"67909",147.506344058304,"OLAM_P002",25
"67910",-12.097505941696,"OLAM_P002",50
"67911",178.019634058306,"OLAM_P002",100
"67912",90.7181440583008,"OLAM_P002",25
"67913",-13.2062659416988,"OLAM_P002",50
"67914",175.218364058303,"OLAM_P002",100
"67915",31.2051840583008,"OLAM_P002",25
"67916",87.495734058306,"OLAM_P002",50
"67917",1152.7640340583,"OLAM_P002",100
"67918",4.33266405830364,"OLAM_P002",25
"67919",3163.34984405831,"OLAM_P002",50
"67920",1185.21044405831,"OLAM_P002",100
"67921",299.5030440583,"OLAM_P002",25
"67922",21.3168240583036,"OLAM_P002",50
"67923",97.8285640583053,"OLAM_P002",100
"67924",303.441844058303,"OLAM_P002",25
"67925",-19.5895859416996,"OLAM_P002",50
"67926",3210.1801840583,"OLAM_P002",100
"67927",883.529184058301,"OLAM_P002",25
"67928",1530.8224440583,"OLAM_P002",50
"67929",2783.5985640583,"OLAM_P002",100
"67930",97.7160440583029,"OLAM_P002",25
"67931",731.520144058304,"OLAM_P002",50
"67932",325.925434058307,"OLAM_P002",100
"67933",26.1364240583061,"OLAM_P002",25
"67934",5185.2475240583,"OLAM_P002",50
"67935",1245.9172740583,"OLAM_P002",100
"67936",89.6109440583023,"OLAM_P002",25
"67937",5213.91913405831,"OLAM_P002",50
"67938",113.176374058305,"OLAM_P002",100
"67939",312.706144058306,"OLAM_P002",25
"67940",150.688014058302,"OLAM_P002",50
"67941",617.3823640583,"OLAM_P002",100
"67942",31.1643540583027,"OLAM_P002",25
"67943",72.9551240583023,"OLAM_P002",50
"67944",127.703124058302,"OLAM_P002",100
"67945",29.8269640583021,"OLAM_P002",25
"67946",219.840954058302,"OLAM_P002",50
"67947",-21.1856159417002,"OLAM_P002",100
"67948",56.616414058306,"OLAM_P002",25
"67949",22.7421540583018,"OLAM_P002",50
"67950",735.660074058302,"OLAM_P002",100
"67951",8.23810405830591,"OLAM_P002",25
"67952",13.9619840583036,"OLAM_P002",50
"67953",1297.3587540583,"OLAM_P002",100
"67954",391.311844058306,"OLAM_P002",25
"67955",170.901864058302,"OLAM_P002",50
"67956",320.272004058301,"OLAM_P002",100
"67957",2.59822405830346,"OLAM_P002",25
"67958",6.06316405830148,"OLAM_P002",50
"67959",202.312504058304,"OLAM_P002",100
"67960",-38.4199959416947,"OLAM_P002",25
"67961",-17.7908659416935,"OLAM_P002",50
"67962",266.528654058304,"OLAM_P002",100
"67963",-5.392605941699,"OLAM_P002",25
"67964",43.8069940583009,"OLAM_P002",50
"67965",1218.2912440583,"OLAM_P002",100
"67966",3087.4656840583,"OLAM_P002",25
"67967",88.7636840583,"OLAM_P002",50
"67968",400.080214058304,"OLAM_P002",100
"67969",-32.2358259416942,"OLAM_P002",25
"67970",100.4792740583,"OLAM_P002",50
"67971",524.638424058307,"OLAM_P002",100
"67972",53.5138740583061,"OLAM_P002",25
"67973",2793.8045440583,"OLAM_P002",50
"67974",160.669234058303,"OLAM_P002",100
"67975",-4.87088594169472,"OLAM_P002",25
"67976",1037.89465405831,"OLAM_P002",50
"67977",130.011164058305,"OLAM_P002",100
"67978",356.737544058306,"OLAM_P002",25
"67979",88.2339740583047,"OLAM_P002",50
"67980",48.5239040583037,"OLAM_P002",100
"67981",118.395784058303,"OLAM_P002",25
"67982",122.455434058305,"OLAM_P002",50
"67983",117.488634058303,"OLAM_P002",100
"67984",-38.4199959416947,"OLAM_P002",25
"67985",35.3337540583016,"OLAM_P002",50
"67986",45.1703040583016,"OLAM_P002",100
"67987",-5.392605941699,"OLAM_P002",25
"67988",1.54388405830105,"OLAM_P002",50
"67989",220.614704058302,"OLAM_P002",100
"67990",21.9542740583056,"OLAM_P002",25
"67991",139.425954058301,"OLAM_P002",50
"67992",110.8369940583,"OLAM_P002",100
"67993",-20.4722859416943,"OLAM_P002",25
"67994",592.786314058299,"OLAM_P002",50
"67995",41.791814058306,"OLAM_P002",100
"67996",13.313104058303,"OLAM_P002",25
"67997",35.4639140583022,"OLAM_P002",50
"67998",121.284754058302,"OLAM_P002",100
"67999",417.341044058303,"OLAM_P002",25
"68000",-9.49451594169659,"OLAM_P002",50
"68001",-9.40601594169857,"OLAM_P002",100
"68002",391.311844058306,"OLAM_P002",25
"68003",12.5251040583025,"OLAM_P002",50
"68004",849.682454058304,"OLAM_P002",100
"68005",-2.2013459416994,"OLAM_P002",25
"68006",143.353064058305,"OLAM_P002",50
"68007",5307.46055405831,"OLAM_P002",100
"68008",-22.4429959416957,"OLAM_P002",25
"68009",29.3906040583024,"OLAM_P002",50
"68010",151.716844058305,"OLAM_P002",100
"68011",0.849854058302299,"OLAM_P002",25
"68012",-11.4233359416976,"OLAM_P002",50
"68013",279.242004058302,"OLAM_P002",100
"68014",25.3053840583016,"OLAM_P002",25
"68015",15.6829440583024,"OLAM_P002",50
"68016",546.2772240583,"OLAM_P002",100
"68017",97.7160440583029,"OLAM_P002",25
"68018",290.934564058305,"OLAM_P002",50
"68019",478.0188840583,"OLAM_P002",100
"68020",75.6898440583027,"OLAM_P002",25
"68021",420.872384058304,"OLAM_P002",50
"68022",52.8136540583,"OLAM_P002",100
"68023",22.8444940582995,"OLAM_P002",25
"68024",3773.5522840583,"OLAM_P002",50
"68025",3187.0771540583,"OLAM_P002",100
"68026",35.1439840583043,"OLAM_P002",25
"68027",55.7161840582994,"OLAM_P002",50
"68028",129.846764058304,"OLAM_P002",100
"68029",16.0296540583004,"OLAM_P002",25
"68030",1050.1186540583,"OLAM_P002",50
"68031",8292.81345405831,"OLAM_P002",100
"68032",84.4980440583022,"OLAM_P002",25
"68033",-33.4197459416973,"OLAM_P002",50
"68034",288.832284058306,"OLAM_P002",100
"68035",-28.7850959416974,"OLAM_P002",25
"68036",46.6427640583061,"OLAM_P002",50
"68037",185.494224058304,"OLAM_P002",100
"68038",52.1772240583014,"OLAM_P002",25
"68039",221.877424058301,"OLAM_P002",50
"68040",57.2413040583051,"OLAM_P002",100
"68041",-2.93875594169367,"OLAM_P002",25
"68042",79.0968240583024,"OLAM_P002",50
"68043",110.196274058304,"OLAM_P002",100
"68044",108.199044058303,"OLAM_P002",25
"68045",432.427644058305,"OLAM_P002",50
"68046",528.271474058303,"OLAM_P002",100
"68047",29.1704140583024,"OLAM_P002",25
"68048",1955.0299840583,"OLAM_P002",50
"68049",158.688134058306,"OLAM_P002",100
"68050",88.1915840583024,"OLAM_P002",25
"68051",59.8058940582996,"OLAM_P002",50
"68052",121.795294058305,"OLAM_P002",100
"68053",5215.3726840583,"OLAM_P002",25
"68054",0.955544058306259,"OLAM_P002",50
"68055",184.003444058304,"OLAM_P002",100
"68056",-24.4521759416966,"OLAM_P002",25
"68057",298.047714058303,"OLAM_P002",50
"68058",32.2650340583059,"OLAM_P002",100
"68059",-1.45380594169546,"OLAM_P002",25
"68060",420.096684058306,"OLAM_P002",50
"68061",5994.95758405831,"OLAM_P002",100
"68062",438.493544058299,"OLAM_P002",25
"68063",53.5962340583064,"OLAM_P002",50
"68064",182.644414058304,"OLAM_P002",100
"68065",97.3401840583028,"OLAM_P002",25
"68066",166.341794058302,"OLAM_P002",50
"68067",1978.6607340583,"OLAM_P002",100
"68068",883.529184058301,"OLAM_P002",25
"68069",1090.4209440583,"OLAM_P002",50
"68070",1588.3039540583,"OLAM_P002",100
"68071",0.849854058302299,"OLAM_P002",25
"68072",45.1904240583026,"OLAM_P002",50
"68073",141.461224058301,"OLAM_P002",100
"68074",10.5840040583062,"OLAM_P002",25
"68075",-30.540645941699,"OLAM_P002",50
"68076",510.826084058303,"OLAM_P002",100
"68077",31.0807040583022,"OLAM_P002",25
"68078",19.0346840583006,"OLAM_P002",50
"68079",144.724814058303,"OLAM_P002",100
"68080",89.7078440583064,"OLAM_P002",25
"68081",301.743034058301,"OLAM_P002",50
"68082",1034.06872405831,"OLAM_P002",100
"68083",-13.2502459416937,"OLAM_P002",25
"68084",58.1473840583058,"OLAM_P002",50
"68085",3373.5921540583,"OLAM_P002",100
"68086",4.33266405830364,"OLAM_P002",25
"68087",226.605484058302,"OLAM_P002",50
"68088",2913.1908740583,"OLAM_P002",100
"68089",5.63188405830442,"OLAM_P002",25
"68090",13.345714058305,"OLAM_P002",50
"68091",1165.2216440583,"OLAM_P002",100
"68092",35.1439840583043,"OLAM_P002",25
"68093",310.065894058302,"OLAM_P002",50
"68094",165.432724058301,"OLAM_P002",100
"68095",-5.4053659416968,"OLAM_P002",25
"68096",58.2548240583055,"OLAM_P002",50
"68097",7.80072405830288,"OLAM_P002",100
"68098",28.2727140583011,"OLAM_P002",25
"68099",1040.6463140583,"OLAM_P002",50
"68100",234.632594058305,"OLAM_P002",100
"68101",-46991.707884925,"OLAM_P003",25
"68102",-40505.427364925,"OLAM_P003",50
"68103",-47602.958474925,"OLAM_P003",100
"68104",-6191.46123492497,"OLAM_P003",25
"68105",-284.68372492498,"OLAM_P003",50
"68106",-42600.034034925,"OLAM_P003",100
"68107",9107.18244507501,"OLAM_P003",25
"68108",-46241.004804925,"OLAM_P003",50
"68109",-38705.757304925,"OLAM_P003",100
"68110",-3652.65729492495,"OLAM_P003",25
"68111",-47131.223054925,"OLAM_P003",50
"68112",36254.064505075,"OLAM_P003",100
"68113",8141.47788507503,"OLAM_P003",25
"68114",-39460.689274925,"OLAM_P003",50
"68115",-19922.802914925,"OLAM_P003",100
"68116",-38482.649064925,"OLAM_P003",25
"68117",-44224.448394925,"OLAM_P003",50
"68118",-35943.476494925,"OLAM_P003",100
"68119",534.856315075012,"OLAM_P003",25
"68120",-40422.672654925,"OLAM_P003",50
"68121",-23230.279544925,"OLAM_P003",100
"68122",1686.06832507503,"OLAM_P003",25
"68123",-50385.531824925,"OLAM_P003",50
"68124",-40210.526924925,"OLAM_P003",100
"68125",-3816.28166492499,"OLAM_P003",25
"68126",-45760.935594925,"OLAM_P003",50
"68127",-53768.368474925,"OLAM_P003",100
"68128",996.186615075043,"OLAM_P003",25
"68129",-53637.300544925,"OLAM_P003",50
"68130",-32152.929834925,"OLAM_P003",100
"68131",-39.4244949249551,"OLAM_P003",25
"68132",-43308.800004925,"OLAM_P003",50
"68133",-32006.977544925,"OLAM_P003",100
"68134",1847.18582507502,"OLAM_P003",25
"68135",-37878.341504925,"OLAM_P003",50
"68136",-14072.287854925,"OLAM_P003",100
"68137",2714.74197507504,"OLAM_P003",25
"68138",26566.034855075,"OLAM_P003",50
"68139",-20289.650814925,"OLAM_P003",100
"68140",103.875715075003,"OLAM_P003",25
"68141",-43317.568514925,"OLAM_P003",50
"68142",-35890.752744925,"OLAM_P003",100
"68143",-1763.54045492498,"OLAM_P003",25
"68144",-1216.22291492496,"OLAM_P003",50
"68145",-47757.420754925,"OLAM_P003",100
"68146",-44554.926614925,"OLAM_P003",25
"68147",138.16777507501,"OLAM_P003",50
"68148",-42428.092374925,"OLAM_P003",100
"68149",-48.7149949249579,"OLAM_P003",25
"68150",-47524.737624925,"OLAM_P003",50
"68151",-38466.401264925,"OLAM_P003",100
"68152",812.048515075003,"OLAM_P003",25
"68153",2905.87130507501,"OLAM_P003",50
"68154",-23866.009874925,"OLAM_P003",100
"68155",-403.297834925004,"OLAM_P003",25
"68156",1047.32349507505,"OLAM_P003",50
"68157",-46663.380784925,"OLAM_P003",100
"68158",-47087.815524925,"OLAM_P003",25
"68159",-42629.516064925,"OLAM_P003",50
"68160",-4084.058864925,"OLAM_P003",100
"68161",1774.44764507504,"OLAM_P003",25
"68162",15881.194305075,"OLAM_P003",50
"68163",-38594.105454925,"OLAM_P003",100
"68164",-40674.953934925,"OLAM_P003",25
"68165",2196.031155075,"OLAM_P003",50
"68166",-37283.291164925,"OLAM_P003",100
"68167",-2840.96672492498,"OLAM_P003",25
"68168",-6038.24523492501,"OLAM_P003",50
"68169",-17679.645134925,"OLAM_P003",100
"68170",1166.264085075,"OLAM_P003",25
"68171",33544.032425075,"OLAM_P003",50
"68172",-36673.056674925,"OLAM_P003",100
"68173",-43743.560314925,"OLAM_P003",25
"68174",6551.96767507499,"OLAM_P003",50
"68175",-34288.743334925,"OLAM_P003",100
"68176",-675.015544925001,"OLAM_P003",25
"68177",-43981.106964925,"OLAM_P003",50
"68178",-20739.472434925,"OLAM_P003",100
"68179",-3055.75675492501,"OLAM_P003",25
"68180",8478.51451507502,"OLAM_P003",50
"68181",-17379.114144925,"OLAM_P003",100
"68182",1078.24862507504,"OLAM_P003",25
"68183",-46912.068944925,"OLAM_P003",50
"68184",-30256.678284925,"OLAM_P003",100
"68185",-1272.71458492498,"OLAM_P003",25
"68186",-30828.050664925,"OLAM_P003",50
"68187",-39036.428614925,"OLAM_P003",100
"68188",-375.040534925007,"OLAM_P003",25
"68189",-42644.189414925,"OLAM_P003",50
"68190",-34726.571934925,"OLAM_P003",100
"68191",-78.7196349249571,"OLAM_P003",25
"68192",-51481.920984925,"OLAM_P003",50
"68193",-42181.190764925,"OLAM_P003",100
"68194",-1270.20156492497,"OLAM_P003",25
"68195",8035.97961507505,"OLAM_P003",50
"68196",-20500.457504925,"OLAM_P003",100
"68197",-45495.810974925,"OLAM_P003",25
"68198",-35003.520454925,"OLAM_P003",50
"68199",-14834.552174925,"OLAM_P003",100
"68200",4301.42389507504,"OLAM_P003",25
"68201",-39437.622704925,"OLAM_P003",50
"68202",-40442.494674925,"OLAM_P003",100
"68203",-2150.68660492497,"OLAM_P003",25
"68204",-22723.658624925,"OLAM_P003",50
"68205",-15270.765284925,"OLAM_P003",100
"68206",5661.98797507503,"OLAM_P003",25
"68207",6628.97461507504,"OLAM_P003",50
"68208",-39948.748264925,"OLAM_P003",100
"68209",26768.594385075,"OLAM_P003",25
"68210",-42235.068604925,"OLAM_P003",50
"68211",-48425.216444925,"OLAM_P003",100
"68212",-1793.15534492501,"OLAM_P003",25
"68213",-44096.335374925,"OLAM_P003",50
"68214",-50226.355454925,"OLAM_P003",100
"68215",-1371.07313492498,"OLAM_P003",25
"68216",14747.329855075,"OLAM_P003",50
"68217",-9074.78107492498,"OLAM_P003",100
"68218",3308.605045075,"OLAM_P003",25
"68219",2322.34470507503,"OLAM_P003",50
"68220",-48169.049294925,"OLAM_P003",100
"68221",-459.510014924977,"OLAM_P003",25
"68222",-51661.057334925,"OLAM_P003",50
"68223",-41933.910024925,"OLAM_P003",100
"68224",1116.73352507502,"OLAM_P003",25
"68225",13266.912345075,"OLAM_P003",50
"68226",-16712.894804925,"OLAM_P003",100
"68227",-45862.731814925,"OLAM_P003",25
"68228",12228.237975075,"OLAM_P003",50
"68229",-42128.054124925,"OLAM_P003",100
"68230",19.2293050750159,"OLAM_P003",25
"68231",-47851.478404925,"OLAM_P003",50
"68232",-46041.004784925,"OLAM_P003",100
"68233",-158.918494924961,"OLAM_P003",25
"68234",-38198.580104925,"OLAM_P003",50
"68235",-26609.780094925,"OLAM_P003",100
"68236",3174.315585075,"OLAM_P003",25
"68237",23855.077275075,"OLAM_P003",50
"68238",-39628.058544925,"OLAM_P003",100
"68239",-40094.336374925,"OLAM_P003",25
"68240",6685.61141507502,"OLAM_P003",50
"68241",-31123.257204925,"OLAM_P003",100
"68242",120.242675075016,"OLAM_P003",25
"68243",-39921.568264925,"OLAM_P003",50
"68244",-34868.964384925,"OLAM_P003",100
"68245",-45721.444894925,"OLAM_P003",25
"68246",-4947.66974492499,"OLAM_P003",50
"68247",-38682.066924925,"OLAM_P003",100
"68248",-2101.53202492499,"OLAM_P003",25
"68249",-4241.26907492499,"OLAM_P003",50
"68250",-15130.870594925,"OLAM_P003",100
"68251",2296.20129507501,"OLAM_P003",25
"68252",1771.64775507501,"OLAM_P003",50
"68253",-24759.822464925,"OLAM_P003",100
"68254",5120.45198507502,"OLAM_P003",25
"68255",20142.350035075,"OLAM_P003",50
"68256",-45844.620234925,"OLAM_P003",100
"68257",-709.277444924985,"OLAM_P003",25
"68258",-38701.545554925,"OLAM_P003",50
"68259",-44488.710054925,"OLAM_P003",100
"68260",1115.85430507502,"OLAM_P003",25
"68261",-49973.480224925,"OLAM_P003",50
"68262",-28643.832244925,"OLAM_P003",100
"68263",-49757.615574925,"OLAM_P003",25
"68264",17089.228145075,"OLAM_P003",50
"68265",-16377.161134925,"OLAM_P003",100
"68266",-356.484834924981,"OLAM_P003",25
"68267",43262.658885075,"OLAM_P003",50
"68268",-19653.809024925,"OLAM_P003",100
"68269",25491.291935075,"OLAM_P003",25
"68270",-40074.051294925,"OLAM_P003",50
"68271",-48608.710114925,"OLAM_P003",100
"68272",11324.806675075,"OLAM_P003",25
"68273",-3987.00858492497,"OLAM_P003",50
"68274",-4863.47086492495,"OLAM_P003",100
"68275",-708.99358492496,"OLAM_P003",25
"68276",-33700.565624925,"OLAM_P003",50
"68277",-24433.925174925,"OLAM_P003",100
"68278",-2858.85334492498,"OLAM_P003",25
"68279",17660.587115075,"OLAM_P003",50
"68280",-47180.050954925,"OLAM_P003",100
"68281",30310.712745075,"OLAM_P003",25
"68282",-46378.464744925,"OLAM_P003",50
"68283",-40308.639474925,"OLAM_P003",100
"68284",-381.267514924984,"OLAM_P003",25
"68285",-44270.857964925,"OLAM_P003",50
"68286",-39372.262754925,"OLAM_P003",100
"68287",-540.022274924966,"OLAM_P003",25
"68288",-21701.177294925,"OLAM_P003",50
"68289",-47911.959174925,"OLAM_P003",100
"68290",3227.372175075,"OLAM_P003",25
"68291",-43051.099244925,"OLAM_P003",50
"68292",-14531.801714925,"OLAM_P003",100
"68293",-28333.038444925,"OLAM_P003",25
"68294",-39556.243964925,"OLAM_P003",50
"68295",-39150.473324925,"OLAM_P003",100
"68296",-1046.07784492499,"OLAM_P003",25
"68297",-37430.496764925,"OLAM_P003",50
"68298",-38132.278914925,"OLAM_P003",100
"68299",614.214035075041,"OLAM_P003",25
"68300",-23886.171024925,"OLAM_P003",50
"68301",-50223.167284925,"OLAM_P003",100
"68302",419.015025075001,"OLAM_P003",25
"68303",3362.836025075,"OLAM_P003",50
"68304",24431.175865075,"OLAM_P003",100
"68305",10597.889945075,"OLAM_P003",25
"68306",12646.744065075,"OLAM_P003",50
"68307",-31071.260154925,"OLAM_P003",100
"68308",6359.011425075,"OLAM_P003",25
"68309",-46287.225654925,"OLAM_P003",50
"68310",-39665.022534925,"OLAM_P003",100
"68311",-733.811024924973,"OLAM_P003",25
"68312",-48560.885784925,"OLAM_P003",50
"68313",-33811.877224925,"OLAM_P003",100
"68314",-1589.12273492495,"OLAM_P003",25
"68315",61.6321850750246,"OLAM_P003",50
"68316",-43388.226444925,"OLAM_P003",100
"68317",2972.20475507504,"OLAM_P003",25
"68318",9737.91631507501,"OLAM_P003",50
"68319",-49981.302514925,"OLAM_P003",100
"68320",-192.543414924992,"OLAM_P003",25
"68321",-39740.762764925,"OLAM_P003",50
"68322",-21603.359964925,"OLAM_P003",100
"68323",6948.991625075,"OLAM_P003",25
"68324",763.89545507502,"OLAM_P003",50
"68325",-51098.813454925,"OLAM_P003",100
"68326",10821.863645075,"OLAM_P003",25
"68327",-28418.320984925,"OLAM_P003",50
"68328",-28892.363864925,"OLAM_P003",100
"68329",-4078.942564925,"OLAM_P003",25
"68330",-38006.690854925,"OLAM_P003",50
"68331",-42090.255854925,"OLAM_P003",100
"68332",23503.116245075,"OLAM_P003",25
"68333",-5832.51662492496,"OLAM_P003",50
"68334",-38285.420354925,"OLAM_P003",100
"68335",-4982.60015492496,"OLAM_P003",25
"68336",-7517.16094492498,"OLAM_P003",50
"68337",6381.99724507501,"OLAM_P003",100
"68338",3562.27149507502,"OLAM_P003",25
"68339",-43376.332594925,"OLAM_P003",50
"68340",-48879.116954925,"OLAM_P003",100
"68341",-2090.55472492496,"OLAM_P003",25
"68342",14734.822565075,"OLAM_P003",50
"68343",-40504.737194925,"OLAM_P003",100
"68344",-4646.73717492499,"OLAM_P003",25
"68345",9539.72727507504,"OLAM_P003",50
"68346",-15230.773304925,"OLAM_P003",100
"68347",3786.49828507501,"OLAM_P003",25
"68348",-46028.947814925,"OLAM_P003",50
"68349",-50288.318684925,"OLAM_P003",100
"68350",-2609.02806492499,"OLAM_P003",25
"68351",-1300.90221492498,"OLAM_P003",50
"68352",-37000.192994925,"OLAM_P003",100
"68353",-43343.105784925,"OLAM_P003",25
"68354",8959.76253507502,"OLAM_P003",50
"68355",-42487.954414925,"OLAM_P003",100
"68356",-33023.740344925,"OLAM_P003",25
"68357",-6432.85126492498,"OLAM_P003",50
"68358",-50234.953764925,"OLAM_P003",100
"68359",4154.740295075,"OLAM_P003",25
"68360",-40334.131754925,"OLAM_P003",50
"68361",-33904.823134925,"OLAM_P003",100
"68362",-3860.45305492496,"OLAM_P003",25
"68363",-31753.196674925,"OLAM_P003",50
"68364",-32089.094744925,"OLAM_P003",100
"68365",8503.62904507504,"OLAM_P003",25
"68366",-42775.196394925,"OLAM_P003",50
"68367",-47937.011774925,"OLAM_P003",100
"68368",4055.522035075,"OLAM_P003",25
"68369",-42991.368334925,"OLAM_P003",50
"68370",-30816.724594925,"OLAM_P003",100
"68371",23069.879755075,"OLAM_P003",25
"68372",24345.684735075,"OLAM_P003",50
"68373",-31999.285494925,"OLAM_P003",100
"68374",-909.870054924977,"OLAM_P003",25
"68375",-40425.938934925,"OLAM_P003",50
"68376",-41665.253234925,"OLAM_P003",100
"68377",6545.69630507502,"OLAM_P003",25
"68378",-34928.731044925,"OLAM_P003",50
"68379",-37275.476164925,"OLAM_P003",100
"68380",4799.439835075,"OLAM_P003",25
"68381",-39462.737164925,"OLAM_P003",50
"68382",-45432.608724925,"OLAM_P003",100
"68383",-1571.44479492499,"OLAM_P003",25
"68384",-44271.441944925,"OLAM_P003",50
"68385",-32689.903714925,"OLAM_P003",100
"68386",-41954.851004925,"OLAM_P003",25
"68387",-40712.096054925,"OLAM_P003",50
"68388",-43637.744894925,"OLAM_P003",100
"68389",-1380.07231492497,"OLAM_P003",25
"68390",-42718.197034925,"OLAM_P003",50
"68391",-50756.240014925,"OLAM_P003",100
"68392",-42117.850654925,"OLAM_P003",25
"68393",-2424.56581492501,"OLAM_P003",50
"68394",-36432.668454925,"OLAM_P003",100
"68395",497.261795075028,"OLAM_P003",25
"68396",-21004.556334925,"OLAM_P003",50
"68397",-39786.334214925,"OLAM_P003",100
"68398",3172.54196507501,"OLAM_P003",25
"68399",-38477.129234925,"OLAM_P003",50
"68400",-34235.129604925,"OLAM_P003",100
"68401",-9259.59202585899,"OLAM_P004",25
"68402",-10967.639185859,"OLAM_P004",50
"68403",-8093.12818585901,"OLAM_P004",100
"68404",-10786.520065859,"OLAM_P004",25
"68405",-8639.02145585901,"OLAM_P004",50
"68406",-5839.68222585903,"OLAM_P004",100
"68407",-5531.74797585898,"OLAM_P004",25
"68408",-8623.06331585901,"OLAM_P004",50
"68409",-32715.183175859,"OLAM_P004",100
"68410",-4633.58139585902,"OLAM_P004",25
"68411",-14367.866335859,"OLAM_P004",50
"68412",-16304.438035859,"OLAM_P004",100
"68413",9493.79032414098,"OLAM_P004",25
"68414",-11249.202415859,"OLAM_P004",50
"68415",-22469.981705859,"OLAM_P004",100
"68416",-7761.21127585898,"OLAM_P004",25
"68417",-2878.710735859,"OLAM_P004",50
"68418",-5121.60323585902,"OLAM_P004",100
"68419",1237.68142414099,"OLAM_P004",25
"68420",-9405.67391585902,"OLAM_P004",50
"68421",-21675.548065859,"OLAM_P004",100
"68422",-1207.70605585899,"OLAM_P004",25
"68423",-4829.73831585899,"OLAM_P004",50
"68424",-34959.999615859,"OLAM_P004",100
"68425",-4662.080445859,"OLAM_P004",25
"68426",14554.926844141,"OLAM_P004",50
"68427",-35520.245105859,"OLAM_P004",100
"68428",-4966.30743585899,"OLAM_P004",25
"68429",-10175.554395859,"OLAM_P004",50
"68430",-22666.162735859,"OLAM_P004",100
"68431",4390.17437414097,"OLAM_P004",25
"68432",-7914.24312585901,"OLAM_P004",50
"68433",-25709.598065859,"OLAM_P004",100
"68434",-6511.01711585902,"OLAM_P004",25
"68435",-4742.35584585898,"OLAM_P004",50
"68436",-20885.509015859,"OLAM_P004",100
"68437",-5382.92839585902,"OLAM_P004",25
"68438",-7607.83504585898,"OLAM_P004",50
"68439",-11152.093515859,"OLAM_P004",100
"68440",-3342.12121585902,"OLAM_P004",25
"68441",20896.014604141,"OLAM_P004",50
"68442",-7818.81080585899,"OLAM_P004",100
"68443",7894.20048414101,"OLAM_P004",25
"68444",1234.10762414098,"OLAM_P004",50
"68445",-15817.881935859,"OLAM_P004",100
"68446",-17039.720245859,"OLAM_P004",25
"68447",-18470.212475859,"OLAM_P004",50
"68448",-21932.386675859,"OLAM_P004",100
"68449",-6271.30626585899,"OLAM_P004",25
"68450",10587.739884141,"OLAM_P004",50
"68451",-16246.750985859,"OLAM_P004",100
"68452",-12716.392545859,"OLAM_P004",25
"68453",-19567.994105859,"OLAM_P004",50
"68454",-36907.952905859,"OLAM_P004",100
"68455",-7769.19296585902,"OLAM_P004",25
"68456",-5278.27786585898,"OLAM_P004",50
"68457",-31580.734125859,"OLAM_P004",100
"68458",-5191.29088585899,"OLAM_P004",25
"68459",-28988.259405859,"OLAM_P004",50
"68460",-20763.639335859,"OLAM_P004",100
"68461",-10646.544135859,"OLAM_P004",25
"68462",-4786.12086585897,"OLAM_P004",50
"68463",-25564.251805859,"OLAM_P004",100
"68464",-13301.840505859,"OLAM_P004",25
"68465",-23942.136755859,"OLAM_P004",50
"68466",-7952.948825859,"OLAM_P004",100
"68467",-18559.375005859,"OLAM_P004",25
"68468",-2752.97159585898,"OLAM_P004",50
"68469",-20522.805975859,"OLAM_P004",100
"68470",-1502.83847585903,"OLAM_P004",25
"68471",-11365.872825859,"OLAM_P004",50
"68472",-7540.61449585902,"OLAM_P004",100
"68473",1186.26545414102,"OLAM_P004",25
"68474",11468.180974141,"OLAM_P004",50
"68475",-28507.236675859,"OLAM_P004",100
"68476",-14088.765055859,"OLAM_P004",25
"68477",2105.72285414103,"OLAM_P004",50
"68478",-16570.338105859,"OLAM_P004",100
"68479",-13760.442115859,"OLAM_P004",25
"68480",-23643.623415859,"OLAM_P004",50
"68481",-29163.972795859,"OLAM_P004",100
"68482",-11714.274815859,"OLAM_P004",25
"68483",-16664.496825859,"OLAM_P004",50
"68484",-24358.652585859,"OLAM_P004",100
"68485",-2420.10086585901,"OLAM_P004",25
"68486",-22881.144575859,"OLAM_P004",50
"68487",-36604.277685859,"OLAM_P004",100
"68488",6214.837094141,"OLAM_P004",25
"68489",-2896.23593585897,"OLAM_P004",50
"68490",18441.491264141,"OLAM_P004",100
"68491",4722.72477414098,"OLAM_P004",25
"68492",-16488.697665859,"OLAM_P004",50
"68493",-19496.179685859,"OLAM_P004",100
"68494",6644.54881414102,"OLAM_P004",25
"68495",-29753.103505859,"OLAM_P004",50
"68496",-11048.375645859,"OLAM_P004",100
"68497",-6024.03716585902,"OLAM_P004",25
"68498",-12034.836105859,"OLAM_P004",50
"68499",-25216.309665859,"OLAM_P004",100
"68500",-201.724065858987,"OLAM_P004",25
"68501",-14567.659635859,"OLAM_P004",50
"68502",-22100.510115859,"OLAM_P004",100
"68503",-4471.56790585897,"OLAM_P004",25
"68504",-14960.725975859,"OLAM_P004",50
"68505",8659.20443414099,"OLAM_P004",100
"68506",1269.89175414102,"OLAM_P004",25
"68507",-1557.28680585901,"OLAM_P004",50
"68508",-18516.581265859,"OLAM_P004",100
"68509",4086.87966414099,"OLAM_P004",25
"68510",-17206.451395859,"OLAM_P004",50
"68511",-31258.341295859,"OLAM_P004",100
"68512",14055.641064141,"OLAM_P004",25
"68513",-17711.417325859,"OLAM_P004",50
"68514",-2783.50965585897,"OLAM_P004",100
"68515",-1611.80423585902,"OLAM_P004",25
"68516",-28035.744595859,"OLAM_P004",50
"68517",-10488.642135859,"OLAM_P004",100
"68518",-15800.889025859,"OLAM_P004",25
"68519",-11645.117615859,"OLAM_P004",50
"68520",-19682.282755859,"OLAM_P004",100
"68521",-4987.808965859,"OLAM_P004",25
"68522",870.896224141004,"OLAM_P004",50
"68523",-19179.573655859,"OLAM_P004",100
"68524",-20736.283145859,"OLAM_P004",25
"68525",-24677.802655859,"OLAM_P004",50
"68526",-26814.774285859,"OLAM_P004",100
"68527",-3684.84441585897,"OLAM_P004",25
"68528",-1937.01316585898,"OLAM_P004",50
"68529",-21315.291485859,"OLAM_P004",100
"68530",-86.7306658590096,"OLAM_P004",25
"68531",-12943.458955859,"OLAM_P004",50
"68532",761.688294141029,"OLAM_P004",100
"68533",-9849.07797585899,"OLAM_P004",25
"68534",-19528.549545859,"OLAM_P004",50
"68535",-24503.750285859,"OLAM_P004",100
"68536",-2085.814705859,"OLAM_P004",25
"68537",1623.58976414101,"OLAM_P004",50
"68538",-12307.976525859,"OLAM_P004",100
"68539",7266.78616414103,"OLAM_P004",25
"68540",5200.26269414101,"OLAM_P004",50
"68541",-10161.213395859,"OLAM_P004",100
"68542",-17320.128665859,"OLAM_P004",25
"68543",-16426.718305859,"OLAM_P004",50
"68544",8471.03414414101,"OLAM_P004",100
"68545",-14757.846005859,"OLAM_P004",25
"68546",-2064.404435859,"OLAM_P004",50
"68547",-11484.153925859,"OLAM_P004",100
"68548",-8585.79700585897,"OLAM_P004",25
"68549",-9587.25174585899,"OLAM_P004",50
"68550",-6415.34439585899,"OLAM_P004",100
"68551",-7874.02085585898,"OLAM_P004",25
"68552",-8850.841445859,"OLAM_P004",50
"68553",-14538.537565859,"OLAM_P004",100
"68554",-6952.91862585902,"OLAM_P004",25
"68555",-11164.530985859,"OLAM_P004",50
"68556",-27715.518935859,"OLAM_P004",100
"68557",-5334.25922585902,"OLAM_P004",25
"68558",2972.72622414102,"OLAM_P004",50
"68559",-21248.943145859,"OLAM_P004",100
"68560",7401.28847414098,"OLAM_P004",25
"68561",-24646.872365859,"OLAM_P004",50
"68562",-19450.894985859,"OLAM_P004",100
"68563",7211.23055414099,"OLAM_P004",25
"68564",-4363.80068585899,"OLAM_P004",50
"68565",-26027.554765859,"OLAM_P004",100
"68566",-1733.343815859,"OLAM_P004",25
"68567",-15549.996655859,"OLAM_P004",50
"68568",-8018.35138585902,"OLAM_P004",100
"68569",-5124.67514585902,"OLAM_P004",25
"68570",-16672.680575859,"OLAM_P004",50
"68571",-7665.18070585898,"OLAM_P004",100
"68572",-119.35295585898,"OLAM_P004",25
"68573",-19934.667075859,"OLAM_P004",50
"68574",-29537.021535859,"OLAM_P004",100
"68575",-5519.60302585899,"OLAM_P004",25
"68576",-25401.808895859,"OLAM_P004",50
"68577",-26775.304595859,"OLAM_P004",100
"68578",6348.904984141,"OLAM_P004",25
"68579",-3681.88910585898,"OLAM_P004",50
"68580",-9895.417705859,"OLAM_P004",100
"68581",-7881.47172585898,"OLAM_P004",25
"68582",8258.859814141,"OLAM_P004",50
"68583",-35706.480775859,"OLAM_P004",100
"68584",2936.942174141,"OLAM_P004",25
"68585",9604.81261414097,"OLAM_P004",50
"68586",-7061.43241585902,"OLAM_P004",100
"68587",-379.687185859017,"OLAM_P004",25
"68588",-18430.137995859,"OLAM_P004",50
"68589",-36691.170715859,"OLAM_P004",100
"68590",-3739.30118585902,"OLAM_P004",25
"68591",-12773.050055859,"OLAM_P004",50
"68592",-23781.568325859,"OLAM_P004",100
"68593",-3552.99596585898,"OLAM_P004",25
"68594",-16780.106685859,"OLAM_P004",50
"68595",-39327.932535859,"OLAM_P004",100
"68596",-23576.298205859,"OLAM_P004",25
"68597",-17281.957135859,"OLAM_P004",50
"68598",-16888.903855859,"OLAM_P004",100
"68599",-5773.54247585899,"OLAM_P004",25
"68600",-10755.173015859,"OLAM_P004",50
"68601",-23307.687535859,"OLAM_P004",100
"68602",-17582.530175859,"OLAM_P004",25
"68603",-13367.494025859,"OLAM_P004",50
"68604",-28550.647265859,"OLAM_P004",100
"68605",-12146.055665859,"OLAM_P004",25
"68606",-10106.055865859,"OLAM_P004",50
"68607",-9144.11773585901,"OLAM_P004",100
"68608",-8586.00859585899,"OLAM_P004",25
"68609",-19392.998175859,"OLAM_P004",50
"68610",-6938.200805859,"OLAM_P004",100
"68611",-4574.41659585899,"OLAM_P004",25
"68612",-18697.160495859,"OLAM_P004",50
"68613",-42607.686655859,"OLAM_P004",100
"68614",-4030.44925585901,"OLAM_P004",25
"68615",-15459.180185859,"OLAM_P004",50
"68616",-16006.481565859,"OLAM_P004",100
"68617",-12579.580225859,"OLAM_P004",25
"68618",-6468.89143585903,"OLAM_P004",50
"68619",-18079.457075859,"OLAM_P004",100
"68620",-5594.31946585898,"OLAM_P004",25
"68621",-26443.395355859,"OLAM_P004",50
"68622",1228.74773414101,"OLAM_P004",100
"68623",-2231.55703585898,"OLAM_P004",25
"68624",3219.71818414098,"OLAM_P004",50
"68625",1925.576194141,"OLAM_P004",100
"68626",-4480.94601585902,"OLAM_P004",25
"68627",-24598.369465859,"OLAM_P004",50
"68628",-31239.117725859,"OLAM_P004",100
"68629",-4975.19183585898,"OLAM_P004",25
"68630",-20704.598335859,"OLAM_P004",50
"68631",-25267.763505859,"OLAM_P004",100
"68632",-6368.825835859,"OLAM_P004",25
"68633",-6804.78129585902,"OLAM_P004",50
"68634",-25032.908725859,"OLAM_P004",100
"68635",-5139.052635859,"OLAM_P004",25
"68636",-26466.422515859,"OLAM_P004",50
"68637",-5890.96039585897,"OLAM_P004",100
"68638",-12930.980155859,"OLAM_P004",25
"68639",-18110.352355859,"OLAM_P004",50
"68640",-37487.781285859,"OLAM_P004",100
"68641",-9008.727805859,"OLAM_P004",25
"68642",-12714.299535859,"OLAM_P004",50
"68643",-3945.82387585897,"OLAM_P004",100
"68644",-475.432655858982,"OLAM_P004",25
"68645",-10780.698395859,"OLAM_P004",50
"68646",-14347.306015859,"OLAM_P004",100
"68647",-10970.584425859,"OLAM_P004",25
"68648",-6757.80175585899,"OLAM_P004",50
"68649",-17985.384905859,"OLAM_P004",100
"68650",7885.30548414099,"OLAM_P004",25
"68651",-20003.225655859,"OLAM_P004",50
"68652",-25358.982235859,"OLAM_P004",100
"68653",1985.522944141,"OLAM_P004",25
"68654",-10387.019055859,"OLAM_P004",50
"68655",-8894.371235859,"OLAM_P004",100
"68656",-1348.62364585901,"OLAM_P004",25
"68657",-13396.086045859,"OLAM_P004",50
"68658",-23199.240135859,"OLAM_P004",100
"68659",917.208564141009,"OLAM_P004",25
"68660",-13873.968745859,"OLAM_P004",50
"68661",-23611.171695859,"OLAM_P004",100
"68662",-9244.95931585901,"OLAM_P004",25
"68663",-18474.849375859,"OLAM_P004",50
"68664",-23432.231355859,"OLAM_P004",100
"68665",-7528.45938585902,"OLAM_P004",25
"68666",-3744.05097585899,"OLAM_P004",50
"68667",-21100.891925859,"OLAM_P004",100
"68668",-13290.684545859,"OLAM_P004",25
"68669",-8929.81994585902,"OLAM_P004",50
"68670",-23970.929625859,"OLAM_P004",100
"68671",6398.854554141,"OLAM_P004",25
"68672",-24068.059205859,"OLAM_P004",50
"68673",-37323.057415859,"OLAM_P004",100
"68674",13279.137034141,"OLAM_P004",25
"68675",-276.834105858987,"OLAM_P004",50
"68676",-26582.709755859,"OLAM_P004",100
"68677",-12482.399855859,"OLAM_P004",25
"68678",-7932.08364585898,"OLAM_P004",50
"68679",-13138.563105859,"OLAM_P004",100
"68680",5131.67285414098,"OLAM_P004",25
"68681",-17067.387475859,"OLAM_P004",50
"68682",-17209.066055859,"OLAM_P004",100
"68683",8776.64600414102,"OLAM_P004",25
"68684",-25920.763595859,"OLAM_P004",50
"68685",-21390.632145859,"OLAM_P004",100
"68686",1299.47311414103,"OLAM_P004",25
"68687",-12401.358925859,"OLAM_P004",50
"68688",-26203.144385859,"OLAM_P004",100
"68689",14141.966694141,"OLAM_P004",25
"68690",-21287.216125859,"OLAM_P004",50
"68691",-25634.246165859,"OLAM_P004",100
"68692",-14602.237705859,"OLAM_P004",25
"68693",-13688.250165859,"OLAM_P004",50
"68694",-26857.666505859,"OLAM_P004",100
"68695",-10577.515635859,"OLAM_P004",25
"68696",-13002.545135859,"OLAM_P004",50
"68697",-25862.817525859,"OLAM_P004",100
"68698",-2311.38497585902,"OLAM_P004",25
"68699",-18875.798195859,"OLAM_P004",50
"68700",-33013.065545859,"OLAM_P004",100
"68701",1252.26067274599,"OLAM_P005",25
"68702",3762.02770274598,"OLAM_P005",50
"68703",16975.504052746,"OLAM_P005",100
"68704",769.766262745979,"OLAM_P005",25
"68705",1301.05506274599,"OLAM_P005",50
"68706",2089.92465274598,"OLAM_P005",100
"68707",-4341.80948725401,"OLAM_P005",25
"68708",2192.37535274599,"OLAM_P005",50
"68709",5555.32638274599,"OLAM_P005",100
"68710",2195.06505274598,"OLAM_P005",25
"68711",7682.983382746,"OLAM_P005",50
"68712",-4246.352347254,"OLAM_P005",100
"68713",4477.339772746,"OLAM_P005",25
"68714",-3228.72701725402,"OLAM_P005",50
"68715",1625.83780274598,"OLAM_P005",100
"68716",-3319.57761725402,"OLAM_P005",25
"68717",-3629.26318725402,"OLAM_P005",50
"68718",4833.81453274598,"OLAM_P005",100
"68719",-4764.38668725401,"OLAM_P005",25
"68720",5441.727802746,"OLAM_P005",50
"68721",14981.270052746,"OLAM_P005",100
"68722",3681.35722274598,"OLAM_P005",25
"68723",668.94151274598,"OLAM_P005",50
"68724",2109.66570274599,"OLAM_P005",100
"68725",-3003.98554725401,"OLAM_P005",25
"68726",6683.631472746,"OLAM_P005",50
"68727",-79.597567254008,"OLAM_P005",100
"68728",372.020612745982,"OLAM_P005",25
"68729",509.828912745987,"OLAM_P005",50
"68730",18896.640452746,"OLAM_P005",100
"68731",260.437002745981,"OLAM_P005",25
"68732",5910.246902746,"OLAM_P005",50
"68733",12527.098402746,"OLAM_P005",100
"68734",-4643.411087254,"OLAM_P005",25
"68735",4765.48031274599,"OLAM_P005",50
"68736",-2571.20569725402,"OLAM_P005",100
"68737",-4561.70525725401,"OLAM_P005",25
"68738",3589.24955274598,"OLAM_P005",50
"68739",6723.312842746,"OLAM_P005",100
"68740",5536.142602746,"OLAM_P005",25
"68741",8077.94604274599,"OLAM_P005",50
"68742",-1568.26791725401,"OLAM_P005",100
"68743",4990.60381274598,"OLAM_P005",25
"68744",-131.693277254002,"OLAM_P005",50
"68745",-376.874807254004,"OLAM_P005",100
"68746",5558.236612746,"OLAM_P005",25
"68747",-1458.37197725402,"OLAM_P005",50
"68748",1271.02795274599,"OLAM_P005",100
"68749",-514.693387253996,"OLAM_P005",25
"68750",3202.41940274599,"OLAM_P005",50
"68751",6219.70516274599,"OLAM_P005",100
"68752",1332.751912746,"OLAM_P005",25
"68753",-4686.69948725402,"OLAM_P005",50
"68754",-3680.18101725401,"OLAM_P005",100
"68755",-2891.57970725402,"OLAM_P005",25
"68756",4097.62731274599,"OLAM_P005",50
"68757",5894.747972746,"OLAM_P005",100
"68758",3601.915302746,"OLAM_P005",25
"68759",9354.52554274598,"OLAM_P005",50
"68760",4413.50237274598,"OLAM_P005",100
"68761",9043.84381274597,"OLAM_P005",25
"68762",-1245.80885725401,"OLAM_P005",50
"68763",15645.164802746,"OLAM_P005",100
"68764",16792.911102746,"OLAM_P005",25
"68765",-5231.56248725401,"OLAM_P005",50
"68766",7357.81080274598,"OLAM_P005",100
"68767",3430.69821274598,"OLAM_P005",25
"68768",5214.44611274599,"OLAM_P005",50
"68769",15648.882252746,"OLAM_P005",100
"68770",-310.926597254002,"OLAM_P005",25
"68771",700.446202745981,"OLAM_P005",50
"68772",16083.373502746,"OLAM_P005",100
"68773",4748.836612746,"OLAM_P005",25
"68774",2020.46924274598,"OLAM_P005",50
"68775",3221.272732746,"OLAM_P005",100
"68776",-3436.992487254,"OLAM_P005",25
"68777",1214.70578274599,"OLAM_P005",50
"68778",8356.88892274597,"OLAM_P005",100
"68779",7171.76811274598,"OLAM_P005",25
"68780",-5131.13016725401,"OLAM_P005",50
"68781",12907.477032746,"OLAM_P005",100
"68782",-4907.92859725401,"OLAM_P005",25
"68783",5299.07891274599,"OLAM_P005",50
"68784",18194.788202746,"OLAM_P005",100
"68785",586.700902746001,"OLAM_P005",25
"68786",4385.75695274599,"OLAM_P005",50
"68787",-1480.19126725401,"OLAM_P005",100
"68788",-179.408187254012,"OLAM_P005",25
"68789",2981.982802746,"OLAM_P005",50
"68790",6111.41255274598,"OLAM_P005",100
"68791",1846.59994274599,"OLAM_P005",25
"68792",2266.587502746,"OLAM_P005",50
"68793",1537.59690274598,"OLAM_P005",100
"68794",396.204012745991,"OLAM_P005",25
"68795",1112.11641274599,"OLAM_P005",50
"68796",2393.259362746,"OLAM_P005",100
"68797",-3199.87508725401,"OLAM_P005",25
"68798",-5010.848487254,"OLAM_P005",50
"68799",10584.264692746,"OLAM_P005",100
"68800",-3488.83478725402,"OLAM_P005",25
"68801",2246.669312746,"OLAM_P005",50
"68802",9887.20655274598,"OLAM_P005",100
"68803",4114.024012746,"OLAM_P005",25
"68804",16312.040102746,"OLAM_P005",50
"68805",-6775.898477254,"OLAM_P005",100
"68806",5960.998102746,"OLAM_P005",25
"68807",-5335.34610725401,"OLAM_P005",50
"68808",-3795.08369725401,"OLAM_P005",100
"68809",425.201412745984,"OLAM_P005",25
"68810",8373.98180274598,"OLAM_P005",50
"68811",5925.77470274598,"OLAM_P005",100
"68812",682.672982745979,"OLAM_P005",25
"68813",668.468962746003,"OLAM_P005",50
"68814",581.833612745977,"OLAM_P005",100
"68815",5600.75901274598,"OLAM_P005",25
"68816",7517.08931274599,"OLAM_P005",50
"68817",4987.01720274598,"OLAM_P005",100
"68818",3754.97598274599,"OLAM_P005",25
"68819",-2473.356127254,"OLAM_P005",50
"68820",6711.43817274598,"OLAM_P005",100
"68821",1065.77931274599,"OLAM_P005",25
"68822",-2248.32435725402,"OLAM_P005",50
"68823",2948.863482746,"OLAM_P005",100
"68824",262.632412745996,"OLAM_P005",25
"68825",-5291.191537254,"OLAM_P005",50
"68826",4473.39730274599,"OLAM_P005",100
"68827",-5682.70001725401,"OLAM_P005",25
"68828",-5180.017067254,"OLAM_P005",50
"68829",8818.82486274597,"OLAM_P005",100
"68830",17937.471412746,"OLAM_P005",25
"68831",5107.33240274599,"OLAM_P005",50
"68832",2687.22688274598,"OLAM_P005",100
"68833",-5259.19978725401,"OLAM_P005",25
"68834",-2103.323597254,"OLAM_P005",50
"68835",10260.994032746,"OLAM_P005",100
"68836",2106.105902746,"OLAM_P005",25
"68837",4433.17401274599,"OLAM_P005",50
"68838",4534.77170274599,"OLAM_P005",100
"68839",508.593912746001,"OLAM_P005",25
"68840",-871.578997254022,"OLAM_P005",50
"68841",-63.6321772540105,"OLAM_P005",100
"68842",6314.33641274599,"OLAM_P005",25
"68843",-4957.313117254,"OLAM_P005",50
"68844",757.016202745988,"OLAM_P005",100
"68845",3295.880612746,"OLAM_P005",25
"68846",-3503.85198725402,"OLAM_P005",50
"68847",764.828812745982,"OLAM_P005",100
"68848",10820.164512746,"OLAM_P005",25
"68849",7203.15861274599,"OLAM_P005",50
"68850",16261.113392746,"OLAM_P005",100
"68851",4432.53416274599,"OLAM_P005",25
"68852",4025.053462746,"OLAM_P005",50
"68853",7595.75309274599,"OLAM_P005",100
"68854",7991.83980274599,"OLAM_P005",25
"68855",-2948.287157254,"OLAM_P005",50
"68856",2903.80968274598,"OLAM_P005",100
"68857",7503.47030274599,"OLAM_P005",25
"68858",316.557912745979,"OLAM_P005",50
"68859",-5850.02794725401,"OLAM_P005",100
"68860",3309.14920274599,"OLAM_P005",25
"68861",-2283.538487254,"OLAM_P005",50
"68862",13321.543022746,"OLAM_P005",100
"68863",220.250242745999,"OLAM_P005",25
"68864",1158.550932746,"OLAM_P005",50
"68865",6665.392362746,"OLAM_P005",100
"68866",1351.962342746,"OLAM_P005",25
"68867",2498.62750274598,"OLAM_P005",50
"68868",5063.68890274598,"OLAM_P005",100
"68869",968.301012746,"OLAM_P005",25
"68870",1290.04276274599,"OLAM_P005",50
"68871",-791.570297254017,"OLAM_P005",100
"68872",-5389.177587254,"OLAM_P005",25
"68873",-31.6249972539954,"OLAM_P005",50
"68874",-5059.98176725401,"OLAM_P005",100
"68875",3831.18690274598,"OLAM_P005",25
"68876",11092.513382746,"OLAM_P005",50
"68877",10144.922942746,"OLAM_P005",100
"68878",211.643352746003,"OLAM_P005",25
"68879",11793.344602746,"OLAM_P005",50
"68880",-3290.43589725401,"OLAM_P005",100
"68881",-5406.58058725402,"OLAM_P005",25
"68882",4700.02970274599,"OLAM_P005",50
"68883",-6619.47273725402,"OLAM_P005",100
"68884",3107.550912746,"OLAM_P005",25
"68885",14601.456302746,"OLAM_P005",50
"68886",1266.321002746,"OLAM_P005",100
"68887",-4388.50988725401,"OLAM_P005",25
"68888",5076.705752746,"OLAM_P005",50
"68889",4600.14610274599,"OLAM_P005",100
"68890",1618.76060274598,"OLAM_P005",25
"68891",-705.18739725402,"OLAM_P005",50
"68892",-4449.676497254,"OLAM_P005",100
"68893",6454.83090274598,"OLAM_P005",25
"68894",3539.34470274599,"OLAM_P005",50
"68895",-1524.96729725401,"OLAM_P005",100
"68896",-2032.41738725401,"OLAM_P005",25
"68897",-4851.62544725402,"OLAM_P005",50
"68898",-3853.72080725402,"OLAM_P005",100
"68899",-3022.405277254,"OLAM_P005",25
"68900",643.556812745985,"OLAM_P005",50
"68901",27053.700702746,"OLAM_P005",100
"68902",4058.33000274599,"OLAM_P005",25
"68903",-5095.846377254,"OLAM_P005",50
"68904",5232.553982746,"OLAM_P005",100
"68905",-4890.493687254,"OLAM_P005",25
"68906",2398.01101274599,"OLAM_P005",50
"68907",6966.322902746,"OLAM_P005",100
"68908",8640.84946274597,"OLAM_P005",25
"68909",1181.005612746,"OLAM_P005",50
"68910",5787.16190274598,"OLAM_P005",100
"68911",6707.72650274599,"OLAM_P005",25
"68912",-7194.480027254,"OLAM_P005",50
"68913",12510.499502746,"OLAM_P005",100
"68914",5859.385512746,"OLAM_P005",25
"68915",2714.362732746,"OLAM_P005",50
"68916",8678.70853274598,"OLAM_P005",100
"68917",-2208.878437254,"OLAM_P005",25
"68918",2942.33879274598,"OLAM_P005",50
"68919",6681.62314274599,"OLAM_P005",100
"68920",1878.54190274599,"OLAM_P005",25
"68921",11856.242902746,"OLAM_P005",50
"68922",8721.91485274598,"OLAM_P005",100
"68923",-4039.18549725402,"OLAM_P005",25
"68924",-2884.27019725402,"OLAM_P005",50
"68925",-5503.20880725401,"OLAM_P005",100
"68926",-4745.99398725401,"OLAM_P005",25
"68927",-3558.27765725402,"OLAM_P005",50
"68928",14863.705202746,"OLAM_P005",100
"68929",1799.73521274599,"OLAM_P005",25
"68930",8.01871274597943,"OLAM_P005",50
"68931",-3714.745977254,"OLAM_P005",100
"68932",7348.285352746,"OLAM_P005",25
"68933",2481.382902746,"OLAM_P005",50
"68934",1193.740002746,"OLAM_P005",100
"68935",132.562912745983,"OLAM_P005",25
"68936",1203.12041274598,"OLAM_P005",50
"68937",3821.584842746,"OLAM_P005",100
"68938",2839.53301274599,"OLAM_P005",25
"68939",1461.88571274598,"OLAM_P005",50
"68940",4944.25320274598,"OLAM_P005",100
"68941",-470.840487253998,"OLAM_P005",25
"68942",-3864.01181725401,"OLAM_P005",50
"68943",10659.625302746,"OLAM_P005",100
"68944",4352.721202746,"OLAM_P005",25
"68945",-3380.52127725401,"OLAM_P005",50
"68946",-3407.155407254,"OLAM_P005",100
"68947",-755.255647254002,"OLAM_P005",25
"68948",3737.46442274598,"OLAM_P005",50
"68949",5468.344852746,"OLAM_P005",100
"68950",6510.506362746,"OLAM_P005",25
"68951",-2581.53828725402,"OLAM_P005",50
"68952",4133.419232746,"OLAM_P005",100
"68953",4671.204652746,"OLAM_P005",25
"68954",724.392112745991,"OLAM_P005",50
"68955",1407.00947274599,"OLAM_P005",100
"68956",-281.092277254007,"OLAM_P005",25
"68957",-217.688037254004,"OLAM_P005",50
"68958",3195.21644274599,"OLAM_P005",100
"68959",365.309702745988,"OLAM_P005",25
"68960",830.015502745984,"OLAM_P005",50
"68961",7118.52902274599,"OLAM_P005",100
"68962",-1411.287207254,"OLAM_P005",25
"68963",-3831.710587254,"OLAM_P005",50
"68964",-1044.56174725402,"OLAM_P005",100
"68965",-2001.24857725401,"OLAM_P005",25
"68966",-4592.797217254,"OLAM_P005",50
"68967",16040.873032746,"OLAM_P005",100
"68968",2119.467502746,"OLAM_P005",25
"68969",-3757.26512725401,"OLAM_P005",50
"68970",10652.571102746,"OLAM_P005",100
"68971",1338.527502746,"OLAM_P005",25
"68972",11749.037602746,"OLAM_P005",50
"68973",9309.93879274602,"OLAM_P005",100
"68974",-4761.949197254,"OLAM_P005",25
"68975",-2135.69018725402,"OLAM_P005",50
"68976",6473.362652746,"OLAM_P005",100
"68977",-925.956897254015,"OLAM_P005",25
"68978",17907.726112746,"OLAM_P005",50
"68979",19033.419902746,"OLAM_P005",100
"68980",5489.61311274598,"OLAM_P005",25
"68981",4542.67951274599,"OLAM_P005",50
"68982",-5364.609067254,"OLAM_P005",100
"68983",-3546.04688725402,"OLAM_P005",25
"68984",12536.164812746,"OLAM_P005",50
"68985",8090.02610274599,"OLAM_P005",100
"68986",1131.215032746,"OLAM_P005",25
"68987",4811.15770274599,"OLAM_P005",50
"68988",3972.483452746,"OLAM_P005",100
"68989",5557.142602746,"OLAM_P005",25
"68990",8228.848212746,"OLAM_P005",50
"68991",11263.118912746,"OLAM_P005",100
"68992",5585.332812746,"OLAM_P005",25
"68993",7068.170412746,"OLAM_P005",50
"68994",4941.94075274598,"OLAM_P005",100
"68995",-5028.28471725402,"OLAM_P005",25
"68996",-2979.25939725401,"OLAM_P005",50
"68997",5191.54071274601,"OLAM_P005",100
"68998",866.447502745985,"OLAM_P005",25
"68999",3088.86550274599,"OLAM_P005",50
"69000",11372.208952746,"OLAM_P005",100
"69001",-6332.23657675099,"OLAM_P006",25
"69002",-21523.460896751,"OLAM_P006",50
"69003",-24069.650946751,"OLAM_P006",100
"69004",-8070.31137675099,"OLAM_P006",25
"69005",1386.27056324901,"OLAM_P006",50
"69006",-24015.079546751,"OLAM_P006",100
"69007",-20997.408936751,"OLAM_P006",25
"69008",-18431.610176751,"OLAM_P006",50
"69009",-15458.921806751,"OLAM_P006",100
"69010",-2304.51477675099,"OLAM_P006",25
"69011",-9204.802486751,"OLAM_P006",50
"69012",-24334.639796751,"OLAM_P006",100
"69013",-4314.648706751,"OLAM_P006",25
"69014",-19441.448266751,"OLAM_P006",50
"69015",-17289.088796751,"OLAM_P006",100
"69016",-5800.52135675101,"OLAM_P006",25
"69017",-25048.696546751,"OLAM_P006",50
"69018",-16893.092336751,"OLAM_P006",100
"69019",-198.680766751,"OLAM_P006",25
"69020",-16980.633016751,"OLAM_P006",50
"69021",-25285.990696751,"OLAM_P006",100
"69022",-2716.995796751,"OLAM_P006",25
"69023",-3949.56370675098,"OLAM_P006",50
"69024",-29063.710026751,"OLAM_P006",100
"69025",-26159.939776751,"OLAM_P006",25
"69026",-27649.307146751,"OLAM_P006",50
"69027",-28281.921546751,"OLAM_P006",100
"69028",-468.136666751001,"OLAM_P006",25
"69029",986.178443248995,"OLAM_P006",50
"69030",-22223.896836751,"OLAM_P006",100
"69031",-2038.131946751,"OLAM_P006",25
"69032",-29191.240676751,"OLAM_P006",50
"69033",-28444.149636751,"OLAM_P006",100
"69034",-2527.19003675098,"OLAM_P006",25
"69035",-1681.38579675098,"OLAM_P006",50
"69036",-26285.033286751,"OLAM_P006",100
"69037",-88.3044967509923,"OLAM_P006",25
"69038",-10260.079276751,"OLAM_P006",50
"69039",-24118.608896751,"OLAM_P006",100
"69040",10761.880723249,"OLAM_P006",25
"69041",-8011.43774675101,"OLAM_P006",50
"69042",-27873.630096751,"OLAM_P006",100
"69043",-896.513946750987,"OLAM_P006",25
"69044",-30034.065476751,"OLAM_P006",50
"69045",-26598.220076751,"OLAM_P006",100
"69046",363.035673249018,"OLAM_P006",25
"69047",-17400.335866751,"OLAM_P006",50
"69048",-19146.204756751,"OLAM_P006",100
"69049",-25866.395366751,"OLAM_P006",25
"69050",-27203.505016751,"OLAM_P006",50
"69051",-24279.368766751,"OLAM_P006",100
"69052",-2669.69044675099,"OLAM_P006",25
"69053",8591.48542324899,"OLAM_P006",50
"69054",-30695.473466751,"OLAM_P006",100
"69055",-4192.40067675099,"OLAM_P006",25
"69056",-3343.816686751,"OLAM_P006",50
"69057",-13879.222896751,"OLAM_P006",100
"69058",4163.89892324901,"OLAM_P006",25
"69059",-24392.798546751,"OLAM_P006",50
"69060",-25715.895796751,"OLAM_P006",100
"69061",-20041.290966751,"OLAM_P006",25
"69062",-29534.489336751,"OLAM_P006",50
"69063",-28865.521366751,"OLAM_P006",100
"69064",-258.350076750998,"OLAM_P006",25
"69065",-27447.537496751,"OLAM_P006",50
"69066",-28189.207576751,"OLAM_P006",100
"69067",-306.236866750987,"OLAM_P006",25
"69068",-1226.59471675099,"OLAM_P006",50
"69069",-27013.630306751,"OLAM_P006",100
"69070",-2682.93994675099,"OLAM_P006",25
"69071",-27500.340016751,"OLAM_P006",50
"69072",-8264.19866675101,"OLAM_P006",100
"69073",-14627.763256751,"OLAM_P006",25
"69074",-1036.803756751,"OLAM_P006",50
"69075",-27161.523786751,"OLAM_P006",100
"69076",1437.95887324901,"OLAM_P006",25
"69077",-9399.978276751,"OLAM_P006",50
"69078",-28865.151626751,"OLAM_P006",100
"69079",1355.21673324899,"OLAM_P006",25
"69080",369.632503249013,"OLAM_P006",50
"69081",-23393.545246751,"OLAM_P006",100
"69082",-2975.62599675098,"OLAM_P006",25
"69083",-25795.730366751,"OLAM_P006",50
"69084",-31149.612016751,"OLAM_P006",100
"69085",-7211.29480675099,"OLAM_P006",25
"69086",255.954303249018,"OLAM_P006",50
"69087",-24043.156826751,"OLAM_P006",100
"69088",-9894.60357675099,"OLAM_P006",25
"69089",-26475.880926751,"OLAM_P006",50
"69090",-28888.994286751,"OLAM_P006",100
"69091",-695.04365675099,"OLAM_P006",25
"69092",-17686.566026751,"OLAM_P006",50
"69093",-25456.719426751,"OLAM_P006",100
"69094",-3516.391856751,"OLAM_P006",25
"69095",-2462.43495675101,"OLAM_P006",50
"69096",-31391.218146751,"OLAM_P006",100
"69097",-3880.35506675098,"OLAM_P006",25
"69098",-6617.89512675098,"OLAM_P006",50
"69099",-21530.687406751,"OLAM_P006",100
"69100",-19090.431816751,"OLAM_P006",25
"69101",931.126533249015,"OLAM_P006",50
"69102",-23688.613756751,"OLAM_P006",100
"69103",-16845.326876751,"OLAM_P006",25
"69104",2217.38057324901,"OLAM_P006",50
"69105",-24996.431776751,"OLAM_P006",100
"69106",-8024.53209675101,"OLAM_P006",25
"69107",-18929.809166751,"OLAM_P006",50
"69108",-28106.730046751,"OLAM_P006",100
"69109",-4161.20919675101,"OLAM_P006",25
"69110",-7594.955576751,"OLAM_P006",50
"69111",-26292.566066751,"OLAM_P006",100
"69112",-19051.739826751,"OLAM_P006",25
"69113",-7811.345326751,"OLAM_P006",50
"69114",-21431.483276751,"OLAM_P006",100
"69115",-5445.39867675101,"OLAM_P006",25
"69116",5888.43593324898,"OLAM_P006",50
"69117",-7828.27820675098,"OLAM_P006",100
"69118",-27638.120656751,"OLAM_P006",25
"69119",-10764.383146751,"OLAM_P006",50
"69120",-24930.122456751,"OLAM_P006",100
"69121",-775.622886750993,"OLAM_P006",25
"69122",-1750.84179675099,"OLAM_P006",50
"69123",-27427.681286751,"OLAM_P006",100
"69124",278.110903249006,"OLAM_P006",25
"69125",-21708.215866751,"OLAM_P006",50
"69126",-24256.061036751,"OLAM_P006",100
"69127",3051.14482324899,"OLAM_P006",25
"69128",-25392.713826751,"OLAM_P006",50
"69129",-23087.030026751,"OLAM_P006",100
"69130",-1219.746316751,"OLAM_P006",25
"69131",-20960.925196751,"OLAM_P006",50
"69132",-28111.732986751,"OLAM_P006",100
"69133",32.3365632490022,"OLAM_P006",25
"69134",-15510.643676751,"OLAM_P006",50
"69135",-27712.307926751,"OLAM_P006",100
"69136",-5156.74212675099,"OLAM_P006",25
"69137",-23917.043796751,"OLAM_P006",50
"69138",-27982.940666751,"OLAM_P006",100
"69139",-571.899656750989,"OLAM_P006",25
"69140",-4357.33919675098,"OLAM_P006",50
"69141",-22469.836546751,"OLAM_P006",100
"69142",-17081.202876751,"OLAM_P006",25
"69143",-1119.13660675098,"OLAM_P006",50
"69144",-12503.940106751,"OLAM_P006",100
"69145",-10558.449156751,"OLAM_P006",25
"69146",-2011.41088675099,"OLAM_P006",50
"69147",-25653.889516751,"OLAM_P006",100
"69148",-561.358306751004,"OLAM_P006",25
"69149",4348.19135324899,"OLAM_P006",50
"69150",-25012.569276751,"OLAM_P006",100
"69151",-21379.487576751,"OLAM_P006",25
"69152",1486.10613324901,"OLAM_P006",50
"69153",-27639.330896751,"OLAM_P006",100
"69154",2881.83204324901,"OLAM_P006",25
"69155",-19931.686236751,"OLAM_P006",50
"69156",-1408.613546751,"OLAM_P006",100
"69157",-2607.06528675099,"OLAM_P006",25
"69158",-23106.137926751,"OLAM_P006",50
"69159",-30271.658476751,"OLAM_P006",100
"69160",-5720.07942675101,"OLAM_P006",25
"69161",-8923.03198675098,"OLAM_P006",50
"69162",-28673.709666751,"OLAM_P006",100
"69163",-18286.050736751,"OLAM_P006",25
"69164",-27204.121436751,"OLAM_P006",50
"69165",-23401.136026751,"OLAM_P006",100
"69166",-6291.470146751,"OLAM_P006",25
"69167",-15168.830036751,"OLAM_P006",50
"69168",-28144.653096751,"OLAM_P006",100
"69169",-9745.70761675099,"OLAM_P006",25
"69170",1237.033393249,"OLAM_P006",50
"69171",-19682.673626751,"OLAM_P006",100
"69172",-9870.49577675099,"OLAM_P006",25
"69173",-6694.78156675099,"OLAM_P006",50
"69174",-15617.480066751,"OLAM_P006",100
"69175",-7415.178526751,"OLAM_P006",25
"69176",-18271.477396751,"OLAM_P006",50
"69177",-27974.515316751,"OLAM_P006",100
"69178",-474.352936751005,"OLAM_P006",25
"69179",-26436.662556751,"OLAM_P006",50
"69180",-22634.458106751,"OLAM_P006",100
"69181",1937.35638324902,"OLAM_P006",25
"69182",-19879.440326751,"OLAM_P006",50
"69183",-26972.945846751,"OLAM_P006",100
"69184",-9444.74127675098,"OLAM_P006",25
"69185",-18205.592426751,"OLAM_P006",50
"69186",-28019.083396751,"OLAM_P006",100
"69187",-21059.745716751,"OLAM_P006",25
"69188",-25236.137366751,"OLAM_P006",50
"69189",-23380.521696751,"OLAM_P006",100
"69190",-819.013896750985,"OLAM_P006",25
"69191",-17857.869286751,"OLAM_P006",50
"69192",-31847.933986751,"OLAM_P006",100
"69193",-378.576776750997,"OLAM_P006",25
"69194",-9766.293546751,"OLAM_P006",50
"69195",-28169.981636751,"OLAM_P006",100
"69196",-402.671306750999,"OLAM_P006",25
"69197",-22448.446226751,"OLAM_P006",50
"69198",-28409.005826751,"OLAM_P006",100
"69199",-20863.846806751,"OLAM_P006",25
"69200",-2296.963216751,"OLAM_P006",50
"69201",-30974.304996751,"OLAM_P006",100
"69202",-359.109396750981,"OLAM_P006",25
"69203",-20289.202896751,"OLAM_P006",50
"69204",-30975.647596751,"OLAM_P006",100
"69205",2406.896593249,"OLAM_P006",25
"69206",-3580.31880675099,"OLAM_P006",50
"69207",-27577.580836751,"OLAM_P006",100
"69208",1685.39102324902,"OLAM_P006",25
"69209",-13054.211976751,"OLAM_P006",50
"69210",-25524.811746751,"OLAM_P006",100
"69211",1899.40260324901,"OLAM_P006",25
"69212",-7918.83244675098,"OLAM_P006",50
"69213",-28152.443696751,"OLAM_P006",100
"69214",-288.832016750996,"OLAM_P006",25
"69215",-25811.821846751,"OLAM_P006",50
"69216",-27375.756746751,"OLAM_P006",100
"69217",-6876.65742675099,"OLAM_P006",25
"69218",-19423.673636751,"OLAM_P006",50
"69219",-28672.581666751,"OLAM_P006",100
"69220",-7985.23957675099,"OLAM_P006",25
"69221",-4477.34804675099,"OLAM_P006",50
"69222",-27459.622126751,"OLAM_P006",100
"69223",-19484.570826751,"OLAM_P006",25
"69224",20345.075683249,"OLAM_P006",50
"69225",-27296.339046751,"OLAM_P006",100
"69226",-3235.367976751,"OLAM_P006",25
"69227",-19872.635766751,"OLAM_P006",50
"69228",-29751.869366751,"OLAM_P006",100
"69229",-1746.74852675101,"OLAM_P006",25
"69230",-25996.805496751,"OLAM_P006",50
"69231",-17396.611286751,"OLAM_P006",100
"69232",-4994.43977675098,"OLAM_P006",25
"69233",-25485.846126751,"OLAM_P006",50
"69234",-13149.304996751,"OLAM_P006",100
"69235",1794.185603249,"OLAM_P006",25
"69236",-323.994366750994,"OLAM_P006",50
"69237",-19346.751856751,"OLAM_P006",100
"69238",-17921.361906751,"OLAM_P006",25
"69239",-21835.394136751,"OLAM_P006",50
"69240",-27678.274106751,"OLAM_P006",100
"69241",451.051813249011,"OLAM_P006",25
"69242",-21740.016766751,"OLAM_P006",50
"69243",-28427.973676751,"OLAM_P006",100
"69244",-3472.46002675098,"OLAM_P006",25
"69245",-19908.145366751,"OLAM_P006",50
"69246",-28835.557806751,"OLAM_P006",100
"69247",9292.97967324898,"OLAM_P006",25
"69248",-21148.325936751,"OLAM_P006",50
"69249",-26561.517056751,"OLAM_P006",100
"69250",-2957.12817675099,"OLAM_P006",25
"69251",-7190.230446751,"OLAM_P006",50
"69252",-31254.307226751,"OLAM_P006",100
"69253",-7694.63384675101,"OLAM_P006",25
"69254",-19944.901616751,"OLAM_P006",50
"69255",-23428.093196751,"OLAM_P006",100
"69256",-7615.433476751,"OLAM_P006",25
"69257",-11942.354956751,"OLAM_P006",50
"69258",-28971.495386751,"OLAM_P006",100
"69259",1223.09601324901,"OLAM_P006",25
"69260",-9369.54371675098,"OLAM_P006",50
"69261",-29705.172996751,"OLAM_P006",100
"69262",-20557.749876751,"OLAM_P006",25
"69263",-28153.187236751,"OLAM_P006",50
"69264",-30077.763386751,"OLAM_P006",100
"69265",-6319.67371675099,"OLAM_P006",25
"69266",-17708.126996751,"OLAM_P006",50
"69267",-25108.272516751,"OLAM_P006",100
"69268",-9792.29968675101,"OLAM_P006",25
"69269",-12609.536986751,"OLAM_P006",50
"69270",-30150.159866751,"OLAM_P006",100
"69271",-604.667826750985,"OLAM_P006",25
"69272",-2997.71906675099,"OLAM_P006",50
"69273",-25324.673196751,"OLAM_P006",100
"69274",-9495.601376751,"OLAM_P006",25
"69275",173.436253249005,"OLAM_P006",50
"69276",-28316.816056751,"OLAM_P006",100
"69277",-6828.11564675099,"OLAM_P006",25
"69278",-5723.60545675099,"OLAM_P006",50
"69279",-27904.325096751,"OLAM_P006",100
"69280",-1043.50433675101,"OLAM_P006",25
"69281",-11822.489256751,"OLAM_P006",50
"69282",-27034.766536751,"OLAM_P006",100
"69283",-8083.74875675098,"OLAM_P006",25
"69284",-27841.838156751,"OLAM_P006",50
"69285",-18254.289636751,"OLAM_P006",100
"69286",-9397.85923675098,"OLAM_P006",25
"69287",-7667.48348675101,"OLAM_P006",50
"69288",-28736.333816751,"OLAM_P006",100
"69289",-1953.67275675098,"OLAM_P006",25
"69290",-25044.631116751,"OLAM_P006",50
"69291",-19431.075776751,"OLAM_P006",100
"69292",-1.96091675100615,"OLAM_P006",25
"69293",-6481.909496751,"OLAM_P006",50
"69294",-30956.223586751,"OLAM_P006",100
"69295",-5135.613026751,"OLAM_P006",25
"69296",-20658.352556751,"OLAM_P006",50
"69297",-32163.990326751,"OLAM_P006",100
"69298",74.2577632490138,"OLAM_P006",25
"69299",-27172.816566751,"OLAM_P006",50
"69300",-22533.136806751,"OLAM_P006",100
"69301",-5314.981506034,"OLAM_P007",25
"69302",-13923.382276034,"OLAM_P007",50
"69303",-18741.962366034,"OLAM_P007",100
"69304",-5287.077556034,"OLAM_P007",25
"69305",-7960.49515603398,"OLAM_P007",50
"69306",-15710.410996034,"OLAM_P007",100
"69307",-798.361596033996,"OLAM_P007",25
"69308",-5990.35219603399,"OLAM_P007",50
"69309",-17904.414236034,"OLAM_P007",100
"69310",807.963633965992,"OLAM_P007",25
"69311",-8970.83538603398,"OLAM_P007",50
"69312",-10446.586376034,"OLAM_P007",100
"69313",-1547.83330603401,"OLAM_P007",25
"69314",-6903.61457603399,"OLAM_P007",50
"69315",-15457.174826034,"OLAM_P007",100
"69316",2169.471473966,"OLAM_P007",25
"69317",-7533.343606034,"OLAM_P007",50
"69318",-2483.30875603401,"OLAM_P007",100
"69319",-8607.41084603401,"OLAM_P007",25
"69320",-11581.766576034,"OLAM_P007",50
"69321",-10674.731836034,"OLAM_P007",100
"69322",-14744.313536034,"OLAM_P007",25
"69323",-13229.381906034,"OLAM_P007",50
"69324",-14129.333226034,"OLAM_P007",100
"69325",-8371.89193603399,"OLAM_P007",25
"69326",-12488.580966034,"OLAM_P007",50
"69327",-20235.376456034,"OLAM_P007",100
"69328",-2241.93753603401,"OLAM_P007",25
"69329",-17451.470146034,"OLAM_P007",50
"69330",-15316.610096034,"OLAM_P007",100
"69331",-241.578046034003,"OLAM_P007",25
"69332",-968.728926034004,"OLAM_P007",50
"69333",-3660.72810603399,"OLAM_P007",100
"69334",-137.868116033991,"OLAM_P007",25
"69335",-6813.29160603401,"OLAM_P007",50
"69336",-10645.191896034,"OLAM_P007",100
"69337",-2954.50962603401,"OLAM_P007",25
"69338",-7942.975466034,"OLAM_P007",50
"69339",-2174.630466034,"OLAM_P007",100
"69340",1603.97789396599,"OLAM_P007",25
"69341",-5417.82754603401,"OLAM_P007",50
"69342",-13506.792396034,"OLAM_P007",100
"69343",-1643.84343603399,"OLAM_P007",25
"69344",-6252.511406034,"OLAM_P007",50
"69345",-15803.234366034,"OLAM_P007",100
"69346",856.986983965995,"OLAM_P007",25
"69347",1686.395963966,"OLAM_P007",50
"69348",-18417.404656034,"OLAM_P007",100
"69349",2407.34724396601,"OLAM_P007",25
"69350",-13969.036356034,"OLAM_P007",50
"69351",-15328.883596034,"OLAM_P007",100
"69352",3123.12101396601,"OLAM_P007",25
"69353",-12383.335916034,"OLAM_P007",50
"69354",-16166.450206034,"OLAM_P007",100
"69355",-5938.494596034,"OLAM_P007",25
"69356",-4131.82680603399,"OLAM_P007",50
"69357",-12789.628536034,"OLAM_P007",100
"69358",-1755.67767603399,"OLAM_P007",25
"69359",-5791.764376034,"OLAM_P007",50
"69360",-10110.113696034,"OLAM_P007",100
"69361",-12623.808126034,"OLAM_P007",25
"69362",-13682.568716034,"OLAM_P007",50
"69363",-15721.617496034,"OLAM_P007",100
"69364",-924.191756034008,"OLAM_P007",25
"69365",-14208.200596034,"OLAM_P007",50
"69366",-18188.413696034,"OLAM_P007",100
"69367",-8983.527666034,"OLAM_P007",25
"69368",-5361.983906034,"OLAM_P007",50
"69369",-12075.716456034,"OLAM_P007",100
"69370",-9506.595436034,"OLAM_P007",25
"69371",-8446.95498603399,"OLAM_P007",50
"69372",-18324.024466034,"OLAM_P007",100
"69373",-613.492806033988,"OLAM_P007",25
"69374",5770.027503966,"OLAM_P007",50
"69375",-18338.814716034,"OLAM_P007",100
"69376",-10128.384706034,"OLAM_P007",25
"69377",-11450.698316034,"OLAM_P007",50
"69378",-17222.123616034,"OLAM_P007",100
"69379",-2866.038716034,"OLAM_P007",25
"69380",-12350.920406034,"OLAM_P007",50
"69381",-14829.691466034,"OLAM_P007",100
"69382",-10322.076736034,"OLAM_P007",25
"69383",-13051.356546034,"OLAM_P007",50
"69384",-10805.516976034,"OLAM_P007",100
"69385",-9528.64113603398,"OLAM_P007",25
"69386",-6610.93247603401,"OLAM_P007",50
"69387",-15808.286986034,"OLAM_P007",100
"69388",-339.783006034006,"OLAM_P007",25
"69389",-13313.873166034,"OLAM_P007",50
"69390",-12536.447256034,"OLAM_P007",100
"69391",128.151993965992,"OLAM_P007",25
"69392",-3484.67804603401,"OLAM_P007",50
"69393",-17609.866866034,"OLAM_P007",100
"69394",-1716.241076034,"OLAM_P007",25
"69395",-6157.64459603399,"OLAM_P007",50
"69396",-15767.679746034,"OLAM_P007",100
"69397",-763.030306033994,"OLAM_P007",25
"69398",-3235.368966034,"OLAM_P007",50
"69399",-12690.046496034,"OLAM_P007",100
"69400",-3678.342646034,"OLAM_P007",25
"69401",-17026.158546034,"OLAM_P007",50
"69402",-18620.619476034,"OLAM_P007",100
"69403",-866.576516033994,"OLAM_P007",25
"69404",-8361.73572603401,"OLAM_P007",50
"69405",-12673.094606034,"OLAM_P007",100
"69406",-6949.98298603401,"OLAM_P007",25
"69407",-2136.864456034,"OLAM_P007",50
"69408",-18748.896216034,"OLAM_P007",100
"69409",251.248063965992,"OLAM_P007",25
"69410",-9826.69721603399,"OLAM_P007",50
"69411",-18247.749196034,"OLAM_P007",100
"69412",-3185.71450603401,"OLAM_P007",25
"69413",-9677.08551603399,"OLAM_P007",50
"69414",-6156.99103603399,"OLAM_P007",100
"69415",-6082.063376034,"OLAM_P007",25
"69416",-18038.217786034,"OLAM_P007",50
"69417",-19143.474856034,"OLAM_P007",100
"69418",-1461.388306034,"OLAM_P007",25
"69419",-17150.186566034,"OLAM_P007",50
"69420",-13552.610706034,"OLAM_P007",100
"69421",-5373.844986034,"OLAM_P007",25
"69422",611.195543965994,"OLAM_P007",50
"69423",-12242.625116034,"OLAM_P007",100
"69424",-4711.28203603398,"OLAM_P007",25
"69425",-2216.874726034,"OLAM_P007",50
"69426",-18742.221876034,"OLAM_P007",100
"69427",-4490.63213603399,"OLAM_P007",25
"69428",-2733.533166034,"OLAM_P007",50
"69429",-19344.529266034,"OLAM_P007",100
"69430",-10622.341146034,"OLAM_P007",25
"69431",-13706.708236034,"OLAM_P007",50
"69432",-16210.427686034,"OLAM_P007",100
"69433",-603.249816033989,"OLAM_P007",25
"69434",-1320.33911603401,"OLAM_P007",50
"69435",-16839.578536034,"OLAM_P007",100
"69436",-2605.53821603401,"OLAM_P007",25
"69437",-8680.721606034,"OLAM_P007",50
"69438",-15671.597796034,"OLAM_P007",100
"69439",3111.45215396601,"OLAM_P007",25
"69440",-11305.278416034,"OLAM_P007",50
"69441",-17365.937346034,"OLAM_P007",100
"69442",-3461.22193603401,"OLAM_P007",25
"69443",-8518.236126034,"OLAM_P007",50
"69444",-13097.316166034,"OLAM_P007",100
"69445",-4838.59977603401,"OLAM_P007",25
"69446",-1094.02408603398,"OLAM_P007",50
"69447",-17596.753876034,"OLAM_P007",100
"69448",-1334.747306034,"OLAM_P007",25
"69449",428.031563966011,"OLAM_P007",50
"69450",-16758.232706034,"OLAM_P007",100
"69451",-539.614676033991,"OLAM_P007",25
"69452",-11936.667126034,"OLAM_P007",50
"69453",-16390.899006034,"OLAM_P007",100
"69454",-7520.008616034,"OLAM_P007",25
"69455",-15319.694896034,"OLAM_P007",50
"69456",-15289.839466034,"OLAM_P007",100
"69457",-944.00166603399,"OLAM_P007",25
"69458",-5283.83452603398,"OLAM_P007",50
"69459",-17505.211876034,"OLAM_P007",100
"69460",-6063.91216603399,"OLAM_P007",25
"69461",-14983.239146034,"OLAM_P007",50
"69462",-15437.215516034,"OLAM_P007",100
"69463",-8627.59226603399,"OLAM_P007",25
"69464",-7431.30337603399,"OLAM_P007",50
"69465",-18069.758506034,"OLAM_P007",100
"69466",-885.665786033991,"OLAM_P007",25
"69467",-3933.836336034,"OLAM_P007",50
"69468",-18727.293076034,"OLAM_P007",100
"69469",-1095.00205603399,"OLAM_P007",25
"69470",-8868.38879603401,"OLAM_P007",50
"69471",-8806.30233603399,"OLAM_P007",100
"69472",-13756.561416034,"OLAM_P007",25
"69473",-875.214796034008,"OLAM_P007",50
"69474",-14512.231876034,"OLAM_P007",100
"69475",-10057.503626034,"OLAM_P007",25
"69476",-307.943686034007,"OLAM_P007",50
"69477",-17048.617756034,"OLAM_P007",100
"69478",-11617.948276034,"OLAM_P007",25
"69479",-1545.68380603401,"OLAM_P007",50
"69480",-15342.476396034,"OLAM_P007",100
"69481",-1223.138986034,"OLAM_P007",25
"69482",-1561.716996034,"OLAM_P007",50
"69483",-8540.662596034,"OLAM_P007",100
"69484",-1707.674926034,"OLAM_P007",25
"69485",-1390.03232603401,"OLAM_P007",50
"69486",-10720.941376034,"OLAM_P007",100
"69487",142.116393965989,"OLAM_P007",25
"69488",-16310.267796034,"OLAM_P007",50
"69489",-17024.979846034,"OLAM_P007",100
"69490",-5212.39786603401,"OLAM_P007",25
"69491",-7320.98699603399,"OLAM_P007",50
"69492",-15586.674586034,"OLAM_P007",100
"69493",-2777.632446034,"OLAM_P007",25
"69494",-6329.92877603401,"OLAM_P007",50
"69495",-13809.703816034,"OLAM_P007",100
"69496",-14977.293006034,"OLAM_P007",25
"69497",-576.682116034004,"OLAM_P007",50
"69498",-9495.65095603399,"OLAM_P007",100
"69499",-1963.87372603398,"OLAM_P007",25
"69500",-3447.94209603401,"OLAM_P007",50
"69501",-9994.014816034,"OLAM_P007",100
"69502",-4869.63573603399,"OLAM_P007",25
"69503",-8251.177926034,"OLAM_P007",50
"69504",-11173.984436034,"OLAM_P007",100
"69505",936.96291396601,"OLAM_P007",25
"69506",-4733.32410603401,"OLAM_P007",50
"69507",-16240.157466034,"OLAM_P007",100
"69508",-16024.736206034,"OLAM_P007",25
"69509",-8458.51121603401,"OLAM_P007",50
"69510",-18064.807816034,"OLAM_P007",100
"69511",-1673.50261603401,"OLAM_P007",25
"69512",1027.461543966,"OLAM_P007",50
"69513",-10620.989046034,"OLAM_P007",100
"69514",-4865.621366034,"OLAM_P007",25
"69515",-10866.465826034,"OLAM_P007",50
"69516",-16959.069976034,"OLAM_P007",100
"69517",-6309.741936034,"OLAM_P007",25
"69518",-6367.71822603399,"OLAM_P007",50
"69519",-17374.281846034,"OLAM_P007",100
"69520",1136.29110396601,"OLAM_P007",25
"69521",8778.84349396601,"OLAM_P007",50
"69522",-14817.756086034,"OLAM_P007",100
"69523",-2824.03601603399,"OLAM_P007",25
"69524",4969.446843966,"OLAM_P007",50
"69525",1272.45060396599,"OLAM_P007",100
"69526",-4363.00459603401,"OLAM_P007",25
"69527",-1427.84138603401,"OLAM_P007",50
"69528",-13092.103416034,"OLAM_P007",100
"69529",-9948.329506034,"OLAM_P007",25
"69530",-11149.589816034,"OLAM_P007",50
"69531",-17994.220966034,"OLAM_P007",100
"69532",-1326.38927603399,"OLAM_P007",25
"69533",-7052.821846034,"OLAM_P007",50
"69534",-18046.709566034,"OLAM_P007",100
"69535",-3974.95897603399,"OLAM_P007",25
"69536",-13003.550426034,"OLAM_P007",50
"69537",-12839.199186034,"OLAM_P007",100
"69538",-6484.64168603401,"OLAM_P007",25
"69539",-2018.62768603399,"OLAM_P007",50
"69540",-17449.993946034,"OLAM_P007",100
"69541",-293.962826033996,"OLAM_P007",25
"69542",-8461.280876034,"OLAM_P007",50
"69543",-18010.568226034,"OLAM_P007",100
"69544",-491.610936034005,"OLAM_P007",25
"69545",-2113.49586603401,"OLAM_P007",50
"69546",-11571.032996034,"OLAM_P007",100
"69547",-5069.04751603398,"OLAM_P007",25
"69548",-9406.37051603399,"OLAM_P007",50
"69549",-16586.576496034,"OLAM_P007",100
"69550",-4104.87805603401,"OLAM_P007",25
"69551",-5660.786896034,"OLAM_P007",50
"69552",-16747.892816034,"OLAM_P007",100
"69553",-8914.54190603399,"OLAM_P007",25
"69554",-14745.286706034,"OLAM_P007",50
"69555",-13089.299756034,"OLAM_P007",100
"69556",-3002.408406034,"OLAM_P007",25
"69557",-12266.564706034,"OLAM_P007",50
"69558",-16822.513936034,"OLAM_P007",100
"69559",3036.633973966,"OLAM_P007",25
"69560",-708.58481603401,"OLAM_P007",50
"69561",-18360.010356034,"OLAM_P007",100
"69562",-698.151586033986,"OLAM_P007",25
"69563",72.4402739659999,"OLAM_P007",50
"69564",-16031.175386034,"OLAM_P007",100
"69565",-11626.804786034,"OLAM_P007",25
"69566",-665.428746033984,"OLAM_P007",50
"69567",-8926.12611603399,"OLAM_P007",100
"69568",-3643.29631603399,"OLAM_P007",25
"69569",5401.056333966,"OLAM_P007",50
"69570",-12288.933346034,"OLAM_P007",100
"69571",-1058.32715603401,"OLAM_P007",25
"69572",-14023.367386034,"OLAM_P007",50
"69573",-16046.257566034,"OLAM_P007",100
"69574",-748.943566033995,"OLAM_P007",25
"69575",-1488.068536034,"OLAM_P007",50
"69576",-18107.711736034,"OLAM_P007",100
"69577",-9905.870736034,"OLAM_P007",25
"69578",-7253.90804603399,"OLAM_P007",50
"69579",-11445.925616034,"OLAM_P007",100
"69580",-399.228186033986,"OLAM_P007",25
"69581",-8501.90705603399,"OLAM_P007",50
"69582",-14843.340436034,"OLAM_P007",100
"69583",-1965.61884603399,"OLAM_P007",25
"69584",-2201.68384603399,"OLAM_P007",50
"69585",-18392.707346034,"OLAM_P007",100
"69586",5002.85125396602,"OLAM_P007",25
"69587",-6387.27389603399,"OLAM_P007",50
"69588",-13398.336426034,"OLAM_P007",100
"69589",-4225.57049603399,"OLAM_P007",25
"69590",-1718.527016034,"OLAM_P007",50
"69591",-19141.792736034,"OLAM_P007",100
"69592",-14.4681260339858,"OLAM_P007",25
"69593",-2939.734636034,"OLAM_P007",50
"69594",-18795.548236034,"OLAM_P007",100
"69595",-5902.014816034,"OLAM_P007",25
"69596",-17898.272056034,"OLAM_P007",50
"69597",-15187.056996034,"OLAM_P007",100
"69598",-6491.27789603401,"OLAM_P007",25
"69599",-15873.618606034,"OLAM_P007",50
"69600",-14567.664296034,"OLAM_P007",100
"69601",-8197.28699813999,"OLAM_P008",25
"69602",-27297.45168814,"OLAM_P008",50
"69603",-22881.76344814,"OLAM_P008",100
"69604",-7678.78542813996,"OLAM_P008",25
"69605",-11779.29159814,"OLAM_P008",50
"69606",-31681.98848814,"OLAM_P008",100
"69607",-7410.54132813995,"OLAM_P008",25
"69608",-9416.24696813995,"OLAM_P008",50
"69609",-20812.38956814,"OLAM_P008",100
"69610",-10655.77914814,"OLAM_P008",25
"69611",-13402.74098814,"OLAM_P008",50
"69612",-32824.23152814,"OLAM_P008",100
"69613",-15829.97205814,"OLAM_P008",25
"69614",-22803.28674814,"OLAM_P008",50
"69615",-34367.04408814,"OLAM_P008",100
"69616",-12377.97768814,"OLAM_P008",25
"69617",2423.13966186001,"OLAM_P008",50
"69618",-31590.14738814,"OLAM_P008",100
"69619",-8442.94275813998,"OLAM_P008",25
"69620",-17631.95670814,"OLAM_P008",50
"69621",-34471.95678814,"OLAM_P008",100
"69622",-7730.81995813997,"OLAM_P008",25
"69623",-4580.67799813999,"OLAM_P008",50
"69624",-28485.52146814,"OLAM_P008",100
"69625",-12613.5087781399,"OLAM_P008",25
"69626",-19511.59278814,"OLAM_P008",50
"69627",-32353.64879814,"OLAM_P008",100
"69628",-115.343928140006,"OLAM_P008",25
"69629",-9535.32670813997,"OLAM_P008",50
"69630",-5330.86873813998,"OLAM_P008",100
"69631",5528.47944185999,"OLAM_P008",25
"69632",-30537.01435814,"OLAM_P008",50
"69633",-21219.17264814,"OLAM_P008",100
"69634",-5309.03548813995,"OLAM_P008",25
"69635",-11764.13191814,"OLAM_P008",50
"69636",-17489.88932814,"OLAM_P008",100
"69637",-9288.54952813999,"OLAM_P008",25
"69638",7251.06732186,"OLAM_P008",50
"69639",-29105.46102814,"OLAM_P008",100
"69640",-14178.54395814,"OLAM_P008",25
"69641",-18569.42476814,"OLAM_P008",50
"69642",-6220.07892813999,"OLAM_P008",100
"69643",-15909.27965814,"OLAM_P008",25
"69644",-16035.44436814,"OLAM_P008",50
"69645",-9099.27813813998,"OLAM_P008",100
"69646",-3573.95337814,"OLAM_P008",25
"69647",-9303.55206813995,"OLAM_P008",50
"69648",-17612.89887814,"OLAM_P008",100
"69649",-619.565958139952,"OLAM_P008",25
"69650",-352.843508139951,"OLAM_P008",50
"69651",-7955.63466813997,"OLAM_P008",100
"69652",-11605.50843814,"OLAM_P008",25
"69653",-17775.33562814,"OLAM_P008",50
"69654",-30045.70383814,"OLAM_P008",100
"69655",-15540.87255814,"OLAM_P008",25
"69656",-20993.05583814,"OLAM_P008",50
"69657",-27898.97524814,"OLAM_P008",100
"69658",-4158.33055814001,"OLAM_P008",25
"69659",-20623.74172814,"OLAM_P008",50
"69660",-23457.68697814,"OLAM_P008",100
"69661",-7384.07365813997,"OLAM_P008",25
"69662",-16926.09145814,"OLAM_P008",50
"69663",-17564.04095814,"OLAM_P008",100
"69664",-9208.94173813995,"OLAM_P008",25
"69665",-4096.24243813998,"OLAM_P008",50
"69666",-12250.00674814,"OLAM_P008",100
"69667",-14271.24491814,"OLAM_P008",25
"69668",-7768.95706813998,"OLAM_P008",50
"69669",-23208.21418814,"OLAM_P008",100
"69670",12550.47066186,"OLAM_P008",25
"69671",-17013.22530814,"OLAM_P008",50
"69672",-8235.32392813999,"OLAM_P008",100
"69673",-3722.90098813997,"OLAM_P008",25
"69674",-4329.88877813995,"OLAM_P008",50
"69675",-27166.24601814,"OLAM_P008",100
"69676",-714.08145813999,"OLAM_P008",25
"69677",-12867.37052814,"OLAM_P008",50
"69678",-26535.67590814,"OLAM_P008",100
"69679",-9455.49159813998,"OLAM_P008",25
"69680",-20139.91099814,"OLAM_P008",50
"69681",-16143.59186814,"OLAM_P008",100
"69682",-9200.35379813996,"OLAM_P008",25
"69683",-20140.44010814,"OLAM_P008",50
"69684",-15244.29883814,"OLAM_P008",100
"69685",-8496.72043813998,"OLAM_P008",25
"69686",-9537.53622814,"OLAM_P008",50
"69687",-21233.87603814,"OLAM_P008",100
"69688",9179.94961186004,"OLAM_P008",25
"69689",-14040.84713814,"OLAM_P008",50
"69690",-12047.69834814,"OLAM_P008",100
"69691",-3979.78958813997,"OLAM_P008",25
"69692",4146.75780186005,"OLAM_P008",50
"69693",-12091.07180814,"OLAM_P008",100
"69694",9453.84215186001,"OLAM_P008",25
"69695",-20986.87715814,"OLAM_P008",50
"69696",-14451.71341814,"OLAM_P008",100
"69697",-3353.75273814,"OLAM_P008",25
"69698",-18688.31712814,"OLAM_P008",50
"69699",-31201.46842814,"OLAM_P008",100
"69700",-6751.26205813995,"OLAM_P008",25
"69701",-862.078918139974,"OLAM_P008",50
"69702",-26725.97625814,"OLAM_P008",100
"69703",-10787.67563814,"OLAM_P008",25
"69704",-20366.00584814,"OLAM_P008",50
"69705",-22860.23011814,"OLAM_P008",100
"69706",-10024.74508814,"OLAM_P008",25
"69707",-9434.00288813998,"OLAM_P008",50
"69708",-26182.31175814,"OLAM_P008",100
"69709",933.484891860047,"OLAM_P008",25
"69710",-20494.59146814,"OLAM_P008",50
"69711",-16564.92765814,"OLAM_P008",100
"69712",-5732.69271813997,"OLAM_P008",25
"69713",-8825.76957814,"OLAM_P008",50
"69714",-22587.95921814,"OLAM_P008",100
"69715",-15827.69807814,"OLAM_P008",25
"69716",-18787.11221814,"OLAM_P008",50
"69717",-23318.32109814,"OLAM_P008",100
"69718",-847.014048139972,"OLAM_P008",25
"69719",-10157.10805814,"OLAM_P008",50
"69720",-14524.96902814,"OLAM_P008",100
"69721",-3798.67762813997,"OLAM_P008",25
"69722",-12858.12819814,"OLAM_P008",50
"69723",-25310.37054814,"OLAM_P008",100
"69724",-17173.91170814,"OLAM_P008",25
"69725",-26706.88277814,"OLAM_P008",50
"69726",-20321.50765814,"OLAM_P008",100
"69727",-16705.68385814,"OLAM_P008",25
"69728",-12635.85887814,"OLAM_P008",50
"69729",-27885.77038814,"OLAM_P008",100
"69730",-10275.23934814,"OLAM_P008",25
"69731",-12531.13078814,"OLAM_P008",50
"69732",-29276.56169814,"OLAM_P008",100
"69733",-11701.22605814,"OLAM_P008",25
"69734",-17155.84248814,"OLAM_P008",50
"69735",-8075.44033814,"OLAM_P008",100
"69736",-3033.11057813995,"OLAM_P008",25
"69737",-9786.63214813999,"OLAM_P008",50
"69738",-17270.03620814,"OLAM_P008",100
"69739",-5420.22502814,"OLAM_P008",25
"69740",-4800.65283813997,"OLAM_P008",50
"69741",-22805.88651814,"OLAM_P008",100
"69742",-9739.23089814,"OLAM_P008",25
"69743",6158.59271186002,"OLAM_P008",50
"69744",-31835.27517814,"OLAM_P008",100
"69745",-942.598898139957,"OLAM_P008",25
"69746",-18850.04960814,"OLAM_P008",50
"69747",-11550.63916814,"OLAM_P008",100
"69748",2732.65033186,"OLAM_P008",25
"69749",-2036.61883813998,"OLAM_P008",50
"69750",-24865.42399814,"OLAM_P008",100
"69751",-8352.82238813996,"OLAM_P008",25
"69752",-10955.27348814,"OLAM_P008",50
"69753",-26598.59919814,"OLAM_P008",100
"69754",-695.838928140001,"OLAM_P008",25
"69755",-8595.42715814,"OLAM_P008",50
"69756",-20607.85412814,"OLAM_P008",100
"69757",-5732.06577813998,"OLAM_P008",25
"69758",14588.19564186,"OLAM_P008",50
"69759",-27553.07318814,"OLAM_P008",100
"69760",-7124.41052813997,"OLAM_P008",25
"69761",-12340.94994814,"OLAM_P008",50
"69762",-28208.08372814,"OLAM_P008",100
"69763",-1541.32445814001,"OLAM_P008",25
"69764",-4141.25759813999,"OLAM_P008",50
"69765",-26781.92823814,"OLAM_P008",100
"69766",1781.09761186002,"OLAM_P008",25
"69767",-4775.70820813999,"OLAM_P008",50
"69768",-31498.55805814,"OLAM_P008",100
"69769",-7490.23358813999,"OLAM_P008",25
"69770",-33312.87930814,"OLAM_P008",50
"69771",-34384.77608814,"OLAM_P008",100
"69772",7932.01507186005,"OLAM_P008",25
"69773",2988.57124186005,"OLAM_P008",50
"69774",-26504.44285814,"OLAM_P008",100
"69775",8151.05142186,"OLAM_P008",25
"69776",-13318.03673814,"OLAM_P008",50
"69777",-21074.42221814,"OLAM_P008",100
"69778",-5439.46517813997,"OLAM_P008",25
"69779",-2357.63119813998,"OLAM_P008",50
"69780",-29168.77680814,"OLAM_P008",100
"69781",-4208.95155813999,"OLAM_P008",25
"69782",-7181.30627813999,"OLAM_P008",50
"69783",-30781.51158814,"OLAM_P008",100
"69784",-675.382928139996,"OLAM_P008",25
"69785",-12218.91482814,"OLAM_P008",50
"69786",-29959.13674814,"OLAM_P008",100
"69787",-7232.72380813997,"OLAM_P008",25
"69788",-9328.79969814001,"OLAM_P008",50
"69789",-30094.83964814,"OLAM_P008",100
"69790",-920.877628139977,"OLAM_P008",25
"69791",-26848.29311814,"OLAM_P008",50
"69792",-23424.68909814,"OLAM_P008",100
"69793",-14445.89746814,"OLAM_P008",25
"69794",17063.42550186,"OLAM_P008",50
"69795",-13915.89671814,"OLAM_P008",100
"69796",-5057.18295813998,"OLAM_P008",25
"69797",-7450.97103814001,"OLAM_P008",50
"69798",-20077.58870814,"OLAM_P008",100
"69799",-7136.30410814,"OLAM_P008",25
"69800",-11947.51974814,"OLAM_P008",50
"69801",-22258.62975814,"OLAM_P008",100
"69802",-13382.55085814,"OLAM_P008",25
"69803",-10771.54410814,"OLAM_P008",50
"69804",-22077.11023814,"OLAM_P008",100
"69805",-904.811768140004,"OLAM_P008",25
"69806",-27855.55665814,"OLAM_P008",50
"69807",-32533.83001814,"OLAM_P008",100
"69808",-11428.57347814,"OLAM_P008",25
"69809",-14662.66378814,"OLAM_P008",50
"69810",-9210.45846813999,"OLAM_P008",100
"69811",5015.15779185999,"OLAM_P008",25
"69812",2184.60090186005,"OLAM_P008",50
"69813",-24794.69357814,"OLAM_P008",100
"69814",-17419.34942814,"OLAM_P008",25
"69815",-18017.13996814,"OLAM_P008",50
"69816",-17855.66799814,"OLAM_P008",100
"69817",-5875.31562814,"OLAM_P008",25
"69818",-21152.36918814,"OLAM_P008",50
"69819",-25290.58070814,"OLAM_P008",100
"69820",-2577.16770813998,"OLAM_P008",25
"69821",-13473.56337814,"OLAM_P008",50
"69822",-10672.99638814,"OLAM_P008",100
"69823",-9504.17697813996,"OLAM_P008",25
"69824",-15676.42220814,"OLAM_P008",50
"69825",-22755.13493814,"OLAM_P008",100
"69826",-2034.52574814,"OLAM_P008",25
"69827",3936.66838186001,"OLAM_P008",50
"69828",-26956.52925814,"OLAM_P008",100
"69829",-14118.93770814,"OLAM_P008",25
"69830",-519.174298139988,"OLAM_P008",50
"69831",-26793.40743814,"OLAM_P008",100
"69832",-1579.90840814001,"OLAM_P008",25
"69833",-17630.31904814,"OLAM_P008",50
"69834",-22274.28644814,"OLAM_P008",100
"69835",-15329.28260814,"OLAM_P008",25
"69836",-5780.55313814001,"OLAM_P008",50
"69837",-13456.53298814,"OLAM_P008",100
"69838",-1000.22512813995,"OLAM_P008",25
"69839",-21883.20677814,"OLAM_P008",50
"69840",-4363.03724813997,"OLAM_P008",100
"69841",-9206.61213813996,"OLAM_P008",25
"69842",-13853.60976814,"OLAM_P008",50
"69843",-13139.22167814,"OLAM_P008",100
"69844",4091.24182186002,"OLAM_P008",25
"69845",-24413.48702814,"OLAM_P008",50
"69846",-29557.08528814,"OLAM_P008",100
"69847",19180.23567186,"OLAM_P008",25
"69848",-18249.79934814,"OLAM_P008",50
"69849",-21242.14102814,"OLAM_P008",100
"69850",-18418.31832814,"OLAM_P008",25
"69851",-6902.98816814,"OLAM_P008",50
"69852",-12173.32048814,"OLAM_P008",100
"69853",-8033.09148813999,"OLAM_P008",25
"69854",8281.81917186,"OLAM_P008",50
"69855",-23200.40169814,"OLAM_P008",100
"69856",293.825481860025,"OLAM_P008",25
"69857",16124.18201186,"OLAM_P008",50
"69858",-8751.85119813995,"OLAM_P008",100
"69859",-7318.69440813997,"OLAM_P008",25
"69860",-15432.22673814,"OLAM_P008",50
"69861",-17626.32432814,"OLAM_P008",100
"69862",-5026.55473813997,"OLAM_P008",25
"69863",-13874.45726814,"OLAM_P008",50
"69864",-27200.2623481399,"OLAM_P008",100
"69865",-10222.43250814,"OLAM_P008",25
"69866",-17993.46929814,"OLAM_P008",50
"69867",-29743.36030814,"OLAM_P008",100
"69868",2278.90439186001,"OLAM_P008",25
"69869",10156.09157186,"OLAM_P008",50
"69870",-19199.90585814,"OLAM_P008",100
"69871",-13670.42578814,"OLAM_P008",25
"69872",-11390.90362814,"OLAM_P008",50
"69873",-27640.48493814,"OLAM_P008",100
"69874",-1917.69353813998,"OLAM_P008",25
"69875",17297.21810186,"OLAM_P008",50
"69876",-17761.07250814,"OLAM_P008",100
"69877",-7120.35512813996,"OLAM_P008",25
"69878",-6741.71140813996,"OLAM_P008",50
"69879",-25201.61263814,"OLAM_P008",100
"69880",-10990.35475814,"OLAM_P008",25
"69881",-10757.45584814,"OLAM_P008",50
"69882",-15163.53254814,"OLAM_P008",100
"69883",-2254.38867814001,"OLAM_P008",25
"69884",-5808.84655813995,"OLAM_P008",50
"69885",-33676.93952814,"OLAM_P008",100
"69886",-5734.78210814,"OLAM_P008",25
"69887",658.363401859999,"OLAM_P008",50
"69888",-24120.97591814,"OLAM_P008",100
"69889",-3137.29305813997,"OLAM_P008",25
"69890",-20368.95974814,"OLAM_P008",50
"69891",-12799.74664814,"OLAM_P008",100
"69892",-10482.67425814,"OLAM_P008",25
"69893",-23087.40823814,"OLAM_P008",50
"69894",-27511.68467814,"OLAM_P008",100
"69895",-5034.58000813995,"OLAM_P008",25
"69896",-13548.67784814,"OLAM_P008",50
"69897",-26539.56439814,"OLAM_P008",100
"69898",-5101.93708814,"OLAM_P008",25
"69899",-22085.67400814,"OLAM_P008",50
"69900",-17460.7492381399,"OLAM_P008",100
"69901",-1666.57423985601,"OLAM_P009",25
"69902",1607.799320144,"OLAM_P009",50
"69903",7484.955620144,"OLAM_P009",100
"69904",3214.02209014399,"OLAM_P009",25
"69905",6925.300570144,"OLAM_P009",50
"69906",10860.435220144,"OLAM_P009",100
"69907",7039.74806014399,"OLAM_P009",25
"69908",264.845640143991,"OLAM_P009",50
"69909",6639.42732014399,"OLAM_P009",100
"69910",1030.17131014401,"OLAM_P009",25
"69911",2249.618800144,"OLAM_P009",50
"69912",3428.886550144,"OLAM_P009",100
"69913",1957.553070144,"OLAM_P009",25
"69914",-2653.33308985599,"OLAM_P009",50
"69915",3700.512440144,"OLAM_P009",100
"69916",4013.32539014399,"OLAM_P009",25
"69917",-3603.51958985601,"OLAM_P009",50
"69918",1573.149530144,"OLAM_P009",100
"69919",1194.63062014402,"OLAM_P009",25
"69920",125.799530143995,"OLAM_P009",50
"69921",-3275.02908985599,"OLAM_P009",100
"69922",-2138.531919856,"OLAM_P009",25
"69923",1314.768200144,"OLAM_P009",50
"69924",5341.385220144,"OLAM_P009",100
"69925",-146.764359855995,"OLAM_P009",25
"69926",4912.00882014399,"OLAM_P009",50
"69927",4289.00885014399,"OLAM_P009",100
"69928",-145.054799856007,"OLAM_P009",25
"69929",-2614.77434985599,"OLAM_P009",50
"69930",4407.87332014399,"OLAM_P009",100
"69931",5263.73907014402,"OLAM_P009",25
"69932",-115.895999856002,"OLAM_P009",50
"69933",2130.23983014401,"OLAM_P009",100
"69934",-1950.33711985601,"OLAM_P009",25
"69935",3147.278210144,"OLAM_P009",50
"69936",8912.11256014401,"OLAM_P009",100
"69937",4743.285450144,"OLAM_P009",25
"69938",-1703.560639856,"OLAM_P009",50
"69939",-1759.017089856,"OLAM_P009",100
"69940",2582.59522014399,"OLAM_P009",25
"69941",3467.064250144,"OLAM_P009",50
"69942",5746.174500144,"OLAM_P009",100
"69943",1245.751650144,"OLAM_P009",25
"69944",3536.16156014401,"OLAM_P009",50
"69945",7650.07081014401,"OLAM_P009",100
"69946",-1607.52468985599,"OLAM_P009",25
"69947",3706.610540144,"OLAM_P009",50
"69948",7051.39079014401,"OLAM_P009",100
"69949",-1899.545709856,"OLAM_P009",25
"69950",11854.798440144,"OLAM_P009",50
"69951",1608.720890144,"OLAM_P009",100
"69952",643.699400143989,"OLAM_P009",25
"69953",844.002110144007,"OLAM_P009",50
"69954",5871.72813014401,"OLAM_P009",100
"69955",-730.640169855993,"OLAM_P009",25
"69956",2635.282400144,"OLAM_P009",50
"69957",7766.641870144,"OLAM_P009",100
"69958",-2714.93898985599,"OLAM_P009",25
"69959",-2288.80924985599,"OLAM_P009",50
"69960",1552.76363014401,"OLAM_P009",100
"69961",-500.819609856,"OLAM_P009",25
"69962",4761.67853014401,"OLAM_P009",50
"69963",8995.76165014401,"OLAM_P009",100
"69964",-471.90779985601,"OLAM_P009",25
"69965",17182.961140144,"OLAM_P009",50
"69966",6591.44039014401,"OLAM_P009",100
"69967",5458.13422014401,"OLAM_P009",25
"69968",1316.662510144,"OLAM_P009",50
"69969",-2656.38245985599,"OLAM_P009",100
"69970",-1230.03247985599,"OLAM_P009",25
"69971",-1121.70270985601,"OLAM_P009",50
"69972",148.485630144016,"OLAM_P009",100
"69973",664.290690144,"OLAM_P009",25
"69974",2841.38729014399,"OLAM_P009",50
"69975",-5331.62537985601,"OLAM_P009",100
"69976",-2179.81750985599,"OLAM_P009",25
"69977",-3373.704669856,"OLAM_P009",50
"69978",8498.36327014401,"OLAM_P009",100
"69979",357.104240143992,"OLAM_P009",25
"69980",14874.788920144,"OLAM_P009",50
"69981",-470.959499855991,"OLAM_P009",100
"69982",6359.33541014401,"OLAM_P009",25
"69983",-262.754899855994,"OLAM_P009",50
"69984",-614.902059855987,"OLAM_P009",100
"69985",-1279.498949856,"OLAM_P009",25
"69986",-875.142739856004,"OLAM_P009",50
"69987",-969.680439855991,"OLAM_P009",100
"69988",6684.93765014401,"OLAM_P009",25
"69989",3149.440320144,"OLAM_P009",50
"69990",3691.602020144,"OLAM_P009",100
"69991",-63.6758598560118,"OLAM_P009",25
"69992",-1204.961939856,"OLAM_P009",50
"69993",-1436.76285985601,"OLAM_P009",100
"69994",6340.05076014399,"OLAM_P009",25
"69995",-276.970239855989,"OLAM_P009",50
"69996",-2243.744989856,"OLAM_P009",100
"69997",1616.893430144,"OLAM_P009",25
"69998",8455.87255014401,"OLAM_P009",50
"69999",-3680.70452985601,"OLAM_P009",100
"70000",-1287.372859856,"OLAM_P009",25
"70001",1211.770800144,"OLAM_P009",50
"70002",10578.540020144,"OLAM_P009",100
"70003",-707.910389855999,"OLAM_P009",25
"70004",-967.448229856003,"OLAM_P009",50
"70005",-894.026399855997,"OLAM_P009",100
"70006",-601.637079856009,"OLAM_P009",25
"70007",332.704780144006,"OLAM_P009",50
"70008",5262.65625014401,"OLAM_P009",100
"70009",-901.74254985599,"OLAM_P009",25
"70010",716.670220144006,"OLAM_P009",50
"70011",11331.654500144,"OLAM_P009",100
"70012",155.768260143988,"OLAM_P009",25
"70013",1442.83507014401,"OLAM_P009",50
"70014",-1839.967129856,"OLAM_P009",100
"70015",1768.585260144,"OLAM_P009",25
"70016",-1167.903849856,"OLAM_P009",50
"70017",14097.856610144,"OLAM_P009",100
"70018",-659.034869855997,"OLAM_P009",25
"70019",161.188150144008,"OLAM_P009",50
"70020",9144.295300144,"OLAM_P009",100
"70021",-499.821569855994,"OLAM_P009",25
"70022",7672.72929014399,"OLAM_P009",50
"70023",6051.15780014399,"OLAM_P009",100
"70024",-394.961039855989,"OLAM_P009",25
"70025",10974.720200144,"OLAM_P009",50
"70026",1081.32140014399,"OLAM_P009",100
"70027",3186.65058014399,"OLAM_P009",25
"70028",10265.828080144,"OLAM_P009",50
"70029",2430.96913014399,"OLAM_P009",100
"70030",-1617.241159856,"OLAM_P009",25
"70031",1133.735410144,"OLAM_P009",50
"70032",-3750.44881985598,"OLAM_P009",100
"70033",405.314270144008,"OLAM_P009",25
"70034",-2315.40453985601,"OLAM_P009",50
"70035",1110.527500144,"OLAM_P009",100
"70036",-1815.808559856,"OLAM_P009",25
"70037",1101.95496014401,"OLAM_P009",50
"70038",942.533380144014,"OLAM_P009",100
"70039",490.646860144014,"OLAM_P009",25
"70040",3064.951030144,"OLAM_P009",50
"70041",2196.92149014401,"OLAM_P009",100
"70042",9594.57386014401,"OLAM_P009",25
"70043",3821.058410144,"OLAM_P009",50
"70044",-1061.28873985598,"OLAM_P009",100
"70045",-1873.271499856,"OLAM_P009",25
"70046",4089.64055014402,"OLAM_P009",50
"70047",-1404.608369856,"OLAM_P009",100
"70048",2554.26855014401,"OLAM_P009",25
"70049",3465.331820144,"OLAM_P009",50
"70050",963.515680143988,"OLAM_P009",100
"70051",221.413970144,"OLAM_P009",25
"70052",-476.60959985599,"OLAM_P009",50
"70053",-1557.23360985599,"OLAM_P009",100
"70054",1437.29044014399,"OLAM_P009",25
"70055",4656.49420014399,"OLAM_P009",50
"70056",-4122.75148985599,"OLAM_P009",100
"70057",8455.032690144,"OLAM_P009",25
"70058",-1977.750829856,"OLAM_P009",50
"70059",1700.47072014399,"OLAM_P009",100
"70060",-1827.97304985599,"OLAM_P009",25
"70061",7514.69839014401,"OLAM_P009",50
"70062",13395.615710144,"OLAM_P009",100
"70063",-312.770009856002,"OLAM_P009",25
"70064",-4464.50219985601,"OLAM_P009",50
"70065",182.151500144013,"OLAM_P009",100
"70066",3761.716930144,"OLAM_P009",25
"70067",765.24428014399,"OLAM_P009",50
"70068",-3506.16118985601,"OLAM_P009",100
"70069",-2308.51387985601,"OLAM_P009",25
"70070",1269.946160144,"OLAM_P009",50
"70071",7823.85341014402,"OLAM_P009",100
"70072",-1791.60050985598,"OLAM_P009",25
"70073",-2139.93443985601,"OLAM_P009",50
"70074",-4693.39895985599,"OLAM_P009",100
"70075",4233.62126014399,"OLAM_P009",25
"70076",842.270070144004,"OLAM_P009",50
"70077",-1398.267379856,"OLAM_P009",100
"70078",269.019250143989,"OLAM_P009",25
"70079",-132.553849855991,"OLAM_P009",50
"70080",2658.44430014401,"OLAM_P009",100
"70081",-1608.796019856,"OLAM_P009",25
"70082",-1926.42669985601,"OLAM_P009",50
"70083",-674.156779855984,"OLAM_P009",100
"70084",-950.379829855985,"OLAM_P009",25
"70085",4707.86310014399,"OLAM_P009",50
"70086",-3240.63474985599,"OLAM_P009",100
"70087",4011.23988014401,"OLAM_P009",25
"70088",-1415.13553985601,"OLAM_P009",50
"70089",2356.03797014401,"OLAM_P009",100
"70090",-1601.66099985599,"OLAM_P009",25
"70091",7502.28679014399,"OLAM_P009",50
"70092",5257.57706014402,"OLAM_P009",100
"70093",1416.85948014399,"OLAM_P009",25
"70094",-99.2093898559979,"OLAM_P009",50
"70095",836.753320143995,"OLAM_P009",100
"70096",3164.23758014399,"OLAM_P009",25
"70097",20685.041480144,"OLAM_P009",50
"70098",9901.793140144,"OLAM_P009",100
"70099",-2329.25414985599,"OLAM_P009",25
"70100",9213.473680144,"OLAM_P009",50
"70101",8699.51268014399,"OLAM_P009",100
"70102",-1288.283329856,"OLAM_P009",25
"70103",8562.68012014401,"OLAM_P009",50
"70104",3426.96817014401,"OLAM_P009",100
"70105",2115.96256014399,"OLAM_P009",25
"70106",-758.551309856004,"OLAM_P009",50
"70107",15486.729070144,"OLAM_P009",100
"70108",-629.572739855997,"OLAM_P009",25
"70109",786.501950144011,"OLAM_P009",50
"70110",20469.850160144,"OLAM_P009",100
"70111",-126.538979856006,"OLAM_P009",25
"70112",-3045.630079856,"OLAM_P009",50
"70113",13237.319650144,"OLAM_P009",100
"70114",2487.501880144,"OLAM_P009",25
"70115",927.187730144011,"OLAM_P009",50
"70116",4061.63174014399,"OLAM_P009",100
"70117",-263.794789856009,"OLAM_P009",25
"70118",-1658.620379856,"OLAM_P009",50
"70119",1498.200720144,"OLAM_P009",100
"70120",1072.87475014399,"OLAM_P009",25
"70121",-1055.27379985599,"OLAM_P009",50
"70122",22713.829840144,"OLAM_P009",100
"70123",-929.015939856006,"OLAM_P009",25
"70124",4958.96729014401,"OLAM_P009",50
"70125",520.253380144015,"OLAM_P009",100
"70126",-1416.17824985599,"OLAM_P009",25
"70127",-658.625269855984,"OLAM_P009",50
"70128",12945.632190144,"OLAM_P009",100
"70129",-1156.67600985599,"OLAM_P009",25
"70130",27.185270143993,"OLAM_P009",50
"70131",6314.35907014401,"OLAM_P009",100
"70132",1317.63967014401,"OLAM_P009",25
"70133",-653.375859855994,"OLAM_P009",50
"70134",6807.181540144,"OLAM_P009",100
"70135",390.074120144011,"OLAM_P009",25
"70136",3726.796220144,"OLAM_P009",50
"70137",-5941.78489985599,"OLAM_P009",100
"70138",9554.551300144,"OLAM_P009",25
"70139",2006.07557014399,"OLAM_P009",50
"70140",10034.600500144,"OLAM_P009",100
"70141",-1955.41813985599,"OLAM_P009",25
"70142",4493.568160144,"OLAM_P009",50
"70143",-602.570209856,"OLAM_P009",100
"70144",4673.735070144,"OLAM_P009",25
"70145",-2801.915779856,"OLAM_P009",50
"70146",803.159130143991,"OLAM_P009",100
"70147",-1332.35133985599,"OLAM_P009",25
"70148",750.706850143994,"OLAM_P009",50
"70149",285.491600144014,"OLAM_P009",100
"70150",11842.820350144,"OLAM_P009",25
"70151",-1771.65414985601,"OLAM_P009",50
"70152",5506.02882014401,"OLAM_P009",100
"70153",2227.82641014401,"OLAM_P009",25
"70154",-441.193859855994,"OLAM_P009",50
"70155",-1135.252109856,"OLAM_P009",100
"70156",4555.37278014401,"OLAM_P009",25
"70157",3220.643040144,"OLAM_P009",50
"70158",16736.902700144,"OLAM_P009",100
"70159",2644.46789014401,"OLAM_P009",25
"70160",11351.887970144,"OLAM_P009",50
"70161",7994.93142014401,"OLAM_P009",100
"70162",634.35273014399,"OLAM_P009",25
"70163",2966.675230144,"OLAM_P009",50
"70164",2387.615260144,"OLAM_P009",100
"70165",622.631480144017,"OLAM_P009",25
"70166",3984.392180144,"OLAM_P009",50
"70167",3691.35946014401,"OLAM_P009",100
"70168",4540.36251014401,"OLAM_P009",25
"70169",-798.05431985599,"OLAM_P009",50
"70170",12139.346310144,"OLAM_P009",100
"70171",654.943410144013,"OLAM_P009",25
"70172",-2104.24366985599,"OLAM_P009",50
"70173",5078.81108014399,"OLAM_P009",100
"70174",2736.48209014401,"OLAM_P009",25
"70175",4455.968680144,"OLAM_P009",50
"70176",1026.11027014401,"OLAM_P009",100
"70177",-1802.61775985599,"OLAM_P009",25
"70178",2383.43118014399,"OLAM_P009",50
"70179",-2453.37260985599,"OLAM_P009",100
"70180",-837.127559855988,"OLAM_P009",25
"70181",-2258.36188985599,"OLAM_P009",50
"70182",8254.334400144,"OLAM_P009",100
"70183",-2192.58770985599,"OLAM_P009",25
"70184",1294.681090144,"OLAM_P009",50
"70185",-2216.839889856,"OLAM_P009",100
"70186",-1212.11088985601,"OLAM_P009",25
"70187",6360.985830144,"OLAM_P009",50
"70188",1444.181280144,"OLAM_P009",100
"70189",9077.53422014401,"OLAM_P009",25
"70190",746.526250144001,"OLAM_P009",50
"70191",-1908.643059856,"OLAM_P009",100
"70192",166.82797014399,"OLAM_P009",25
"70193",-1257.22592985601,"OLAM_P009",50
"70194",2398.50286014401,"OLAM_P009",100
"70195",4321.55290014402,"OLAM_P009",25
"70196",3133.325020144,"OLAM_P009",50
"70197",11518.610950144,"OLAM_P009",100
"70198",6068.688940144,"OLAM_P009",25
"70199",2190.84591014401,"OLAM_P009",50
"70200",5227.540170144,"OLAM_P009",100
"70201",-9474.44243730797,"OLAM_P010",25
"70202",-23728.052387308,"OLAM_P010",50
"70203",-31165.761947308,"OLAM_P010",100
"70204",-22484.996117308,"OLAM_P010",25
"70205",-27059.483297308,"OLAM_P010",50
"70206",-38470.793817308,"OLAM_P010",100
"70207",-4177.60219730798,"OLAM_P010",25
"70208",-28109.411697308,"OLAM_P010",50
"70209",-31367.407907308,"OLAM_P010",100
"70210",78.1862726919935,"OLAM_P010",25
"70211",-28836.852307308,"OLAM_P010",50
"70212",-26894.074107308,"OLAM_P010",100
"70213",-2348.750477308,"OLAM_P010",25
"70214",-3089.24003730796,"OLAM_P010",50
"70215",-34426.750297308,"OLAM_P010",100
"70216",-21152.955367308,"OLAM_P010",25
"70217",-12638.592087308,"OLAM_P010",50
"70218",-27108.287667308,"OLAM_P010",100
"70219",1247.39449269202,"OLAM_P010",25
"70220",-28689.422217308,"OLAM_P010",50
"70221",-31277.557007308,"OLAM_P010",100
"70222",2908.90370269201,"OLAM_P010",25
"70223",-11801.837607308,"OLAM_P010",50
"70224",-33084.632707308,"OLAM_P010",100
"70225",460.347102692001,"OLAM_P010",25
"70226",-12903.895997308,"OLAM_P010",50
"70227",-27512.889887308,"OLAM_P010",100
"70228",-6688.700987308,"OLAM_P010",25
"70229",-17731.930197308,"OLAM_P010",50
"70230",-36064.199037308,"OLAM_P010",100
"70231",5530.42224269203,"OLAM_P010",25
"70232",-10054.846357308,"OLAM_P010",50
"70233",-29884.691227308,"OLAM_P010",100
"70234",-20402.744837308,"OLAM_P010",25
"70235",-39288.098157308,"OLAM_P010",50
"70236",-34283.946867308,"OLAM_P010",100
"70237",-1827.92023730796,"OLAM_P010",25
"70238",-24818.689067308,"OLAM_P010",50
"70239",-31462.731447308,"OLAM_P010",100
"70240",1721.39271269203,"OLAM_P010",25
"70241",-2411.03203730797,"OLAM_P010",50
"70242",-14201.634407308,"OLAM_P010",100
"70243",-24110.894967308,"OLAM_P010",25
"70244",-31499.817327308,"OLAM_P010",50
"70245",-31487.057487308,"OLAM_P010",100
"70246",-1150.599287308,"OLAM_P010",25
"70247",-26865.905097308,"OLAM_P010",50
"70248",-33773.176977308,"OLAM_P010",100
"70249",-3116.59784730797,"OLAM_P010",25
"70250",-23571.523187308,"OLAM_P010",50
"70251",-25233.455807308,"OLAM_P010",100
"70252",2286.88618269202,"OLAM_P010",25
"70253",-3731.11250730796,"OLAM_P010",50
"70254",-34868.945237308,"OLAM_P010",100
"70255",-2718.82189730799,"OLAM_P010",25
"70256",-11824.742337308,"OLAM_P010",50
"70257",-7980.16844730795,"OLAM_P010",100
"70258",1375.66526269203,"OLAM_P010",25
"70259",-16315.726367308,"OLAM_P010",50
"70260",-22477.521367308,"OLAM_P010",100
"70261",-135.464067307999,"OLAM_P010",25
"70262",-25587.867987308,"OLAM_P010",50
"70263",-33149.989147308,"OLAM_P010",100
"70264",-10796.374177308,"OLAM_P010",25
"70265",-21269.979947308,"OLAM_P010",50
"70266",-34381.482237308,"OLAM_P010",100
"70267",-1929.43182730797,"OLAM_P010",25
"70268",-7454.56613730796,"OLAM_P010",50
"70269",-19958.167637308,"OLAM_P010",100
"70270",-59.5429673079634,"OLAM_P010",25
"70271",-28705.991337308,"OLAM_P010",50
"70272",-31955.593057308,"OLAM_P010",100
"70273",-4610.812037308,"OLAM_P010",25
"70274",-32885.981087308,"OLAM_P010",50
"70275",-35495.718967308,"OLAM_P010",100
"70276",-8089.04700730799,"OLAM_P010",25
"70277",-14746.218167308,"OLAM_P010",50
"70278",-28251.014537308,"OLAM_P010",100
"70279",-1279.832997308,"OLAM_P010",25
"70280",-4913.51777730801,"OLAM_P010",50
"70281",-30905.062877308,"OLAM_P010",100
"70282",-18774.288037308,"OLAM_P010",25
"70283",-22245.873007308,"OLAM_P010",50
"70284",-26763.343167308,"OLAM_P010",100
"70285",-5571.27086730796,"OLAM_P010",25
"70286",-25089.548387308,"OLAM_P010",50
"70287",-22711.728787308,"OLAM_P010",100
"70288",-2550.42773730797,"OLAM_P010",25
"70289",-8314.27398730797,"OLAM_P010",50
"70290",-31880.762757308,"OLAM_P010",100
"70291",-11029.263177308,"OLAM_P010",25
"70292",-14348.778177308,"OLAM_P010",50
"70293",-29403.854707308,"OLAM_P010",100
"70294",-2225.136997308,"OLAM_P010",25
"70295",-33387.153667308,"OLAM_P010",50
"70296",-30523.126707308,"OLAM_P010",100
"70297",26.9355926919961,"OLAM_P010",25
"70298",-32491.615967308,"OLAM_P010",50
"70299",-31761.459277308,"OLAM_P010",100
"70300",-3739.287797308,"OLAM_P010",25
"70301",-3766.82692730799,"OLAM_P010",50
"70302",-36352.492607308,"OLAM_P010",100
"70303",-1842.52366730798,"OLAM_P010",25
"70304",-11684.536057308,"OLAM_P010",50
"70305",-33169.901807308,"OLAM_P010",100
"70306",-22377.702017308,"OLAM_P010",25
"70307",-33189.093947308,"OLAM_P010",50
"70308",-22896.826617308,"OLAM_P010",100
"70309",-6815.74806730798,"OLAM_P010",25
"70310",-7149.70285730797,"OLAM_P010",50
"70311",-33744.467957308,"OLAM_P010",100
"70312",21.7436626920244,"OLAM_P010",25
"70313",-10938.565677308,"OLAM_P010",50
"70314",-29614.285967308,"OLAM_P010",100
"70315",-3178.03830730799,"OLAM_P010",25
"70316",-14305.273167308,"OLAM_P010",50
"70317",-33375.615287308,"OLAM_P010",100
"70318",-5534.00730730797,"OLAM_P010",25
"70319",-34275.741087308,"OLAM_P010",50
"70320",-37130.056697308,"OLAM_P010",100
"70321",-5383.77850730799,"OLAM_P010",25
"70322",-4193.27188730799,"OLAM_P010",50
"70323",-17841.322237308,"OLAM_P010",100
"70324",7291.03135269199,"OLAM_P010",25
"70325",-30765.809987308,"OLAM_P010",50
"70326",-21857.083747308,"OLAM_P010",100
"70327",-228.576707308006,"OLAM_P010",25
"70328",-9699.38658730796,"OLAM_P010",50
"70329",-31379.673727308,"OLAM_P010",100
"70330",-24969.297457308,"OLAM_P010",25
"70331",-14163.257267308,"OLAM_P010",50
"70332",-29887.438217308,"OLAM_P010",100
"70333",-6346.31567730795,"OLAM_P010",25
"70334",-34721.197437308,"OLAM_P010",50
"70335",-31794.083927308,"OLAM_P010",100
"70336",-119.246547307994,"OLAM_P010",25
"70337",-2554.62335730798,"OLAM_P010",50
"70338",-31575.402887308,"OLAM_P010",100
"70339",-23864.754967308,"OLAM_P010",25
"70340",-27615.274107308,"OLAM_P010",50
"70341",-19101.620587308,"OLAM_P010",100
"70342",-22158.375127308,"OLAM_P010",25
"70343",-25187.496967308,"OLAM_P010",50
"70344",-33261.488837308,"OLAM_P010",100
"70345",-2548.43247730797,"OLAM_P010",25
"70346",-7542.05968730798,"OLAM_P010",50
"70347",-29201.025177308,"OLAM_P010",100
"70348",-24284.646207308,"OLAM_P010",25
"70349",-6888.14849730796,"OLAM_P010",50
"70350",-36055.547297308,"OLAM_P010",100
"70351",-2762.90060730797,"OLAM_P010",25
"70352",-29644.071377308,"OLAM_P010",50
"70353",-28305.588147308,"OLAM_P010",100
"70354",2893.33231269201,"OLAM_P010",25
"70355",-26745.459157308,"OLAM_P010",50
"70356",-37357.480887308,"OLAM_P010",100
"70357",-3702.82008730801,"OLAM_P010",25
"70358",-25796.052597308,"OLAM_P010",50
"70359",-34938.592247308,"OLAM_P010",100
"70360",-3243.53389730799,"OLAM_P010",25
"70361",794.488382692041,"OLAM_P010",50
"70362",-19162.221447308,"OLAM_P010",100
"70363",-18358.055877308,"OLAM_P010",25
"70364",-13107.868297308,"OLAM_P010",50
"70365",-18708.214267308,"OLAM_P010",100
"70366",-1866.03671730799,"OLAM_P010",25
"70367",-25858.987567308,"OLAM_P010",50
"70368",-41617.677127308,"OLAM_P010",100
"70369",-19424.892397308,"OLAM_P010",25
"70370",-8048.08284730796,"OLAM_P010",50
"70371",-37849.424597308,"OLAM_P010",100
"70372",-1928.39318730799,"OLAM_P010",25
"70373",-1354.533187308,"OLAM_P010",50
"70374",-35537.027677308,"OLAM_P010",100
"70375",-21901.498237308,"OLAM_P010",25
"70376",-26362.243287308,"OLAM_P010",50
"70377",-27726.647377308,"OLAM_P010",100
"70378",-30886.421557308,"OLAM_P010",25
"70379",-702.08430730796,"OLAM_P010",50
"70380",-41745.253247308,"OLAM_P010",100
"70381",-729.499657307984,"OLAM_P010",25
"70382",-10163.315107308,"OLAM_P010",50
"70383",-37278.002297308,"OLAM_P010",100
"70384",-17862.994497308,"OLAM_P010",25
"70385",9272.65630269202,"OLAM_P010",50
"70386",-34585.631547308,"OLAM_P010",100
"70387",-10602.205747308,"OLAM_P010",25
"70388",-13034.6940173079,"OLAM_P010",50
"70389",-34370.515207308,"OLAM_P010",100
"70390",-2024.62517730799,"OLAM_P010",25
"70391",-3159.36841730797,"OLAM_P010",50
"70392",-25079.705967308,"OLAM_P010",100
"70393",-10914.469507308,"OLAM_P010",25
"70394",-28128.894597308,"OLAM_P010",50
"70395",-34323.548427308,"OLAM_P010",100
"70396",-25542.144987308,"OLAM_P010",25
"70397",-4340.76456730795,"OLAM_P010",50
"70398",-18904.740397308,"OLAM_P010",100
"70399",-478.958127307997,"OLAM_P010",25
"70400",-9748.45370730798,"OLAM_P010",50
"70401",-39357.319887308,"OLAM_P010",100
"70402",-2634.71126730798,"OLAM_P010",25
"70403",-16220.911517308,"OLAM_P010",50
"70404",-32417.063547308,"OLAM_P010",100
"70405",-12575.395617308,"OLAM_P010",25
"70406",-27771.205597308,"OLAM_P010",50
"70407",-25200.988687308,"OLAM_P010",100
"70408",-2634.956117308,"OLAM_P010",25
"70409",-31006.030217308,"OLAM_P010",50
"70410",-36154.245737308,"OLAM_P010",100
"70411",-2746.48016730795,"OLAM_P010",25
"70412",-17688.744307308,"OLAM_P010",50
"70413",-40503.704677308,"OLAM_P010",100
"70414",-5528.525137308,"OLAM_P010",25
"70415",-26197.963657308,"OLAM_P010",50
"70416",-33111.238417308,"OLAM_P010",100
"70417",2281.998872692,"OLAM_P010",25
"70418",-28164.035037308,"OLAM_P010",50
"70419",-25862.880707308,"OLAM_P010",100
"70420",-10584.341297308,"OLAM_P010",25
"70421",-19539.975027308,"OLAM_P010",50
"70422",-34740.400777308,"OLAM_P010",100
"70423",-6323.423957308,"OLAM_P010",25
"70424",-5797.37236730795,"OLAM_P010",50
"70425",-37097.673247308,"OLAM_P010",100
"70426",4746.26495269203,"OLAM_P010",25
"70427",-25920.394807308,"OLAM_P010",50
"70428",-31756.867827308,"OLAM_P010",100
"70429",-19096.940007308,"OLAM_P010",25
"70430",-3735.34379730799,"OLAM_P010",50
"70431",-27393.565297308,"OLAM_P010",100
"70432",-23633.805807308,"OLAM_P010",25
"70433",-17192.713157308,"OLAM_P010",50
"70434",-22846.121937308,"OLAM_P010",100
"70435",-24520.437777308,"OLAM_P010",25
"70436",-21584.957287308,"OLAM_P010",50
"70437",-34206.192367308,"OLAM_P010",100
"70438",1933.22364269203,"OLAM_P010",25
"70439",-25428.114367308,"OLAM_P010",50
"70440",-35237.211377308,"OLAM_P010",100
"70441",1511.485112692,"OLAM_P010",25
"70442",-32976.993197308,"OLAM_P010",50
"70443",-14302.845747308,"OLAM_P010",100
"70444",-21470.932267308,"OLAM_P010",25
"70445",-3927.37241730798,"OLAM_P010",50
"70446",-33307.473137308,"OLAM_P010",100
"70447",-2603.870317308,"OLAM_P010",25
"70448",-12947.779477308,"OLAM_P010",50
"70449",-16289.709277308,"OLAM_P010",100
"70450",-15316.700457308,"OLAM_P010",25
"70451",-19067.903177308,"OLAM_P010",50
"70452",-26774.278297308,"OLAM_P010",100
"70453",-9142.14237730799,"OLAM_P010",25
"70454",-23205.289537308,"OLAM_P010",50
"70455",-26861.453917308,"OLAM_P010",100
"70456",-1249.22135730798,"OLAM_P010",25
"70457",-8931.12195730797,"OLAM_P010",50
"70458",-41031.583307308,"OLAM_P010",100
"70459",-5985.304087308,"OLAM_P010",25
"70460",-23367.004787308,"OLAM_P010",50
"70461",-27431.151637308,"OLAM_P010",100
"70462",-21824.855377308,"OLAM_P010",25
"70463",-8264.93047730799,"OLAM_P010",50
"70464",-34291.630897308,"OLAM_P010",100
"70465",-25302.577507308,"OLAM_P010",25
"70466",-30455.521127308,"OLAM_P010",50
"70467",-31297.036357308,"OLAM_P010",100
"70468",-2297.49881730799,"OLAM_P010",25
"70469",-25769.953257308,"OLAM_P010",50
"70470",-34309.225667308,"OLAM_P010",100
"70471",2037.84371269203,"OLAM_P010",25
"70472",3760.66115269205,"OLAM_P010",50
"70473",-19218.555757308,"OLAM_P010",100
"70474",-2002.98956730799,"OLAM_P010",25
"70475",-11038.192327308,"OLAM_P010",50
"70476",-26204.843767308,"OLAM_P010",100
"70477",-2282.61679730797,"OLAM_P010",25
"70478",-14450.913247308,"OLAM_P010",50
"70479",-35733.531507308,"OLAM_P010",100
"70480",2008.65913269203,"OLAM_P010",25
"70481",-371.331697307993,"OLAM_P010",50
"70482",-36640.827747308,"OLAM_P010",100
"70483",-2460.47865730798,"OLAM_P010",25
"70484",-3131.77879730798,"OLAM_P010",50
"70485",-27638.720757308,"OLAM_P010",100
"70486",-4788.40819730796,"OLAM_P010",25
"70487",-31920.371557308,"OLAM_P010",50
"70488",-23253.939277308,"OLAM_P010",100
"70489",-30028.218407308,"OLAM_P010",25
"70490",-4407.30735730799,"OLAM_P010",50
"70491",-36888.818117308,"OLAM_P010",100
"70492",-11639.301177308,"OLAM_P010",25
"70493",-19678.099317308,"OLAM_P010",50
"70494",-32478.394617308,"OLAM_P010",100
"70495",-12318.543457308,"OLAM_P010",25
"70496",-8094.24059730797,"OLAM_P010",50
"70497",-36958.051387308,"OLAM_P010",100
"70498",-11526.674697308,"OLAM_P010",25
"70499",-23579.587937308,"OLAM_P010",50
"70500",-32107.252697308,"OLAM_P010",100
"70501",-1250.21655252,"OLAM_P011",25
"70502",-5374.05083251998,"OLAM_P011",50
"70503",-6499.67318252,"OLAM_P011",100
"70504",-1492.98349252,"OLAM_P011",25
"70505",9080.14215748,"OLAM_P011",50
"70506",-6546.69599251999,"OLAM_P011",100
"70507",-3376.22895251997,"OLAM_P011",25
"70508",-1574.07928251999,"OLAM_P011",50
"70509",-4233.01911251998,"OLAM_P011",100
"70510",-2452.29870252,"OLAM_P011",25
"70511",-4239.14498252,"OLAM_P011",50
"70512",249.414887480001,"OLAM_P011",100
"70513",-2267.81386251998,"OLAM_P011",25
"70514",-5018.15003251997,"OLAM_P011",50
"70515",-7508.27297251998,"OLAM_P011",100
"70516",-4406.67602252,"OLAM_P011",25
"70517",-1045.56785251998,"OLAM_P011",50
"70518",3914.24142748001,"OLAM_P011",100
"70519",-2471.18223251999,"OLAM_P011",25
"70520",2170.98078748002,"OLAM_P011",50
"70521",-6984.01082251998,"OLAM_P011",100
"70522",-2550.95265251998,"OLAM_P011",25
"70523",11041.26312748,"OLAM_P011",50
"70524",-4830.22097251998,"OLAM_P011",100
"70525",-3586.03858251998,"OLAM_P011",25
"70526",-144.094432519982,"OLAM_P011",50
"70527",-5977.79915251999,"OLAM_P011",100
"70528",-2148.57280251998,"OLAM_P011",25
"70529",-3544.90494251999,"OLAM_P011",50
"70530",-2091.57195252,"OLAM_P011",100
"70531",-2931.77430251997,"OLAM_P011",25
"70532",-2152.50104251999,"OLAM_P011",50
"70533",970.994527480012,"OLAM_P011",100
"70534",-1619.37721251999,"OLAM_P011",25
"70535",-3839.03587251998,"OLAM_P011",50
"70536",-5904.96075251998,"OLAM_P011",100
"70537",6794.05813748002,"OLAM_P011",25
"70538",-2863.76838251998,"OLAM_P011",50
"70539",-2452.05025251998,"OLAM_P011",100
"70540",-1947.24969251998,"OLAM_P011",25
"70541",1508.90434748001,"OLAM_P011",50
"70542",-5104.68280251999,"OLAM_P011",100
"70543",-1268.23543251998,"OLAM_P011",25
"70544",-292.287322519987,"OLAM_P011",50
"70545",-8023.91983251998,"OLAM_P011",100
"70546",11001.57502748,"OLAM_P011",25
"70547",2562.02424748,"OLAM_P011",50
"70548",-3710.96965252,"OLAM_P011",100
"70549",-3127.30051251999,"OLAM_P011",25
"70550",-4375.86599251998,"OLAM_P011",50
"70551",15935.83204748,"OLAM_P011",100
"70552",-524.872622519993,"OLAM_P011",25
"70553",-1489.10073251999,"OLAM_P011",50
"70554",5852.32227748001,"OLAM_P011",100
"70555",-1511.54218251997,"OLAM_P011",25
"70556",-4608.89351251998,"OLAM_P011",50
"70557",2256.62180748,"OLAM_P011",100
"70558",-3511.20850251999,"OLAM_P011",25
"70559",-3374.85873251999,"OLAM_P011",50
"70560",-2951.72575252,"OLAM_P011",100
"70561",1033.43221748,"OLAM_P011",25
"70562",7126.06256748002,"OLAM_P011",50
"70563",255.595227480022,"OLAM_P011",100
"70564",-2040.43066252,"OLAM_P011",25
"70565",13304.92975748,"OLAM_P011",50
"70566",4899.73440748002,"OLAM_P011",100
"70567",-1142.80434251999,"OLAM_P011",25
"70568",9921.71765748001,"OLAM_P011",50
"70569",-4354.48185252,"OLAM_P011",100
"70570",-493.587102519989,"OLAM_P011",25
"70571",-5591.91235251998,"OLAM_P011",50
"70572",2488.77509748001,"OLAM_P011",100
"70573",8248.63117748001,"OLAM_P011",25
"70574",-2578.92125252,"OLAM_P011",50
"70575",-3290.95980252,"OLAM_P011",100
"70576",-1988.90482251998,"OLAM_P011",25
"70577",-5171.52122251998,"OLAM_P011",50
"70578",-7182.91094251999,"OLAM_P011",100
"70579",-1849.07097251998,"OLAM_P011",25
"70580",-5497.49641251998,"OLAM_P011",50
"70581",5339.74024748002,"OLAM_P011",100
"70582",-367.19375251999,"OLAM_P011",25
"70583",-2142.44098252,"OLAM_P011",50
"70584",-3627.52861251999,"OLAM_P011",100
"70585",-2993.00690251999,"OLAM_P011",25
"70586",5576.55458748,"OLAM_P011",50
"70587",29830.80241748,"OLAM_P011",100
"70588",22010.16829748,"OLAM_P011",25
"70589",-4155.38545251999,"OLAM_P011",50
"70590",-7850.63548251998,"OLAM_P011",100
"70591",-4412.94288252,"OLAM_P011",25
"70592",13896.09036748,"OLAM_P011",50
"70593",-7522.18825251999,"OLAM_P011",100
"70594",-1832.38903251998,"OLAM_P011",25
"70595",-4282.83992251998,"OLAM_P011",50
"70596",-6007.16179252,"OLAM_P011",100
"70597",-2879.94989252,"OLAM_P011",25
"70598",-3866.36038251998,"OLAM_P011",50
"70599",-6303.96094251997,"OLAM_P011",100
"70600",11559.09708748,"OLAM_P011",25
"70601",3919.52349748003,"OLAM_P011",50
"70602",-8076.51230251999,"OLAM_P011",100
"70603",-2692.06329251998,"OLAM_P011",25
"70604",-291.618292519997,"OLAM_P011",50
"70605",-8121.90006252,"OLAM_P011",100
"70606",-2396.71024252,"OLAM_P011",25
"70607",7649.35707748,"OLAM_P011",50
"70608",3186.13317748002,"OLAM_P011",100
"70609",-4458.78108252,"OLAM_P011",25
"70610",-6565.20327251998,"OLAM_P011",50
"70611",-9059.79030251998,"OLAM_P011",100
"70612",13034.52842748,"OLAM_P011",25
"70613",15954.93224748,"OLAM_P011",50
"70614",3729.12324748002,"OLAM_P011",100
"70615",1111.89375748002,"OLAM_P011",25
"70616",-3198.10268252,"OLAM_P011",50
"70617",-3530.58115252,"OLAM_P011",100
"70618",-2507.62748251998,"OLAM_P011",25
"70619",-5438.80686252,"OLAM_P011",50
"70620",5311.58602748002,"OLAM_P011",100
"70621",-1501.48873252,"OLAM_P011",25
"70622",-5400.98332251998,"OLAM_P011",50
"70623",3068.66911748002,"OLAM_P011",100
"70624",-5401.59172251998,"OLAM_P011",25
"70625",-8254.98661251998,"OLAM_P011",50
"70626",-2494.51029251999,"OLAM_P011",100
"70627",870.280537480023,"OLAM_P011",25
"70628",-1310.50137252,"OLAM_P011",50
"70629",6336.87764748003,"OLAM_P011",100
"70630",-3081.00496251998,"OLAM_P011",25
"70631",-4121.97575252,"OLAM_P011",50
"70632",5596.34230748002,"OLAM_P011",100
"70633",4777.48524748001,"OLAM_P011",25
"70634",-2303.63165251998,"OLAM_P011",50
"70635",1833.10057748001,"OLAM_P011",100
"70636",-3608.36658251999,"OLAM_P011",25
"70637",-4771.74413251999,"OLAM_P011",50
"70638",3036.65450748001,"OLAM_P011",100
"70639",10361.62065748,"OLAM_P011",25
"70640",-3468.56669251999,"OLAM_P011",50
"70641",2321.27698748,"OLAM_P011",100
"70642",-4231.36702251999,"OLAM_P011",25
"70643",-4030.33610252,"OLAM_P011",50
"70644",-452.628182519984,"OLAM_P011",100
"70645",11691.80800748,"OLAM_P011",25
"70646",-5244.74255251998,"OLAM_P011",50
"70647",-6921.27122251998,"OLAM_P011",100
"70648",-54.7665325199778,"OLAM_P011",25
"70649",87.7902474800067,"OLAM_P011",50
"70650",-5134.97086251999,"OLAM_P011",100
"70651",-1585.88270252,"OLAM_P011",25
"70652",-6367.87633251998,"OLAM_P011",50
"70653",-8849.97669251999,"OLAM_P011",100
"70654",-90.1439125199977,"OLAM_P011",25
"70655",-4360.57567251998,"OLAM_P011",50
"70656",37458.94880748,"OLAM_P011",100
"70657",5808.62240748,"OLAM_P011",25
"70658",-3008.11895251999,"OLAM_P011",50
"70659",-5399.34315251998,"OLAM_P011",100
"70660",-1409.06300251998,"OLAM_P011",25
"70661",-4205.46553252,"OLAM_P011",50
"70662",-3458.51662251999,"OLAM_P011",100
"70663",-1679.86274252,"OLAM_P011",25
"70664",10495.87249748,"OLAM_P011",50
"70665",-7969.72876251998,"OLAM_P011",100
"70666",3616.23411748002,"OLAM_P011",25
"70667",1546.48131748001,"OLAM_P011",50
"70668",-10172.15831252,"OLAM_P011",100
"70669",-2153.48498251999,"OLAM_P011",25
"70670",-2992.97416252,"OLAM_P011",50
"70671",-9371.09681252,"OLAM_P011",100
"70672",3205.21091748,"OLAM_P011",25
"70673",-4975.79602251999,"OLAM_P011",50
"70674",-6798.43067251999,"OLAM_P011",100
"70675",-1049.41114252,"OLAM_P011",25
"70676",-5542.80064251999,"OLAM_P011",50
"70677",-4652.98144251999,"OLAM_P011",100
"70678",-4392.68489251999,"OLAM_P011",25
"70679",-4472.35447251998,"OLAM_P011",50
"70680",21622.37351748,"OLAM_P011",100
"70681",12406.38471748,"OLAM_P011",25
"70682",-2695.56770252,"OLAM_P011",50
"70683",-9004.53337251997,"OLAM_P011",100
"70684",-3696.64191251999,"OLAM_P011",25
"70685",-4375.72009252,"OLAM_P011",50
"70686",-8318.52655251999,"OLAM_P011",100
"70687",-2520.53270251999,"OLAM_P011",25
"70688",-4703.10279251999,"OLAM_P011",50
"70689",-605.65462252,"OLAM_P011",100
"70690",-1693.46004251999,"OLAM_P011",25
"70691",313.596717480017,"OLAM_P011",50
"70692",-190.981562519999,"OLAM_P011",100
"70693",5788.20462748001,"OLAM_P011",25
"70694",-3247.41937252,"OLAM_P011",50
"70695",-8111.23090251998,"OLAM_P011",100
"70696",-1459.55786251999,"OLAM_P011",25
"70697",-6084.83175252,"OLAM_P011",50
"70698",13493.34277748,"OLAM_P011",100
"70699",-1526.52489251998,"OLAM_P011",25
"70700",-2045.89646252,"OLAM_P011",50
"70701",-3723.21218251999,"OLAM_P011",100
"70702",-3022.78073251998,"OLAM_P011",25
"70703",-3593.04002252,"OLAM_P011",50
"70704",-9789.07323251999,"OLAM_P011",100
"70705",-4230.07451251999,"OLAM_P011",25
"70706",-2737.29326251999,"OLAM_P011",50
"70707",-7679.71864251999,"OLAM_P011",100
"70708",-3126.34926252,"OLAM_P011",25
"70709",-4002.85982252,"OLAM_P011",50
"70710",1334.68670748002,"OLAM_P011",100
"70711",-161.59424251999,"OLAM_P011",25
"70712",-1281.73977252,"OLAM_P011",50
"70713",2652.17187748002,"OLAM_P011",100
"70714",2235.96310748,"OLAM_P011",25
"70715",-449.238962520001,"OLAM_P011",50
"70716",11300.77447748,"OLAM_P011",100
"70717",-2180.17601251998,"OLAM_P011",25
"70718",-3555.05304251998,"OLAM_P011",50
"70719",-3813.33122251998,"OLAM_P011",100
"70720",-1571.23787252,"OLAM_P011",25
"70721",-3438.73903251998,"OLAM_P011",50
"70722",-4885.33188252,"OLAM_P011",100
"70723",-4096.61717252,"OLAM_P011",25
"70724",-4418.25184252,"OLAM_P011",50
"70725",-5049.08682251998,"OLAM_P011",100
"70726",-1444.23722251999,"OLAM_P011",25
"70727",-1034.31755251999,"OLAM_P011",50
"70728",2423.79306748,"OLAM_P011",100
"70729",-501.129792519991,"OLAM_P011",25
"70730",-3569.07752251998,"OLAM_P011",50
"70731",-7730.77858252,"OLAM_P011",100
"70732",-1563.50207252,"OLAM_P011",25
"70733",-2108.28038252,"OLAM_P011",50
"70734",-7243.38916251998,"OLAM_P011",100
"70735",-2773.25509251998,"OLAM_P011",25
"70736",3316.78337748002,"OLAM_P011",50
"70737",-4440.95361251998,"OLAM_P011",100
"70738",-911.216832519975,"OLAM_P011",25
"70739",4017.37355748002,"OLAM_P011",50
"70740",-6734.13776252,"OLAM_P011",100
"70741",-3923.02549251998,"OLAM_P011",25
"70742",20794.16758748,"OLAM_P011",50
"70743",-1447.39112252,"OLAM_P011",100
"70744",2167.62750748001,"OLAM_P011",25
"70745",13845.23348748,"OLAM_P011",50
"70746",2362.44432748001,"OLAM_P011",100
"70747",-2002.20211252,"OLAM_P011",25
"70748",-2201.69763251999,"OLAM_P011",50
"70749",-8638.53737251999,"OLAM_P011",100
"70750",345.817447480018,"OLAM_P011",25
"70751",-3933.90209252,"OLAM_P011",50
"70752",-7332.60580251997,"OLAM_P011",100
"70753",-1692.25381251998,"OLAM_P011",25
"70754",-2.44764251998276,"OLAM_P011",50
"70755",-7052.39315252,"OLAM_P011",100
"70756",-1388.44697251997,"OLAM_P011",25
"70757",-2720.61498252,"OLAM_P011",50
"70758",2347.45046748,"OLAM_P011",100
"70759",-1196.71822251999,"OLAM_P011",25
"70760",-4556.16952251998,"OLAM_P011",50
"70761",-612.778202519985,"OLAM_P011",100
"70762",136.543087480008,"OLAM_P011",25
"70763",-5787.91709251999,"OLAM_P011",50
"70764",-7923.85979252,"OLAM_P011",100
"70765",-2024.96912251998,"OLAM_P011",25
"70766",-2700.95769251999,"OLAM_P011",50
"70767",-7255.46849251998,"OLAM_P011",100
"70768",-201.685642519995,"OLAM_P011",25
"70769",-1997.78226251999,"OLAM_P011",50
"70770",-7887.37067251999,"OLAM_P011",100
"70771",-593.057572519989,"OLAM_P011",25
"70772",-4060.29348251998,"OLAM_P011",50
"70773",-5032.12725251997,"OLAM_P011",100
"70774",-3692.13985251999,"OLAM_P011",25
"70775",-5958.42720251999,"OLAM_P011",50
"70776",4486.40525748002,"OLAM_P011",100
"70777",-1496.14419251998,"OLAM_P011",25
"70778",-4551.50273251999,"OLAM_P011",50
"70779",5775.95628748002,"OLAM_P011",100
"70780",20565.11989748,"OLAM_P011",25
"70781",11350.44981748,"OLAM_P011",50
"70782",6654.33201748002,"OLAM_P011",100
"70783",-1433.12598252,"OLAM_P011",25
"70784",-3884.67366251998,"OLAM_P011",50
"70785",-440.872282519995,"OLAM_P011",100
"70786",-1580.77530251999,"OLAM_P011",25
"70787",-2790.88073251999,"OLAM_P011",50
"70788",6223.76636748001,"OLAM_P011",100
"70789",8951.35454748,"OLAM_P011",25
"70790",-2937.94557252,"OLAM_P011",50
"70791",-4894.16239252,"OLAM_P011",100
"70792",-2456.65370251998,"OLAM_P011",25
"70793",-5366.58959252,"OLAM_P011",50
"70794",2742.48332748,"OLAM_P011",100
"70795",-766.112122519989,"OLAM_P011",25
"70796",4732.60400748003,"OLAM_P011",50
"70797",-8086.15289251998,"OLAM_P011",100
"70798",-5235.77455251999,"OLAM_P011",25
"70799",-7547.13309252,"OLAM_P011",50
"70800",4723.13091748001,"OLAM_P011",100
"70801",1516.07353506,"OLAM_P012",25
"70802",-16029.46316494,"OLAM_P012",50
"70803",-17994.61792494,"OLAM_P012",100
"70804",-13600.26578494,"OLAM_P012",25
"70805",-1073.01006494,"OLAM_P012",50
"70806",-15806.29485494,"OLAM_P012",100
"70807",-332.09419494,"OLAM_P012",25
"70808",-18234.25477494,"OLAM_P012",50
"70809",-17302.89874494,"OLAM_P012",100
"70810",-1195.55897494001,"OLAM_P012",25
"70811",-16004.94089494,"OLAM_P012",50
"70812",-20099.73479494,"OLAM_P012",100
"70813",899.803945060004,"OLAM_P012",25
"70814",-10793.06680494,"OLAM_P012",50
"70815",-14666.14549494,"OLAM_P012",100
"70816",176.06579506,"OLAM_P012",25
"70817",-15851.87595494,"OLAM_P012",50
"70818",-16234.80392494,"OLAM_P012",100
"70819",-799.213724939997,"OLAM_P012",25
"70820",-16322.45239494,"OLAM_P012",50
"70821",-18053.58137494,"OLAM_P012",100
"70822",-3550.61918494001,"OLAM_P012",25
"70823",-16276.53349494,"OLAM_P012",50
"70824",-17461.19561494,"OLAM_P012",100
"70825",-4056.49800494,"OLAM_P012",25
"70826",-18059.92739494,"OLAM_P012",50
"70827",-17898.10972494,"OLAM_P012",100
"70828",1295.33707506,"OLAM_P012",25
"70829",-15387.52230494,"OLAM_P012",50
"70830",-16431.37968494,"OLAM_P012",100
"70831",-3893.27067494001,"OLAM_P012",25
"70832",-1678.14902494001,"OLAM_P012",50
"70833",-16721.92112494,"OLAM_P012",100
"70834",-15418.30102494,"OLAM_P012",25
"70835",-11639.48068494,"OLAM_P012",50
"70836",-16103.50464494,"OLAM_P012",100
"70837",-2265.88661494,"OLAM_P012",25
"70838",-13820.49819494,"OLAM_P012",50
"70839",-18236.77606494,"OLAM_P012",100
"70840",133.644685060004,"OLAM_P012",25
"70841",653.673905060001,"OLAM_P012",50
"70842",-16395.19296494,"OLAM_P012",100
"70843",-13632.70991494,"OLAM_P012",25
"70844",-16025.32361494,"OLAM_P012",50
"70845",-17210.52807494,"OLAM_P012",100
"70846",-1750.79513494,"OLAM_P012",25
"70847",-13508.76997494,"OLAM_P012",50
"70848",-14467.74738494,"OLAM_P012",100
"70849",2297.04580506,"OLAM_P012",25
"70850",341.715105059993,"OLAM_P012",50
"70851",-17462.93843494,"OLAM_P012",100
"70852",-566.327354940004,"OLAM_P012",25
"70853",256.08565506,"OLAM_P012",50
"70854",-15165.87731494,"OLAM_P012",100
"70855",2177.98354505999,"OLAM_P012",25
"70856",-438.509784940004,"OLAM_P012",50
"70857",-19842.37350494,"OLAM_P012",100
"70858",-2684.68652494,"OLAM_P012",25
"70859",-247.381724940002,"OLAM_P012",50
"70860",-18372.86136494,"OLAM_P012",100
"70861",-15380.80986494,"OLAM_P012",25
"70862",-18831.57924494,"OLAM_P012",50
"70863",-18669.73496494,"OLAM_P012",100
"70864",-3730.12652494,"OLAM_P012",25
"70865",-16699.80102494,"OLAM_P012",50
"70866",-15747.66484494,"OLAM_P012",100
"70867",-14653.67288494,"OLAM_P012",25
"70868",1787.67783505999,"OLAM_P012",50
"70869",-18083.81989494,"OLAM_P012",100
"70870",-14193.48091494,"OLAM_P012",25
"70871",1253.78835505999,"OLAM_P012",50
"70872",-17749.43826494,"OLAM_P012",100
"70873",-2402.16376494001,"OLAM_P012",25
"70874",-12832.96785494,"OLAM_P012",50
"70875",-18488.23616494,"OLAM_P012",100
"70876",-1621.75257494001,"OLAM_P012",25
"70877",-14488.17602494,"OLAM_P012",50
"70878",-16605.63880494,"OLAM_P012",100
"70879",245.080455060001,"OLAM_P012",25
"70880",-15212.96693494,"OLAM_P012",50
"70881",-17774.21621494,"OLAM_P012",100
"70882",-13729.49191494,"OLAM_P012",25
"70883",-18335.39527494,"OLAM_P012",50
"70884",-8946.20403494,"OLAM_P012",100
"70885",-14977.32799494,"OLAM_P012",25
"70886",-4084.78740494,"OLAM_P012",50
"70887",-16263.18150494,"OLAM_P012",100
"70888",-78.831114939996,"OLAM_P012",25
"70889",-2179.65047494,"OLAM_P012",50
"70890",-15578.39788494,"OLAM_P012",100
"70891",-14099.93418494,"OLAM_P012",25
"70892",-14909.25794494,"OLAM_P012",50
"70893",-18359.64769494,"OLAM_P012",100
"70894",80.0506150599977,"OLAM_P012",25
"70895",-2660.99137494,"OLAM_P012",50
"70896",-15884.25609494,"OLAM_P012",100
"70897",-15640.90436494,"OLAM_P012",25
"70898",-3075.96765494,"OLAM_P012",50
"70899",-19553.39388494,"OLAM_P012",100
"70900",-13097.05160494,"OLAM_P012",25
"70901",-17012.04635494,"OLAM_P012",50
"70902",-19614.86868494,"OLAM_P012",100
"70903",-16902.56340494,"OLAM_P012",25
"70904",-18239.19330494,"OLAM_P012",50
"70905",-15432.79149494,"OLAM_P012",100
"70906",-16108.59681494,"OLAM_P012",25
"70907",-4178.87464494001,"OLAM_P012",50
"70908",-17255.48141494,"OLAM_P012",100
"70909",-2295.62063494,"OLAM_P012",25
"70910",-12877.14455494,"OLAM_P012",50
"70911",-19237.33374494,"OLAM_P012",100
"70912",211.672165059994,"OLAM_P012",25
"70913",-15553.71801494,"OLAM_P012",50
"70914",-17950.59618494,"OLAM_P012",100
"70915",-511.380684939999,"OLAM_P012",25
"70916",-15178.90750494,"OLAM_P012",50
"70917",-13823.81156494,"OLAM_P012",100
"70918",-14281.07925494,"OLAM_P012",25
"70919",-3532.24384494001,"OLAM_P012",50
"70920",-18186.77737494,"OLAM_P012",100
"70921",-5222.46334494,"OLAM_P012",25
"70922",-16497.49342494,"OLAM_P012",50
"70923",-17924.71452494,"OLAM_P012",100
"70924",-830.357014940004,"OLAM_P012",25
"70925",-10416.16783494,"OLAM_P012",50
"70926",-13946.87416494,"OLAM_P012",100
"70927",-3509.22098494001,"OLAM_P012",25
"70928",-12244.59046494,"OLAM_P012",50
"70929",-19352.52476494,"OLAM_P012",100
"70930",-1914.68100494001,"OLAM_P012",25
"70931",-2345.68978494,"OLAM_P012",50
"70932",-14809.52167494,"OLAM_P012",100
"70933",2687.47317506,"OLAM_P012",25
"70934",-1116.89465494,"OLAM_P012",50
"70935",-16523.32354494,"OLAM_P012",100
"70936",4192.06935506,"OLAM_P012",25
"70937",-13459.85935494,"OLAM_P012",50
"70938",-15850.66049494,"OLAM_P012",100
"70939",595.150995060001,"OLAM_P012",25
"70940",707.484445059992,"OLAM_P012",50
"70941",-11641.33393494,"OLAM_P012",100
"70942",-2532.67621494,"OLAM_P012",25
"70943",-3694.42599494,"OLAM_P012",50
"70944",-13217.30919494,"OLAM_P012",100
"70945",-326.99786494,"OLAM_P012",25
"70946",-507.668734940002,"OLAM_P012",50
"70947",-16278.68923494,"OLAM_P012",100
"70948",672.772685060001,"OLAM_P012",25
"70949",-15025.22636494,"OLAM_P012",50
"70950",-20724.56076494,"OLAM_P012",100
"70951",-505.533724940004,"OLAM_P012",25
"70952",-12807.61411494,"OLAM_P012",50
"70953",-12690.59474494,"OLAM_P012",100
"70954",-2852.13711494001,"OLAM_P012",25
"70955",-1320.99840494001,"OLAM_P012",50
"70956",-15866.15842494,"OLAM_P012",100
"70957",-1605.11763494,"OLAM_P012",25
"70958",735.272745059992,"OLAM_P012",50
"70959",-15796.14192494,"OLAM_P012",100
"70960",-14138.97431494,"OLAM_P012",25
"70961",2973.35145505999,"OLAM_P012",50
"70962",-20697.39377494,"OLAM_P012",100
"70963",-13439.67210494,"OLAM_P012",25
"70964",-9817.38636494,"OLAM_P012",50
"70965",-11836.74982494,"OLAM_P012",100
"70966",-530.156874940003,"OLAM_P012",25
"70967",-14193.17220494,"OLAM_P012",50
"70968",-12485.56860494,"OLAM_P012",100
"70969",902.044035059997,"OLAM_P012",25
"70970",-15667.85766494,"OLAM_P012",50
"70971",-18313.06617494,"OLAM_P012",100
"70972",-1770.60865494001,"OLAM_P012",25
"70973",-15786.36522494,"OLAM_P012",50
"70974",-18663.84511494,"OLAM_P012",100
"70975",-1287.51409494001,"OLAM_P012",25
"70976",-17778.59592494,"OLAM_P012",50
"70977",-16829.83599494,"OLAM_P012",100
"70978",-1728.43753494001,"OLAM_P012",25
"70979",-1575.43289494001,"OLAM_P012",50
"70980",-15176.27307494,"OLAM_P012",100
"70981",-952.877484940007,"OLAM_P012",25
"70982",-2251.39539494,"OLAM_P012",50
"70983",-20261.63558494,"OLAM_P012",100
"70984",-14073.61767494,"OLAM_P012",25
"70985",-13944.11766494,"OLAM_P012",50
"70986",-17748.16119494,"OLAM_P012",100
"70987",-129.273114940006,"OLAM_P012",25
"70988",-14408.86024494,"OLAM_P012",50
"70989",-16663.77251494,"OLAM_P012",100
"70990",-9034.67162494001,"OLAM_P012",25
"70991",-18341.40825494,"OLAM_P012",50
"70992",-15526.15963494,"OLAM_P012",100
"70993",-1414.74459494,"OLAM_P012",25
"70994",-17735.02960494,"OLAM_P012",50
"70995",-14789.75563494,"OLAM_P012",100
"70996",-4070.20195494,"OLAM_P012",25
"70997",-13043.46716494,"OLAM_P012",50
"70998",-16605.55075494,"OLAM_P012",100
"70999",-707.171794940004,"OLAM_P012",25
"71000",-3865.10717494,"OLAM_P012",50
"71001",-10414.55705494,"OLAM_P012",100
"71002",-810.221894939998,"OLAM_P012",25
"71003",-13518.13032494,"OLAM_P012",50
"71004",-18156.65234494,"OLAM_P012",100
"71005",1446.99497505999,"OLAM_P012",25
"71006",-623.939754940002,"OLAM_P012",50
"71007",-11119.69930494,"OLAM_P012",100
"71008",-538.011224939997,"OLAM_P012",25
"71009",-2682.25371494,"OLAM_P012",50
"71010",-13245.62261494,"OLAM_P012",100
"71011",3524.18053506,"OLAM_P012",25
"71012",-15054.17829494,"OLAM_P012",50
"71013",-18075.18796494,"OLAM_P012",100
"71014",396.928085060004,"OLAM_P012",25
"71015",-12184.93238494,"OLAM_P012",50
"71016",-18983.38757494,"OLAM_P012",100
"71017",-2800.66362494,"OLAM_P012",25
"71018",-1481.83615494,"OLAM_P012",50
"71019",-17608.85511494,"OLAM_P012",100
"71020",1816.13948506,"OLAM_P012",25
"71021",-3116.21246494001,"OLAM_P012",50
"71022",-18169.82939494,"OLAM_P012",100
"71023",4461.17514506,"OLAM_P012",25
"71024",-1622.82585494001,"OLAM_P012",50
"71025",-14187.77094494,"OLAM_P012",100
"71026",754.665025059992,"OLAM_P012",25
"71027",-18913.40871494,"OLAM_P012",50
"71028",-17177.01278494,"OLAM_P012",100
"71029",-1117.72561494001,"OLAM_P012",25
"71030",-2874.80861494,"OLAM_P012",50
"71031",-16044.65404494,"OLAM_P012",100
"71032",-3245.18816494,"OLAM_P012",25
"71033",-1835.15013494001,"OLAM_P012",50
"71034",-19951.87327494,"OLAM_P012",100
"71035",1654.85018506,"OLAM_P012",25
"71036",-11740.78301494,"OLAM_P012",50
"71037",-16071.35503494,"OLAM_P012",100
"71038",-2237.50407494001,"OLAM_P012",25
"71039",-3179.05695494001,"OLAM_P012",50
"71040",-15867.48042494,"OLAM_P012",100
"71041",-3322.45897494,"OLAM_P012",25
"71042",-4506.92737494,"OLAM_P012",50
"71043",-16568.52100494,"OLAM_P012",100
"71044",-2891.25879494,"OLAM_P012",25
"71045",-2214.95904494,"OLAM_P012",50
"71046",-17062.13105494,"OLAM_P012",100
"71047",-4106.41491494,"OLAM_P012",25
"71048",-11947.72933494,"OLAM_P012",50
"71049",-18939.16799494,"OLAM_P012",100
"71050",-895.074524940006,"OLAM_P012",25
"71051",-308.050144940004,"OLAM_P012",50
"71052",-15467.05692494,"OLAM_P012",100
"71053",-15979.04015494,"OLAM_P012",25
"71054",-2257.10336494001,"OLAM_P012",50
"71055",-19091.37230494,"OLAM_P012",100
"71056",-14921.09898494,"OLAM_P012",25
"71057",-13305.35341494,"OLAM_P012",50
"71058",-13558.48340494,"OLAM_P012",100
"71059",2814.16339505999,"OLAM_P012",25
"71060",-14613.01541494,"OLAM_P012",50
"71061",-17969.14125494,"OLAM_P012",100
"71062",-1010.20754494,"OLAM_P012",25
"71063",-16162.51401494,"OLAM_P012",50
"71064",-20036.12644494,"OLAM_P012",100
"71065",2095.26911506,"OLAM_P012",25
"71066",-13823.45420494,"OLAM_P012",50
"71067",-19437.10232494,"OLAM_P012",100
"71068",-1382.35108494,"OLAM_P012",25
"71069",-1039.36352494,"OLAM_P012",50
"71070",-16898.54468494,"OLAM_P012",100
"71071",2295.56791506,"OLAM_P012",25
"71072",-13947.94678494,"OLAM_P012",50
"71073",-14874.04302494,"OLAM_P012",100
"71074",1088.94592505999,"OLAM_P012",25
"71075",-3208.52297494,"OLAM_P012",50
"71076",-20141.52919494,"OLAM_P012",100
"71077",-1648.14029494001,"OLAM_P012",25
"71078",-15485.87759494,"OLAM_P012",50
"71079",-18052.61956494,"OLAM_P012",100
"71080",-1082.64787494,"OLAM_P012",25
"71081",-2298.19118494001,"OLAM_P012",50
"71082",-16109.04743494,"OLAM_P012",100
"71083",-393.637414940007,"OLAM_P012",25
"71084",-9399.53623494001,"OLAM_P012",50
"71085",-11039.18241494,"OLAM_P012",100
"71086",-1885.67701494,"OLAM_P012",25
"71087",-13904.35799494,"OLAM_P012",50
"71088",-18408.11348494,"OLAM_P012",100
"71089",-3540.29285494001,"OLAM_P012",25
"71090",-3153.83190494,"OLAM_P012",50
"71091",-17662.45296494,"OLAM_P012",100
"71092",-15341.64609494,"OLAM_P012",25
"71093",-3590.75016494001,"OLAM_P012",50
"71094",-16064.03091494,"OLAM_P012",100
"71095",1393.58608506,"OLAM_P012",25
"71096",-17037.40087494,"OLAM_P012",50
"71097",-17216.42174494,"OLAM_P012",100
"71098",-1936.28340494,"OLAM_P012",25
"71099",1632.19956506,"OLAM_P012",50
"71100",-13531.48533494,"OLAM_P012",100
"71101",-7362.26920603099,"OLAM_P013",25
"71102",-61522.963806031,"OLAM_P013",50
"71103",-93500.724266031,"OLAM_P013",100
"71104",-65698.345416031,"OLAM_P013",25
"71105",-48941.499336031,"OLAM_P013",50
"71106",-97865.324216031,"OLAM_P013",100
"71107",694.341103969025,"OLAM_P013",25
"71108",-16864.577236031,"OLAM_P013",50
"71109",-69123.707156031,"OLAM_P013",100
"71110",-33432.228246031,"OLAM_P013",25
"71111",-10120.975116031,"OLAM_P013",50
"71112",-74067.037016031,"OLAM_P013",100
"71113",-59498.717636031,"OLAM_P013",25
"71114",-61456.713466031,"OLAM_P013",50
"71115",-79671.520356031,"OLAM_P013",100
"71116",-47545.625256031,"OLAM_P013",25
"71117",-37207.532736031,"OLAM_P013",50
"71118",-95100.280386031,"OLAM_P013",100
"71119",-39011.837126031,"OLAM_P013",25
"71120",-23083.887996031,"OLAM_P013",50
"71121",-83218.844836031,"OLAM_P013",100
"71122",-44271.231176031,"OLAM_P013",25
"71123",-44768.354196031,"OLAM_P013",50
"71124",-91638.436766031,"OLAM_P013",100
"71125",-14820.269066031,"OLAM_P013",25
"71126",-78896.518806031,"OLAM_P013",50
"71127",-91125.955016031,"OLAM_P013",100
"71128",1299.12800396903,"OLAM_P013",25
"71129",-23147.311066031,"OLAM_P013",50
"71130",-79406.746736031,"OLAM_P013",100
"71131",-13553.130136031,"OLAM_P013",25
"71132",-16561.356176031,"OLAM_P013",50
"71133",-98755.174026031,"OLAM_P013",100
"71134",-18326.985306031,"OLAM_P013",25
"71135",-66350.021806031,"OLAM_P013",50
"71136",-99266.805516031,"OLAM_P013",100
"71137",-13576.410146031,"OLAM_P013",25
"71138",-51384.445236031,"OLAM_P013",50
"71139",-81569.247726031,"OLAM_P013",100
"71140",-22322.892266031,"OLAM_P013",25
"71141",-32859.928076031,"OLAM_P013",50
"71142",-90722.743306031,"OLAM_P013",100
"71143",-62338.705716031,"OLAM_P013",25
"71144",-70724.537126031,"OLAM_P013",50
"71145",-86203.882196031,"OLAM_P013",100
"71146",-49761.976476031,"OLAM_P013",25
"71147",808.000443969038,"OLAM_P013",50
"71148",-87780.692366031,"OLAM_P013",100
"71149",-16885.982026031,"OLAM_P013",25
"71150",-53358.398726031,"OLAM_P013",50
"71151",-61118.490516031,"OLAM_P013",100
"71152",3373.33855396899,"OLAM_P013",25
"71153",-21411.001996031,"OLAM_P013",50
"71154",-85190.486246031,"OLAM_P013",100
"71155",-47155.349256031,"OLAM_P013",25
"71156",-42478.986406031,"OLAM_P013",50
"71157",-86025.105426031,"OLAM_P013",100
"71158",-9761.90334603097,"OLAM_P013",25
"71159",-21746.328216031,"OLAM_P013",50
"71160",-85866.678946031,"OLAM_P013",100
"71161",481.627593968995,"OLAM_P013",25
"71162",-42435.880296031,"OLAM_P013",50
"71163",-90473.926436031,"OLAM_P013",100
"71164",-34202.357436031,"OLAM_P013",25
"71165",-46735.616556031,"OLAM_P013",50
"71166",-68514.059716031,"OLAM_P013",100
"71167",15313.661803969,"OLAM_P013",25
"71168",-73371.084786031,"OLAM_P013",50
"71169",-77265.662846031,"OLAM_P013",100
"71170",-51232.780586031,"OLAM_P013",25
"71171",-48524.807266031,"OLAM_P013",50
"71172",-80150.390996031,"OLAM_P013",100
"71173",-15644.690006031,"OLAM_P013",25
"71174",-33353.505906031,"OLAM_P013",50
"71175",-91277.846946031,"OLAM_P013",100
"71176",-14798.585456031,"OLAM_P013",25
"71177",-12718.045816031,"OLAM_P013",50
"71178",-87485.000056031,"OLAM_P013",100
"71179",-16297.650956031,"OLAM_P013",25
"71180",-53158.391966031,"OLAM_P013",50
"71181",-90161.479056031,"OLAM_P013",100
"71182",-58680.085456031,"OLAM_P013",25
"71183",-66565.317296031,"OLAM_P013",50
"71184",-74639.759726031,"OLAM_P013",100
"71185",-22515.543086031,"OLAM_P013",25
"71186",-58439.328216031,"OLAM_P013",50
"71187",-74106.455146031,"OLAM_P013",100
"71188",-46667.927206031,"OLAM_P013",25
"71189",-13545.728916031,"OLAM_P013",50
"71190",-77858.536246031,"OLAM_P013",100
"71191",-46769.962396031,"OLAM_P013",25
"71192",-38925.745666031,"OLAM_P013",50
"71193",-77251.163376031,"OLAM_P013",100
"71194",-3816.55033603101,"OLAM_P013",25
"71195",-57293.377816031,"OLAM_P013",50
"71196",-64847.448336031,"OLAM_P013",100
"71197",-23996.371306031,"OLAM_P013",25
"71198",-60109.773156031,"OLAM_P013",50
"71199",-84885.720276031,"OLAM_P013",100
"71200",-20486.824066031,"OLAM_P013",25
"71201",-16392.134806031,"OLAM_P013",50
"71202",-90366.248916031,"OLAM_P013",100
"71203",-18820.682446031,"OLAM_P013",25
"71204",-42942.393996031,"OLAM_P013",50
"71205",-100083.434796031,"OLAM_P013",100
"71206",-26912.963486031,"OLAM_P013",25
"71207",-25976.653276031,"OLAM_P013",50
"71208",-74016.330556031,"OLAM_P013",100
"71209",-53087.568656031,"OLAM_P013",25
"71210",-91561.949756031,"OLAM_P013",50
"71211",-72010.084206031,"OLAM_P013",100
"71212",-969.796246031008,"OLAM_P013",25
"71213",-16683.547216031,"OLAM_P013",50
"71214",-65489.367406031,"OLAM_P013",100
"71215",-19648.997446031,"OLAM_P013",25
"71216",-69757.626516031,"OLAM_P013",50
"71217",-80566.176356031,"OLAM_P013",100
"71218",-18526.133186031,"OLAM_P013",25
"71219",-31909.242906031,"OLAM_P013",50
"71220",-85969.433306031,"OLAM_P013",100
"71221",-22028.813296031,"OLAM_P013",25
"71222",-57600.723306031,"OLAM_P013",50
"71223",-54730.288266031,"OLAM_P013",100
"71224",-13423.465886031,"OLAM_P013",25
"71225",-30727.757246031,"OLAM_P013",50
"71226",-82834.885516031,"OLAM_P013",100
"71227",-31906.976096031,"OLAM_P013",25
"71228",-71182.817816031,"OLAM_P013",50
"71229",-92168.044626031,"OLAM_P013",100
"71230",-25322.590036031,"OLAM_P013",25
"71231",-33554.712396031,"OLAM_P013",50
"71232",-52181.493096031,"OLAM_P013",100
"71233",-38113.753916031,"OLAM_P013",25
"71234",-36128.146376031,"OLAM_P013",50
"71235",-84205.384416031,"OLAM_P013",100
"71236",-16399.475836031,"OLAM_P013",25
"71237",-2022.24755603098,"OLAM_P013",50
"71238",-83391.818916031,"OLAM_P013",100
"71239",-2373.68047603098,"OLAM_P013",25
"71240",-68922.413776031,"OLAM_P013",50
"71241",-68454.442056031,"OLAM_P013",100
"71242",-12414.423826031,"OLAM_P013",25
"71243",-17419.855846031,"OLAM_P013",50
"71244",-60348.333226031,"OLAM_P013",100
"71245",-43271.745376031,"OLAM_P013",25
"71246",-76852.781816031,"OLAM_P013",50
"71247",-100202.174706031,"OLAM_P013",100
"71248",-30399.405566031,"OLAM_P013",25
"71249",-23088.622936031,"OLAM_P013",50
"71250",-97537.259436031,"OLAM_P013",100
"71251",-62592.330586031,"OLAM_P013",25
"71252",-61788.712576031,"OLAM_P013",50
"71253",-68686.990016031,"OLAM_P013",100
"71254",-36417.658846031,"OLAM_P013",25
"71255",-75807.785026031,"OLAM_P013",50
"71256",-91076.124776031,"OLAM_P013",100
"71257",-1382.57433603099,"OLAM_P013",25
"71258",-26180.500986031,"OLAM_P013",50
"71259",-90756.733616031,"OLAM_P013",100
"71260",-1904.10266603099,"OLAM_P013",25
"71261",-60173.058116031,"OLAM_P013",50
"71262",-97405.193196031,"OLAM_P013",100
"71263",5074.20371396904,"OLAM_P013",25
"71264",-42326.724776031,"OLAM_P013",50
"71265",-97336.078846031,"OLAM_P013",100
"71266",-20632.675356031,"OLAM_P013",25
"71267",-31574.618246031,"OLAM_P013",50
"71268",-95643.921536031,"OLAM_P013",100
"71269",-16916.844646031,"OLAM_P013",25
"71270",-41838.614996031,"OLAM_P013",50
"71271",-71233.514636031,"OLAM_P013",100
"71272",-36694.037166031,"OLAM_P013",25
"71273",-76924.919026031,"OLAM_P013",50
"71274",-70744.746006031,"OLAM_P013",100
"71275",4119.44501396903,"OLAM_P013",25
"71276",9134.06791396899,"OLAM_P013",50
"71277",-90319.039506031,"OLAM_P013",100
"71278",-35479.500786031,"OLAM_P013",25
"71279",-34561.103896031,"OLAM_P013",50
"71280",-56769.026376031,"OLAM_P013",100
"71281",21275.126663969,"OLAM_P013",25
"71282",-35976.786786031,"OLAM_P013",50
"71283",-88789.598806031,"OLAM_P013",100
"71284",-23514.210466031,"OLAM_P013",25
"71285",-49226.975146031,"OLAM_P013",50
"71286",-83588.131246031,"OLAM_P013",100
"71287",-18043.018436031,"OLAM_P013",25
"71288",-52533.031406031,"OLAM_P013",50
"71289",-93348.078256031,"OLAM_P013",100
"71290",1917.562043969,"OLAM_P013",25
"71291",-12617.898786031,"OLAM_P013",50
"71292",-78584.890226031,"OLAM_P013",100
"71293",2970.743543969,"OLAM_P013",25
"71294",-80665.247186031,"OLAM_P013",50
"71295",-67842.271516031,"OLAM_P013",100
"71296",-34359.320096031,"OLAM_P013",25
"71297",-3198.65620603098,"OLAM_P013",50
"71298",-88602.675266031,"OLAM_P013",100
"71299",-38403.854846031,"OLAM_P013",25
"71300",-80638.778606031,"OLAM_P013",50
"71301",-85084.644016031,"OLAM_P013",100
"71302",-61236.632896031,"OLAM_P013",25
"71303",-30371.093456031,"OLAM_P013",50
"71304",-98594.771856031,"OLAM_P013",100
"71305",-30948.941616031,"OLAM_P013",25
"71306",-64487.997466031,"OLAM_P013",50
"71307",-55772.989026031,"OLAM_P013",100
"71308",-19962.432556031,"OLAM_P013",25
"71309",-38447.102516031,"OLAM_P013",50
"71310",-81185.852336031,"OLAM_P013",100
"71311",-11308.331326031,"OLAM_P013",25
"71312",-2045.628636031,"OLAM_P013",50
"71313",-97286.281876031,"OLAM_P013",100
"71314",-47840.946546031,"OLAM_P013",25
"71315",-68931.896276031,"OLAM_P013",50
"71316",-91315.102186031,"OLAM_P013",100
"71317",3256.28119396901,"OLAM_P013",25
"71318",-77791.120086031,"OLAM_P013",50
"71319",-74764.592556031,"OLAM_P013",100
"71320",-4002.79612603097,"OLAM_P013",25
"71321",-50825.569246031,"OLAM_P013",50
"71322",-100117.656146031,"OLAM_P013",100
"71323",-35369.820156031,"OLAM_P013",25
"71324",-53188.963656031,"OLAM_P013",50
"71325",-95394.449986031,"OLAM_P013",100
"71326",-18243.412076031,"OLAM_P013",25
"71327",-85510.558996031,"OLAM_P013",50
"71328",-74426.446976031,"OLAM_P013",100
"71329",-51655.522776031,"OLAM_P013",25
"71330",-36588.540396031,"OLAM_P013",50
"71331",-85016.583326031,"OLAM_P013",100
"71332",6935.509963969,"OLAM_P013",25
"71333",-38870.609586031,"OLAM_P013",50
"71334",-102439.291926031,"OLAM_P013",100
"71335",-20863.193266031,"OLAM_P013",25
"71336",-41409.190416031,"OLAM_P013",50
"71337",-96465.979166031,"OLAM_P013",100
"71338",-15323.907766031,"OLAM_P013",25
"71339",-86896.670976031,"OLAM_P013",50
"71340",-96499.367826031,"OLAM_P013",100
"71341",-25883.755316031,"OLAM_P013",25
"71342",13398.453183969,"OLAM_P013",50
"71343",-79621.706066031,"OLAM_P013",100
"71344",-17051.249926031,"OLAM_P013",25
"71345",-25378.949196031,"OLAM_P013",50
"71346",-83880.700856031,"OLAM_P013",100
"71347",-66530.989056031,"OLAM_P013",25
"71348",-51387.376036031,"OLAM_P013",50
"71349",-46902.201796031,"OLAM_P013",100
"71350",5035.32082396903,"OLAM_P013",25
"71351",-35495.416046031,"OLAM_P013",50
"71352",-98978.394906031,"OLAM_P013",100
"71353",1701.41980396904,"OLAM_P013",25
"71354",-76430.197266031,"OLAM_P013",50
"71355",-83941.764026031,"OLAM_P013",100
"71356",-33656.648206031,"OLAM_P013",25
"71357",-70765.656606031,"OLAM_P013",50
"71358",-68581.003256031,"OLAM_P013",100
"71359",-31037.686086031,"OLAM_P013",25
"71360",-61289.736816031,"OLAM_P013",50
"71361",-103203.524696031,"OLAM_P013",100
"71362",6012.35625396902,"OLAM_P013",25
"71363",-27513.961776031,"OLAM_P013",50
"71364",-96688.614896031,"OLAM_P013",100
"71365",-69608.107096031,"OLAM_P013",25
"71366",-8535.73207603098,"OLAM_P013",50
"71367",-75501.457426031,"OLAM_P013",100
"71368",-16780.726736031,"OLAM_P013",25
"71369",-27791.048216031,"OLAM_P013",50
"71370",-77729.574526031,"OLAM_P013",100
"71371",-34129.537846031,"OLAM_P013",25
"71372",-19411.223176031,"OLAM_P013",50
"71373",-72921.262696031,"OLAM_P013",100
"71374",-11512.385236031,"OLAM_P013",25
"71375",-32513.476386031,"OLAM_P013",50
"71376",-92250.626566031,"OLAM_P013",100
"71377",-3539.30748603097,"OLAM_P013",25
"71378",-38628.935146031,"OLAM_P013",50
"71379",-87574.246496031,"OLAM_P013",100
"71380",-51694.903356031,"OLAM_P013",25
"71381",-82885.372356031,"OLAM_P013",50
"71382",-57110.631116031,"OLAM_P013",100
"71383",-10826.314086031,"OLAM_P013",25
"71384",-38128.020876031,"OLAM_P013",50
"71385",-90648.487006031,"OLAM_P013",100
"71386",-13890.440626031,"OLAM_P013",25
"71387",-16914.376176031,"OLAM_P013",50
"71388",-93702.565366031,"OLAM_P013",100
"71389",4070.72956396901,"OLAM_P013",25
"71390",-69498.288416031,"OLAM_P013",50
"71391",-85122.252286031,"OLAM_P013",100
"71392",-9999.43590603099,"OLAM_P013",25
"71393",-58551.040286031,"OLAM_P013",50
"71394",-95016.858206031,"OLAM_P013",100
"71395",-17058.616726031,"OLAM_P013",25
"71396",-51364.929936031,"OLAM_P013",50
"71397",-76604.560586031,"OLAM_P013",100
"71398",-24193.624336031,"OLAM_P013",25
"71399",-13486.247246031,"OLAM_P013",50
"71400",-69048.893826031,"OLAM_P013",100
"71401",-8447.12809643403,"OLAM_P014",25
"71402",-29301.783696434,"OLAM_P014",50
"71403",-33413.011266434,"OLAM_P014",100
"71404",-3436.57293643401,"OLAM_P014",25
"71405",-30912.476426434,"OLAM_P014",50
"71406",-33409.522966434,"OLAM_P014",100
"71407",1267.92746356595,"OLAM_P014",25
"71408",-20448.418486434,"OLAM_P014",50
"71409",-31514.174606434,"OLAM_P014",100
"71410",-7347.35075643403,"OLAM_P014",25
"71411",-23139.509156434,"OLAM_P014",50
"71412",-37873.533276434,"OLAM_P014",100
"71413",-12170.348776434,"OLAM_P014",25
"71414",-25269.911146434,"OLAM_P014",50
"71415",-34127.947536434,"OLAM_P014",100
"71416",-21827.585156434,"OLAM_P014",25
"71417",-7869.57014643404,"OLAM_P014",50
"71418",-33191.329066434,"OLAM_P014",100
"71419",-7327.31041643402,"OLAM_P014",25
"71420",-19650.939286434,"OLAM_P014",50
"71421",-37032.955626434,"OLAM_P014",100
"71422",-12204.450636434,"OLAM_P014",25
"71423",-20637.422626434,"OLAM_P014",50
"71424",-17715.935876434,"OLAM_P014",100
"71425",-20658.454496434,"OLAM_P014",25
"71426",-12199.943846434,"OLAM_P014",50
"71427",-36775.062626434,"OLAM_P014",100
"71428",-15201.453386434,"OLAM_P014",25
"71429",-9432.31540643403,"OLAM_P014",50
"71430",-40707.301036434,"OLAM_P014",100
"71431",-12268.210986434,"OLAM_P014",25
"71432",-20430.641606434,"OLAM_P014",50
"71433",-41447.851406434,"OLAM_P014",100
"71434",-18908.186576434,"OLAM_P014",25
"71435",-4532.33102643403,"OLAM_P014",50
"71436",-31846.074706434,"OLAM_P014",100
"71437",-12540.947696434,"OLAM_P014",25
"71438",-19722.548476434,"OLAM_P014",50
"71439",-34706.453326434,"OLAM_P014",100
"71440",-16753.969306434,"OLAM_P014",25
"71441",-24700.129136434,"OLAM_P014",50
"71442",-39224.974456434,"OLAM_P014",100
"71443",-8772.24004643402,"OLAM_P014",25
"71444",-19350.972306434,"OLAM_P014",50
"71445",-41070.856036434,"OLAM_P014",100
"71446",-4668.04617643403,"OLAM_P014",25
"71447",-27984.396766434,"OLAM_P014",50
"71448",-38358.211896434,"OLAM_P014",100
"71449",-21331.119906434,"OLAM_P014",25
"71450",-19960.405086434,"OLAM_P014",50
"71451",-37451.961876434,"OLAM_P014",100
"71452",-16841.246666434,"OLAM_P014",25
"71453",-13161.828936434,"OLAM_P014",50
"71454",-25980.703156434,"OLAM_P014",100
"71455",329.097283565963,"OLAM_P014",25
"71456",-13322.420696434,"OLAM_P014",50
"71457",-38472.306486434,"OLAM_P014",100
"71458",-11154.709066434,"OLAM_P014",25
"71459",-22230.698766434,"OLAM_P014",50
"71460",-38338.043206434,"OLAM_P014",100
"71461",-15896.157666434,"OLAM_P014",25
"71462",3535.11575356597,"OLAM_P014",50
"71463",-7500.80173643402,"OLAM_P014",100
"71464",83.5403835659963,"OLAM_P014",25
"71465",-15162.067296434,"OLAM_P014",50
"71466",-35409.745476434,"OLAM_P014",100
"71467",-21156.009746434,"OLAM_P014",25
"71468",-16305.478616434,"OLAM_P014",50
"71469",-31314.583736434,"OLAM_P014",100
"71470",-8121.30895643402,"OLAM_P014",25
"71471",-10838.083486434,"OLAM_P014",50
"71472",-30495.753706434,"OLAM_P014",100
"71473",-24145.715636434,"OLAM_P014",25
"71474",-19107.650517434,"OLAM_P014",50
"71475",-37666.348956434,"OLAM_P014",100
"71476",-12180.263396434,"OLAM_P014",25
"71477",-15748.862506434,"OLAM_P014",50
"71478",-36940.873296434,"OLAM_P014",100
"71479",-10825.080297434,"OLAM_P014",25
"71480",-20399.840746434,"OLAM_P014",50
"71481",-39201.969116434,"OLAM_P014",100
"71482",-15840.863126434,"OLAM_P014",25
"71483",-15501.067976434,"OLAM_P014",50
"71484",-30957.665166434,"OLAM_P014",100
"71485",-3922.77722643403,"OLAM_P014",25
"71486",-7560.35587643401,"OLAM_P014",50
"71487",-39966.102886434,"OLAM_P014",100
"71488",-7673.67049643403,"OLAM_P014",25
"71489",-9010.71134643402,"OLAM_P014",50
"71490",-36621.353326434,"OLAM_P014",100
"71491",634.400153565977,"OLAM_P014",25
"71492",-10561.020356434,"OLAM_P014",50
"71493",-33782.229066434,"OLAM_P014",100
"71494",-15898.169886434,"OLAM_P014",25
"71495",-19178.770956434,"OLAM_P014",50
"71496",-19369.318096434,"OLAM_P014",100
"71497",-12916.022076434,"OLAM_P014",25
"71498",-23377.412126434,"OLAM_P014",50
"71499",-36807.511366434,"OLAM_P014",100
"71500",-12342.400256434,"OLAM_P014",25
"71501",-20228.457636434,"OLAM_P014",50
"71502",-33001.134106434,"OLAM_P014",100
"71503",-16553.846426434,"OLAM_P014",25
"71504",-7094.75485643401,"OLAM_P014",50
"71505",-34377.978306434,"OLAM_P014",100
"71506",188.019543565984,"OLAM_P014",25
"71507",-15930.412076434,"OLAM_P014",50
"71508",-34517.802056434,"OLAM_P014",100
"71509",-4099.87314643402,"OLAM_P014",25
"71510",-14914.520306434,"OLAM_P014",50
"71511",-4621.39752643404,"OLAM_P014",100
"71512",-9175.76462643401,"OLAM_P014",25
"71513",-32616.395386434,"OLAM_P014",50
"71514",-38945.863476434,"OLAM_P014",100
"71515",-11030.504726434,"OLAM_P014",25
"71516",-25862.669216434,"OLAM_P014",50
"71517",-27739.510506434,"OLAM_P014",100
"71518",23599.736053566,"OLAM_P014",25
"71519",-16451.278116434,"OLAM_P014",50
"71520",-27724.207646434,"OLAM_P014",100
"71521",-3403.63212643401,"OLAM_P014",25
"71522",-29440.604486434,"OLAM_P014",50
"71523",-38722.351406434,"OLAM_P014",100
"71524",-17234.871326434,"OLAM_P014",25
"71525",-23934.677116434,"OLAM_P014",50
"71526",-38715.526866434,"OLAM_P014",100
"71527",-11719.961446434,"OLAM_P014",25
"71528",-27191.538196434,"OLAM_P014",50
"71529",-35417.930647434,"OLAM_P014",100
"71530",-3127.28169643402,"OLAM_P014",25
"71531",-22950.456576434,"OLAM_P014",50
"71532",-39582.205416434,"OLAM_P014",100
"71533",-9652.90214643403,"OLAM_P014",25
"71534",-23296.510716434,"OLAM_P014",50
"71535",-41314.126057434,"OLAM_P014",100
"71536",1750.20326356596,"OLAM_P014",25
"71537",-6710.78249643403,"OLAM_P014",50
"71538",-36455.343666434,"OLAM_P014",100
"71539",-59.2550964340335,"OLAM_P014",25
"71540",-9576.70271643403,"OLAM_P014",50
"71541",-40784.059286434,"OLAM_P014",100
"71542",-23913.271326434,"OLAM_P014",25
"71543",-28289.752326434,"OLAM_P014",50
"71544",-37013.778236434,"OLAM_P014",100
"71545",-11396.674246434,"OLAM_P014",25
"71546",-25970.217276434,"OLAM_P014",50
"71547",-38757.393866434,"OLAM_P014",100
"71548",221.574263565999,"OLAM_P014",25
"71549",-21432.721997434,"OLAM_P014",50
"71550",-23023.221066434,"OLAM_P014",100
"71551",-14694.121276434,"OLAM_P014",25
"71552",-22977.265416434,"OLAM_P014",50
"71553",-37123.526556434,"OLAM_P014",100
"71554",946.54923356598,"OLAM_P014",25
"71555",-19102.504426434,"OLAM_P014",50
"71556",-28875.776796434,"OLAM_P014",100
"71557",-10529.877966434,"OLAM_P014",25
"71558",-33344.688426434,"OLAM_P014",50
"71559",-37157.695516434,"OLAM_P014",100
"71560",-10533.646686434,"OLAM_P014",25
"71561",-27729.267966434,"OLAM_P014",50
"71562",-31518.821016434,"OLAM_P014",100
"71563",-4255.13186643401,"OLAM_P014",25
"71564",-11711.693306434,"OLAM_P014",50
"71565",-37138.767346434,"OLAM_P014",100
"71566",-11195.306436434,"OLAM_P014",25
"71567",-22985.602716434,"OLAM_P014",50
"71568",-21132.848586434,"OLAM_P014",100
"71569",-11725.167296434,"OLAM_P014",25
"71570",-10682.968636434,"OLAM_P014",50
"71571",-32145.581056434,"OLAM_P014",100
"71572",-151.018806434004,"OLAM_P014",25
"71573",19306.625843566,"OLAM_P014",50
"71574",-38091.765106434,"OLAM_P014",100
"71575",-89.8909264340182,"OLAM_P014",25
"71576",-5292.97416643403,"OLAM_P014",50
"71577",-28011.569396434,"OLAM_P014",100
"71578",-5226.28158643402,"OLAM_P014",25
"71579",-16128.970486434,"OLAM_P014",50
"71580",-41031.564706434,"OLAM_P014",100
"71581",246.910883565957,"OLAM_P014",25
"71582",313.535493565956,"OLAM_P014",50
"71583",-36910.977236434,"OLAM_P014",100
"71584",-4309.75906643405,"OLAM_P014",25
"71585",289.261133565975,"OLAM_P014",50
"71586",-41520.722186434,"OLAM_P014",100
"71587",-7681.39027643402,"OLAM_P014",25
"71588",-26355.402536434,"OLAM_P014",50
"71589",-33079.451296434,"OLAM_P014",100
"71590",-8120.57166643403,"OLAM_P014",25
"71591",-14818.572266434,"OLAM_P014",50
"71592",-39262.467206434,"OLAM_P014",100
"71593",-11534.803246434,"OLAM_P014",25
"71594",-23648.548696434,"OLAM_P014",50
"71595",-36465.085376434,"OLAM_P014",100
"71596",1369.92592356598,"OLAM_P014",25
"71597",-4649.39014643402,"OLAM_P014",50
"71598",-38925.739826434,"OLAM_P014",100
"71599",-13007.387076434,"OLAM_P014",25
"71600",-20133.247796434,"OLAM_P014",50
"71601",-39731.240586434,"OLAM_P014",100
"71602",-31552.449166434,"OLAM_P014",25
"71603",-27967.213476434,"OLAM_P014",50
"71604",-32020.742946434,"OLAM_P014",100
"71605",-16538.967736434,"OLAM_P014",25
"71606",-20685.697257434,"OLAM_P014",50
"71607",-39701.990166434,"OLAM_P014",100
"71608",-25229.801376434,"OLAM_P014",25
"71609",-28476.486626434,"OLAM_P014",50
"71610",-28028.205276434,"OLAM_P014",100
"71611",1391.95255356596,"OLAM_P014",25
"71612",-20923.239226434,"OLAM_P014",50
"71613",-39422.125416434,"OLAM_P014",100
"71614",837.011643565958,"OLAM_P014",25
"71615",-15625.901656434,"OLAM_P014",50
"71616",-25188.496076434,"OLAM_P014",100
"71617",-10796.143976434,"OLAM_P014",25
"71618",-19984.470067434,"OLAM_P014",50
"71619",-32907.660216434,"OLAM_P014",100
"71620",-3291.63242643402,"OLAM_P014",25
"71621",-4161.21667643404,"OLAM_P014",50
"71622",-36138.785026434,"OLAM_P014",100
"71623",174.365443565999,"OLAM_P014",25
"71624",1653.28129356599,"OLAM_P014",50
"71625",-40818.900356434,"OLAM_P014",100
"71626",-3893.476196434,"OLAM_P014",25
"71627",-28537.310616434,"OLAM_P014",50
"71628",-40182.142246434,"OLAM_P014",100
"71629",-19237.953036434,"OLAM_P014",25
"71630",-34254.978796434,"OLAM_P014",50
"71631",-31655.159007434,"OLAM_P014",100
"71632",-20005.684366434,"OLAM_P014",25
"71633",-9908.17459643402,"OLAM_P014",50
"71634",-41308.124356434,"OLAM_P014",100
"71635",3482.65329356596,"OLAM_P014",25
"71636",-24036.643606434,"OLAM_P014",50
"71637",-38403.541476434,"OLAM_P014",100
"71638",1283.05946356599,"OLAM_P014",25
"71639",-20289.697726434,"OLAM_P014",50
"71640",-37695.143846434,"OLAM_P014",100
"71641",-76.4497764340485,"OLAM_P014",25
"71642",-15796.485526434,"OLAM_P014",50
"71643",-34297.180146434,"OLAM_P014",100
"71644",4861.72585356596,"OLAM_P014",25
"71645",-12329.109606434,"OLAM_P014",50
"71646",-37253.165276434,"OLAM_P014",100
"71647",-8396.47654643402,"OLAM_P014",25
"71648",-9101.64455643404,"OLAM_P014",50
"71649",-27935.474226434,"OLAM_P014",100
"71650",-15629.686256434,"OLAM_P014",25
"71651",-16076.164246434,"OLAM_P014",50
"71652",-31609.575316434,"OLAM_P014",100
"71653",-12102.984426434,"OLAM_P014",25
"71654",-32862.809556434,"OLAM_P014",50
"71655",-32774.257856434,"OLAM_P014",100
"71656",-21081.190606434,"OLAM_P014",25
"71657",-17920.012156434,"OLAM_P014",50
"71658",-32008.449306434,"OLAM_P014",100
"71659",-16420.469966434,"OLAM_P014",25
"71660",-23983.856056434,"OLAM_P014",50
"71661",-38474.478256434,"OLAM_P014",100
"71662",550.90371356596,"OLAM_P014",25
"71663",-15795.626826434,"OLAM_P014",50
"71664",-19097.441766434,"OLAM_P014",100
"71665",498.497563565965,"OLAM_P014",25
"71666",-29786.814056434,"OLAM_P014",50
"71667",-35851.991086434,"OLAM_P014",100
"71668",-10675.695706434,"OLAM_P014",25
"71669",-21378.990166434,"OLAM_P014",50
"71670",-32116.227886434,"OLAM_P014",100
"71671",-5120.19825643403,"OLAM_P014",25
"71672",-18201.245076434,"OLAM_P014",50
"71673",-35103.523057434,"OLAM_P014",100
"71674",-9848.02768643401,"OLAM_P014",25
"71675",-24504.662136434,"OLAM_P014",50
"71676",-31241.167336434,"OLAM_P014",100
"71677",518.239183565951,"OLAM_P014",25
"71678",-27785.775686434,"OLAM_P014",50
"71679",-38124.436546434,"OLAM_P014",100
"71680",-16741.170546434,"OLAM_P014",25
"71681",-12550.953916434,"OLAM_P014",50
"71682",-25917.562416434,"OLAM_P014",100
"71683",-15979.831876434,"OLAM_P014",25
"71684",-19001.450876434,"OLAM_P014",50
"71685",-36550.317556434,"OLAM_P014",100
"71686",-4191.57738643402,"OLAM_P014",25
"71687",-19238.042546434,"OLAM_P014",50
"71688",-33297.920866434,"OLAM_P014",100
"71689",2871.426773566,"OLAM_P014",25
"71690",-13503.517266434,"OLAM_P014",50
"71691",-38709.330286434,"OLAM_P014",100
"71692",-19289.950466434,"OLAM_P014",25
"71693",-13517.573466434,"OLAM_P014",50
"71694",-39375.517196434,"OLAM_P014",100
"71695",-14923.102606434,"OLAM_P014",25
"71696",-10606.411626434,"OLAM_P014",50
"71697",-37763.386086434,"OLAM_P014",100
"71698",-25112.301496434,"OLAM_P014",25
"71699",-14838.409336434,"OLAM_P014",50
"71700",-39427.432816434,"OLAM_P014",100
"71701",-31261.144119959,"OLAM_P015",25
"71702",-101359.076099959,"OLAM_P015",50
"71703",-181718.328649959,"OLAM_P015",100
"71704",-21319.153169959,"OLAM_P015",25
"71705",-15144.823889959,"OLAM_P015",50
"71706",-169895.702129959,"OLAM_P015",100
"71707",-50811.240679959,"OLAM_P015",25
"71708",-86663.191969959,"OLAM_P015",50
"71709",-175828.709589959,"OLAM_P015",100
"71710",-64606.150479959,"OLAM_P015",25
"71711",-90571.742519959,"OLAM_P015",50
"71712",-180385.949199959,"OLAM_P015",100
"71713",-73458.009469959,"OLAM_P015",25
"71714",-40731.023209959,"OLAM_P015",50
"71715",-170540.093189959,"OLAM_P015",100
"71716",-44684.271119959,"OLAM_P015",25
"71717",-86565.090259959,"OLAM_P015",50
"71718",-173400.165629959,"OLAM_P015",100
"71719",-38133.383419959,"OLAM_P015",25
"71720",-31553.932829959,"OLAM_P015",50
"71721",-159956.155899959,"OLAM_P015",100
"71722",-25019.089949959,"OLAM_P015",25
"71723",-104883.278529959,"OLAM_P015",50
"71724",-178017.599049959,"OLAM_P015",100
"71725",-88806.545719959,"OLAM_P015",25
"71726",-1638.17585995898,"OLAM_P015",50
"71727",-185837.005509959,"OLAM_P015",100
"71728",-9945.57285995898,"OLAM_P015",25
"71729",-66898.686549959,"OLAM_P015",50
"71730",-182538.847989959,"OLAM_P015",100
"71731",-86197.647179959,"OLAM_P015",25
"71732",-134504.063829959,"OLAM_P015",50
"71733",-165892.699839959,"OLAM_P015",100
"71734",-51706.625369959,"OLAM_P015",25
"71735",-60468.607629959,"OLAM_P015",50
"71736",-188041.183129959,"OLAM_P015",100
"71737",15913.267480041,"OLAM_P015",25
"71738",-37036.9916199589,"OLAM_P015",50
"71739",-172678.845649959,"OLAM_P015",100
"71740",2369.446600041,"OLAM_P015",25
"71741",-48399.437149959,"OLAM_P015",50
"71742",-170546.486379959,"OLAM_P015",100
"71743",-50641.539659959,"OLAM_P015",25
"71744",-24621.257629959,"OLAM_P015",50
"71745",-175587.357959959,"OLAM_P015",100
"71746",-68089.347879959,"OLAM_P015",25
"71747",-62482.254569959,"OLAM_P015",50
"71748",-154728.440819959,"OLAM_P015",100
"71749",-94539.368469959,"OLAM_P015",25
"71750",-32052.581079959,"OLAM_P015",50
"71751",-162915.596729959,"OLAM_P015",100
"71752",-62006.165459959,"OLAM_P015",25
"71753",-41874.505529959,"OLAM_P015",50
"71754",-175862.556909959,"OLAM_P015",100
"71755",499.191370040993,"OLAM_P015",25
"71756",-149035.019759959,"OLAM_P015",50
"71757",-178370.150039959,"OLAM_P015",100
"71758",-117809.730249959,"OLAM_P015",25
"71759",-27419.352349959,"OLAM_P015",50
"71760",-146210.267139959,"OLAM_P015",100
"71761",-3175.50730995898,"OLAM_P015",25
"71762",-113681.936109959,"OLAM_P015",50
"71763",-151742.437969959,"OLAM_P015",100
"71764",-6141.14572995895,"OLAM_P015",25
"71765",-89654.638589959,"OLAM_P015",50
"71766",-186614.654389959,"OLAM_P015",100
"71767",-64628.277099959,"OLAM_P015",25
"71768",-131134.055749959,"OLAM_P015",50
"71769",-169793.945739959,"OLAM_P015",100
"71770",-60963.888309959,"OLAM_P015",25
"71771",-154939.526759959,"OLAM_P015",50
"71772",-169927.588169959,"OLAM_P015",100
"71773",-22976.990079959,"OLAM_P015",25
"71774",-51169.822829959,"OLAM_P015",50
"71775",-165528.721909959,"OLAM_P015",100
"71776",-66528.546109959,"OLAM_P015",25
"71777",-70733.799069959,"OLAM_P015",50
"71778",-185193.282489959,"OLAM_P015",100
"71779",-36420.873429959,"OLAM_P015",25
"71780",-108823.084159959,"OLAM_P015",50
"71781",-153907.033499959,"OLAM_P015",100
"71782",-140751.274799959,"OLAM_P015",25
"71783",-124182.590999959,"OLAM_P015",50
"71784",-184022.742919959,"OLAM_P015",100
"71785",-2387.56830995897,"OLAM_P015",25
"71786",-100450.022309959,"OLAM_P015",50
"71787",-179491.346579959,"OLAM_P015",100
"71788",-56949.232999959,"OLAM_P015",25
"71789",-13396.421319959,"OLAM_P015",50
"71790",-183831.421969959,"OLAM_P015",100
"71791",19921.310330041,"OLAM_P015",25
"71792",-74546.063129959,"OLAM_P015",50
"71793",-150297.098889959,"OLAM_P015",100
"71794",-77134.228799959,"OLAM_P015",25
"71795",-120131.594629959,"OLAM_P015",50
"71796",-174736.800219959,"OLAM_P015",100
"71797",-61060.731639959,"OLAM_P015",25
"71798",-67355.622609959,"OLAM_P015",50
"71799",-175096.478789959,"OLAM_P015",100
"71800",-71654.773469959,"OLAM_P015",25
"71801",-36317.530019959,"OLAM_P015",50
"71802",-181856.707029959,"OLAM_P015",100
"71803",-99046.354399959,"OLAM_P015",25
"71804",-70956.396859959,"OLAM_P015",50
"71805",-169685.680389959,"OLAM_P015",100
"71806",-56576.797549959,"OLAM_P015",25
"71807",-16648.924759959,"OLAM_P015",50
"71808",-180966.512619959,"OLAM_P015",100
"71809",-64074.920979959,"OLAM_P015",25
"71810",-132342.535019959,"OLAM_P015",50
"71811",-172231.572479959,"OLAM_P015",100
"71812",-75906.332499959,"OLAM_P015",25
"71813",-103127.769609959,"OLAM_P015",50
"71814",-182734.883819959,"OLAM_P015",100
"71815",15626.922440041,"OLAM_P015",25
"71816",-81707.405129959,"OLAM_P015",50
"71817",-187454.084799959,"OLAM_P015",100
"71818",-18682.638749959,"OLAM_P015",25
"71819",-45690.225909959,"OLAM_P015",50
"71820",-176711.497739959,"OLAM_P015",100
"71821",-11171.146609959,"OLAM_P015",25
"71822",-66824.806379959,"OLAM_P015",50
"71823",-183922.457169959,"OLAM_P015",100
"71824",-6906.87632995896,"OLAM_P015",25
"71825",-99320.729219959,"OLAM_P015",50
"71826",-158472.763129959,"OLAM_P015",100
"71827",-46830.427639959,"OLAM_P015",25
"71828",-92107.294159959,"OLAM_P015",50
"71829",-159047.621079959,"OLAM_P015",100
"71830",-34320.856359959,"OLAM_P015",25
"71831",-38198.668959959,"OLAM_P015",50
"71832",-172572.172709959,"OLAM_P015",100
"71833",-27389.673609959,"OLAM_P015",25
"71834",-86941.625999959,"OLAM_P015",50
"71835",-174763.616729959,"OLAM_P015",100
"71836",-45811.415979959,"OLAM_P015",25
"71837",-136274.534809959,"OLAM_P015",50
"71838",-164205.751949959,"OLAM_P015",100
"71839",-10076.010219959,"OLAM_P015",25
"71840",-84274.539569959,"OLAM_P015",50
"71841",-186071.637679959,"OLAM_P015",100
"71842",-37112.967369959,"OLAM_P015",25
"71843",6052.057840041,"OLAM_P015",50
"71844",-177061.148669959,"OLAM_P015",100
"71845",-84962.255289959,"OLAM_P015",25
"71846",-25353.259699959,"OLAM_P015",50
"71847",-183807.062769959,"OLAM_P015",100
"71848",-21789.621789959,"OLAM_P015",25
"71849",-67616.399269959,"OLAM_P015",50
"71850",-160296.700709959,"OLAM_P015",100
"71851",-25863.927109959,"OLAM_P015",25
"71852",-92804.672839959,"OLAM_P015",50
"71853",-186275.141989959,"OLAM_P015",100
"71854",-94170.181129959,"OLAM_P015",25
"71855",-112045.231249959,"OLAM_P015",50
"71856",-172601.264289959,"OLAM_P015",100
"71857",-3359.50619995897,"OLAM_P015",25
"71858",-93921.475829959,"OLAM_P015",50
"71859",-172268.668879959,"OLAM_P015",100
"71860",-28503.291649959,"OLAM_P015",25
"71861",-13509.869119959,"OLAM_P015",50
"71862",-176767.635429959,"OLAM_P015",100
"71863",-27498.587029959,"OLAM_P015",25
"71864",-140638.299399959,"OLAM_P015",50
"71865",-184026.559769959,"OLAM_P015",100
"71866",-75449.798909959,"OLAM_P015",25
"71867",-84296.526319959,"OLAM_P015",50
"71868",-185858.795979959,"OLAM_P015",100
"71869",-21580.308129959,"OLAM_P015",25
"71870",-71811.722419959,"OLAM_P015",50
"71871",-146793.836349959,"OLAM_P015",100
"71872",-12197.861659959,"OLAM_P015",25
"71873",-129770.264829959,"OLAM_P015",50
"71874",-176422.003029959,"OLAM_P015",100
"71875",-65845.437169959,"OLAM_P015",25
"71876",-165473.809079959,"OLAM_P015",50
"71877",-183292.665099959,"OLAM_P015",100
"71878",-60170.989299959,"OLAM_P015",25
"71879",-104106.818959959,"OLAM_P015",50
"71880",-169865.512109959,"OLAM_P015",100
"71881",-20509.574409959,"OLAM_P015",25
"71882",-65500.247719959,"OLAM_P015",50
"71883",-182197.673989959,"OLAM_P015",100
"71884",-103799.420989959,"OLAM_P015",25
"71885",-101015.537559959,"OLAM_P015",50
"71886",-182938.057349959,"OLAM_P015",100
"71887",-73185.262009959,"OLAM_P015",25
"71888",-122429.513629959,"OLAM_P015",50
"71889",-174528.543499959,"OLAM_P015",100
"71890",-31975.665939959,"OLAM_P015",25
"71891",-91237.389479959,"OLAM_P015",50
"71892",-186441.628769959,"OLAM_P015",100
"71893",91.9555500410497,"OLAM_P015",25
"71894",-114904.369409959,"OLAM_P015",50
"71895",-176058.564469959,"OLAM_P015",100
"71896",-43738.201709959,"OLAM_P015",25
"71897",-66948.500709959,"OLAM_P015",50
"71898",-173778.301789959,"OLAM_P015",100
"71899",-2535.06995995896,"OLAM_P015",25
"71900",-132906.170369959,"OLAM_P015",50
"71901",-156575.940749959,"OLAM_P015",100
"71902",-19330.371239959,"OLAM_P015",25
"71903",-55834.399009959,"OLAM_P015",50
"71904",-135307.566809959,"OLAM_P015",100
"71905",-28089.699069959,"OLAM_P015",25
"71906",-114660.256269959,"OLAM_P015",50
"71907",-181086.629019959,"OLAM_P015",100
"71908",7833.99091004103,"OLAM_P015",25
"71909",-45407.662029959,"OLAM_P015",50
"71910",-175502.090989959,"OLAM_P015",100
"71911",-32701.510919959,"OLAM_P015",25
"71912",-21005.756339959,"OLAM_P015",50
"71913",-161940.488319959,"OLAM_P015",100
"71914",-57862.988269959,"OLAM_P015",25
"71915",1749.05446004099,"OLAM_P015",50
"71916",-181091.545589959,"OLAM_P015",100
"71917",-12242.096149959,"OLAM_P015",25
"71918",-150967.570319959,"OLAM_P015",50
"71919",-175626.339129959,"OLAM_P015",100
"71920",-5720.23370995896,"OLAM_P015",25
"71921",-45362.466669959,"OLAM_P015",50
"71922",-168745.932249959,"OLAM_P015",100
"71923",-18872.957849959,"OLAM_P015",25
"71924",-78457.869149959,"OLAM_P015",50
"71925",-187750.589609959,"OLAM_P015",100
"71926",-38994.375579959,"OLAM_P015",25
"71927",-104017.621079959,"OLAM_P015",50
"71928",-186515.361239959,"OLAM_P015",100
"71929",-12572.153919959,"OLAM_P015",25
"71930",-112281.944489959,"OLAM_P015",50
"71931",-184902.234779959,"OLAM_P015",100
"71932",-2384.66205995897,"OLAM_P015",25
"71933",-57698.683139959,"OLAM_P015",50
"71934",-154054.940969959,"OLAM_P015",100
"71935",-76639.853139959,"OLAM_P015",25
"71936",-152335.382079959,"OLAM_P015",50
"71937",-176396.755909959,"OLAM_P015",100
"71938",-6033.60306995898,"OLAM_P015",25
"71939",-102269.203399959,"OLAM_P015",50
"71940",-179194.781129959,"OLAM_P015",100
"71941",-109781.876749959,"OLAM_P015",25
"71942",-73243.605729959,"OLAM_P015",50
"71943",-187978.964799959,"OLAM_P015",100
"71944",3758.19391004101,"OLAM_P015",25
"71945",-105822.757079959,"OLAM_P015",50
"71946",-184482.247069959,"OLAM_P015",100
"71947",-69989.786099959,"OLAM_P015",25
"71948",-38215.825619959,"OLAM_P015",50
"71949",-184250.599849959,"OLAM_P015",100
"71950",-64446.732459959,"OLAM_P015",25
"71951",-35804.035549959,"OLAM_P015",50
"71952",-173508.351629959,"OLAM_P015",100
"71953",-70290.444349959,"OLAM_P015",25
"71954",-69500.535939959,"OLAM_P015",50
"71955",-188386.570699959,"OLAM_P015",100
"71956",-69118.371679959,"OLAM_P015",25
"71957",-76185.867099959,"OLAM_P015",50
"71958",-181189.584519959,"OLAM_P015",100
"71959",-92810.852319959,"OLAM_P015",25
"71960",-106096.973309959,"OLAM_P015",50
"71961",-167274.388589959,"OLAM_P015",100
"71962",-18490.954769959,"OLAM_P015",25
"71963",-142604.650979959,"OLAM_P015",50
"71964",-180115.352099959,"OLAM_P015",100
"71965",-81110.298269959,"OLAM_P015",25
"71966",-35200.530459959,"OLAM_P015",50
"71967",-186898.004789959,"OLAM_P015",100
"71968",-47160.615249959,"OLAM_P015",25
"71969",-53714.803309959,"OLAM_P015",50
"71970",-174056.646509959,"OLAM_P015",100
"71971",-11524.220019959,"OLAM_P015",25
"71972",-5903.11763995897,"OLAM_P015",50
"71973",-178616.300399959,"OLAM_P015",100
"71974",-85101.690689959,"OLAM_P015",25
"71975",-102774.725849959,"OLAM_P015",50
"71976",-127303.654599959,"OLAM_P015",100
"71977",-59474.509939959,"OLAM_P015",25
"71978",-110197.650719959,"OLAM_P015",50
"71979",-184392.158019959,"OLAM_P015",100
"71980",-30659.449899959,"OLAM_P015",25
"71981",-67966.177999959,"OLAM_P015",50
"71982",-181076.446999959,"OLAM_P015",100
"71983",3831.32420004101,"OLAM_P015",25
"71984",-108174.865389959,"OLAM_P015",50
"71985",-185604.771189959,"OLAM_P015",100
"71986",-111292.995239959,"OLAM_P015",25
"71987",-66049.670559959,"OLAM_P015",50
"71988",-176983.401519959,"OLAM_P015",100
"71989",2561.56364004104,"OLAM_P015",25
"71990",-105665.371289959,"OLAM_P015",50
"71991",-174979.888429959,"OLAM_P015",100
"71992",3084.76104004105,"OLAM_P015",25
"71993",-82682.530859959,"OLAM_P015",50
"71994",-144515.567349959,"OLAM_P015",100
"71995",-31665.658659959,"OLAM_P015",25
"71996",-77589.689229959,"OLAM_P015",50
"71997",-157631.014009959,"OLAM_P015",100
"71998",-8597.22474995896,"OLAM_P015",25
"71999",-91114.480489959,"OLAM_P015",50
"72000",-174696.313029959,"OLAM_P015",100
"72001",-5934.10240109902,"OLAM_P016",25
"72002",-6985.693251099,"OLAM_P016",50
"72003",-12612.331051099,"OLAM_P016",100
"72004",-11961.885711099,"OLAM_P016",25
"72005",-13051.185421099,"OLAM_P016",50
"72006",-15309.213641099,"OLAM_P016",100
"72007",3539.66767890099,"OLAM_P016",25
"72008",4745.94445890098,"OLAM_P016",50
"72009",-19916.577721099,"OLAM_P016",100
"72010",-6419.92264109902,"OLAM_P016",25
"72011",-4858.91580109901,"OLAM_P016",50
"72012",-16432.879541099,"OLAM_P016",100
"72013",-5101.60306109901,"OLAM_P016",25
"72014",-11551.812141099,"OLAM_P016",50
"72015",-16312.943971099,"OLAM_P016",100
"72016",-2016.25645109901,"OLAM_P016",25
"72017",-6027.86017109902,"OLAM_P016",50
"72018",-13540.195501099,"OLAM_P016",100
"72019",-12632.972251099,"OLAM_P016",25
"72020",-17345.464711099,"OLAM_P016",50
"72021",-19449.795291099,"OLAM_P016",100
"72022",-5444.33784109901,"OLAM_P016",25
"72023",-8404.91563109902,"OLAM_P016",50
"72024",-14263.322361099,"OLAM_P016",100
"72025",1312.91719890098,"OLAM_P016",25
"72026",-12153.393031099,"OLAM_P016",50
"72027",-13124.428661099,"OLAM_P016",100
"72028",415.643188900984,"OLAM_P016",25
"72029",-13613.415101099,"OLAM_P016",50
"72030",-18717.627911099,"OLAM_P016",100
"72031",2127.23959890098,"OLAM_P016",25
"72032",-17529.417061099,"OLAM_P016",50
"72033",-11165.230881099,"OLAM_P016",100
"72034",941.667038900981,"OLAM_P016",25
"72035",-1688.72006109901,"OLAM_P016",50
"72036",-13514.833631099,"OLAM_P016",100
"72037",-15045.453341099,"OLAM_P016",25
"72038",1928.07922890098,"OLAM_P016",50
"72039",-18469.703421099,"OLAM_P016",100
"72040",-1042.25952109901,"OLAM_P016",25
"72041",10.8845289009914,"OLAM_P016",50
"72042",-14065.222071099,"OLAM_P016",100
"72043",-423.202701099013,"OLAM_P016",25
"72044",-11435.963841099,"OLAM_P016",50
"72045",-13700.792561099,"OLAM_P016",100
"72046",4951.29151890098,"OLAM_P016",25
"72047",-2624.296201099,"OLAM_P016",50
"72048",-13117.101521099,"OLAM_P016",100
"72049",-7076.28686109901,"OLAM_P016",25
"72050",-18004.038131099,"OLAM_P016",50
"72051",-16065.772491099,"OLAM_P016",100
"72052",-3126.294921099,"OLAM_P016",25
"72053",-15183.054341099,"OLAM_P016",50
"72054",-11964.300531099,"OLAM_P016",100
"72055",-868.309571099002,"OLAM_P016",25
"72056",5790.55795890099,"OLAM_P016",50
"72057",-11160.684291099,"OLAM_P016",100
"72058",3799.90011890099,"OLAM_P016",25
"72059",-7185.57064109901,"OLAM_P016",50
"72060",-19371.207801099,"OLAM_P016",100
"72061",-5870.041461099,"OLAM_P016",25
"72062",-6141.506171099,"OLAM_P016",50
"72063",-17303.696801099,"OLAM_P016",100
"72064",-320.893631099025,"OLAM_P016",25
"72065",-1644.301881099,"OLAM_P016",50
"72066",-10675.613611099,"OLAM_P016",100
"72067",-5018.79742109901,"OLAM_P016",25
"72068",-14601.782581099,"OLAM_P016",50
"72069",-11748.445751099,"OLAM_P016",100
"72070",163.633988900983,"OLAM_P016",25
"72071",-15795.516931099,"OLAM_P016",50
"72072",-5076.439241099,"OLAM_P016",100
"72073",425.845928900992,"OLAM_P016",25
"72074",-2621.24860109901,"OLAM_P016",50
"72075",-18297.895321099,"OLAM_P016",100
"72076",-18.7244010990253,"OLAM_P016",25
"72077",-16661.456521099,"OLAM_P016",50
"72078",-6511.39797109901,"OLAM_P016",100
"72079",-380.939801099012,"OLAM_P016",25
"72080",-1770.86510109901,"OLAM_P016",50
"72081",-12475.861371099,"OLAM_P016",100
"72082",-397.231721099,"OLAM_P016",25
"72083",-261.87883109902,"OLAM_P016",50
"72084",-18219.169681099,"OLAM_P016",100
"72085",-10052.683611099,"OLAM_P016",25
"72086",-10963.999161099,"OLAM_P016",50
"72087",-10489.760131099,"OLAM_P016",100
"72088",4293.99889890099,"OLAM_P016",25
"72089",-7042.93832109901,"OLAM_P016",50
"72090",-10372.592541099,"OLAM_P016",100
"72091",-15079.408611099,"OLAM_P016",25
"72092",10296.537408901,"OLAM_P016",50
"72093",-12805.413711099,"OLAM_P016",100
"72094",-1101.87807109902,"OLAM_P016",25
"72095",-2910.62411109902,"OLAM_P016",50
"72096",-16915.352501099,"OLAM_P016",100
"72097",-962.202651099011,"OLAM_P016",25
"72098",-12965.187261099,"OLAM_P016",50
"72099",-13896.034401099,"OLAM_P016",100
"72100",-16590.195171099,"OLAM_P016",25
"72101",-7981.20389109902,"OLAM_P016",50
"72102",-13867.223511099,"OLAM_P016",100
"72103",-493.344701099006,"OLAM_P016",25
"72104",-13471.505741099,"OLAM_P016",50
"72105",-16732.786161099,"OLAM_P016",100
"72106",927.998638900986,"OLAM_P016",25
"72107",-7038.91926109901,"OLAM_P016",50
"72108",-12891.452471099,"OLAM_P016",100
"72109",-1381.96424109902,"OLAM_P016",25
"72110",-4212.94490109902,"OLAM_P016",50
"72111",-6380.610681099,"OLAM_P016",100
"72112",-441.744211099023,"OLAM_P016",25
"72113",-10395.066131099,"OLAM_P016",50
"72114",-18933.727581099,"OLAM_P016",100
"72115",-32.5572710990091,"OLAM_P016",25
"72116",-1042.319061099,"OLAM_P016",50
"72117",-17093.375151099,"OLAM_P016",100
"72118",3984.31390890098,"OLAM_P016",25
"72119",-16557.534141099,"OLAM_P016",50
"72120",-17850.710641099,"OLAM_P016",100
"72121",-124.626501099003,"OLAM_P016",25
"72122",-2674.25001109901,"OLAM_P016",50
"72123",-16981.480391099,"OLAM_P016",100
"72124",1162.28544890098,"OLAM_P016",25
"72125",-16050.731821099,"OLAM_P016",50
"72126",-9854.21777109901,"OLAM_P016",100
"72127",-5838.89959109901,"OLAM_P016",25
"72128",-6298.64105109902,"OLAM_P016",50
"72129",-11056.038181099,"OLAM_P016",100
"72130",-5269.47005109902,"OLAM_P016",25
"72131",-17295.458761099,"OLAM_P016",50
"72132",-18322.123081099,"OLAM_P016",100
"72133",-61.2082110990013,"OLAM_P016",25
"72134",-7090.44594109902,"OLAM_P016",50
"72135",-12300.887961099,"OLAM_P016",100
"72136",-10658.098021099,"OLAM_P016",25
"72137",-16643.125901099,"OLAM_P016",50
"72138",-17322.572501099,"OLAM_P016",100
"72139",-719.724521099008,"OLAM_P016",25
"72140",1685.31635890098,"OLAM_P016",50
"72141",-19395.959181099,"OLAM_P016",100
"72142",-3617.98751109903,"OLAM_P016",25
"72143",-8858.78894109902,"OLAM_P016",50
"72144",-15297.310001099,"OLAM_P016",100
"72145",-9316.148341099,"OLAM_P016",25
"72146",-6980.34472109901,"OLAM_P016",50
"72147",-16748.925571099,"OLAM_P016",100
"72148",565.552928900986,"OLAM_P016",25
"72149",-10775.548451099,"OLAM_P016",50
"72150",-19678.876241099,"OLAM_P016",100
"72151",-15604.640291099,"OLAM_P016",25
"72152",-6611.08648109902,"OLAM_P016",50
"72153",-18148.997281099,"OLAM_P016",100
"72154",-11842.571611099,"OLAM_P016",25
"72155",-963.089541099005,"OLAM_P016",50
"72156",-18202.368681099,"OLAM_P016",100
"72157",-1264.32376109902,"OLAM_P016",25
"72158",-6537.795291099,"OLAM_P016",50
"72159",-8826.63806109902,"OLAM_P016",100
"72160",-10930.543311099,"OLAM_P016",25
"72161",1675.522028901,"OLAM_P016",50
"72162",-18591.769181099,"OLAM_P016",100
"72163",-2082.678371099,"OLAM_P016",25
"72164",-14211.788361099,"OLAM_P016",50
"72165",-14929.880271099,"OLAM_P016",100
"72166",-13367.447911099,"OLAM_P016",25
"72167",-3715.298051099,"OLAM_P016",50
"72168",-16019.386221099,"OLAM_P016",100
"72169",-10843.799381099,"OLAM_P016",25
"72170",-8424.47569109901,"OLAM_P016",50
"72171",-15676.306171099,"OLAM_P016",100
"72172",-15363.211211099,"OLAM_P016",25
"72173",-1991.81402109901,"OLAM_P016",50
"72174",-15739.410911099,"OLAM_P016",100
"72175",-10667.452511099,"OLAM_P016",25
"72176",-18670.225381099,"OLAM_P016",50
"72177",-17859.151361099,"OLAM_P016",100
"72178",-11019.466081099,"OLAM_P016",25
"72179",-13713.528771099,"OLAM_P016",50
"72180",-18501.422661099,"OLAM_P016",100
"72181",-1862.78268109902,"OLAM_P016",25
"72182",-2418.587331099,"OLAM_P016",50
"72183",-18609.150551099,"OLAM_P016",100
"72184",1433.85967890098,"OLAM_P016",25
"72185",-10399.645321099,"OLAM_P016",50
"72186",-19387.084641099,"OLAM_P016",100
"72187",-1639.858311099,"OLAM_P016",25
"72188",1684.617608901,"OLAM_P016",50
"72189",-17923.044081099,"OLAM_P016",100
"72190",3358.80599890099,"OLAM_P016",25
"72191",-2695.74695109902,"OLAM_P016",50
"72192",-17835.479781099,"OLAM_P016",100
"72193",-10383.794311099,"OLAM_P016",25
"72194",-17930.060341099,"OLAM_P016",50
"72195",-17115.181721099,"OLAM_P016",100
"72196",-10890.506821099,"OLAM_P016",25
"72197",-11138.897281099,"OLAM_P016",50
"72198",-17538.938311099,"OLAM_P016",100
"72199",4264.922678901,"OLAM_P016",25
"72200",-1213.18036109902,"OLAM_P016",50
"72201",-20172.011601099,"OLAM_P016",100
"72202",-6005.58450109902,"OLAM_P016",25
"72203",1093.61897890098,"OLAM_P016",50
"72204",-16584.834961099,"OLAM_P016",100
"72205",-3101.49752109902,"OLAM_P016",25
"72206",-3729.42322109902,"OLAM_P016",50
"72207",-18092.708661099,"OLAM_P016",100
"72208",-1404.12180109901,"OLAM_P016",25
"72209",-17995.782301099,"OLAM_P016",50
"72210",-8811.83572109902,"OLAM_P016",100
"72211",-12211.372381099,"OLAM_P016",25
"72212",893.483898901002,"OLAM_P016",50
"72213",-13593.066331099,"OLAM_P016",100
"72214",-11926.112781099,"OLAM_P016",25
"72215",4439.252798901,"OLAM_P016",50
"72216",-13721.489201099,"OLAM_P016",100
"72217",-11076.391141099,"OLAM_P016",25
"72218",-10142.253171099,"OLAM_P016",50
"72219",3750.41294890098,"OLAM_P016",100
"72220",-2029.05245109901,"OLAM_P016",25
"72221",-13884.078111099,"OLAM_P016",50
"72222",-19169.049411099,"OLAM_P016",100
"72223",-562.897021099023,"OLAM_P016",25
"72224",4400.008998901,"OLAM_P016",50
"72225",-11965.254331099,"OLAM_P016",100
"72226",-14269.837941099,"OLAM_P016",25
"72227",-17615.369821099,"OLAM_P016",50
"72228",-9280.81866109901,"OLAM_P016",100
"72229",-5940.30898109902,"OLAM_P016",25
"72230",-16656.731181099,"OLAM_P016",50
"72231",-17139.099961099,"OLAM_P016",100
"72232",2044.47178890099,"OLAM_P016",25
"72233",-16582.473711099,"OLAM_P016",50
"72234",-17210.385871099,"OLAM_P016",100
"72235",-1107.943091099,"OLAM_P016",25
"72236",-2268.67184109901,"OLAM_P016",50
"72237",-17260.713811099,"OLAM_P016",100
"72238",-60.2748810990015,"OLAM_P016",25
"72239",-12596.553651099,"OLAM_P016",50
"72240",-5993.347361099,"OLAM_P016",100
"72241",-5616.21930109902,"OLAM_P016",25
"72242",-7891.88566109902,"OLAM_P016",50
"72243",-9822.170131099,"OLAM_P016",100
"72244",-1537.11825109902,"OLAM_P016",25
"72245",-8124.46811109901,"OLAM_P016",50
"72246",-15799.339961099,"OLAM_P016",100
"72247",-11022.747501099,"OLAM_P016",25
"72248",-14668.490331099,"OLAM_P016",50
"72249",-17686.985771099,"OLAM_P016",100
"72250",-6718.78323109902,"OLAM_P016",25
"72251",-8024.86741109903,"OLAM_P016",50
"72252",-5525.64693109901,"OLAM_P016",100
"72253",-10088.579711099,"OLAM_P016",25
"72254",-292.951891099015,"OLAM_P016",50
"72255",-11205.507321099,"OLAM_P016",100
"72256",-5789.637191099,"OLAM_P016",25
"72257",-7790.65344109901,"OLAM_P016",50
"72258",-8571.30292109901,"OLAM_P016",100
"72259",-533.71060109901,"OLAM_P016",25
"72260",4130.37345890098,"OLAM_P016",50
"72261",-14989.306561099,"OLAM_P016",100
"72262",787.042798900977,"OLAM_P016",25
"72263",-14528.880511099,"OLAM_P016",50
"72264",-14274.272291099,"OLAM_P016",100
"72265",-3688.288201099,"OLAM_P016",25
"72266",-5369.11787109901,"OLAM_P016",50
"72267",-16963.120171099,"OLAM_P016",100
"72268",-12843.217031099,"OLAM_P016",25
"72269",-4447.940101099,"OLAM_P016",50
"72270",-16163.597981099,"OLAM_P016",100
"72271",-9678.32191109902,"OLAM_P016",25
"72272",-13263.028261099,"OLAM_P016",50
"72273",-7929.15080109902,"OLAM_P016",100
"72274",-6685.350101099,"OLAM_P016",25
"72275",-4309.14049109901,"OLAM_P016",50
"72276",-15279.991941099,"OLAM_P016",100
"72277",950.316708900995,"OLAM_P016",25
"72278",-156.665201099007,"OLAM_P016",50
"72279",-13004.856681099,"OLAM_P016",100
"72280",-10975.672001099,"OLAM_P016",25
"72281",-6671.963871099,"OLAM_P016",50
"72282",-11430.444221099,"OLAM_P016",100
"72283",-10378.557541099,"OLAM_P016",25
"72284",-6243.137811099,"OLAM_P016",50
"72285",-9973.12237109902,"OLAM_P016",100
"72286",-2465.55672109901,"OLAM_P016",25
"72287",-2590.19517109901,"OLAM_P016",50
"72288",-17358.992581099,"OLAM_P016",100
"72289",181.531768900983,"OLAM_P016",25
"72290",-9465.80008109901,"OLAM_P016",50
"72291",-15861.506891099,"OLAM_P016",100
"72292",-5113.04238109902,"OLAM_P016",25
"72293",-6815.76335109901,"OLAM_P016",50
"72294",-9744.78858109901,"OLAM_P016",100
"72295",1490.67699890098,"OLAM_P016",25
"72296",-2133.05646109901,"OLAM_P016",50
"72297",-16066.579371099,"OLAM_P016",100
"72298",-11812.217171099,"OLAM_P016",25
"72299",-16473.009041099,"OLAM_P016",50
"72300",-12619.916291099,"OLAM_P016",100
"72301",3188.73608940301,"OLAM_P017",25
"72302",-762.461020596995,"OLAM_P017",50
"72303",855.148409402987,"OLAM_P017",100
"72304",-1392.26909059699,"OLAM_P017",25
"72305",-4623.30313059699,"OLAM_P017",50
"72306",8522.181969403,"OLAM_P017",100
"72307",248.826869403012,"OLAM_P017",25
"72308",9383.657099403,"OLAM_P017",50
"72309",-217.856360597012,"OLAM_P017",100
"72310",-244.686070597003,"OLAM_P017",25
"72311",-1749.80480059699,"OLAM_P017",50
"72312",21310.943839403,"OLAM_P017",100
"72313",240.080939403008,"OLAM_P017",25
"72314",17125.179129403,"OLAM_P017",50
"72315",16543.602249403,"OLAM_P017",100
"72316",1491.41394940301,"OLAM_P017",25
"72317",4945.01441940301,"OLAM_P017",50
"72318",22816.032609403,"OLAM_P017",100
"72319",1932.91827940301,"OLAM_P017",25
"72320",5200.78805940301,"OLAM_P017",50
"72321",31387.035659403,"OLAM_P017",100
"72322",9294.629969403,"OLAM_P017",25
"72323",2830.11335940301,"OLAM_P017",50
"72324",14067.054959403,"OLAM_P017",100
"72325",2242.027049403,"OLAM_P017",25
"72326",4442.99246940299,"OLAM_P017",50
"72327",43316.311679403,"OLAM_P017",100
"72328",1034.644619403,"OLAM_P017",25
"72329",-649.454380596988,"OLAM_P017",50
"72330",9851.37481940299,"OLAM_P017",100
"72331",-514.867410596984,"OLAM_P017",25
"72332",9686.14499940301,"OLAM_P017",50
"72333",2544.57337940301,"OLAM_P017",100
"72334",-499.725600597012,"OLAM_P017",25
"72335",8083.34705940299,"OLAM_P017",50
"72336",5831.47935940299,"OLAM_P017",100
"72337",-1092.36452059701,"OLAM_P017",25
"72338",20470.053799403,"OLAM_P017",50
"72339",9227.21917940301,"OLAM_P017",100
"72340",-2846.80316059699,"OLAM_P017",25
"72341",2058.98952940301,"OLAM_P017",50
"72342",21399.884749403,"OLAM_P017",100
"72343",-117.227170597005,"OLAM_P017",25
"72344",2569.917319403,"OLAM_P017",50
"72345",23654.326949403,"OLAM_P017",100
"72346",4307.925349403,"OLAM_P017",25
"72347",6438.026789403,"OLAM_P017",50
"72348",16501.777579403,"OLAM_P017",100
"72349",2511.45619940301,"OLAM_P017",25
"72350",31570.992599403,"OLAM_P017",50
"72351",5159.34111940299,"OLAM_P017",100
"72352",-1099.49410059699,"OLAM_P017",25
"72353",6801.50737940299,"OLAM_P017",50
"72354",17647.803249403,"OLAM_P017",100
"72355",-552.893080596987,"OLAM_P017",25
"72356",438.453929403011,"OLAM_P017",50
"72357",1537.62202940299,"OLAM_P017",100
"72358",2947.38821940302,"OLAM_P017",25
"72359",-1364.48642059701,"OLAM_P017",50
"72360",-1858.42709059699,"OLAM_P017",100
"72361",2396.751449403,"OLAM_P017",25
"72362",-4043.95868059699,"OLAM_P017",50
"72363",4422.618479403,"OLAM_P017",100
"72364",-514.942300597002,"OLAM_P017",25
"72365",2671.09859940299,"OLAM_P017",50
"72366",6530.22213940299,"OLAM_P017",100
"72367",987.416049402993,"OLAM_P017",25
"72368",5093.193719403,"OLAM_P017",50
"72369",-976.618610597012,"OLAM_P017",100
"72370",3180.388289403,"OLAM_P017",25
"72371",23270.689769403,"OLAM_P017",50
"72372",34043.855629403,"OLAM_P017",100
"72373",2801.54495940299,"OLAM_P017",25
"72374",3528.66600940301,"OLAM_P017",50
"72375",-477.44953059699,"OLAM_P017",100
"72376",-1068.53056059699,"OLAM_P017",25
"72377",9148.543209403,"OLAM_P017",50
"72378",4880.42757940301,"OLAM_P017",100
"72379",25456.791299403,"OLAM_P017",25
"72380",4487.03875940299,"OLAM_P017",50
"72381",1577.273159403,"OLAM_P017",100
"72382",1903.22231940299,"OLAM_P017",25
"72383",-4007.58726059701,"OLAM_P017",50
"72384",6688.54603940301,"OLAM_P017",100
"72385",-756.139110596996,"OLAM_P017",25
"72386",14513.007219403,"OLAM_P017",50
"72387",17750.051779403,"OLAM_P017",100
"72388",1030.72691940301,"OLAM_P017",25
"72389",6838.116519403,"OLAM_P017",50
"72390",7538.87917940301,"OLAM_P017",100
"72391",1169.12664940301,"OLAM_P017",25
"72392",3940.95220940301,"OLAM_P017",50
"72393",2602.518289403,"OLAM_P017",100
"72394",8081.98783940301,"OLAM_P017",25
"72395",1521.899959403,"OLAM_P017",50
"72396",13269.931479403,"OLAM_P017",100
"72397",3094.55858940299,"OLAM_P017",25
"72398",4122.15218940302,"OLAM_P017",50
"72399",21812.425489403,"OLAM_P017",100
"72400",-11.2617305970052,"OLAM_P017",25
"72401",-6842.58368059699,"OLAM_P017",50
"72402",1956.86924940301,"OLAM_P017",100
"72403",-2574.25906059699,"OLAM_P017",25
"72404",1492.48740940299,"OLAM_P017",50
"72405",13986.008409403,"OLAM_P017",100
"72406",776.274639403011,"OLAM_P017",25
"72407",11466.967769403,"OLAM_P017",50
"72408",9610.971429403,"OLAM_P017",100
"72409",2202.487719403,"OLAM_P017",25
"72410",23188.082429403,"OLAM_P017",50
"72411",-2659.517520597,"OLAM_P017",100
"72412",-2917.82409059699,"OLAM_P017",25
"72413",16415.567249403,"OLAM_P017",50
"72414",9685.223639403,"OLAM_P017",100
"72415",2455.612249403,"OLAM_P017",25
"72416",4217.656969403,"OLAM_P017",50
"72417",7202.462569403,"OLAM_P017",100
"72418",-4166.446370597,"OLAM_P017",25
"72419",7270.76829940299,"OLAM_P017",50
"72420",22640.469379403,"OLAM_P017",100
"72421",8150.53790940301,"OLAM_P017",25
"72422",4134.868059403,"OLAM_P017",50
"72423",-2944.49950059701,"OLAM_P017",100
"72424",1702.52523940301,"OLAM_P017",25
"72425",-99.43788059699,"OLAM_P017",50
"72426",7744.97839940301,"OLAM_P017",100
"72427",-579.789780596999,"OLAM_P017",25
"72428",5072.957299403,"OLAM_P017",50
"72429",444.950059402996,"OLAM_P017",100
"72430",35046.835209403,"OLAM_P017",25
"72431",27502.383659403,"OLAM_P017",50
"72432",22074.428309403,"OLAM_P017",100
"72433",10262.080389403,"OLAM_P017",25
"72434",9210.847419403,"OLAM_P017",50
"72435",8254.54115940302,"OLAM_P017",100
"72436",5755.37648940299,"OLAM_P017",25
"72437",-195.219940596988,"OLAM_P017",50
"72438",3921.77765940301,"OLAM_P017",100
"72439",7143.749549403,"OLAM_P017",25
"72440",5796.04193940299,"OLAM_P017",50
"72441",6745.979459403,"OLAM_P017",100
"72442",-2669.50041059699,"OLAM_P017",25
"72443",-2115.677990597,"OLAM_P017",50
"72444",2802.284499403,"OLAM_P017",100
"72445",-2837.381340597,"OLAM_P017",25
"72446",1281.60508940299,"OLAM_P017",50
"72447",18181.477449403,"OLAM_P017",100
"72448",3362.98778940301,"OLAM_P017",25
"72449",-1377.94690059699,"OLAM_P017",50
"72450",2675.88699940301,"OLAM_P017",100
"72451",890.190589403006,"OLAM_P017",25
"72452",63.4185894030088,"OLAM_P017",50
"72453",17302.510779403,"OLAM_P017",100
"72454",-2471.593030597,"OLAM_P017",25
"72455",1618.682179403,"OLAM_P017",50
"72456",25882.664709403,"OLAM_P017",100
"72457",29589.298509403,"OLAM_P017",25
"72458",13576.771159403,"OLAM_P017",50
"72459",45112.471689403,"OLAM_P017",100
"72460",10244.901819403,"OLAM_P017",25
"72461",59437.971369403,"OLAM_P017",50
"72462",12390.836009403,"OLAM_P017",100
"72463",-1114.32599059699,"OLAM_P017",25
"72464",1390.00365940301,"OLAM_P017",50
"72465",195.744249403011,"OLAM_P017",100
"72466",1669.206359403,"OLAM_P017",25
"72467",2447.60881940302,"OLAM_P017",50
"72468",13173.389659403,"OLAM_P017",100
"72469",2024.84273940302,"OLAM_P017",25
"72470",16932.310079403,"OLAM_P017",50
"72471",37807.367569403,"OLAM_P017",100
"72472",7113.06044940301,"OLAM_P017",25
"72473",22683.852699403,"OLAM_P017",50
"72474",-328.552510596986,"OLAM_P017",100
"72475",3027.05320940301,"OLAM_P017",25
"72476",11360.153329403,"OLAM_P017",50
"72477",10459.530109403,"OLAM_P017",100
"72478",-1260.46210059701,"OLAM_P017",25
"72479",435.013599402999,"OLAM_P017",50
"72480",-115.101120596984,"OLAM_P017",100
"72481",-1210.46116059698,"OLAM_P017",25
"72482",-3487.652610597,"OLAM_P017",50
"72483",1475.540239403,"OLAM_P017",100
"72484",110.297129403014,"OLAM_P017",25
"72485",12699.702559403,"OLAM_P017",50
"72486",8424.51047940299,"OLAM_P017",100
"72487",-2560.63132059699,"OLAM_P017",25
"72488",31128.654539403,"OLAM_P017",50
"72489",-3072.343830597,"OLAM_P017",100
"72490",12720.392699403,"OLAM_P017",25
"72491",2770.72891940299,"OLAM_P017",50
"72492",16608.956879403,"OLAM_P017",100
"72493",-1553.02720059699,"OLAM_P017",25
"72494",34873.318849403,"OLAM_P017",50
"72495",6317.482449403,"OLAM_P017",100
"72496",-4268.83232059699,"OLAM_P017",25
"72497",-2362.87728059699,"OLAM_P017",50
"72498",1913.862329403,"OLAM_P017",100
"72499",-1698.65930059701,"OLAM_P017",25
"72500",897.255219403014,"OLAM_P017",50
"72501",4927.63414940299,"OLAM_P017",100
"72502",2710.72162940301,"OLAM_P017",25
"72503",5462.785539403,"OLAM_P017",50
"72504",10327.085399403,"OLAM_P017",100
"72505",-448.135100596992,"OLAM_P017",25
"72506",2125.23619940301,"OLAM_P017",50
"72507",12917.891829403,"OLAM_P017",100
"72508",5803.76282940301,"OLAM_P017",25
"72509",-2573.00159059701,"OLAM_P017",50
"72510",8076.96476940301,"OLAM_P017",100
"72511",3863.36257940301,"OLAM_P017",25
"72512",-2299.253290597,"OLAM_P017",50
"72513",18856.469579403,"OLAM_P017",100
"72514",2365.367019403,"OLAM_P017",25
"72515",1337.30697940299,"OLAM_P017",50
"72516",1165.10577940301,"OLAM_P017",100
"72517",541.119069403008,"OLAM_P017",25
"72518",1975.56645940299,"OLAM_P017",50
"72519",11475.075269403,"OLAM_P017",100
"72520",13931.552699403,"OLAM_P017",25
"72521",557.945909403003,"OLAM_P017",50
"72522",32034.882569403,"OLAM_P017",100
"72523",2858.991909403,"OLAM_P017",25
"72524",-894.680950596987,"OLAM_P017",50
"72525",21505.209749403,"OLAM_P017",100
"72526",-892.521800596995,"OLAM_P017",25
"72527",753.233709402994,"OLAM_P017",50
"72528",3170.121809403,"OLAM_P017",100
"72529",29407.689269403,"OLAM_P017",25
"72530",3178.090799403,"OLAM_P017",50
"72531",5091.63602940299,"OLAM_P017",100
"72532",2557.642139403,"OLAM_P017",25
"72533",2694.861649403,"OLAM_P017",50
"72534",16239.585329403,"OLAM_P017",100
"72535",-747.478300596995,"OLAM_P017",25
"72536",5838.79723940301,"OLAM_P017",50
"72537",16034.538969403,"OLAM_P017",100
"72538",780.362229402992,"OLAM_P017",25
"72539",10935.949439403,"OLAM_P017",50
"72540",686.990739403001,"OLAM_P017",100
"72541",2160.622619403,"OLAM_P017",25
"72542",16793.286819403,"OLAM_P017",50
"72543",-1163.442380597,"OLAM_P017",100
"72544",5906.79834940299,"OLAM_P017",25
"72545",4933.33389940299,"OLAM_P017",50
"72546",22278.825349403,"OLAM_P017",100
"72547",528.951489403,"OLAM_P017",25
"72548",4078.862769403,"OLAM_P017",50
"72549",14082.652799403,"OLAM_P017",100
"72550",-1911.32208059699,"OLAM_P017",25
"72551",3648.203499403,"OLAM_P017",50
"72552",2266.54277940301,"OLAM_P017",100
"72553",2761.68043940299,"OLAM_P017",25
"72554",8935.87477940301,"OLAM_P017",50
"72555",5962.971379403,"OLAM_P017",100
"72556",-333.413290597004,"OLAM_P017",25
"72557",7262.313479403,"OLAM_P017",50
"72558",2593.79975940299,"OLAM_P017",100
"72559",4999.474609403,"OLAM_P017",25
"72560",3696.95686940299,"OLAM_P017",50
"72561",6955.823619403,"OLAM_P017",100
"72562",6265.13829940301,"OLAM_P017",25
"72563",3516.81008940301,"OLAM_P017",50
"72564",4885.013049403,"OLAM_P017",100
"72565",-1990.69182059699,"OLAM_P017",25
"72566",26774.845409403,"OLAM_P017",50
"72567",22477.162999403,"OLAM_P017",100
"72568",3745.63928940301,"OLAM_P017",25
"72569",6321.02577940299,"OLAM_P017",50
"72570",37877.111579403,"OLAM_P017",100
"72571",1960.32266940302,"OLAM_P017",25
"72572",25885.727129403,"OLAM_P017",50
"72573",13585.656369403,"OLAM_P017",100
"72574",156.384479403001,"OLAM_P017",25
"72575",6099.79918940301,"OLAM_P017",50
"72576",18537.519319403,"OLAM_P017",100
"72577",4964.458579403,"OLAM_P017",25
"72578",2748.999289403,"OLAM_P017",50
"72579",1915.174829403,"OLAM_P017",100
"72580",6159.811269403,"OLAM_P017",25
"72581",-4282.845870597,"OLAM_P017",50
"72582",23721.308899403,"OLAM_P017",100
"72583",-2062.486900597,"OLAM_P017",25
"72584",573.509109403007,"OLAM_P017",50
"72585",3189.188089403,"OLAM_P017",100
"72586",310.018699403008,"OLAM_P017",25
"72587",-122.554330596991,"OLAM_P017",50
"72588",6081.09145940299,"OLAM_P017",100
"72589",5867.75605940301,"OLAM_P017",25
"72590",2426.03687940299,"OLAM_P017",50
"72591",8694.38451940301,"OLAM_P017",100
"72592",-770.998920596991,"OLAM_P017",25
"72593",4765.98030940301,"OLAM_P017",50
"72594",4451.01605940299,"OLAM_P017",100
"72595",1149.528899403,"OLAM_P017",25
"72596",8340.758099403,"OLAM_P017",50
"72597",12424.513809403,"OLAM_P017",100
"72598",801.878119403002,"OLAM_P017",25
"72599",11418.592139403,"OLAM_P017",50
"72600",13151.060159403,"OLAM_P017",100
"72601",-1246.43533734197,"OLAM_P018",25
"72602",1420.76563265803,"OLAM_P018",50
"72603",1859.24641265802,"OLAM_P018",100
"72604",-3479.39904734201,"OLAM_P018",25
"72605",2220.78652265802,"OLAM_P018",50
"72606",734.149752658035,"OLAM_P018",100
"72607",-191.309117341996,"OLAM_P018",25
"72608",5839.75094265799,"OLAM_P018",50
"72609",32356.493462658,"OLAM_P018",100
"72610",9215.42718265799,"OLAM_P018",25
"72611",-8985.30021734198,"OLAM_P018",50
"72612",-6679.78790734196,"OLAM_P018",100
"72613",1219.69069265801,"OLAM_P018",25
"72614",-1199.24956734199,"OLAM_P018",50
"72615",-3509.022547342,"OLAM_P018",100
"72616",7819.857482658,"OLAM_P018",25
"72617",-4725.30088734196,"OLAM_P018",50
"72618",2457.54480265803,"OLAM_P018",100
"72619",3425.76475265803,"OLAM_P018",25
"72620",-3317.37360734202,"OLAM_P018",50
"72621",10161.106412658,"OLAM_P018",100
"72622",3148.20997265802,"OLAM_P018",25
"72623",-3278.51827734197,"OLAM_P018",50
"72624",4317.95686265803,"OLAM_P018",100
"72625",-2229.22428734199,"OLAM_P018",25
"72626",-8667.73692734196,"OLAM_P018",50
"72627",-2061.50873734197,"OLAM_P018",100
"72628",16950.581222658,"OLAM_P018",25
"72629",-929.170477341977,"OLAM_P018",50
"72630",-7196.78773734201,"OLAM_P018",100
"72631",1619.025512658,"OLAM_P018",25
"72632",6530.23744265799,"OLAM_P018",50
"72633",-5843.909877342,"OLAM_P018",100
"72634",2525.094242658,"OLAM_P018",25
"72635",-3058.708977342,"OLAM_P018",50
"72636",-1196.59911734198,"OLAM_P018",100
"72637",-6524.66535734199,"OLAM_P018",25
"72638",-15563.032867342,"OLAM_P018",50
"72639",-1338.41835734202,"OLAM_P018",100
"72640",-449.781577342015,"OLAM_P018",25
"72641",937.145872658002,"OLAM_P018",50
"72642",2082.73736265802,"OLAM_P018",100
"72643",12327.576972658,"OLAM_P018",25
"72644",8263.66698265803,"OLAM_P018",50
"72645",-10434.035217342,"OLAM_P018",100
"72646",5597.429232658,"OLAM_P018",25
"72647",-5910.81750734197,"OLAM_P018",50
"72648",7521.28977265803,"OLAM_P018",100
"72649",5021.141102658,"OLAM_P018",25
"72650",19919.527302658,"OLAM_P018",50
"72651",11577.765122658,"OLAM_P018",100
"72652",-475.965037341986,"OLAM_P018",25
"72653",-8101.44927734201,"OLAM_P018",50
"72654",-18660.737907342,"OLAM_P018",100
"72655",-9827.78791734198,"OLAM_P018",25
"72656",-1782.27623734198,"OLAM_P018",50
"72657",-10739.381317342,"OLAM_P018",100
"72658",1538.29979265801,"OLAM_P018",25
"72659",18772.909982658,"OLAM_P018",50
"72660",-11250.411187342,"OLAM_P018",100
"72661",-6909.78508734197,"OLAM_P018",25
"72662",-5725.03245734196,"OLAM_P018",50
"72663",-6799.07711734198,"OLAM_P018",100
"72664",5032.87525265804,"OLAM_P018",25
"72665",13978.196902658,"OLAM_P018",50
"72666",3351.73194265802,"OLAM_P018",100
"72667",-2328.98013734201,"OLAM_P018",25
"72668",-5530.13860734197,"OLAM_P018",50
"72669",2241.51242265804,"OLAM_P018",100
"72670",9863.013502658,"OLAM_P018",25
"72671",3427.37796265801,"OLAM_P018",50
"72672",-363.252507341967,"OLAM_P018",100
"72673",768.552052657993,"OLAM_P018",25
"72674",4014.49902265798,"OLAM_P018",50
"72675",17883.073302658,"OLAM_P018",100
"72676",-10833.160497342,"OLAM_P018",25
"72677",-16025.249447342,"OLAM_P018",50
"72678",17301.889032658,"OLAM_P018",100
"72679",-2993.36855734198,"OLAM_P018",25
"72680",20850.769142658,"OLAM_P018",50
"72681",-11543.842547342,"OLAM_P018",100
"72682",-1454.25309734198,"OLAM_P018",25
"72683",13012.496882658,"OLAM_P018",50
"72684",-5677.45465734199,"OLAM_P018",100
"72685",3322.13496265799,"OLAM_P018",25
"72686",8954.41504265799,"OLAM_P018",50
"72687",-2000.694047342,"OLAM_P018",100
"72688",662.70792265801,"OLAM_P018",25
"72689",624.776782658009,"OLAM_P018",50
"72690",-13471.681667342,"OLAM_P018",100
"72691",1324.92447265802,"OLAM_P018",25
"72692",-6837.94704734196,"OLAM_P018",50
"72693",9445.19599265803,"OLAM_P018",100
"72694",7341.39964265801,"OLAM_P018",25
"72695",-10940.763337342,"OLAM_P018",50
"72696",-16.7479473419953,"OLAM_P018",100
"72697",889.296832658001,"OLAM_P018",25
"72698",1655.89173265803,"OLAM_P018",50
"72699",-10376.547077342,"OLAM_P018",100
"72700",-10491.206487342,"OLAM_P018",25
"72701",818.331852658011,"OLAM_P018",50
"72702",42135.152842658,"OLAM_P018",100
"72703",-7740.79010734201,"OLAM_P018",25
"72704",787.026612657995,"OLAM_P018",50
"72705",969.287782658008,"OLAM_P018",100
"72706",-1478.05276734201,"OLAM_P018",25
"72707",1813.70007265802,"OLAM_P018",50
"72708",6726.30678265804,"OLAM_P018",100
"72709",-4670.507947342,"OLAM_P018",25
"72710",-6165.31417734199,"OLAM_P018",50
"72711",10606.513762658,"OLAM_P018",100
"72712",-3622.48027734197,"OLAM_P018",25
"72713",3651.50285265798,"OLAM_P018",50
"72714",3307.25793265802,"OLAM_P018",100
"72715",1852.41274265799,"OLAM_P018",25
"72716",-13493.639547342,"OLAM_P018",50
"72717",7791.054232658,"OLAM_P018",100
"72718",-5398.00480734196,"OLAM_P018",25
"72719",-471.966777341964,"OLAM_P018",50
"72720",3780.98697265802,"OLAM_P018",100
"72721",-1064.02647734201,"OLAM_P018",25
"72722",-1289.22045734199,"OLAM_P018",50
"72723",-12668.057077342,"OLAM_P018",100
"72724",17328.122292658,"OLAM_P018",25
"72725",7323.95465265802,"OLAM_P018",50
"72726",-826.808017342002,"OLAM_P018",100
"72727",-2875.34709734196,"OLAM_P018",25
"72728",-296.193647341977,"OLAM_P018",50
"72729",-12079.635887342,"OLAM_P018",100
"72730",12742.364532658,"OLAM_P018",25
"72731",-7258.28161734197,"OLAM_P018",50
"72732",-6009.32630734198,"OLAM_P018",100
"72733",-4590.72495734197,"OLAM_P018",25
"72734",1810.38635265804,"OLAM_P018",50
"72735",4907.334732658,"OLAM_P018",100
"72736",6070.151192658,"OLAM_P018",25
"72737",-10212.489507342,"OLAM_P018",50
"72738",7198.19997265801,"OLAM_P018",100
"72739",-2518.219687342,"OLAM_P018",25
"72740",2423.066722658,"OLAM_P018",50
"72741",-9931.05397734197,"OLAM_P018",100
"72742",14942.508562658,"OLAM_P018",25
"72743",3410.92933265801,"OLAM_P018",50
"72744",3059.95601265802,"OLAM_P018",100
"72745",7441.95012265799,"OLAM_P018",25
"72746",-6230.25626734196,"OLAM_P018",50
"72747",3190.24024265801,"OLAM_P018",100
"72748",-4864.70343734196,"OLAM_P018",25
"72749",734.592402658018,"OLAM_P018",50
"72750",9755.26531265804,"OLAM_P018",100
"72751",4649.60948265804,"OLAM_P018",25
"72752",-9210.20915734197,"OLAM_P018",50
"72753",-14137.016227342,"OLAM_P018",100
"72754",-6912.19020734198,"OLAM_P018",25
"72755",-3165.79909734201,"OLAM_P018",50
"72756",2729.80615265801,"OLAM_P018",100
"72757",16332.463102658,"OLAM_P018",25
"72758",-2407.935937342,"OLAM_P018",50
"72759",5999.94030265801,"OLAM_P018",100
"72760",-7741.11838734196,"OLAM_P018",25
"72761",-10031.124677342,"OLAM_P018",50
"72762",-11834.754347342,"OLAM_P018",100
"72763",-6744.08536734199,"OLAM_P018",25
"72764",25258.901622658,"OLAM_P018",50
"72765",-6287.16678734199,"OLAM_P018",100
"72766",-2643.72466734197,"OLAM_P018",25
"72767",652.418602658028,"OLAM_P018",50
"72768",13583.127812658,"OLAM_P018",100
"72769",-3786.142617342,"OLAM_P018",25
"72770",5637.51154265803,"OLAM_P018",50
"72771",10593.286922658,"OLAM_P018",100
"72772",-9342.92595734197,"OLAM_P018",25
"72773",-1757.40190734196,"OLAM_P018",50
"72774",10271.982122658,"OLAM_P018",100
"72775",-8191.81469734199,"OLAM_P018",25
"72776",-3371.61099734198,"OLAM_P018",50
"72777",30159.878192658,"OLAM_P018",100
"72778",-1653.65555734199,"OLAM_P018",25
"72779",170.994892658025,"OLAM_P018",50
"72780",-7894.79293734196,"OLAM_P018",100
"72781",-4009.75601734198,"OLAM_P018",25
"72782",-7385.39876734198,"OLAM_P018",50
"72783",4858.87447265803,"OLAM_P018",100
"72784",286.168852658011,"OLAM_P018",25
"72785",13140.002842658,"OLAM_P018",50
"72786",-9830.23616734199,"OLAM_P018",100
"72787",3127.08639265801,"OLAM_P018",25
"72788",-5170.44743734197,"OLAM_P018",50
"72789",-15845.336637342,"OLAM_P018",100
"72790",-4306.44844734197,"OLAM_P018",25
"72791",7696.204412658,"OLAM_P018",50
"72792",23319.089452658,"OLAM_P018",100
"72793",-3365.014887342,"OLAM_P018",25
"72794",16185.371182658,"OLAM_P018",50
"72795",-2174.31977734197,"OLAM_P018",100
"72796",1484.987412658,"OLAM_P018",25
"72797",-4288.186717342,"OLAM_P018",50
"72798",15013.261142658,"OLAM_P018",100
"72799",8372.67684265802,"OLAM_P018",25
"72800",7591.99180265801,"OLAM_P018",50
"72801",43206.180792658,"OLAM_P018",100
"72802",2601.38534265803,"OLAM_P018",25
"72803",2748.000262658,"OLAM_P018",50
"72804",-7595.71356734197,"OLAM_P018",100
"72805",-1674.57973734196,"OLAM_P018",25
"72806",6164.84313265799,"OLAM_P018",50
"72807",-12456.749017342,"OLAM_P018",100
"72808",-6878.45197734196,"OLAM_P018",25
"72809",-3125.33279734198,"OLAM_P018",50
"72810",-399.937827342015,"OLAM_P018",100
"72811",12055.800222658,"OLAM_P018",25
"72812",3153.57787265803,"OLAM_P018",50
"72813",3885.94205265801,"OLAM_P018",100
"72814",-882.442247341969,"OLAM_P018",25
"72815",22894.788542658,"OLAM_P018",50
"72816",-12347.377367342,"OLAM_P018",100
"72817",-2377.03053734201,"OLAM_P018",25
"72818",9432.21462265804,"OLAM_P018",50
"72819",-6382.35063734197,"OLAM_P018",100
"72820",-4139.99307734199,"OLAM_P018",25
"72821",-6870.26622734201,"OLAM_P018",50
"72822",-8473.04904734198,"OLAM_P018",100
"72823",695.232112658035,"OLAM_P018",25
"72824",-1743.772837342,"OLAM_P018",50
"72825",-5948.359287342,"OLAM_P018",100
"72826",974.583102657984,"OLAM_P018",25
"72827",-3708.01866734197,"OLAM_P018",50
"72828",21291.122022658,"OLAM_P018",100
"72829",-2136.22216734197,"OLAM_P018",25
"72830",-3585.25220734201,"OLAM_P018",50
"72831",18667.431782658,"OLAM_P018",100
"72832",-6043.57934734196,"OLAM_P018",25
"72833",12729.997532658,"OLAM_P018",50
"72834",-2906.559507342,"OLAM_P018",100
"72835",15685.297612658,"OLAM_P018",25
"72836",-6182.67878734198,"OLAM_P018",50
"72837",2099.18321265804,"OLAM_P018",100
"72838",1481.43028265802,"OLAM_P018",25
"72839",16036.372212658,"OLAM_P018",50
"72840",-10294.042597342,"OLAM_P018",100
"72841",-7947.40174734197,"OLAM_P018",25
"72842",15.0724626579904,"OLAM_P018",50
"72843",11264.102762658,"OLAM_P018",100
"72844",-4855.32831734198,"OLAM_P018",25
"72845",3123.89461265801,"OLAM_P018",50
"72846",4924.72746265802,"OLAM_P018",100
"72847",6961.819252658,"OLAM_P018",25
"72848",-11444.380877342,"OLAM_P018",50
"72849",-2376.70305734198,"OLAM_P018",100
"72850",778.845282658003,"OLAM_P018",25
"72851",13870.045662658,"OLAM_P018",50
"72852",6454.38725265802,"OLAM_P018",100
"72853",-597.662017341994,"OLAM_P018",25
"72854",19165.709502658,"OLAM_P018",50
"72855",15208.798412658,"OLAM_P018",100
"72856",-12864.929437342,"OLAM_P018",25
"72857",-2884.53579734196,"OLAM_P018",50
"72858",21963.266442658,"OLAM_P018",100
"72859",-117.610597341962,"OLAM_P018",25
"72860",2734.43404265802,"OLAM_P018",50
"72861",-3785.98364734201,"OLAM_P018",100
"72862",-2970.34580734198,"OLAM_P018",25
"72863",17977.864142658,"OLAM_P018",50
"72864",-2165.39999734197,"OLAM_P018",100
"72865",12136.078552658,"OLAM_P018",25
"72866",728.861412658007,"OLAM_P018",50
"72867",-2024.43672734196,"OLAM_P018",100
"72868",-6989.130997342,"OLAM_P018",25
"72869",-4482.43370734196,"OLAM_P018",50
"72870",1044.60291265801,"OLAM_P018",100
"72871",-2039.86884734198,"OLAM_P018",25
"72872",-14266.441827342,"OLAM_P018",50
"72873",1196.67658265802,"OLAM_P018",100
"72874",-8793.42614734196,"OLAM_P018",25
"72875",4165.42022265802,"OLAM_P018",50
"72876",7172.34610265802,"OLAM_P018",100
"72877",-7102.55691734201,"OLAM_P018",25
"72878",-9370.25491734198,"OLAM_P018",50
"72879",-2604.714947342,"OLAM_P018",100
"72880",1063.98749265802,"OLAM_P018",25
"72881",9725.63298265799,"OLAM_P018",50
"72882",21798.215322658,"OLAM_P018",100
"72883",-1644.43289734196,"OLAM_P018",25
"72884",-3481.894887342,"OLAM_P018",50
"72885",1933.66220265802,"OLAM_P018",100
"72886",14093.892912658,"OLAM_P018",25
"72887",9061.75712265802,"OLAM_P018",50
"72888",12314.717862658,"OLAM_P018",100
"72889",20549.287682658,"OLAM_P018",25
"72890",-9203.51451734197,"OLAM_P018",50
"72891",14796.041492658,"OLAM_P018",100
"72892",-10969.731607342,"OLAM_P018",25
"72893",-10759.846087342,"OLAM_P018",50
"72894",-9039.61200734199,"OLAM_P018",100
"72895",5781.30841265799,"OLAM_P018",25
"72896",-13594.648927342,"OLAM_P018",50
"72897",13120.121302658,"OLAM_P018",100
"72898",16234.882482658,"OLAM_P018",25
"72899",8611.808352658,"OLAM_P018",50
"72900",20318.363402658,"OLAM_P018",100
"72901",-709.328880312998,"OLAM_P019",25
"72902",555.356749686995,"OLAM_P019",50
"72903",73788.250039687,"OLAM_P019",100
"72904",-718.304450313008,"OLAM_P019",25
"72905",18097.396259687,"OLAM_P019",50
"72906",89984.425989687,"OLAM_P019",100
"72907",1818.530039687,"OLAM_P019",25
"72908",482.374619686976,"OLAM_P019",50
"72909",26183.220879687,"OLAM_P019",100
"72910",265.019049686991,"OLAM_P019",25
"72911",148.868979686988,"OLAM_P019",50
"72912",-744.931480313011,"OLAM_P019",100
"72913",-999.502190313011,"OLAM_P019",25
"72914",481.070409687003,"OLAM_P019",50
"72915",725.630139686982,"OLAM_P019",100
"72916",-495.457890313002,"OLAM_P019",25
"72917",187.019429687003,"OLAM_P019",50
"72918",564.844889686996,"OLAM_P019",100
"72919",-21.0813703130116,"OLAM_P019",25
"72920",-969.250840313005,"OLAM_P019",50
"72921",895.145719686989,"OLAM_P019",100
"72922",2164.03551968699,"OLAM_P019",25
"72923",-984.175750313007,"OLAM_P019",50
"72924",577.475139686983,"OLAM_P019",100
"72925",402.820559686981,"OLAM_P019",25
"72926",2452.80908968698,"OLAM_P019",50
"72927",3440.80316968699,"OLAM_P019",100
"72928",-407.643920313014,"OLAM_P019",25
"72929",-1285.53305031301,"OLAM_P019",50
"72930",553.408519686986,"OLAM_P019",100
"72931",1505.05569968699,"OLAM_P019",25
"72932",-1937.21020031301,"OLAM_P019",50
"72933",376.232409686985,"OLAM_P019",100
"72934",56.1433896870003,"OLAM_P019",25
"72935",-823.935690312996,"OLAM_P019",50
"72936",57.0424696870032,"OLAM_P019",100
"72937",-342.390030313021,"OLAM_P019",25
"72938",787.538339686987,"OLAM_P019",50
"72939",74693.861869687,"OLAM_P019",100
"72940",2219.920259687,"OLAM_P019",25
"72941",2616.28497968699,"OLAM_P019",50
"72942",661.047739686997,"OLAM_P019",100
"72943",-1284.28283031302,"OLAM_P019",25
"72944",975.584559686977,"OLAM_P019",50
"72945",17839.984209687,"OLAM_P019",100
"72946",-927.033220313024,"OLAM_P019",25
"72947",3297.606799687,"OLAM_P019",50
"72948",3545.34964968698,"OLAM_P019",100
"72949",-1316.79417031302,"OLAM_P019",25
"72950",742.608159686992,"OLAM_P019",50
"72951",76007.360779687,"OLAM_P019",100
"72952",481.483029686991,"OLAM_P019",25
"72953",-656.058050313004,"OLAM_P019",50
"72954",211.842749686999,"OLAM_P019",100
"72955",52.6241296869994,"OLAM_P019",25
"72956",468.605489686975,"OLAM_P019",50
"72957",-1082.30569031302,"OLAM_P019",100
"72958",-290.196640313021,"OLAM_P019",25
"72959",-475.221060313022,"OLAM_P019",50
"72960",2364.82089968698,"OLAM_P019",100
"72961",-302.447590313008,"OLAM_P019",25
"72962",-856.119940313016,"OLAM_P019",50
"72963",1436.15937968699,"OLAM_P019",100
"72964",1489.05146968699,"OLAM_P019",25
"72965",69786.851169687,"OLAM_P019",50
"72966",-521.65805031301,"OLAM_P019",100
"72967",-440.745040313021,"OLAM_P019",25
"72968",-438.722910313023,"OLAM_P019",50
"72969",3480.96903968698,"OLAM_P019",100
"72970",4160.81942968699,"OLAM_P019",25
"72971",123.520989686978,"OLAM_P019",50
"72972",-1264.23704031302,"OLAM_P019",100
"72973",622.073009686981,"OLAM_P019",25
"72974",2038.566499687,"OLAM_P019",50
"72975",41943.947869687,"OLAM_P019",100
"72976",2132.210449687,"OLAM_P019",25
"72977",-680.279070313001,"OLAM_P019",50
"72978",-365.483100313024,"OLAM_P019",100
"72979",-1297.38113031301,"OLAM_P019",25
"72980",-1283.267080313,"OLAM_P019",50
"72981",-96.6000503130199,"OLAM_P019",100
"72982",-164.694150313007,"OLAM_P019",25
"72983",91007.006549687,"OLAM_P019",50
"72984",222.331809686992,"OLAM_P019",100
"72985",-744.692540313001,"OLAM_P019",25
"72986",1235.513489687,"OLAM_P019",50
"72987",873.263679686992,"OLAM_P019",100
"72988",981.040389686998,"OLAM_P019",25
"72989",1128.979269687,"OLAM_P019",50
"72990",-1365.16024031301,"OLAM_P019",100
"72991",-661.098230313015,"OLAM_P019",25
"72992",-42.127420313016,"OLAM_P019",50
"72993",1212.09586968698,"OLAM_P019",100
"72994",413.958769686986,"OLAM_P019",25
"72995",-1476.86601031301,"OLAM_P019",50
"72996",18704.584149687,"OLAM_P019",100
"72997",-482.068850313022,"OLAM_P019",25
"72998",-1193.95465031301,"OLAM_P019",50
"72999",2709.44309968699,"OLAM_P019",100
"73000",-636.694490313006,"OLAM_P019",25
"73001",-1962.55497031301,"OLAM_P019",50
"73002",2987.83425968699,"OLAM_P019",100
"73003",7308.55986968699,"OLAM_P019",25
"73004",-245.139230313012,"OLAM_P019",50
"73005",2717.08417968699,"OLAM_P019",100
"73006",132.832109686977,"OLAM_P019",25
"73007",93.7713196869881,"OLAM_P019",50
"73008",-851.747020313021,"OLAM_P019",100
"73009",-260.858160313015,"OLAM_P019",25
"73010",2303.832609687,"OLAM_P019",50
"73011",-42.2471503130218,"OLAM_P019",100
"73012",58.621869686991,"OLAM_P019",25
"73013",-1123.295410313,"OLAM_P019",50
"73014",1538.83747968698,"OLAM_P019",100
"73015",1027.42944968698,"OLAM_P019",25
"73016",19029.085479687,"OLAM_P019",50
"73017",1858.86408968698,"OLAM_P019",100
"73018",596.064069686981,"OLAM_P019",25
"73019",337.905439686991,"OLAM_P019",50
"73020",18814.905819687,"OLAM_P019",100
"73021",1094.09543968699,"OLAM_P019",25
"73022",-1450.28169031302,"OLAM_P019",50
"73023",4691.14287968699,"OLAM_P019",100
"73024",268.912639686983,"OLAM_P019",25
"73025",794.255739686982,"OLAM_P019",50
"73026",-173.668670312996,"OLAM_P019",100
"73027",930.216379686986,"OLAM_P019",25
"73028",-255.231090312998,"OLAM_P019",50
"73029",323.306499686994,"OLAM_P019",100
"73030",-727.364320313005,"OLAM_P019",25
"73031",71000.661279687,"OLAM_P019",50
"73032",-265.892740313022,"OLAM_P019",100
"73033",-69.7798303129966,"OLAM_P019",25
"73034",352.814969686995,"OLAM_P019",50
"73035",-1767.954350313,"OLAM_P019",100
"73036",1063.214129687,"OLAM_P019",25
"73037",-1140.585210313,"OLAM_P019",50
"73038",6346.47499968699,"OLAM_P019",100
"73039",-741.701050313015,"OLAM_P019",25
"73040",5259.40661968698,"OLAM_P019",50
"73041",2513.49682968698,"OLAM_P019",100
"73042",3555.719159687,"OLAM_P019",25
"73043",6879.998869687,"OLAM_P019",50
"73044",74609.154279687,"OLAM_P019",100
"73045",-290.326770312997,"OLAM_P019",25
"73046",829.846279686986,"OLAM_P019",50
"73047",-468.088970313023,"OLAM_P019",100
"73048",4904.939129687,"OLAM_P019",25
"73049",290.123219686997,"OLAM_P019",50
"73050",733.055989686982,"OLAM_P019",100
"73051",-28.8062003130035,"OLAM_P019",25
"73052",3403.37402968699,"OLAM_P019",50
"73053",103.195189686987,"OLAM_P019",100
"73054",-177.844680313021,"OLAM_P019",25
"73055",175.935069686995,"OLAM_P019",50
"73056",2586.41481968699,"OLAM_P019",100
"73057",2163.567679687,"OLAM_P019",25
"73058",-29.036910313007,"OLAM_P019",50
"73059",72639.280669687,"OLAM_P019",100
"73060",431.988169686985,"OLAM_P019",25
"73061",18745.561839687,"OLAM_P019",50
"73062",2244.055169687,"OLAM_P019",100
"73063",-685.040740313008,"OLAM_P019",25
"73064",-875.999910312996,"OLAM_P019",50
"73065",-572.636400313,"OLAM_P019",100
"73066",-83.6877203129989,"OLAM_P019",25
"73067",-1011.69355031301,"OLAM_P019",50
"73068",70483.597519687,"OLAM_P019",100
"73069",-1095.83184031301,"OLAM_P019",25
"73070",264.708929686982,"OLAM_P019",50
"73071",3233.985599687,"OLAM_P019",100
"73072",4876.26419968699,"OLAM_P019",25
"73073",1466.08537968699,"OLAM_P019",50
"73074",2578.60536968699,"OLAM_P019",100
"73075",45.9105796869844,"OLAM_P019",25
"73076",-530.666420313006,"OLAM_P019",50
"73077",5343.28233968699,"OLAM_P019",100
"73078",-1149.462740313,"OLAM_P019",25
"73079",2620.167859687,"OLAM_P019",50
"73080",-65.569820313016,"OLAM_P019",100
"73081",2724.87241968699,"OLAM_P019",25
"73082",99.9842796869925,"OLAM_P019",50
"73083",4109.13177968698,"OLAM_P019",100
"73084",-894.311470312998,"OLAM_P019",25
"73085",5512.967719687,"OLAM_P019",50
"73086",-578.596980313014,"OLAM_P019",100
"73087",1439.30129968698,"OLAM_P019",25
"73088",531.576169687003,"OLAM_P019",50
"73089",6568.43900968699,"OLAM_P019",100
"73090",-1488.40211031301,"OLAM_P019",25
"73091",2544.00559968699,"OLAM_P019",50
"73092",970.97151968698,"OLAM_P019",100
"73093",-1110.83739031301,"OLAM_P019",25
"73094",3639.92160968698,"OLAM_P019",50
"73095",20875.884709687,"OLAM_P019",100
"73096",552.494779686996,"OLAM_P019",25
"73097",593.196239686979,"OLAM_P019",50
"73098",3224.556759687,"OLAM_P019",100
"73099",-318.080220313015,"OLAM_P019",25
"73100",-2135.876910313,"OLAM_P019",50
"73101",3082.51748968699,"OLAM_P019",100
"73102",-177.005940313014,"OLAM_P019",25
"73103",1779.205549687,"OLAM_P019",50
"73104",1274.99627968698,"OLAM_P019",100
"73105",-50.4450503130211,"OLAM_P019",25
"73106",-547.671930313023,"OLAM_P019",50
"73107",-1993.15586031301,"OLAM_P019",100
"73108",1299.62098968698,"OLAM_P019",25
"73109",447.335919687001,"OLAM_P019",50
"73110",1221.67848968698,"OLAM_P019",100
"73111",564.775479686999,"OLAM_P019",25
"73112",814.94721968699,"OLAM_P019",50
"73113",1369.190019687,"OLAM_P019",100
"73114",278.717149687,"OLAM_P019",25
"73115",775.728399686981,"OLAM_P019",50
"73116",-283.356260313012,"OLAM_P019",100
"73117",13.4825796869991,"OLAM_P019",25
"73118",277.955609686993,"OLAM_P019",50
"73119",-819.021380313003,"OLAM_P019",100
"73120",1068.084329687,"OLAM_P019",25
"73121",1524.917939687,"OLAM_P019",50
"73122",7358.14688968699,"OLAM_P019",100
"73123",-631.255600313016,"OLAM_P019",25
"73124",-2326.262650313,"OLAM_P019",50
"73125",-2171.21882031302,"OLAM_P019",100
"73126",-431.406680312997,"OLAM_P019",25
"73127",421.29341968699,"OLAM_P019",50
"73128",-336.266180313018,"OLAM_P019",100
"73129",2659.556939687,"OLAM_P019",25
"73130",2805.89298968698,"OLAM_P019",50
"73131",2908.45295968698,"OLAM_P019",100
"73132",-732.239170312998,"OLAM_P019",25
"73133",-200.560440313013,"OLAM_P019",50
"73134",9564.96965968699,"OLAM_P019",100
"73135",-764.313720313017,"OLAM_P019",25
"73136",1424.69964968698,"OLAM_P019",50
"73137",2343.15509968699,"OLAM_P019",100
"73138",565.496909686975,"OLAM_P019",25
"73139",-6.76409031302319,"OLAM_P019",50
"73140",931.334799687,"OLAM_P019",100
"73141",5715.55666968698,"OLAM_P019",25
"73142",-256.528170313017,"OLAM_P019",50
"73143",729.334109686984,"OLAM_P019",100
"73144",-784.287460313004,"OLAM_P019",25
"73145",-543.178100313002,"OLAM_P019",50
"73146",73536.294479687,"OLAM_P019",100
"73147",-366.944850313012,"OLAM_P019",25
"73148",482.849279686983,"OLAM_P019",50
"73149",-618.196120313019,"OLAM_P019",100
"73150",-891.792490313004,"OLAM_P019",25
"73151",-1371.262180313,"OLAM_P019",50
"73152",-270.409120313008,"OLAM_P019",100
"73153",209.091029686999,"OLAM_P019",25
"73154",1162.63832968698,"OLAM_P019",50
"73155",2740.91727968698,"OLAM_P019",100
"73156",-1605.47623031301,"OLAM_P019",25
"73157",765.142749686987,"OLAM_P019",50
"73158",1616.22594968698,"OLAM_P019",100
"73159",-683.944570313004,"OLAM_P019",25
"73160",-885.198950313003,"OLAM_P019",50
"73161",-1324.21202031302,"OLAM_P019",100
"73162",-180.44870031302,"OLAM_P019",25
"73163",71.078459686978,"OLAM_P019",50
"73164",558.567169686983,"OLAM_P019",100
"73165",-1101.73980031302,"OLAM_P019",25
"73166",-745.223300313024,"OLAM_P019",50
"73167",1335.98469968699,"OLAM_P019",100
"73168",868.354539686989,"OLAM_P019",25
"73169",-1010.01983031302,"OLAM_P019",50
"73170",3286.561239687,"OLAM_P019",100
"73171",-1.50771031301701,"OLAM_P019",25
"73172",-43.8213603130134,"OLAM_P019",50
"73173",874.624769686983,"OLAM_P019",100
"73174",1917.511069687,"OLAM_P019",25
"73175",5900.70159968699,"OLAM_P019",50
"73176",2558.41831968699,"OLAM_P019",100
"73177",375.192239686992,"OLAM_P019",25
"73178",-1103.872170313,"OLAM_P019",50
"73179",534.392639686994,"OLAM_P019",100
"73180",-535.904310313024,"OLAM_P019",25
"73181",1134.19356968699,"OLAM_P019",50
"73182",-573.401090313011,"OLAM_P019",100
"73183",-141.001080312999,"OLAM_P019",25
"73184",1676.354139687,"OLAM_P019",50
"73185",1738.11912968699,"OLAM_P019",100
"73186",4110.90168968699,"OLAM_P019",25
"73187",754.207429686998,"OLAM_P019",50
"73188",470.423249686981,"OLAM_P019",100
"73189",447.518079686997,"OLAM_P019",25
"73190",6212.22057968698,"OLAM_P019",50
"73191",524.725529686984,"OLAM_P019",100
"73192",22.365549686976,"OLAM_P019",25
"73193",-178.509030312998,"OLAM_P019",50
"73194",2976.832639687,"OLAM_P019",100
"73195",432.241659686988,"OLAM_P019",25
"73196",279.107829686982,"OLAM_P019",50
"73197",4697.24179968698,"OLAM_P019",100
"73198",279.78434968699,"OLAM_P019",25
"73199",600.560749686992,"OLAM_P019",50
"73200",-1427.10071031301,"OLAM_P019",100
"73201",-26145.686683507,"OLAM_P020",25
"73202",-60180.893433507,"OLAM_P020",50
"73203",-45066.829463507,"OLAM_P020",100
"73204",-1228.67243350699,"OLAM_P020",25
"73205",-44776.787203507,"OLAM_P020",50
"73206",-73595.604053507,"OLAM_P020",100
"73207",-2479.44095350697,"OLAM_P020",25
"73208",-42960.814793507,"OLAM_P020",50
"73209",-30575.594353507,"OLAM_P020",100
"73210",-3623.62715350697,"OLAM_P020",25
"73211",-15822.096273507,"OLAM_P020",50
"73212",-80121.805283507,"OLAM_P020",100
"73213",-9707.96520350699,"OLAM_P020",25
"73214",-58043.295163507,"OLAM_P020",50
"73215",-66697.642763507,"OLAM_P020",100
"73216",-47803.518593507,"OLAM_P020",25
"73217",-62428.914003507,"OLAM_P020",50
"73218",-52109.530983507,"OLAM_P020",100
"73219",23068.026436493,"OLAM_P020",25
"73220",9591.328856493,"OLAM_P020",50
"73221",-13667.106433507,"OLAM_P020",100
"73222",-5379.19892350701,"OLAM_P020",25
"73223",-64756.362333507,"OLAM_P020",50
"73224",-73872.517773507,"OLAM_P020",100
"73225",-13898.767963507,"OLAM_P020",25
"73226",-64798.330253507,"OLAM_P020",50
"73227",-58641.537853507,"OLAM_P020",100
"73228",-2109.218973507,"OLAM_P020",25
"73229",-25623.480093507,"OLAM_P020",50
"73230",-67254.886093507,"OLAM_P020",100
"73231",-5334.64970350696,"OLAM_P020",25
"73232",-6081.62223350699,"OLAM_P020",50
"73233",-76559.527023507,"OLAM_P020",100
"73234",3583.95287649299,"OLAM_P020",25
"73235",-47796.131813507,"OLAM_P020",50
"73236",-85060.856543507,"OLAM_P020",100
"73237",-9335.828173507,"OLAM_P020",25
"73238",-47109.428863507,"OLAM_P020",50
"73239",-87796.699163507,"OLAM_P020",100
"73240",-13670.423483507,"OLAM_P020",25
"73241",41.8965464929934,"OLAM_P020",50
"73242",-35649.265113507,"OLAM_P020",100
"73243",-54325.694563507,"OLAM_P020",25
"73244",-22138.367473507,"OLAM_P020",50
"73245",-82236.242273507,"OLAM_P020",100
"73246",464.110196492984,"OLAM_P020",25
"73247",-16431.804283507,"OLAM_P020",50
"73248",-69557.604113507,"OLAM_P020",100
"73249",-7440.92175350699,"OLAM_P020",25
"73250",-64072.146663507,"OLAM_P020",50
"73251",-71386.788443507,"OLAM_P020",100
"73252",-16658.675293507,"OLAM_P020",25
"73253",-52782.793763507,"OLAM_P020",50
"73254",-61505.578723507,"OLAM_P020",100
"73255",-55880.203233507,"OLAM_P020",25
"73256",-54012.610313507,"OLAM_P020",50
"73257",-75092.035483507,"OLAM_P020",100
"73258",-4949.81987350696,"OLAM_P020",25
"73259",-18848.580473507,"OLAM_P020",50
"73260",-50918.029383507,"OLAM_P020",100
"73261",-5772.64180350699,"OLAM_P020",25
"73262",-71024.896703507,"OLAM_P020",50
"73263",-29918.804593507,"OLAM_P020",100
"73264",-3106.27392350696,"OLAM_P020",25
"73265",-53473.721843507,"OLAM_P020",50
"73266",-50749.861943507,"OLAM_P020",100
"73267",-11733.974463507,"OLAM_P020",25
"73268",-63306.323013507,"OLAM_P020",50
"73269",-69456.448563507,"OLAM_P020",100
"73270",-16512.725083507,"OLAM_P020",25
"73271",-26977.151713507,"OLAM_P020",50
"73272",-79295.369153507,"OLAM_P020",100
"73273",-7430.47568350699,"OLAM_P020",25
"73274",6660.384156493,"OLAM_P020",50
"73275",-57515.128273507,"OLAM_P020",100
"73276",-5947.59428350697,"OLAM_P020",25
"73277",-8754.925033507,"OLAM_P020",50
"73278",-60955.869273507,"OLAM_P020",100
"73279",-8888.50818350702,"OLAM_P020",25
"73280",-43160.352573507,"OLAM_P020",50
"73281",-78501.198703507,"OLAM_P020",100
"73282",-49629.343683507,"OLAM_P020",25
"73283",-50193.507173507,"OLAM_P020",50
"73284",-51411.044493507,"OLAM_P020",100
"73285",-7135.48050350702,"OLAM_P020",25
"73286",-30286.770863507,"OLAM_P020",50
"73287",-87767.363203507,"OLAM_P020",100
"73288",-1024.58752350701,"OLAM_P020",25
"73289",7968.061856493,"OLAM_P020",50
"73290",-45812.980063507,"OLAM_P020",100
"73291",-8087.27588350698,"OLAM_P020",25
"73292",-29272.820303507,"OLAM_P020",50
"73293",-64782.276493507,"OLAM_P020",100
"73294",-9008.89129350701,"OLAM_P020",25
"73295",-21652.934643507,"OLAM_P020",50
"73296",-64300.809673507,"OLAM_P020",100
"73297",-23747.802123507,"OLAM_P020",25
"73298",-65082.547163507,"OLAM_P020",50
"73299",-69202.920453507,"OLAM_P020",100
"73300",-8667.15547350701,"OLAM_P020",25
"73301",-59123.266873507,"OLAM_P020",50
"73302",-63907.946783507,"OLAM_P020",100
"73303",-15309.486053507,"OLAM_P020",25
"73304",-61956.248363507,"OLAM_P020",50
"73305",-61633.907823507,"OLAM_P020",100
"73306",-31561.246653507,"OLAM_P020",25
"73307",11009.101146493,"OLAM_P020",50
"73308",-81267.311323507,"OLAM_P020",100
"73309",-9173.37103350699,"OLAM_P020",25
"73310",-19887.510173507,"OLAM_P020",50
"73311",-69915.597923507,"OLAM_P020",100
"73312",-37501.113913507,"OLAM_P020",25
"73313",2676.73565649299,"OLAM_P020",50
"73314",-62391.077113507,"OLAM_P020",100
"73315",13321.734746493,"OLAM_P020",25
"73316",-68067.593813507,"OLAM_P020",50
"73317",-62216.102423507,"OLAM_P020",100
"73318",-2010.02199350699,"OLAM_P020",25
"73319",-20298.046973507,"OLAM_P020",50
"73320",-74637.372913507,"OLAM_P020",100
"73321",-11704.983053507,"OLAM_P020",25
"73322",-62640.405393507,"OLAM_P020",50
"73323",-62090.894473507,"OLAM_P020",100
"73324",-20827.495163507,"OLAM_P020",25
"73325",-35213.607653507,"OLAM_P020",50
"73326",-64171.608133507,"OLAM_P020",100
"73327",-1727.55020350701,"OLAM_P020",25
"73328",-68044.592803507,"OLAM_P020",50
"73329",-59482.713093507,"OLAM_P020",100
"73330",-4100.02243350697,"OLAM_P020",25
"73331",-28165.706433507,"OLAM_P020",50
"73332",-68317.091133507,"OLAM_P020",100
"73333",-4336.33133350697,"OLAM_P020",25
"73334",-52739.454673507,"OLAM_P020",50
"73335",-69206.297253507,"OLAM_P020",100
"73336",-6699.328103507,"OLAM_P020",25
"73337",-76509.048673507,"OLAM_P020",50
"73338",-81025.587323507,"OLAM_P020",100
"73339",-5395.18962350697,"OLAM_P020",25
"73340",-260.187353506975,"OLAM_P020",50
"73341",-57352.322493507,"OLAM_P020",100
"73342",-9703.23253350699,"OLAM_P020",25
"73343",-27751.410263507,"OLAM_P020",50
"73344",-63736.440073507,"OLAM_P020",100
"73345",-52990.580213507,"OLAM_P020",25
"73346",-59774.755133507,"OLAM_P020",50
"73347",-70550.498853507,"OLAM_P020",100
"73348",-15785.654003507,"OLAM_P020",25
"73349",-41911.433453507,"OLAM_P020",50
"73350",-53539.785433507,"OLAM_P020",100
"73351",5709.02584649302,"OLAM_P020",25
"73352",-59998.507073507,"OLAM_P020",50
"73353",-56849.504683507,"OLAM_P020",100
"73354",-55365.746843507,"OLAM_P020",25
"73355",-65545.818403507,"OLAM_P020",50
"73356",-57298.988873507,"OLAM_P020",100
"73357",-1691.555683507,"OLAM_P020",25
"73358",-68203.341123507,"OLAM_P020",50
"73359",-48882.070193507,"OLAM_P020",100
"73360",-49065.421973507,"OLAM_P020",25
"73361",-26174.382293507,"OLAM_P020",50
"73362",-62687.098603507,"OLAM_P020",100
"73363",-13505.675233507,"OLAM_P020",25
"73364",-5608.97753350699,"OLAM_P020",50
"73365",-61119.323653507,"OLAM_P020",100
"73366",-21603.966793507,"OLAM_P020",25
"73367",-6447.625223507,"OLAM_P020",50
"73368",-76187.663483507,"OLAM_P020",100
"73369",-10679.016793507,"OLAM_P020",25
"73370",-13966.420973507,"OLAM_P020",50
"73371",-81457.743163507,"OLAM_P020",100
"73372",-4499.139763507,"OLAM_P020",25
"73373",-27170.612353507,"OLAM_P020",50
"73374",-56959.265033507,"OLAM_P020",100
"73375",3497.71455649304,"OLAM_P020",25
"73376",-57421.775923507,"OLAM_P020",50
"73377",-65750.970913507,"OLAM_P020",100
"73378",6138.45231649303,"OLAM_P020",25
"73379",-47848.853953507,"OLAM_P020",50
"73380",-64826.431933507,"OLAM_P020",100
"73381",-6561.082033507,"OLAM_P020",25
"73382",-50779.006363507,"OLAM_P020",50
"73383",-66907.628543507,"OLAM_P020",100
"73384",-12435.541163507,"OLAM_P020",25
"73385",-60225.346703507,"OLAM_P020",50
"73386",-54722.210313507,"OLAM_P020",100
"73387",-15177.533623507,"OLAM_P020",25
"73388",-24688.980283507,"OLAM_P020",50
"73389",-46579.279203507,"OLAM_P020",100
"73390",-20470.629733507,"OLAM_P020",25
"73391",-7545.54031350696,"OLAM_P020",50
"73392",-70590.673883507,"OLAM_P020",100
"73393",-4227.02723350696,"OLAM_P020",25
"73394",-1485.208393507,"OLAM_P020",50
"73395",-38271.840843507,"OLAM_P020",100
"73396",-2355.76079350698,"OLAM_P020",25
"73397",-7063.55335350701,"OLAM_P020",50
"73398",-67176.809993507,"OLAM_P020",100
"73399",195.298166493012,"OLAM_P020",25
"73400",6823.65944649302,"OLAM_P020",50
"73401",-72265.936603507,"OLAM_P020",100
"73402",-20241.564173507,"OLAM_P020",25
"73403",-33626.776073507,"OLAM_P020",50
"73404",-73504.422163507,"OLAM_P020",100
"73405",-46123.227093507,"OLAM_P020",25
"73406",-8693.48931350699,"OLAM_P020",50
"73407",-84828.056533507,"OLAM_P020",100
"73408",-6004.75517350697,"OLAM_P020",25
"73409",-16110.518233507,"OLAM_P020",50
"73410",-65483.985373507,"OLAM_P020",100
"73411",-60740.532983507,"OLAM_P020",25
"73412",-25658.459423507,"OLAM_P020",50
"73413",-58276.215253507,"OLAM_P020",100
"73414",5376.07575649302,"OLAM_P020",25
"73415",-8965.52184350701,"OLAM_P020",50
"73416",-63141.113663507,"OLAM_P020",100
"73417",1525.73870649299,"OLAM_P020",25
"73418",-50472.653213507,"OLAM_P020",50
"73419",-73715.425863507,"OLAM_P020",100
"73420",-42157.331513507,"OLAM_P020",25
"73421",-13537.227573507,"OLAM_P020",50
"73422",-75465.847213507,"OLAM_P020",100
"73423",-42295.808093507,"OLAM_P020",25
"73424",12889.301146493,"OLAM_P020",50
"73425",-37516.127483507,"OLAM_P020",100
"73426",-48552.109823507,"OLAM_P020",25
"73427",-9974.02688350697,"OLAM_P020",50
"73428",-49135.649113507,"OLAM_P020",100
"73429",-56904.313153507,"OLAM_P020",25
"73430",-31120.086143507,"OLAM_P020",50
"73431",-47091.585273507,"OLAM_P020",100
"73432",-5406.03492350702,"OLAM_P020",25
"73433",-13448.566243507,"OLAM_P020",50
"73434",-80919.627813507,"OLAM_P020",100
"73435",-3531.85116350697,"OLAM_P020",25
"73436",-60454.081543507,"OLAM_P020",50
"73437",-59820.347263507,"OLAM_P020",100
"73438",-5892.36924350698,"OLAM_P020",25
"73439",6463.34556649299,"OLAM_P020",50
"73440",-42711.763633507,"OLAM_P020",100
"73441",4849.54691649304,"OLAM_P020",25
"73442",-9357.89842350699,"OLAM_P020",50
"73443",-46958.965863507,"OLAM_P020",100
"73444",-10275.876063507,"OLAM_P020",25
"73445",25640.937636493,"OLAM_P020",50
"73446",-63360.407033507,"OLAM_P020",100
"73447",-21870.514153507,"OLAM_P020",25
"73448",-35269.380583507,"OLAM_P020",50
"73449",-74594.628553507,"OLAM_P020",100
"73450",-16256.511483507,"OLAM_P020",25
"73451",-5040.62129350699,"OLAM_P020",50
"73452",-68521.156073507,"OLAM_P020",100
"73453",-42975.754123507,"OLAM_P020",25
"73454",-66132.816783507,"OLAM_P020",50
"73455",-46100.235223507,"OLAM_P020",100
"73456",15525.093016493,"OLAM_P020",25
"73457",-49382.350383507,"OLAM_P020",50
"73458",-78664.690833507,"OLAM_P020",100
"73459",5092.32128649304,"OLAM_P020",25
"73460",26262.783496493,"OLAM_P020",50
"73461",-65498.293843507,"OLAM_P020",100
"73462",-56923.135963507,"OLAM_P020",25
"73463",1661.36597649299,"OLAM_P020",50
"73464",-75655.770953507,"OLAM_P020",100
"73465",-4581.51834350696,"OLAM_P020",25
"73466",-6085.42120350699,"OLAM_P020",50
"73467",-76244.130463507,"OLAM_P020",100
"73468",2671.50633649301,"OLAM_P020",25
"73469",-2964.11655350699,"OLAM_P020",50
"73470",-31797.041323507,"OLAM_P020",100
"73471",-5418.13153350697,"OLAM_P020",25
"73472",-53144.700843507,"OLAM_P020",50
"73473",-45032.967443507,"OLAM_P020",100
"73474",-43933.942123507,"OLAM_P020",25
"73475",-817.031513507012,"OLAM_P020",50
"73476",-62639.122903507,"OLAM_P020",100
"73477",-42454.185773507,"OLAM_P020",25
"73478",-7176.513593507,"OLAM_P020",50
"73479",-80142.228933507,"OLAM_P020",100
"73480",-11881.175933507,"OLAM_P020",25
"73481",-53797.699863507,"OLAM_P020",50
"73482",-63868.478083507,"OLAM_P020",100
"73483",-65166.735183507,"OLAM_P020",25
"73484",-56848.338413507,"OLAM_P020",50
"73485",-54915.558163507,"OLAM_P020",100
"73486",1444.91244649299,"OLAM_P020",25
"73487",-52898.100203507,"OLAM_P020",50
"73488",-67712.937373507,"OLAM_P020",100
"73489",-475.277923506976,"OLAM_P020",25
"73490",-46737.733253507,"OLAM_P020",50
"73491",-52589.587303507,"OLAM_P020",100
"73492",-50187.867773507,"OLAM_P020",25
"73493",-30277.938983507,"OLAM_P020",50
"73494",-44406.489153507,"OLAM_P020",100
"73495",3450.507696493,"OLAM_P020",25
"73496",-75506.411853507,"OLAM_P020",50
"73497",-65448.819613507,"OLAM_P020",100
"73498",-40274.946923507,"OLAM_P020",25
"73499",-77152.962803507,"OLAM_P020",50
"73500",-82762.670143507,"OLAM_P020",100
"73501",-60.8829511019867,"OLAM_P021",25
"73502",-4818.36849110201,"OLAM_P021",50
"73503",4660.41675889801,"OLAM_P021",100
"73504",-530.649291102018,"OLAM_P021",25
"73505",2694.92424889799,"OLAM_P021",50
"73506",-6596.959021102,"OLAM_P021",100
"73507",2085.75867889798,"OLAM_P021",25
"73508",-6265.48523110198,"OLAM_P021",50
"73509",1085.65202889801,"OLAM_P021",100
"73510",699.257558898011,"OLAM_P021",25
"73511",-7727.958631102,"OLAM_P021",50
"73512",3571.56567889801,"OLAM_P021",100
"73513",-412.572151102009,"OLAM_P021",25
"73514",-1343.220281102,"OLAM_P021",50
"73515",-8199.68020110199,"OLAM_P021",100
"73516",-6774.70374110201,"OLAM_P021",25
"73517",19900.722148898,"OLAM_P021",50
"73518",-1954.586361102,"OLAM_P021",100
"73519",-6638.01790110196,"OLAM_P021",25
"73520",-6701.25115110201,"OLAM_P021",50
"73521",6655.49495889799,"OLAM_P021",100
"73522",-6785.18120110198,"OLAM_P021",25
"73523",-5655.35913110198,"OLAM_P021",50
"73524",-4048.54552110197,"OLAM_P021",100
"73525",254.458028897992,"OLAM_P021",25
"73526",3529.105518898,"OLAM_P021",50
"73527",-861.796641102002,"OLAM_P021",100
"73528",-285.78481110197,"OLAM_P021",25
"73529",-7397.48767110199,"OLAM_P021",50
"73530",-372.207721101993,"OLAM_P021",100
"73531",-6748.405251102,"OLAM_P021",25
"73532",-6216.22657110199,"OLAM_P021",50
"73533",-958.666451102006,"OLAM_P021",100
"73534",-1040.55212110199,"OLAM_P021",25
"73535",2228.07627889799,"OLAM_P021",50
"73536",-5672.24124110199,"OLAM_P021",100
"73537",-1118.41423110198,"OLAM_P021",25
"73538",-1144.47313110199,"OLAM_P021",50
"73539",-5215.97975110199,"OLAM_P021",100
"73540",493.164378897985,"OLAM_P021",25
"73541",3156.820118898,"OLAM_P021",50
"73542",-3562.98934110202,"OLAM_P021",100
"73543",622.847538898,"OLAM_P021",25
"73544",-338.741031102021,"OLAM_P021",50
"73545",-3318.929041102,"OLAM_P021",100
"73546",-7131.50334110198,"OLAM_P021",25
"73547",-6193.94475110201,"OLAM_P021",50
"73548",-8057.12429110199,"OLAM_P021",100
"73549",25.2133788979845,"OLAM_P021",25
"73550",454.839758898015,"OLAM_P021",50
"73551",-8350.09945110197,"OLAM_P021",100
"73552",-1371.77135110198,"OLAM_P021",25
"73553",-569.577851101989,"OLAM_P021",50
"73554",-8686.086131102,"OLAM_P021",100
"73555",-4414.10394110199,"OLAM_P021",25
"73556",1360.39907889802,"OLAM_P021",50
"73557",2672.85242889798,"OLAM_P021",100
"73558",50.9069788979832,"OLAM_P021",25
"73559",-6279.35251110198,"OLAM_P021",50
"73560",619.719458898006,"OLAM_P021",100
"73561",530.05224889802,"OLAM_P021",25
"73562",3030.10787889798,"OLAM_P021",50
"73563",-6928.61539110198,"OLAM_P021",100
"73564",-412.566831102013,"OLAM_P021",25
"73565",-7290.04587110202,"OLAM_P021",50
"73566",-5651.96197110199,"OLAM_P021",100
"73567",-6641.64285110199,"OLAM_P021",25
"73568",2037.703748898,"OLAM_P021",50
"73569",1097.93014889798,"OLAM_P021",100
"73570",-8031.869071102,"OLAM_P021",25
"73571",-6972.612971102,"OLAM_P021",50
"73572",-6660.60327110201,"OLAM_P021",100
"73573",-283.265261102002,"OLAM_P021",25
"73574",484.811858898029,"OLAM_P021",50
"73575",-3659.911871102,"OLAM_P021",100
"73576",19638.221378898,"OLAM_P021",25
"73577",2919.25449889799,"OLAM_P021",50
"73578",11139.040658898,"OLAM_P021",100
"73579",837.731108898006,"OLAM_P021",25
"73580",-7038.77900110197,"OLAM_P021",50
"73581",-5220.30526110198,"OLAM_P021",100
"73582",3894.12094889802,"OLAM_P021",25
"73583",2430.23604889802,"OLAM_P021",50
"73584",-6375.18480110198,"OLAM_P021",100
"73585",138.533328898018,"OLAM_P021",25
"73586",-1635.63970110199,"OLAM_P021",50
"73587",-4328.68243110197,"OLAM_P021",100
"73588",-5470.03005110199,"OLAM_P021",25
"73589",-4709.11715110199,"OLAM_P021",50
"73590",1428.77832889801,"OLAM_P021",100
"73591",18.0392088980298,"OLAM_P021",25
"73592",-4537.77585110196,"OLAM_P021",50
"73593",-2900.52241110196,"OLAM_P021",100
"73594",-129.30533110199,"OLAM_P021",25
"73595",-2591.01640110201,"OLAM_P021",50
"73596",-683.803201102011,"OLAM_P021",100
"73597",-324.95245110197,"OLAM_P021",25
"73598",-151.905261102016,"OLAM_P021",50
"73599",-4058.306211102,"OLAM_P021",100
"73600",824.647608897998,"OLAM_P021",25
"73601",-953.393331101979,"OLAM_P021",50
"73602",-4266.33275110199,"OLAM_P021",100
"73603",103.120138898026,"OLAM_P021",25
"73604",-1642.74557110202,"OLAM_P021",50
"73605",1020.69318889803,"OLAM_P021",100
"73606",-5489.88684110198,"OLAM_P021",25
"73607",-1693.80720110197,"OLAM_P021",50
"73608",-6277.29591110197,"OLAM_P021",100
"73609",-449.703931102005,"OLAM_P021",25
"73610",-6008.40479110199,"OLAM_P021",50
"73611",-4906.24263110198,"OLAM_P021",100
"73612",-5752.89505110198,"OLAM_P021",25
"73613",-6124.348981102,"OLAM_P021",50
"73614",-1864.25404110202,"OLAM_P021",100
"73615",106.706298898032,"OLAM_P021",25
"73616",1075.84148889803,"OLAM_P021",50
"73617",-7544.20635110198,"OLAM_P021",100
"73618",9194.41802889801,"OLAM_P021",25
"73619",-3159.16277110198,"OLAM_P021",50
"73620",640.683588897984,"OLAM_P021",100
"73621",-6501.01100110199,"OLAM_P021",25
"73622",-3896.15364110202,"OLAM_P021",50
"73623",908.545288897993,"OLAM_P021",100
"73624",1538.133458898,"OLAM_P021",25
"73625",1995.33508889802,"OLAM_P021",50
"73626",-5101.25996110198,"OLAM_P021",100
"73627",8686.07544889802,"OLAM_P021",25
"73628",-3949.28416110197,"OLAM_P021",50
"73629",-4132.89671110199,"OLAM_P021",100
"73630",-825.68808110198,"OLAM_P021",25
"73631",-5392.66918110201,"OLAM_P021",50
"73632",-8059.88248110202,"OLAM_P021",100
"73633",10027.974028898,"OLAM_P021",25
"73634",-4884.68289110198,"OLAM_P021",50
"73635",14587.472248898,"OLAM_P021",100
"73636",-6720.59079110197,"OLAM_P021",25
"73637",-910.309471101966,"OLAM_P021",50
"73638",-2495.407911102,"OLAM_P021",100
"73639",-6590.83525110199,"OLAM_P021",25
"73640",-1152.71765110199,"OLAM_P021",50
"73641",-5605.98750110198,"OLAM_P021",100
"73642",168.290778897994,"OLAM_P021",25
"73643",-6130.54799110198,"OLAM_P021",50
"73644",-8311.99873110198,"OLAM_P021",100
"73645",3794.67124889803,"OLAM_P021",25
"73646",2719.69606889802,"OLAM_P021",50
"73647",-4636.80099110201,"OLAM_P021",100
"73648",-2123.28999110201,"OLAM_P021",25
"73649",2387.93650889798,"OLAM_P021",50
"73650",-6581.93989110197,"OLAM_P021",100
"73651",783.194358898036,"OLAM_P021",25
"73652",-4977.202081102,"OLAM_P021",50
"73653",-7637.26684110198,"OLAM_P021",100
"73654",-187.539991102007,"OLAM_P021",25
"73655",10950.960908898,"OLAM_P021",50
"73656",-2332.395971102,"OLAM_P021",100
"73657",-275.318641102,"OLAM_P021",25
"73658",-5209.42844110198,"OLAM_P021",50
"73659",-8801.67283110198,"OLAM_P021",100
"73660",-6908.58611110202,"OLAM_P021",25
"73661",-1283.72207110201,"OLAM_P021",50
"73662",4700.40267889801,"OLAM_P021",100
"73663",4731.47922889801,"OLAM_P021",25
"73664",-237.562301101978,"OLAM_P021",50
"73665",-1027.95595110202,"OLAM_P021",100
"73666",-6616.01369110198,"OLAM_P021",25
"73667",1640.48371889803,"OLAM_P021",50
"73668",12538.248788898,"OLAM_P021",100
"73669",-317.377061102015,"OLAM_P021",25
"73670",-220.72436110198,"OLAM_P021",50
"73671",-4547.80503110198,"OLAM_P021",100
"73672",29.781368897995,"OLAM_P021",25
"73673",-7402.77223110199,"OLAM_P021",50
"73674",-2997.55546110199,"OLAM_P021",100
"73675",-12.6622911019949,"OLAM_P021",25
"73676",-5632.96251110197,"OLAM_P021",50
"73677",7040.529718898,"OLAM_P021",100
"73678",-222.620641101967,"OLAM_P021",25
"73679",-915.834941102017,"OLAM_P021",50
"73680",-36.6627411019872,"OLAM_P021",100
"73681",-7671.08351110201,"OLAM_P021",25
"73682",3678.56968889799,"OLAM_P021",50
"73683",-1893.07515110198,"OLAM_P021",100
"73684",-386.915131101967,"OLAM_P021",25
"73685",-373.697071101982,"OLAM_P021",50
"73686",-2638.22599110199,"OLAM_P021",100
"73687",-268.941731102008,"OLAM_P021",25
"73688",-7278.33709110197,"OLAM_P021",50
"73689",-5572.20015110198,"OLAM_P021",100
"73690",-194.971481101995,"OLAM_P021",25
"73691",-7968.67991110199,"OLAM_P021",50
"73692",-7746.62152110197,"OLAM_P021",100
"73693",-1585.93175110198,"OLAM_P021",25
"73694",398.410778897989,"OLAM_P021",50
"73695",-6379.281451102,"OLAM_P021",100
"73696",-433.707081102009,"OLAM_P021",25
"73697",1572.49471889803,"OLAM_P021",50
"73698",-6473.94569110201,"OLAM_P021",100
"73699",1011.67042889801,"OLAM_P021",25
"73700",-4818.40136110201,"OLAM_P021",50
"73701",-8066.79580110201,"OLAM_P021",100
"73702",-5458.98707110202,"OLAM_P021",25
"73703",-451.08301110199,"OLAM_P021",50
"73704",-6301.79438110196,"OLAM_P021",100
"73705",-335.000651101989,"OLAM_P021",25
"73706",3650.62686889799,"OLAM_P021",50
"73707",-5585.07641110197,"OLAM_P021",100
"73708",-6244.38925110199,"OLAM_P021",25
"73709",8703.36399889801,"OLAM_P021",50
"73710",-7829.27945110202,"OLAM_P021",100
"73711",-319.900051101984,"OLAM_P021",25
"73712",-1317.56047110201,"OLAM_P021",50
"73713",-774.881141102,"OLAM_P021",100
"73714",-523.207731102011,"OLAM_P021",25
"73715",7076.71963889798,"OLAM_P021",50
"73716",-7212.48300110199,"OLAM_P021",100
"73717",149.140948897984,"OLAM_P021",25
"73718",-7794.229531102,"OLAM_P021",50
"73719",12412.564758898,"OLAM_P021",100
"73720",-5891.48150110198,"OLAM_P021",25
"73721",-895.229871101968,"OLAM_P021",50
"73722",-4939.14871110197,"OLAM_P021",100
"73723",557.605578897987,"OLAM_P021",25
"73724",6555.19275889802,"OLAM_P021",50
"73725",3265.45605889801,"OLAM_P021",100
"73726",21.7750788980047,"OLAM_P021",25
"73727",1531.839328898,"OLAM_P021",50
"73728",-5246.48063110199,"OLAM_P021",100
"73729",-5681.72882110201,"OLAM_P021",25
"73730",-355.001921101997,"OLAM_P021",50
"73731",1691.35465889802,"OLAM_P021",100
"73732",849.392798897985,"OLAM_P021",25
"73733",1552.959948898,"OLAM_P021",50
"73734",-414.995341102011,"OLAM_P021",100
"73735",-37.2421211019973,"OLAM_P021",25
"73736",-3822.20494110201,"OLAM_P021",50
"73737",-5324.61867110198,"OLAM_P021",100
"73738",-1215.24518110201,"OLAM_P021",25
"73739",-6226.003611102,"OLAM_P021",50
"73740",-2708.44183110201,"OLAM_P021",100
"73741",-259.235911101976,"OLAM_P021",25
"73742",-5988.22445110197,"OLAM_P021",50
"73743",-4663.72152110201,"OLAM_P021",100
"73744",455.087418898009,"OLAM_P021",25
"73745",660.345298897999,"OLAM_P021",50
"73746",-5052.39502110198,"OLAM_P021",100
"73747",-6794.300371102,"OLAM_P021",25
"73748",-4716.52959110198,"OLAM_P021",50
"73749",-4552.810981102,"OLAM_P021",100
"73750",3770.71374889801,"OLAM_P021",25
"73751",-4280.77857110201,"OLAM_P021",50
"73752",-4696.55633110198,"OLAM_P021",100
"73753",-7455.35676110198,"OLAM_P021",25
"73754",439.180258898006,"OLAM_P021",50
"73755",12074.535058898,"OLAM_P021",100
"73756",-311.492111101979,"OLAM_P021",25
"73757",2935.391898898,"OLAM_P021",50
"73758",-8120.110341102,"OLAM_P021",100
"73759",-6639.38378110202,"OLAM_P021",25
"73760",-1512.95933110197,"OLAM_P021",50
"73761",-3818.89960110199,"OLAM_P021",100
"73762",-3246.86055110197,"OLAM_P021",25
"73763",-6211.28610110201,"OLAM_P021",50
"73764",-5915.96816110198,"OLAM_P021",100
"73765",189.336618898029,"OLAM_P021",25
"73766",125.954578898032,"OLAM_P021",50
"73767",-5843.47559110197,"OLAM_P021",100
"73768",-6515.01457110199,"OLAM_P021",25
"73769",-7817.31634110201,"OLAM_P021",50
"73770",-6735.92727110197,"OLAM_P021",100
"73771",765.656648898032,"OLAM_P021",25
"73772",-6952.79860110197,"OLAM_P021",50
"73773",9237.74695889803,"OLAM_P021",100
"73774",-2948.00733110198,"OLAM_P021",25
"73775",66.9945388979977,"OLAM_P021",50
"73776",-4751.55689110199,"OLAM_P021",100
"73777",-457.794391101983,"OLAM_P021",25
"73778",-6311.83183110197,"OLAM_P021",50
"73779",2392.58336889802,"OLAM_P021",100
"73780",-7576.18995110202,"OLAM_P021",25
"73781",13369.486358898,"OLAM_P021",50
"73782",3088.83901889803,"OLAM_P021",100
"73783",2324.12202889798,"OLAM_P021",25
"73784",113.070998898009,"OLAM_P021",50
"73785",-6224.36794110201,"OLAM_P021",100
"73786",2041.19492889801,"OLAM_P021",25
"73787",-1028.75049110199,"OLAM_P021",50
"73788",-8199.279731102,"OLAM_P021",100
"73789",7923.32387889799,"OLAM_P021",25
"73790",-6617.628871102,"OLAM_P021",50
"73791",279.768668898032,"OLAM_P021",100
"73792",847.21849889803,"OLAM_P021",25
"73793",-6395.85339110199,"OLAM_P021",50
"73794",926.078848898003,"OLAM_P021",100
"73795",-1318.87524110201,"OLAM_P021",25
"73796",-3835.295341102,"OLAM_P021",50
"73797",-3200.00540110201,"OLAM_P021",100
"73798",294.059778898023,"OLAM_P021",25
"73799",-5941.013831102,"OLAM_P021",50
"73800",9023.78043889801,"OLAM_P021",100
"73801",-3029.79875226499,"OLAM_P022",25
"73802",-8101.36546226498,"OLAM_P022",50
"73803",-20966.738552265,"OLAM_P022",100
"73804",-10142.604412265,"OLAM_P022",25
"73805",-15996.633652265,"OLAM_P022",50
"73806",1738.55283773501,"OLAM_P022",100
"73807",-7372.878712265,"OLAM_P022",25
"73808",-17854.699562265,"OLAM_P022",50
"73809",-23280.456212265,"OLAM_P022",100
"73810",-8886.90758226498,"OLAM_P022",25
"73811",-3766.75882226499,"OLAM_P022",50
"73812",-16411.493242265,"OLAM_P022",100
"73813",-4110.24316226499,"OLAM_P022",25
"73814",10807.313187735,"OLAM_P022",50
"73815",-18146.239962265,"OLAM_P022",100
"73816",-15663.601662265,"OLAM_P022",25
"73817",-1148.81609226498,"OLAM_P022",50
"73818",8434.55496773502,"OLAM_P022",100
"73819",-1671.963542265,"OLAM_P022",25
"73820",-14456.298192265,"OLAM_P022",50
"73821",-9532.526152265,"OLAM_P022",100
"73822",-13177.342742265,"OLAM_P022",25
"73823",-18681.696522265,"OLAM_P022",50
"73824",-19775.682622265,"OLAM_P022",100
"73825",-935.308672265004,"OLAM_P022",25
"73826",-5493.15819226499,"OLAM_P022",50
"73827",-17492.361622265,"OLAM_P022",100
"73828",-2806.935292265,"OLAM_P022",25
"73829",-14533.308042265,"OLAM_P022",50
"73830",-21817.104962265,"OLAM_P022",100
"73831",-4602.28463226499,"OLAM_P022",25
"73832",-151.305002264999,"OLAM_P022",50
"73833",12371.792227735,"OLAM_P022",100
"73834",-2324.20333226499,"OLAM_P022",25
"73835",-18317.982692265,"OLAM_P022",50
"73836",-15613.905002265,"OLAM_P022",100
"73837",-3212.800932265,"OLAM_P022",25
"73838",577.249807735003,"OLAM_P022",50
"73839",-17885.448302265,"OLAM_P022",100
"73840",-7914.79157226498,"OLAM_P022",25
"73841",-16299.403472265,"OLAM_P022",50
"73842",-17437.689442265,"OLAM_P022",100
"73843",-1686.50226226498,"OLAM_P022",25
"73844",5748.190127735,"OLAM_P022",50
"73845",-13523.498442265,"OLAM_P022",100
"73846",-10772.337162265,"OLAM_P022",25
"73847",-6753.091382265,"OLAM_P022",50
"73848",3961.25351773502,"OLAM_P022",100
"73849",-10296.677512265,"OLAM_P022",25
"73850",197.293407735007,"OLAM_P022",50
"73851",-18316.522712265,"OLAM_P022",100
"73852",-9546.88390226499,"OLAM_P022",25
"73853",-6319.343732265,"OLAM_P022",50
"73854",1636.601167735,"OLAM_P022",100
"73855",6153.11170773502,"OLAM_P022",25
"73856",236.391757735022,"OLAM_P022",50
"73857",-830.08194226498,"OLAM_P022",100
"73858",-2516.84478226499,"OLAM_P022",25
"73859",1844.950207735,"OLAM_P022",50
"73860",-19562.857242265,"OLAM_P022",100
"73861",67.5682677350123,"OLAM_P022",25
"73862",-871.57545226498,"OLAM_P022",50
"73863",-16974.252112265,"OLAM_P022",100
"73864",-4682.44795226498,"OLAM_P022",25
"73865",-4040.10402226498,"OLAM_P022",50
"73866",3380.878637735,"OLAM_P022",100
"73867",-7289.88844226499,"OLAM_P022",25
"73868",-7917.620052265,"OLAM_P022",50
"73869",-23915.731162265,"OLAM_P022",100
"73870",-7329.61624226498,"OLAM_P022",25
"73871",-6397.04720226498,"OLAM_P022",50
"73872",-18406.218632265,"OLAM_P022",100
"73873",-14653.529882265,"OLAM_P022",25
"73874",314.953267735022,"OLAM_P022",50
"73875",25933.023817735,"OLAM_P022",100
"73876",-10405.216782265,"OLAM_P022",25
"73877",-10601.827832265,"OLAM_P022",50
"73878",-16622.980232265,"OLAM_P022",100
"73879",-11517.603002265,"OLAM_P022",25
"73880",-6527.43025226498,"OLAM_P022",50
"73881",-17012.887672265,"OLAM_P022",100
"73882",-12160.401252265,"OLAM_P022",25
"73883",-16337.282542265,"OLAM_P022",50
"73884",-24397.886102265,"OLAM_P022",100
"73885",-6399.92042226499,"OLAM_P022",25
"73886",-4197.321862265,"OLAM_P022",50
"73887",-22743.793142265,"OLAM_P022",100
"73888",-5398.44310226498,"OLAM_P022",25
"73889",-2506.875812265,"OLAM_P022",50
"73890",-18544.213262265,"OLAM_P022",100
"73891",-10639.997232265,"OLAM_P022",25
"73892",-13153.488222265,"OLAM_P022",50
"73893",-13116.545572265,"OLAM_P022",100
"73894",-514.895362265001,"OLAM_P022",25
"73895",-8121.400132265,"OLAM_P022",50
"73896",-21548.055682265,"OLAM_P022",100
"73897",305.243247735023,"OLAM_P022",25
"73898",-16986.027572265,"OLAM_P022",50
"73899",1262.35456773502,"OLAM_P022",100
"73900",-14384.261502265,"OLAM_P022",25
"73901",-9524.13623226498,"OLAM_P022",50
"73902",-10772.155992265,"OLAM_P022",100
"73903",127.03709773501,"OLAM_P022",25
"73904",-18193.317352265,"OLAM_P022",50
"73905",6891.77152773502,"OLAM_P022",100
"73906",-3742.74064226498,"OLAM_P022",25
"73907",-9108.87878226498,"OLAM_P022",50
"73908",-18874.456432265,"OLAM_P022",100
"73909",-6797.16288226499,"OLAM_P022",25
"73910",-9630.765542265,"OLAM_P022",50
"73911",-14647.453992265,"OLAM_P022",100
"73912",-3003.38748226498,"OLAM_P022",25
"73913",-3400.658292265,"OLAM_P022",50
"73914",-19168.002152265,"OLAM_P022",100
"73915",-9312.462662265,"OLAM_P022",25
"73916",-4810.897842265,"OLAM_P022",50
"73917",-4196.561592265,"OLAM_P022",100
"73918",-4460.74011226499,"OLAM_P022",25
"73919",-15630.944312265,"OLAM_P022",50
"73920",-21646.855762265,"OLAM_P022",100
"73921",-2776.66490226498,"OLAM_P022",25
"73922",-5305.40798226499,"OLAM_P022",50
"73923",-10360.351492265,"OLAM_P022",100
"73924",-3739.16166226499,"OLAM_P022",25
"73925",-12882.949682265,"OLAM_P022",50
"73926",-15070.864622265,"OLAM_P022",100
"73927",-1696.58146226499,"OLAM_P022",25
"73928",-9339.955832265,"OLAM_P022",50
"73929",-23170.064102265,"OLAM_P022",100
"73930",-6035.03302226498,"OLAM_P022",25
"73931",-5587.156882265,"OLAM_P022",50
"73932",10933.188987735,"OLAM_P022",100
"73933",-4686.211952265,"OLAM_P022",25
"73934",-671.947802265,"OLAM_P022",50
"73935",-16728.773812265,"OLAM_P022",100
"73936",-14171.036722265,"OLAM_P022",25
"73937",8441.77909773501,"OLAM_P022",50
"73938",-19677.237642265,"OLAM_P022",100
"73939",-584.93741226499,"OLAM_P022",25
"73940",-5477.24064226498,"OLAM_P022",50
"73941",-10442.877202265,"OLAM_P022",100
"73942",-22.071382264985,"OLAM_P022",25
"73943",-15161.341362265,"OLAM_P022",50
"73944",-15728.410732265,"OLAM_P022",100
"73945",-1650.71439226498,"OLAM_P022",25
"73946",-10844.313032265,"OLAM_P022",50
"73947",13566.397957735,"OLAM_P022",100
"73948",110.391487735003,"OLAM_P022",25
"73949",-15493.871952265,"OLAM_P022",50
"73950",-15303.360472265,"OLAM_P022",100
"73951",975.861067735008,"OLAM_P022",25
"73952",-10446.057842265,"OLAM_P022",50
"73953",1867.317837735,"OLAM_P022",100
"73954",2097.746317735,"OLAM_P022",25
"73955",-3842.835492265,"OLAM_P022",50
"73956",-15108.991022265,"OLAM_P022",100
"73957",-9314.068502265,"OLAM_P022",25
"73958",835.712597735022,"OLAM_P022",50
"73959",-13971.973582265,"OLAM_P022",100
"73960",-3986.37116226499,"OLAM_P022",25
"73961",4589.660877735,"OLAM_P022",50
"73962",12589.567767735,"OLAM_P022",100
"73963",-375.148072265001,"OLAM_P022",25
"73964",-13423.799342265,"OLAM_P022",50
"73965",-17036.314432265,"OLAM_P022",100
"73966",5593.00683773501,"OLAM_P022",25
"73967",-13043.091802265,"OLAM_P022",50
"73968",-2290.92366226498,"OLAM_P022",100
"73969",470.430667734996,"OLAM_P022",25
"73970",-12187.988612265,"OLAM_P022",50
"73971",-6792.415042265,"OLAM_P022",100
"73972",-3394.49340226498,"OLAM_P022",25
"73973",-8209.83791226498,"OLAM_P022",50
"73974",-21455.820802265,"OLAM_P022",100
"73975",-6299.53628226498,"OLAM_P022",25
"73976",-8928.75189226499,"OLAM_P022",50
"73977",-16948.437192265,"OLAM_P022",100
"73978",-5155.10039226498,"OLAM_P022",25
"73979",-537.24627226498,"OLAM_P022",50
"73980",-14501.278362265,"OLAM_P022",100
"73981",-4994.970662265,"OLAM_P022",25
"73982",-13660.365352265,"OLAM_P022",50
"73983",-8621.657272265,"OLAM_P022",100
"73984",-9434.99285226499,"OLAM_P022",25
"73985",-13392.688062265,"OLAM_P022",50
"73986",15175.966777735,"OLAM_P022",100
"73987",-5801.14592226499,"OLAM_P022",25
"73988",-16112.537652265,"OLAM_P022",50
"73989",-21603.445372265,"OLAM_P022",100
"73990",-7870.79949226498,"OLAM_P022",25
"73991",-17595.646492265,"OLAM_P022",50
"73992",-24063.963922265,"OLAM_P022",100
"73993",305.297727735015,"OLAM_P022",25
"73994",522.221107735008,"OLAM_P022",50
"73995",-5377.451272265,"OLAM_P022",100
"73996",-9254.62390226498,"OLAM_P022",25
"73997",-6410.786262265,"OLAM_P022",50
"73998",-20197.746392265,"OLAM_P022",100
"73999",-12818.833502265,"OLAM_P022",25
"74000",-15214.518982265,"OLAM_P022",50
"74001",-22081.908142265,"OLAM_P022",100
"74002",-4183.36480226499,"OLAM_P022",25
"74003",-7694.61423226498,"OLAM_P022",50
"74004",-21753.137732265,"OLAM_P022",100
"74005",-2371.74338226498,"OLAM_P022",25
"74006",-8022.24312226498,"OLAM_P022",50
"74007",-3165.18028226498,"OLAM_P022",100
"74008",2139.21332773502,"OLAM_P022",25
"74009",-8043.91049226499,"OLAM_P022",50
"74010",-1918.03463226499,"OLAM_P022",100
"74011",2337.75459773501,"OLAM_P022",25
"74012",-10192.425882265,"OLAM_P022",50
"74013",-1285.75724226498,"OLAM_P022",100
"74014",-4645.407822265,"OLAM_P022",25
"74015",-17545.604282265,"OLAM_P022",50
"74016",-13638.768382265,"OLAM_P022",100
"74017",-1.020882265002,"OLAM_P022",25
"74018",1179.949767735,"OLAM_P022",50
"74019",-20177.113322265,"OLAM_P022",100
"74020",-14583.212482265,"OLAM_P022",25
"74021",-5000.19644226498,"OLAM_P022",50
"74022",-24302.371372265,"OLAM_P022",100
"74023",-2616.788812265,"OLAM_P022",25
"74024",-2467.085052265,"OLAM_P022",50
"74025",-19569.443782265,"OLAM_P022",100
"74026",-3670.435472265,"OLAM_P022",25
"74027",1442.29177773502,"OLAM_P022",50
"74028",-18291.062892265,"OLAM_P022",100
"74029",2425.781557735,"OLAM_P022",25
"74030",-6621.88025226499,"OLAM_P022",50
"74031",-15827.643062265,"OLAM_P022",100
"74032",-7.27795226499438,"OLAM_P022",25
"74033",-9279.231922265,"OLAM_P022",50
"74034",-16999.363022265,"OLAM_P022",100
"74035",-4760.00895226499,"OLAM_P022",25
"74036",-11632.396022265,"OLAM_P022",50
"74037",-13885.291442265,"OLAM_P022",100
"74038",-3550.39013226499,"OLAM_P022",25
"74039",-2543.235802265,"OLAM_P022",50
"74040",-10961.527312265,"OLAM_P022",100
"74041",888.340337735019,"OLAM_P022",25
"74042",3399.57949773502,"OLAM_P022",50
"74043",-14571.164692265,"OLAM_P022",100
"74044",-4217.061182265,"OLAM_P022",25
"74045",-11275.011102265,"OLAM_P022",50
"74046",-6207.816312265,"OLAM_P022",100
"74047",1496.46502773502,"OLAM_P022",25
"74048",-6854.84252226498,"OLAM_P022",50
"74049",-16728.901512265,"OLAM_P022",100
"74050",-12360.093252265,"OLAM_P022",25
"74051",-3318.16756226498,"OLAM_P022",50
"74052",-9532.85055226498,"OLAM_P022",100
"74053",-8559.55926226499,"OLAM_P022",25
"74054",6668.10774773502,"OLAM_P022",50
"74055",8249.42107773502,"OLAM_P022",100
"74056",-12586.788952265,"OLAM_P022",25
"74057",11133.999037735,"OLAM_P022",50
"74058",-9006.177002265,"OLAM_P022",100
"74059",-12980.174362265,"OLAM_P022",25
"74060",-2486.364292265,"OLAM_P022",50
"74061",20594.151267735,"OLAM_P022",100
"74062",-12651.510992265,"OLAM_P022",25
"74063",-125.860822264978,"OLAM_P022",50
"74064",930.094527734997,"OLAM_P022",100
"74065",-7673.204502265,"OLAM_P022",25
"74066",-8987.74876226499,"OLAM_P022",50
"74067",-5140.904932265,"OLAM_P022",100
"74068",-6047.80590226498,"OLAM_P022",25
"74069",-7950.181512265,"OLAM_P022",50
"74070",-13294.190672265,"OLAM_P022",100
"74071",-8606.66244226499,"OLAM_P022",25
"74072",-3058.35889226498,"OLAM_P022",50
"74073",10883.160817735,"OLAM_P022",100
"74074",-2685.962422265,"OLAM_P022",25
"74075",-6028.98956226499,"OLAM_P022",50
"74076",-19791.358662265,"OLAM_P022",100
"74077",-1673.789832265,"OLAM_P022",25
"74078",-10210.238982265,"OLAM_P022",50
"74079",-8986.65455226498,"OLAM_P022",100
"74080",-1927.67456226499,"OLAM_P022",25
"74081",-17050.801122265,"OLAM_P022",50
"74082",-14826.169022265,"OLAM_P022",100
"74083",-4183.47067226499,"OLAM_P022",25
"74084",-6491.57930226499,"OLAM_P022",50
"74085",-19454.291942265,"OLAM_P022",100
"74086",-344.797022264975,"OLAM_P022",25
"74087",2413.92637773501,"OLAM_P022",50
"74088",-12985.614672265,"OLAM_P022",100
"74089",-3036.56171226499,"OLAM_P022",25
"74090",-902.415212264983,"OLAM_P022",50
"74091",-22722.720522265,"OLAM_P022",100
"74092",-1770.69670226498,"OLAM_P022",25
"74093",-6443.606162265,"OLAM_P022",50
"74094",-16994.247592265,"OLAM_P022",100
"74095",-7394.46119226498,"OLAM_P022",25
"74096",-5875.921062265,"OLAM_P022",50
"74097",-24882.558902265,"OLAM_P022",100
"74098",-16521.393912265,"OLAM_P022",25
"74099",-6815.68051226498,"OLAM_P022",50
"74100",-9991.95693226499,"OLAM_P022",100
"74101",713.095348051982,"OLAM_P023",25
"74102",3358.62903805199,"OLAM_P023",50
"74103",722.361798051978,"OLAM_P023",100
"74104",1206.278478052,"OLAM_P023",25
"74105",1434.96690805198,"OLAM_P023",50
"74106",-8914.26717194798,"OLAM_P023",100
"74107",505.888638051983,"OLAM_P023",25
"74108",796.580388051982,"OLAM_P023",50
"74109",-2545.49743194802,"OLAM_P023",100
"74110",3705.17827805202,"OLAM_P023",25
"74111",-8106.792781948,"OLAM_P023",50
"74112",-484.094551948016,"OLAM_P023",100
"74113",-2067.84527194803,"OLAM_P023",25
"74114",-2702.67189194798,"OLAM_P023",50
"74115",3993.67682805198,"OLAM_P023",100
"74116",-4774.67824194802,"OLAM_P023",25
"74117",-6744.827961948,"OLAM_P023",50
"74118",-4681.40698194801,"OLAM_P023",100
"74119",1882.22238805197,"OLAM_P023",25
"74120",-3174.97244194802,"OLAM_P023",50
"74121",-3443.27532194799,"OLAM_P023",100
"74122",1098.08165805199,"OLAM_P023",25
"74123",4691.146758052,"OLAM_P023",50
"74124",-3240.15163194801,"OLAM_P023",100
"74125",-3019.31445194798,"OLAM_P023",25
"74126",27595.138108052,"OLAM_P023",50
"74127",-2473.27592194802,"OLAM_P023",100
"74128",16995.557988052,"OLAM_P023",25
"74129",-3327.01382194803,"OLAM_P023",50
"74130",2788.77226805198,"OLAM_P023",100
"74131",-2013.67156194802,"OLAM_P023",25
"74132",4653.403058052,"OLAM_P023",50
"74133",-1930.714381948,"OLAM_P023",100
"74134",593.615608052001,"OLAM_P023",25
"74135",6401.40993805201,"OLAM_P023",50
"74136",6871.95790805202,"OLAM_P023",100
"74137",4228.979868052,"OLAM_P023",25
"74138",1956.19328805199,"OLAM_P023",50
"74139",5792.25778805203,"OLAM_P023",100
"74140",-5518.48482194799,"OLAM_P023",25
"74141",34635.783118052,"OLAM_P023",50
"74142",6796.77881805203,"OLAM_P023",100
"74143",4798.72057805199,"OLAM_P023",25
"74144",-2483.09179194801,"OLAM_P023",50
"74145",-2414.68188194802,"OLAM_P023",100
"74146",-3668.10938194802,"OLAM_P023",25
"74147",-5113.48980194802,"OLAM_P023",50
"74148",-6830.78533194802,"OLAM_P023",100
"74149",-2722.99123194802,"OLAM_P023",25
"74150",-307.596051948029,"OLAM_P023",50
"74151",-5962.82093194802,"OLAM_P023",100
"74152",-2210.43411194801,"OLAM_P023",25
"74153",2082.63326805201,"OLAM_P023",50
"74154",-1952.155421948,"OLAM_P023",100
"74155",-2903.58128194802,"OLAM_P023",25
"74156",41614.221728052,"OLAM_P023",50
"74157",235.218138051976,"OLAM_P023",100
"74158",-4516.21441194799,"OLAM_P023",25
"74159",618.528268051974,"OLAM_P023",50
"74160",6171.72370805201,"OLAM_P023",100
"74161",511.929398051987,"OLAM_P023",25
"74162",-1162.38370194798,"OLAM_P023",50
"74163",-3195.102171948,"OLAM_P023",100
"74164",-6688.26612194802,"OLAM_P023",25
"74165",-6945.865281948,"OLAM_P023",50
"74166",4494.42611805198,"OLAM_P023",100
"74167",3212.28114805202,"OLAM_P023",25
"74168",34542.546378052,"OLAM_P023",50
"74169",-3913.258481948,"OLAM_P023",100
"74170",-672.913831948012,"OLAM_P023",25
"74171",-8037.75622194802,"OLAM_P023",50
"74172",9368.30024805199,"OLAM_P023",100
"74173",-3067.294311948,"OLAM_P023",25
"74174",3144.473958052,"OLAM_P023",50
"74175",-5594.35728194797,"OLAM_P023",100
"74176",-1495.574421948,"OLAM_P023",25
"74177",6459.04738805199,"OLAM_P023",50
"74178",5378.617098052,"OLAM_P023",100
"74179",219.786768052028,"OLAM_P023",25
"74180",4057.41290805198,"OLAM_P023",50
"74181",-6633.500921948,"OLAM_P023",100
"74182",2114.39338805201,"OLAM_P023",25
"74183",-2644.86272194801,"OLAM_P023",50
"74184",26377.307938052,"OLAM_P023",100
"74185",-2789.852751948,"OLAM_P023",25
"74186",-2335.84100194799,"OLAM_P023",50
"74187",-1442.84235194803,"OLAM_P023",100
"74188",-72.1305319480016,"OLAM_P023",25
"74189",2537.125668052,"OLAM_P023",50
"74190",-3664.96778194798,"OLAM_P023",100
"74191",-3730.65664194798,"OLAM_P023",25
"74192",-4250.801741948,"OLAM_P023",50
"74193",12605.698228052,"OLAM_P023",100
"74194",-3205.92624194798,"OLAM_P023",25
"74195",-5420.89495194802,"OLAM_P023",50
"74196",-4190.81839194801,"OLAM_P023",100
"74197",2474.76947805198,"OLAM_P023",25
"74198",328.848488052026,"OLAM_P023",50
"74199",-1370.22052194801,"OLAM_P023",100
"74200",-1810.75693194801,"OLAM_P023",25
"74201",-5399.507931948,"OLAM_P023",50
"74202",-708.242581947998,"OLAM_P023",100
"74203",-3095.42884194799,"OLAM_P023",25
"74204",-506.354861947999,"OLAM_P023",50
"74205",-4633.386891948,"OLAM_P023",100
"74206",5817.566378052,"OLAM_P023",25
"74207",-6222.93461194797,"OLAM_P023",50
"74208",24536.978188052,"OLAM_P023",100
"74209",-5068.060081948,"OLAM_P023",25
"74210",-5334.33710194798,"OLAM_P023",50
"74211",31426.589358052,"OLAM_P023",100
"74212",180.360498051974,"OLAM_P023",25
"74213",-2673.48299194803,"OLAM_P023",50
"74214",136.298848051985,"OLAM_P023",100
"74215",-4877.21914194798,"OLAM_P023",25
"74216",-8675.28980194801,"OLAM_P023",50
"74217",-6668.46423194802,"OLAM_P023",100
"74218",-432.442011947976,"OLAM_P023",25
"74219",-6496.67998194799,"OLAM_P023",50
"74220",-3687.60763194802,"OLAM_P023",100
"74221",-3.44082194799557,"OLAM_P023",25
"74222",-1831.23190194799,"OLAM_P023",50
"74223",-1649.92284194799,"OLAM_P023",100
"74224",-762.803201948002,"OLAM_P023",25
"74225",11154.567118052,"OLAM_P023",50
"74226",-4565.27408194798,"OLAM_P023",100
"74227",-4669.291191948,"OLAM_P023",25
"74228",2409.96661805199,"OLAM_P023",50
"74229",29845.248318052,"OLAM_P023",100
"74230",-3239.229311948,"OLAM_P023",25
"74231",1416.772828052,"OLAM_P023",50
"74232",-6632.65053194802,"OLAM_P023",100
"74233",1170.63379805197,"OLAM_P023",25
"74234",-3343.79435194802,"OLAM_P023",50
"74235",3577.63863805198,"OLAM_P023",100
"74236",-3279.92788194801,"OLAM_P023",25
"74237",-6503.13599194802,"OLAM_P023",50
"74238",42278.865728052,"OLAM_P023",100
"74239",1355.61168805201,"OLAM_P023",25
"74240",13607.714048052,"OLAM_P023",50
"74241",28773.319038052,"OLAM_P023",100
"74242",1014.64799805201,"OLAM_P023",25
"74243",-4162.80345194798,"OLAM_P023",50
"74244",13807.705238052,"OLAM_P023",100
"74245",3214.13430805202,"OLAM_P023",25
"74246",6163.62585805199,"OLAM_P023",50
"74247",-9678.57214194798,"OLAM_P023",100
"74248",2271.32425805199,"OLAM_P023",25
"74249",390.220538051974,"OLAM_P023",50
"74250",28772.083738052,"OLAM_P023",100
"74251",-3903.45331194799,"OLAM_P023",25
"74252",30658.824528052,"OLAM_P023",50
"74253",435.304448052018,"OLAM_P023",100
"74254",3511.97575805202,"OLAM_P023",25
"74255",-6193.37356194801,"OLAM_P023",50
"74256",29660.733678052,"OLAM_P023",100
"74257",-5419.90281194798,"OLAM_P023",25
"74258",7459.27427805198,"OLAM_P023",50
"74259",-1676.29744194797,"OLAM_P023",100
"74260",-1597.85475194798,"OLAM_P023",25
"74261",-1077.26044194802,"OLAM_P023",50
"74262",6411.41943805199,"OLAM_P023",100
"74263",-901.135061947978,"OLAM_P023",25
"74264",-1916.69758194801,"OLAM_P023",50
"74265",-4176.805471948,"OLAM_P023",100
"74266",2399.23887805198,"OLAM_P023",25
"74267",-4201.106811948,"OLAM_P023",50
"74268",34209.363348052,"OLAM_P023",100
"74269",-2336.86165194801,"OLAM_P023",25
"74270",1430.13025805203,"OLAM_P023",50
"74271",-7454.82301194803,"OLAM_P023",100
"74272",3633.29655805201,"OLAM_P023",25
"74273",-4495.79954194801,"OLAM_P023",50
"74274",25769.089698052,"OLAM_P023",100
"74275",3745.19788805197,"OLAM_P023",25
"74276",-4096.19110194797,"OLAM_P023",50
"74277",-3817.63234194799,"OLAM_P023",100
"74278",448.281368052005,"OLAM_P023",25
"74279",-8012.44925194798,"OLAM_P023",50
"74280",5691.713638052,"OLAM_P023",100
"74281",17175.157768052,"OLAM_P023",25
"74282",8626.46991805203,"OLAM_P023",50
"74283",3381.17681805202,"OLAM_P023",100
"74284",-3775.73345194798,"OLAM_P023",25
"74285",-1259.74731194798,"OLAM_P023",50
"74286",27305.409458052,"OLAM_P023",100
"74287",-1579.30378194799,"OLAM_P023",25
"74288",3126.70027805201,"OLAM_P023",50
"74289",-5243.40246194799,"OLAM_P023",100
"74290",31147.197328052,"OLAM_P023",25
"74291",28638.386788052,"OLAM_P023",50
"74292",3413.98822805198,"OLAM_P023",100
"74293",12027.103108052,"OLAM_P023",25
"74294",-1040.82161194802,"OLAM_P023",50
"74295",5333.18557805201,"OLAM_P023",100
"74296",2386.23227805202,"OLAM_P023",25
"74297",-809.155001948006,"OLAM_P023",50
"74298",39008.459248052,"OLAM_P023",100
"74299",-2376.24145194801,"OLAM_P023",25
"74300",-3892.77640194801,"OLAM_P023",50
"74301",15126.509478052,"OLAM_P023",100
"74302",-4156.73999194801,"OLAM_P023",25
"74303",9572.36729805201,"OLAM_P023",50
"74304",-7409.254331948,"OLAM_P023",100
"74305",2668.814788052,"OLAM_P023",25
"74306",366.097088052018,"OLAM_P023",50
"74307",34498.117498052,"OLAM_P023",100
"74308",2904.60800805199,"OLAM_P023",25
"74309",11730.986138052,"OLAM_P023",50
"74310",33325.113108052,"OLAM_P023",100
"74311",-367.561341947992,"OLAM_P023",25
"74312",37509.030688052,"OLAM_P023",50
"74313",-2203.517211948,"OLAM_P023",100
"74314",7399.91459805198,"OLAM_P023",25
"74315",-252.456631948007,"OLAM_P023",50
"74316",-3584.09894194797,"OLAM_P023",100
"74317",-3082.04423194798,"OLAM_P023",25
"74318",-2172.57399194798,"OLAM_P023",50
"74319",22639.009198052,"OLAM_P023",100
"74320",37205.296668052,"OLAM_P023",25
"74321",506.178098051983,"OLAM_P023",50
"74322",29512.049208052,"OLAM_P023",100
"74323",1594.914058052,"OLAM_P023",25
"74324",-6148.06025194802,"OLAM_P023",50
"74325",38067.562598052,"OLAM_P023",100
"74326",1594.59958805202,"OLAM_P023",25
"74327",184.571068052028,"OLAM_P023",50
"74328",36878.496608052,"OLAM_P023",100
"74329",-2485.37599194801,"OLAM_P023",25
"74330",3298.69317805202,"OLAM_P023",50
"74331",-5722.87867194798,"OLAM_P023",100
"74332",-6431.16170194797,"OLAM_P023",25
"74333",-8003.70129194797,"OLAM_P023",50
"74334",2685.85893805203,"OLAM_P023",100
"74335",255.591558051994,"OLAM_P023",25
"74336",7888.54788805201,"OLAM_P023",50
"74337",-3784.87208194798,"OLAM_P023",100
"74338",-2618.77443194803,"OLAM_P023",25
"74339",-3678.765621948,"OLAM_P023",50
"74340",-3643.43415194802,"OLAM_P023",100
"74341",-2922.18836194801,"OLAM_P023",25
"74342",-2496.75635194802,"OLAM_P023",50
"74343",33842.613918052,"OLAM_P023",100
"74344",-3484.88933194801,"OLAM_P023",25
"74345",-8119.73303194798,"OLAM_P023",50
"74346",-6289.68200194801,"OLAM_P023",100
"74347",-1595.87372194801,"OLAM_P023",25
"74348",-8078.03417194798,"OLAM_P023",50
"74349",835.262998052,"OLAM_P023",100
"74350",-450.766021948017,"OLAM_P023",25
"74351",1768.73555805202,"OLAM_P023",50
"74352",39423.235308052,"OLAM_P023",100
"74353",1894.20876805199,"OLAM_P023",25
"74354",-2199.65817194799,"OLAM_P023",50
"74355",-428.179841947975,"OLAM_P023",100
"74356",-1082.40063194802,"OLAM_P023",25
"74357",-10149.940811948,"OLAM_P023",50
"74358",-5323.080101948,"OLAM_P023",100
"74359",-1189.92365194799,"OLAM_P023",25
"74360",-2347.46579194802,"OLAM_P023",50
"74361",-1365.49955194799,"OLAM_P023",100
"74362",47516.584998052,"OLAM_P023",25
"74363",38673.959438052,"OLAM_P023",50
"74364",18669.094008052,"OLAM_P023",100
"74365",-481.727381947974,"OLAM_P023",25
"74366",10139.459598052,"OLAM_P023",50
"74367",3562.205948052,"OLAM_P023",100
"74368",-6746.669181948,"OLAM_P023",25
"74369",-9750.21257194801,"OLAM_P023",50
"74370",-3798.53250194801,"OLAM_P023",100
"74371",-4036.21807194798,"OLAM_P023",25
"74372",-6211.42173194798,"OLAM_P023",50
"74373",-2655.30248194799,"OLAM_P023",100
"74374",216.349998051999,"OLAM_P023",25
"74375",-5617.29397194798,"OLAM_P023",50
"74376",-1610.33889194799,"OLAM_P023",100
"74377",2840.67916805198,"OLAM_P023",25
"74378",-618.039861947997,"OLAM_P023",50
"74379",16208.095598052,"OLAM_P023",100
"74380",905.398488052015,"OLAM_P023",25
"74381",-3269.60615194798,"OLAM_P023",50
"74382",-9771.25193194801,"OLAM_P023",100
"74383",-1197.41149194801,"OLAM_P023",25
"74384",-4675.30197194801,"OLAM_P023",50
"74385",-1638.14852194802,"OLAM_P023",100
"74386",191.554078051995,"OLAM_P023",25
"74387",-166.277501948003,"OLAM_P023",50
"74388",-5404.16692194802,"OLAM_P023",100
"74389",-1699.91099194798,"OLAM_P023",25
"74390",-2026.03007194801,"OLAM_P023",50
"74391",35351.113908052,"OLAM_P023",100
"74392",138.281198051991,"OLAM_P023",25
"74393",983.986718052009,"OLAM_P023",50
"74394",-1597.37028194801,"OLAM_P023",100
"74395",-760.287031947984,"OLAM_P023",25
"74396",3859.70164805203,"OLAM_P023",50
"74397",-8216.31460194802,"OLAM_P023",100
"74398",-498.489501948003,"OLAM_P023",25
"74399",33232.779558052,"OLAM_P023",50
"74400",350.341818051995,"OLAM_P023",100
"74401",6145.15362138499,"OLAM_P024",25
"74402",5943.81463138497,"OLAM_P024",50
"74403",1147.33231138502,"OLAM_P024",100
"74404",-1238.33966861502,"OLAM_P024",25
"74405",-716.480388614989,"OLAM_P024",50
"74406",5823.23852138501,"OLAM_P024",100
"74407",5532.71243138501,"OLAM_P024",25
"74408",7156.42361138499,"OLAM_P024",50
"74409",21070.378491385,"OLAM_P024",100
"74410",2983.49724138499,"OLAM_P024",25
"74411",4939.299881385,"OLAM_P024",50
"74412",3250.95857138501,"OLAM_P024",100
"74413",3361.24568138499,"OLAM_P024",25
"74414",8727.52886138501,"OLAM_P024",50
"74415",23119.280501385,"OLAM_P024",100
"74416",8479.43252138497,"OLAM_P024",25
"74417",-917.066018615034,"OLAM_P024",50
"74418",8649.08670138498,"OLAM_P024",100
"74419",808.689291385002,"OLAM_P024",25
"74420",721.628281384998,"OLAM_P024",50
"74421",-4243.51367861498,"OLAM_P024",100
"74422",402.829781384964,"OLAM_P024",25
"74423",-1505.23328861501,"OLAM_P024",50
"74424",10688.006711385,"OLAM_P024",100
"74425",942.344331384986,"OLAM_P024",25
"74426",5630.33630138502,"OLAM_P024",50
"74427",3283.69665138499,"OLAM_P024",100
"74428",-229.025758614996,"OLAM_P024",25
"74429",-3065.16609861498,"OLAM_P024",50
"74430",2076.97225138498,"OLAM_P024",100
"74431",1800.780931385,"OLAM_P024",25
"74432",17180.869401385,"OLAM_P024",50
"74433",-1980.55809861503,"OLAM_P024",100
"74434",-662.27102861501,"OLAM_P024",25
"74435",-205.976848614984,"OLAM_P024",50
"74436",13579.284581385,"OLAM_P024",100
"74437",-3027.594068615,"OLAM_P024",25
"74438",-3381.59875861503,"OLAM_P024",50
"74439",1621.631331385,"OLAM_P024",100
"74440",985.714091385016,"OLAM_P024",25
"74441",-2151.81204861501,"OLAM_P024",50
"74442",7530.51547138498,"OLAM_P024",100
"74443",-1750.12857861503,"OLAM_P024",25
"74444",2143.86752138496,"OLAM_P024",50
"74445",4789.77507138497,"OLAM_P024",100
"74446",44.1473013850045,"OLAM_P024",25
"74447",2763.12501138501,"OLAM_P024",50
"74448",5929.44265138498,"OLAM_P024",100
"74449",-590.747088615026,"OLAM_P024",25
"74450",6500.857191385,"OLAM_P024",50
"74451",17112.120491385,"OLAM_P024",100
"74452",1348.13694138499,"OLAM_P024",25
"74453",4390.97254138498,"OLAM_P024",50
"74454",1645.559551385,"OLAM_P024",100
"74455",9401.95968138496,"OLAM_P024",25
"74456",13615.542291385,"OLAM_P024",50
"74457",3347.54214138497,"OLAM_P024",100
"74458",2775.78743138502,"OLAM_P024",25
"74459",807.618881385017,"OLAM_P024",50
"74460",6542.668651385,"OLAM_P024",100
"74461",4525.71651138499,"OLAM_P024",25
"74462",1434.42203138501,"OLAM_P024",50
"74463",8388.47514138499,"OLAM_P024",100
"74464",1864.49317138497,"OLAM_P024",25
"74465",583.202401385002,"OLAM_P024",50
"74466",2746.40615138499,"OLAM_P024",100
"74467",-2742.147158615,"OLAM_P024",25
"74468",-1729.73190861498,"OLAM_P024",50
"74469",2368.48195138498,"OLAM_P024",100
"74470",3244.323601385,"OLAM_P024",25
"74471",-1218.440868615,"OLAM_P024",50
"74472",4146.30405138497,"OLAM_P024",100
"74473",-3173.17513861501,"OLAM_P024",25
"74474",9573.96101138502,"OLAM_P024",50
"74475",11956.749111385,"OLAM_P024",100
"74476",5042.42013138498,"OLAM_P024",25
"74477",-2805.66136861499,"OLAM_P024",50
"74478",15415.607871385,"OLAM_P024",100
"74479",5533.09214138502,"OLAM_P024",25
"74480",-509.126428615011,"OLAM_P024",50
"74481",8118.37878138496,"OLAM_P024",100
"74482",10614.579731385,"OLAM_P024",25
"74483",13126.090371385,"OLAM_P024",50
"74484",16836.185851385,"OLAM_P024",100
"74485",-774.936808614992,"OLAM_P024",25
"74486",5187.78764138499,"OLAM_P024",50
"74487",-2123.82740861503,"OLAM_P024",100
"74488",-774.484268615022,"OLAM_P024",25
"74489",2675.93935138499,"OLAM_P024",50
"74490",20786.546551385,"OLAM_P024",100
"74491",1667.65124138497,"OLAM_P024",25
"74492",4402.06868138502,"OLAM_P024",50
"74493",9358.88352138497,"OLAM_P024",100
"74494",1884.021941385,"OLAM_P024",25
"74495",14876.922581385,"OLAM_P024",50
"74496",22300.238761385,"OLAM_P024",100
"74497",5685.74408138497,"OLAM_P024",25
"74498",-1070.30059861502,"OLAM_P024",50
"74499",8341.59670138499,"OLAM_P024",100
"74500",9622.82103138498,"OLAM_P024",25
"74501",714.788501385017,"OLAM_P024",50
"74502",6490.69638138497,"OLAM_P024",100
"74503",85.249461385014,"OLAM_P024",25
"74504",6327.544431385,"OLAM_P024",50
"74505",16450.913881385,"OLAM_P024",100
"74506",-1024.45392861502,"OLAM_P024",25
"74507",2591.15134138498,"OLAM_P024",50
"74508",20368.047661385,"OLAM_P024",100
"74509",1698.937731385,"OLAM_P024",25
"74510",8786.57085138501,"OLAM_P024",50
"74511",9854.46575138497,"OLAM_P024",100
"74512",4179.50371138501,"OLAM_P024",25
"74513",2111.19475138502,"OLAM_P024",50
"74514",17043.813811385,"OLAM_P024",100
"74515",-782.652068615018,"OLAM_P024",25
"74516",357.857611384999,"OLAM_P024",50
"74517",4567.211391385,"OLAM_P024",100
"74518",-164.522298615018,"OLAM_P024",25
"74519",1153.748771385,"OLAM_P024",50
"74520",5819.931891385,"OLAM_P024",100
"74521",-2057.03109861503,"OLAM_P024",25
"74522",-2072.696448615,"OLAM_P024",50
"74523",1309.59341138497,"OLAM_P024",100
"74524",129.46712138498,"OLAM_P024",25
"74525",-1080.33641861501,"OLAM_P024",50
"74526",7835.328891385,"OLAM_P024",100
"74527",421.478891385021,"OLAM_P024",25
"74528",2445.84551138501,"OLAM_P024",50
"74529",2251.94610138499,"OLAM_P024",100
"74530",494.874701384979,"OLAM_P024",25
"74531",1136.399181385,"OLAM_P024",50
"74532",-1848.99677861499,"OLAM_P024",100
"74533",-4673.17752861499,"OLAM_P024",25
"74534",-115.398938614991,"OLAM_P024",50
"74535",2868.921961385,"OLAM_P024",100
"74536",-289.948848614993,"OLAM_P024",25
"74537",5390.24159138498,"OLAM_P024",50
"74538",-4494.75166861503,"OLAM_P024",100
"74539",-2057.87314861501,"OLAM_P024",25
"74540",5258.01182138501,"OLAM_P024",50
"74541",-1801.38937861501,"OLAM_P024",100
"74542",4037.87080138497,"OLAM_P024",25
"74543",-991.486978614994,"OLAM_P024",50
"74544",-272.142238615023,"OLAM_P024",100
"74545",5467.50492138497,"OLAM_P024",25
"74546",-2585.98737861501,"OLAM_P024",50
"74547",2211.38034138497,"OLAM_P024",100
"74548",3085.12624138501,"OLAM_P024",25
"74549",8588.24631138501,"OLAM_P024",50
"74550",2515.61464138498,"OLAM_P024",100
"74551",-2077.94152861502,"OLAM_P024",25
"74552",1577.00572138501,"OLAM_P024",50
"74553",11956.677331385,"OLAM_P024",100
"74554",702.827911384986,"OLAM_P024",25
"74555",2364.50430138496,"OLAM_P024",50
"74556",-2128.92158861499,"OLAM_P024",100
"74557",652.470881384972,"OLAM_P024",25
"74558",-823.565018614987,"OLAM_P024",50
"74559",18094.570711385,"OLAM_P024",100
"74560",5053.263991385,"OLAM_P024",25
"74561",1215.59494138497,"OLAM_P024",50
"74562",1084.34764138499,"OLAM_P024",100
"74563",2497.97896138497,"OLAM_P024",25
"74564",12928.729121385,"OLAM_P024",50
"74565",8620.67129138502,"OLAM_P024",100
"74566",1399.491371385,"OLAM_P024",25
"74567",9969.119491385,"OLAM_P024",50
"74568",2573.318251385,"OLAM_P024",100
"74569",-110.175768614979,"OLAM_P024",25
"74570",1985.96183138498,"OLAM_P024",50
"74571",1791.59360138502,"OLAM_P024",100
"74572",3734.54977138498,"OLAM_P024",25
"74573",686.872301384981,"OLAM_P024",50
"74574",2082.29416138498,"OLAM_P024",100
"74575",1483.65507138497,"OLAM_P024",25
"74576",-938.129928615002,"OLAM_P024",50
"74577",2467.625461385,"OLAM_P024",100
"74578",-1910.72054861503,"OLAM_P024",25
"74579",-3302.65016861499,"OLAM_P024",50
"74580",5488.31697138498,"OLAM_P024",100
"74581",2166.93858138501,"OLAM_P024",25
"74582",-1501.044968615,"OLAM_P024",50
"74583",3914.322141385,"OLAM_P024",100
"74584",3078.95607138501,"OLAM_P024",25
"74585",-4111.56418861501,"OLAM_P024",50
"74586",3087.39945138502,"OLAM_P024",100
"74587",2345.76751138497,"OLAM_P024",25
"74588",3562.53838138498,"OLAM_P024",50
"74589",-1259.63941861503,"OLAM_P024",100
"74590",-2892.21544861502,"OLAM_P024",25
"74591",1731.97694138502,"OLAM_P024",50
"74592",-92.5628986150259,"OLAM_P024",100
"74593",-1043.416238615,"OLAM_P024",25
"74594",3550.60763138498,"OLAM_P024",50
"74595",-2712.88134861499,"OLAM_P024",100
"74596",1068.14129138499,"OLAM_P024",25
"74597",-430.776288615016,"OLAM_P024",50
"74598",2761.99488138501,"OLAM_P024",100
"74599",12496.065381385,"OLAM_P024",25
"74600",6041.23117138498,"OLAM_P024",50
"74601",18070.716481385,"OLAM_P024",100
"74602",642.406321385002,"OLAM_P024",25
"74603",6167.97857138497,"OLAM_P024",50
"74604",18958.641641385,"OLAM_P024",100
"74605",-4409.90753861499,"OLAM_P024",25
"74606",16966.909791385,"OLAM_P024",50
"74607",5315.93939138501,"OLAM_P024",100
"74608",-1769.861298615,"OLAM_P024",25
"74609",8525.81788138498,"OLAM_P024",50
"74610",1777.44609138498,"OLAM_P024",100
"74611",1421.864911385,"OLAM_P024",25
"74612",885.449471384985,"OLAM_P024",50
"74613",2592.861341385,"OLAM_P024",100
"74614",1641.765291385,"OLAM_P024",25
"74615",7410.77534138499,"OLAM_P024",50
"74616",6817.26497138501,"OLAM_P024",100
"74617",5201.35259138502,"OLAM_P024",25
"74618",-1378.175228615,"OLAM_P024",50
"74619",8939.09866138501,"OLAM_P024",100
"74620",2779.01450138498,"OLAM_P024",25
"74621",-3923.59753861499,"OLAM_P024",50
"74622",23363.727511385,"OLAM_P024",100
"74623",-1946.73671861499,"OLAM_P024",25
"74624",-1799.43250861502,"OLAM_P024",50
"74625",13860.426191385,"OLAM_P024",100
"74626",-327.670388614992,"OLAM_P024",25
"74627",761.791291385016,"OLAM_P024",50
"74628",1463.694451385,"OLAM_P024",100
"74629",16233.234131385,"OLAM_P024",25
"74630",6479.339891385,"OLAM_P024",50
"74631",10781.209291385,"OLAM_P024",100
"74632",-1421.51961861498,"OLAM_P024",25
"74633",-1963.58321861504,"OLAM_P024",50
"74634",5597.56119138497,"OLAM_P024",100
"74635",900.037551385001,"OLAM_P024",25
"74636",8472.75376138499,"OLAM_P024",50
"74637",-1442.11013861501,"OLAM_P024",100
"74638",2512.483681385,"OLAM_P024",25
"74639",16016.233981385,"OLAM_P024",50
"74640",13717.870641385,"OLAM_P024",100
"74641",123.938951384975,"OLAM_P024",25
"74642",16904.784481385,"OLAM_P024",50
"74643",11029.091581385,"OLAM_P024",100
"74644",639.163631385018,"OLAM_P024",25
"74645",123.482581385004,"OLAM_P024",50
"74646",2349.501921385,"OLAM_P024",100
"74647",1404.06741138501,"OLAM_P024",25
"74648",19217.472071385,"OLAM_P024",50
"74649",9730.71224138502,"OLAM_P024",100
"74650",17250.464731385,"OLAM_P024",25
"74651",4160.16390138498,"OLAM_P024",50
"74652",4348.94426138501,"OLAM_P024",100
"74653",1621.05967138498,"OLAM_P024",25
"74654",-1670.45028861501,"OLAM_P024",50
"74655",8820.49495138502,"OLAM_P024",100
"74656",18497.180421385,"OLAM_P024",25
"74657",2838.90511138499,"OLAM_P024",50
"74658",13903.185241385,"OLAM_P024",100
"74659",3950.884871385,"OLAM_P024",25
"74660",947.420351384964,"OLAM_P024",50
"74661",4374.78521138499,"OLAM_P024",100
"74662",1408.011981385,"OLAM_P024",25
"74663",-962.254458615032,"OLAM_P024",50
"74664",8207.93995138496,"OLAM_P024",100
"74665",-1049.305128615,"OLAM_P024",25
"74666",449.172511384997,"OLAM_P024",50
"74667",4451.71216138499,"OLAM_P024",100
"74668",-935.260358615022,"OLAM_P024",25
"74669",-4069.62263861502,"OLAM_P024",50
"74670",12748.033881385,"OLAM_P024",100
"74671",-1623.16683861503,"OLAM_P024",25
"74672",828.071291384986,"OLAM_P024",50
"74673",7244.54681138496,"OLAM_P024",100
"74674",2694.81884138501,"OLAM_P024",25
"74675",731.412231385009,"OLAM_P024",50
"74676",4258.40490138502,"OLAM_P024",100
"74677",-2227.725688615,"OLAM_P024",25
"74678",-343.347888614982,"OLAM_P024",50
"74679",33719.961101385,"OLAM_P024",100
"74680",-142.955638615007,"OLAM_P024",25
"74681",2020.52153138502,"OLAM_P024",50
"74682",3571.26153138501,"OLAM_P024",100
"74683",1123.707331385,"OLAM_P024",25
"74684",2210.81654138496,"OLAM_P024",50
"74685",-1213.97274861502,"OLAM_P024",100
"74686",4597.209021385,"OLAM_P024",25
"74687",1678.616891385,"OLAM_P024",50
"74688",-2017.62522861501,"OLAM_P024",100
"74689",4474.70744138502,"OLAM_P024",25
"74690",-667.913648615009,"OLAM_P024",50
"74691",20097.542551385,"OLAM_P024",100
"74692",1380.96393138502,"OLAM_P024",25
"74693",25089.306261385,"OLAM_P024",50
"74694",1392.04497138498,"OLAM_P024",100
"74695",-1087.04488861503,"OLAM_P024",25
"74696",418.008271384984,"OLAM_P024",50
"74697",-5453.37102861499,"OLAM_P024",100
"74698",-4574.71717861498,"OLAM_P024",25
"74699",16797.252311385,"OLAM_P024",50
"74700",8228.28575138497,"OLAM_P024",100
"74701",-1773.906209154,"OLAM_P025",25
"74702",-7554.91074915399,"OLAM_P025",50
"74703",3502.29176084604,"OLAM_P025",100
"74704",-10413.406239154,"OLAM_P025",25
"74705",9395.89962084603,"OLAM_P025",50
"74706",-5261.04507915396,"OLAM_P025",100
"74707",6757.11160084605,"OLAM_P025",25
"74708",8218.43707084603,"OLAM_P025",50
"74709",-3671.13129915396,"OLAM_P025",100
"74710",-3621.79821915395,"OLAM_P025",25
"74711",596.527150846028,"OLAM_P025",50
"74712",32817.347820846,"OLAM_P025",100
"74713",6381.22168084601,"OLAM_P025",25
"74714",4991.58340084605,"OLAM_P025",50
"74715",4792.05679084605,"OLAM_P025",100
"74716",17456.1089408461,"OLAM_P025",25
"74717",-3412.83552915399,"OLAM_P025",50
"74718",-678.472309153993,"OLAM_P025",100
"74719",3678.40742084605,"OLAM_P025",25
"74720",-13420.672189154,"OLAM_P025",50
"74721",32524.0672108461,"OLAM_P025",100
"74722",1074.97745084605,"OLAM_P025",25
"74723",-1403.976529154,"OLAM_P025",50
"74724",-3118.72724915395,"OLAM_P025",100
"74725",-10930.250459154,"OLAM_P025",25
"74726",5969.24111084605,"OLAM_P025",50
"74727",-826.142499153968,"OLAM_P025",100
"74728",-4603.890569154,"OLAM_P025",25
"74729",-2216.05098915397,"OLAM_P025",50
"74730",5378.98566084605,"OLAM_P025",100
"74731",-3119.30204915395,"OLAM_P025",25
"74732",7260.138700846,"OLAM_P025",50
"74733",3407.96124084602,"OLAM_P025",100
"74734",-2499.18935915397,"OLAM_P025",25
"74735",-3000.65063915396,"OLAM_P025",50
"74736",10005.422730846,"OLAM_P025",100
"74737",-6265.66551915399,"OLAM_P025",25
"74738",-1748.587219154,"OLAM_P025",50
"74739",2452.86664084601,"OLAM_P025",100
"74740",2428.59998084605,"OLAM_P025",25
"74741",9001.62148084602,"OLAM_P025",50
"74742",8529.44639084605,"OLAM_P025",100
"74743",4763.08751084603,"OLAM_P025",25
"74744",-5331.39531915396,"OLAM_P025",50
"74745",-12994.321839154,"OLAM_P025",100
"74746",1122.37552084605,"OLAM_P025",25
"74747",-1071.14584915398,"OLAM_P025",50
"74748",15669.304830846,"OLAM_P025",100
"74749",3340.52849084605,"OLAM_P025",25
"74750",5469.16169084603,"OLAM_P025",50
"74751",10742.684440846,"OLAM_P025",100
"74752",13226.781680846,"OLAM_P025",25
"74753",2154.12866084604,"OLAM_P025",50
"74754",7123.23956084601,"OLAM_P025",100
"74755",7535.86641084601,"OLAM_P025",25
"74756",6965.897690846,"OLAM_P025",50
"74757",19361.138660846,"OLAM_P025",100
"74758",-2856.31655915396,"OLAM_P025",25
"74759",4327.07462084602,"OLAM_P025",50
"74760",-3775.59197915398,"OLAM_P025",100
"74761",-4352.51911915396,"OLAM_P025",25
"74762",-1185.45978915395,"OLAM_P025",50
"74763",5954.07026084606,"OLAM_P025",100
"74764",-10025.215979154,"OLAM_P025",25
"74765",-482.875149153988,"OLAM_P025",50
"74766",8996.02736084606,"OLAM_P025",100
"74767",-1209.76339915395,"OLAM_P025",25
"74768",-5805.336829154,"OLAM_P025",50
"74769",7753.81114084605,"OLAM_P025",100
"74770",-2450.64096915396,"OLAM_P025",25
"74771",-4358.84776915394,"OLAM_P025",50
"74772",-5090.04129915399,"OLAM_P025",100
"74773",14288.072690846,"OLAM_P025",25
"74774",-2351.10562915396,"OLAM_P025",50
"74775",2678.61184084602,"OLAM_P025",100
"74776",-6720.72141915397,"OLAM_P025",25
"74777",-8705.78551915399,"OLAM_P025",50
"74778",-9185.11803915398,"OLAM_P025",100
"74779",-2499.10067915398,"OLAM_P025",25
"74780",8382.93979084602,"OLAM_P025",50
"74781",-2958.38956915395,"OLAM_P025",100
"74782",-6166.47422915394,"OLAM_P025",25
"74783",-2904.03729915398,"OLAM_P025",50
"74784",5085.344050846,"OLAM_P025",100
"74785",-2023.05516915396,"OLAM_P025",25
"74786",4059.58208084601,"OLAM_P025",50
"74787",1220.073930846,"OLAM_P025",100
"74788",-1582.451999154,"OLAM_P025",25
"74789",378.998690846027,"OLAM_P025",50
"74790",-11802.665579154,"OLAM_P025",100
"74791",-1206.19681915396,"OLAM_P025",25
"74792",-3972.40053915395,"OLAM_P025",50
"74793",9388.28732084605,"OLAM_P025",100
"74794",-93.6423691539676,"OLAM_P025",25
"74795",-5147.44559915399,"OLAM_P025",50
"74796",8493.72879084601,"OLAM_P025",100
"74797",-2536.09270915395,"OLAM_P025",25
"74798",-4523.38820915396,"OLAM_P025",50
"74799",14503.671580846,"OLAM_P025",100
"74800",-7251.452289154,"OLAM_P025",25
"74801",4442.41564084601,"OLAM_P025",50
"74802",10694.773540846,"OLAM_P025",100
"74803",10971.304340846,"OLAM_P025",25
"74804",447.21450084605,"OLAM_P025",50
"74805",-4831.75809915399,"OLAM_P025",100
"74806",-6220.58262915397,"OLAM_P025",25
"74807",4160.46486084606,"OLAM_P025",50
"74808",1297.09415084601,"OLAM_P025",100
"74809",21.6878108460223,"OLAM_P025",25
"74810",11819.306830846,"OLAM_P025",50
"74811",3850.02237084601,"OLAM_P025",100
"74812",-838.042019153945,"OLAM_P025",25
"74813",7688.22892084601,"OLAM_P025",50
"74814",-19118.193299154,"OLAM_P025",100
"74815",135.955930846045,"OLAM_P025",25
"74816",7700.04318084603,"OLAM_P025",50
"74817",-10633.150789154,"OLAM_P025",100
"74818",8959.45948084601,"OLAM_P025",25
"74819",-6151.51340915397,"OLAM_P025",50
"74820",13017.611580846,"OLAM_P025",100
"74821",-5958.89250915399,"OLAM_P025",25
"74822",-6189.99034915399,"OLAM_P025",50
"74823",-11485.535669154,"OLAM_P025",100
"74824",-2000.42336915398,"OLAM_P025",25
"74825",6322.45760084601,"OLAM_P025",50
"74826",21773.779010846,"OLAM_P025",100
"74827",24478.147600846,"OLAM_P025",25
"74828",2008.98791084602,"OLAM_P025",50
"74829",16366.911320846,"OLAM_P025",100
"74830",6302.72430084605,"OLAM_P025",25
"74831",-6413.27767915395,"OLAM_P025",50
"74832",7814.24902084604,"OLAM_P025",100
"74833",-1269.89882915397,"OLAM_P025",25
"74834",-2448.48084915394,"OLAM_P025",50
"74835",14615.503230846,"OLAM_P025",100
"74836",-3444.99646915396,"OLAM_P025",25
"74837",7192.22318084602,"OLAM_P025",50
"74838",-12069.307359154,"OLAM_P025",100
"74839",6729.66582084604,"OLAM_P025",25
"74840",6789.06173084601,"OLAM_P025",50
"74841",25593.561410846,"OLAM_P025",100
"74842",-3788.53801915399,"OLAM_P025",25
"74843",-7600.96252915397,"OLAM_P025",50
"74844",6737.15242084605,"OLAM_P025",100
"74845",-330.711199153971,"OLAM_P025",25
"74846",-1506.03431915399,"OLAM_P025",50
"74847",-1813.23413915397,"OLAM_P025",100
"74848",-522.889749153983,"OLAM_P025",25
"74849",30198.078700846,"OLAM_P025",50
"74850",-664.685849153961,"OLAM_P025",100
"74851",-532.984219153994,"OLAM_P025",25
"74852",22879.443940846,"OLAM_P025",50
"74853",10357.490360846,"OLAM_P025",100
"74854",-4079.59696915396,"OLAM_P025",25
"74855",2417.94746084604,"OLAM_P025",50
"74856",-11612.3637691539,"OLAM_P025",100
"74857",4062.04278084601,"OLAM_P025",25
"74858",-9113.94022915396,"OLAM_P025",50
"74859",6984.56852084602,"OLAM_P025",100
"74860",-6202.325019154,"OLAM_P025",25
"74861",-2749.45470915397,"OLAM_P025",50
"74862",-17924.322319154,"OLAM_P025",100
"74863",-506.086979153974,"OLAM_P025",25
"74864",-7406.20493915398,"OLAM_P025",50
"74865",5872.28287084604,"OLAM_P025",100
"74866",-5619.22942915396,"OLAM_P025",25
"74867",15573.143860846,"OLAM_P025",50
"74868",-7531.19046915398,"OLAM_P025",100
"74869",357.973690846004,"OLAM_P025",25
"74870",-7135.95915915398,"OLAM_P025",50
"74871",-17044.752879154,"OLAM_P025",100
"74872",-6665.14441915398,"OLAM_P025",25
"74873",-7226.42413915397,"OLAM_P025",50
"74874",-2526.57366915396,"OLAM_P025",100
"74875",2546.11509084603,"OLAM_P025",25
"74876",6919.91032084601,"OLAM_P025",50
"74877",-15.8968191539752,"OLAM_P025",100
"74878",-4721.544449154,"OLAM_P025",25
"74879",15003.993940846,"OLAM_P025",50
"74880",253.561210846005,"OLAM_P025",100
"74881",-1589.15414915397,"OLAM_P025",25
"74882",-2085.83190915396,"OLAM_P025",50
"74883",2609.27928084601,"OLAM_P025",100
"74884",-10203.206459154,"OLAM_P025",25
"74885",-12949.084549154,"OLAM_P025",50
"74886",3763.87030084606,"OLAM_P025",100
"74887",13533.780330846,"OLAM_P025",25
"74888",17421.832060846,"OLAM_P025",50
"74889",-17619.164759154,"OLAM_P025",100
"74890",-3366.825959154,"OLAM_P025",25
"74891",-6611.59759915399,"OLAM_P025",50
"74892",14569.989080846,"OLAM_P025",100
"74893",2807.38996084605,"OLAM_P025",25
"74894",-3909.93967915396,"OLAM_P025",50
"74895",-3146.66547915398,"OLAM_P025",100
"74896",1140.99914084602,"OLAM_P025",25
"74897",7443.31433084601,"OLAM_P025",50
"74898",-971.491439153964,"OLAM_P025",100
"74899",6801.42071084603,"OLAM_P025",25
"74900",-12098.7341591539,"OLAM_P025",50
"74901",5471.69079084601,"OLAM_P025",100
"74902",1496.75850084604,"OLAM_P025",25
"74903",-2671.60605915397,"OLAM_P025",50
"74904",-7214.16657915397,"OLAM_P025",100
"74905",11413.460760846,"OLAM_P025",25
"74906",4300.778140846,"OLAM_P025",50
"74907",8794.42305084603,"OLAM_P025",100
"74908",8263.56352084602,"OLAM_P025",25
"74909",3265.05424084602,"OLAM_P025",50
"74910",3082.16381084605,"OLAM_P025",100
"74911",4281.07401084603,"OLAM_P025",25
"74912",-7502.77042915398,"OLAM_P025",50
"74913",14743.222110846,"OLAM_P025",100
"74914",12543.535260846,"OLAM_P025",25
"74915",-7692.16216915398,"OLAM_P025",50
"74916",19676.447430846,"OLAM_P025",100
"74917",1579.28350084601,"OLAM_P025",25
"74918",4719.93254084606,"OLAM_P025",50
"74919",-8111.272709154,"OLAM_P025",100
"74920",10466.782620846,"OLAM_P025",25
"74921",-932.973869153997,"OLAM_P025",50
"74922",-7689.17229915399,"OLAM_P025",100
"74923",6228.20226084604,"OLAM_P025",25
"74924",11747.001090846,"OLAM_P025",50
"74925",-12032.184419154,"OLAM_P025",100
"74926",5666.82707084605,"OLAM_P025",25
"74927",1122.59520084603,"OLAM_P025",50
"74928",22547.487400846,"OLAM_P025",100
"74929",-1266.90290915396,"OLAM_P025",25
"74930",-11322.470699154,"OLAM_P025",50
"74931",9398.43564084603,"OLAM_P025",100
"74932",5501.05636084604,"OLAM_P025",25
"74933",9326.77283084602,"OLAM_P025",50
"74934",-1324.06969915394,"OLAM_P025",100
"74935",4387.05452084605,"OLAM_P025",25
"74936",-2145.84689915396,"OLAM_P025",50
"74937",-665.120319153997,"OLAM_P025",100
"74938",-7521.23561915394,"OLAM_P025",25
"74939",-751.317729153961,"OLAM_P025",50
"74940",-774.826439153985,"OLAM_P025",100
"74941",-1065.76537915395,"OLAM_P025",25
"74942",9120.39976084605,"OLAM_P025",50
"74943",-12153.6917491539,"OLAM_P025",100
"74944",-329.125159153948,"OLAM_P025",25
"74945",-148.153419153998,"OLAM_P025",50
"74946",-5105.14587915398,"OLAM_P025",100
"74947",-6296.48260915396,"OLAM_P025",25
"74948",-2702.82691915397,"OLAM_P025",50
"74949",-8607.08207915397,"OLAM_P025",100
"74950",-8395.24830915395,"OLAM_P025",25
"74951",-4052.39941915398,"OLAM_P025",50
"74952",24706.995290846,"OLAM_P025",100
"74953",18696.944730846,"OLAM_P025",25
"74954",13282.089450846,"OLAM_P025",50
"74955",-5742.97790915397,"OLAM_P025",100
"74956",9295.60155084601,"OLAM_P025",25
"74957",-1265.47609915398,"OLAM_P025",50
"74958",6951.44798084605,"OLAM_P025",100
"74959",-2732.75642915396,"OLAM_P025",25
"74960",4447.37180084601,"OLAM_P025",50
"74961",346.598400846007,"OLAM_P025",100
"74962",-1201.45812915399,"OLAM_P025",25
"74963",-4249.06395915395,"OLAM_P025",50
"74964",4925.98299084604,"OLAM_P025",100
"74965",-4882.867949154,"OLAM_P025",25
"74966",8929.98209084605,"OLAM_P025",50
"74967",-2270.99548915395,"OLAM_P025",100
"74968",6886.33711084601,"OLAM_P025",25
"74969",6530.93009084603,"OLAM_P025",50
"74970",8162.925890846,"OLAM_P025",100
"74971",-10582.524999154,"OLAM_P025",25
"74972",5660.24235084601,"OLAM_P025",50
"74973",-9229.41552915395,"OLAM_P025",100
"74974",2242.19895084604,"OLAM_P025",25
"74975",6249.50730084605,"OLAM_P025",50
"74976",9821.09398084605,"OLAM_P025",100
"74977",-3243.01925915398,"OLAM_P025",25
"74978",18471.6952908461,"OLAM_P025",50
"74979",-3285.76917915395,"OLAM_P025",100
"74980",-368.68412915396,"OLAM_P025",25
"74981",-8997.55072915397,"OLAM_P025",50
"74982",13450.983590846,"OLAM_P025",100
"74983",-5168.36568915396,"OLAM_P025",25
"74984",-12940.444559154,"OLAM_P025",50
"74985",11602.3250308461,"OLAM_P025",100
"74986",2093.068900846,"OLAM_P025",25
"74987",5320.91491084604,"OLAM_P025",50
"74988",14710.593610846,"OLAM_P025",100
"74989",12050.734930846,"OLAM_P025",25
"74990",-5185.07120915398,"OLAM_P025",50
"74991",17818.829990846,"OLAM_P025",100
"74992",-364.047589153983,"OLAM_P025",25
"74993",10761.451130846,"OLAM_P025",50
"74994",-1367.01825915399,"OLAM_P025",100
"74995",3769.63586084603,"OLAM_P025",25
"74996",-2370.62289915397,"OLAM_P025",50
"74997",8149.59780084604,"OLAM_P025",100
"74998",29508.996950846,"OLAM_P025",25
"74999",9434.00299084606,"OLAM_P025",50
"75000",6135.15657084604,"OLAM_P025",100
"75001",1400.34281261099,"OLAM_P026",25
"75002",-2744.64448738901,"OLAM_P026",50
"75003",-20439.460367389,"OLAM_P026",100
"75004",2890.803162611,"OLAM_P026",25
"75005",-9971.58818738902,"OLAM_P026",50
"75006",-17856.387237389,"OLAM_P026",100
"75007",14923.751472611,"OLAM_P026",25
"75008",7505.270822611,"OLAM_P026",50
"75009",-22707.355407389,"OLAM_P026",100
"75010",-10503.958947389,"OLAM_P026",25
"75011",-10368.758617389,"OLAM_P026",50
"75012",-21159.939507389,"OLAM_P026",100
"75013",-2032.206037389,"OLAM_P026",25
"75014",-15064.581907389,"OLAM_P026",50
"75015",-19385.771947389,"OLAM_P026",100
"75016",875.379792610998,"OLAM_P026",25
"75017",-5955.52471738902,"OLAM_P026",50
"75018",-17915.769817389,"OLAM_P026",100
"75019",-7199.41080738901,"OLAM_P026",25
"75020",-5738.173427389,"OLAM_P026",50
"75021",-8861.84014738901,"OLAM_P026",100
"75022",-8952.192847389,"OLAM_P026",25
"75023",17888.820482611,"OLAM_P026",50
"75024",-11104.862987389,"OLAM_P026",100
"75025",-7865.844667389,"OLAM_P026",25
"75026",-23206.239067389,"OLAM_P026",50
"75027",-15976.345527389,"OLAM_P026",100
"75028",-5939.63706738901,"OLAM_P026",25
"75029",5552.644152611,"OLAM_P026",50
"75030",-17707.961257389,"OLAM_P026",100
"75031",-2512.64963738903,"OLAM_P026",25
"75032",-9236.222687389,"OLAM_P026",50
"75033",5285.52508261098,"OLAM_P026",100
"75034",-12390.789597389,"OLAM_P026",25
"75035",8544.86808261098,"OLAM_P026",50
"75036",-3074.896377389,"OLAM_P026",100
"75037",-2213.09899738902,"OLAM_P026",25
"75038",313.570212610997,"OLAM_P026",50
"75039",-22366.848027389,"OLAM_P026",100
"75040",12808.950622611,"OLAM_P026",25
"75041",-3642.47253738903,"OLAM_P026",50
"75042",-25944.254757389,"OLAM_P026",100
"75043",-2593.61497738902,"OLAM_P026",25
"75044",-7100.614317389,"OLAM_P026",50
"75045",-15107.240047389,"OLAM_P026",100
"75046",-11551.754887389,"OLAM_P026",25
"75047",-20917.308487389,"OLAM_P026",50
"75048",-20250.276467389,"OLAM_P026",100
"75049",-7961.94321738902,"OLAM_P026",25
"75050",-6999.85758738901,"OLAM_P026",50
"75051",-13939.077767389,"OLAM_P026",100
"75052",-6977.484627389,"OLAM_P026",25
"75053",-13323.864347389,"OLAM_P026",50
"75054",-19256.240537389,"OLAM_P026",100
"75055",-1037.98635738902,"OLAM_P026",25
"75056",-8382.41476738901,"OLAM_P026",50
"75057",-14855.362957389,"OLAM_P026",100
"75058",-224.765737389011,"OLAM_P026",25
"75059",-8085.33297738901,"OLAM_P026",50
"75060",-22816.165577389,"OLAM_P026",100
"75061",-644.333257389022,"OLAM_P026",25
"75062",-945.797267389018,"OLAM_P026",50
"75063",-20405.492107389,"OLAM_P026",100
"75064",-6239.835957389,"OLAM_P026",25
"75065",-14125.341857389,"OLAM_P026",50
"75066",-26100.703237389,"OLAM_P026",100
"75067",-1456.77923738901,"OLAM_P026",25
"75068",-5826.44965738902,"OLAM_P026",50
"75069",-17478.325147389,"OLAM_P026",100
"75070",-7146.74920738902,"OLAM_P026",25
"75071",-8002.75465738901,"OLAM_P026",50
"75072",-17122.217387389,"OLAM_P026",100
"75073",5933.64346261098,"OLAM_P026",25
"75074",-10449.854477389,"OLAM_P026",50
"75075",-21132.011617389,"OLAM_P026",100
"75076",-706.962597389007,"OLAM_P026",25
"75077",-172.991107389011,"OLAM_P026",50
"75078",-15682.293047389,"OLAM_P026",100
"75079",-4942.07408738902,"OLAM_P026",25
"75080",-9296.877477389,"OLAM_P026",50
"75081",-3389.94601738901,"OLAM_P026",100
"75082",-7359.99720738901,"OLAM_P026",25
"75083",-15441.489107389,"OLAM_P026",50
"75084",-4635.66241738902,"OLAM_P026",100
"75085",-4953.54984738902,"OLAM_P026",25
"75086",-8456.75420738902,"OLAM_P026",50
"75087",-7543.75309738901,"OLAM_P026",100
"75088",7174.66398261097,"OLAM_P026",25
"75089",-10992.930277389,"OLAM_P026",50
"75090",-22975.267707389,"OLAM_P026",100
"75091",-1133.111947389,"OLAM_P026",25
"75092",-15390.641677389,"OLAM_P026",50
"75093",-6077.11068738901,"OLAM_P026",100
"75094",-6557.92961738902,"OLAM_P026",25
"75095",-13282.817507389,"OLAM_P026",50
"75096",-13252.778767389,"OLAM_P026",100
"75097",-7626.42539738902,"OLAM_P026",25
"75098",12272.918562611,"OLAM_P026",50
"75099",-20031.596677389,"OLAM_P026",100
"75100",2077.19588261098,"OLAM_P026",25
"75101",-14836.210217389,"OLAM_P026",50
"75102",-15508.266487389,"OLAM_P026",100
"75103",-99.1244073889975,"OLAM_P026",25
"75104",-9163.58820738902,"OLAM_P026",50
"75105",-25349.586847389,"OLAM_P026",100
"75106",124.28464261099,"OLAM_P026",25
"75107",-8255.79085738902,"OLAM_P026",50
"75108",-25484.427587389,"OLAM_P026",100
"75109",-1119.150547389,"OLAM_P026",25
"75110",-7056.86542738901,"OLAM_P026",50
"75111",-12481.915737389,"OLAM_P026",100
"75112",-2324.53833738901,"OLAM_P026",25
"75113",-4212.81700738901,"OLAM_P026",50
"75114",-19207.843167389,"OLAM_P026",100
"75115",-5712.63463738901,"OLAM_P026",25
"75116",2147.45065261098,"OLAM_P026",50
"75117",-17058.659417389,"OLAM_P026",100
"75118",4747.953862611,"OLAM_P026",25
"75119",-17766.733327389,"OLAM_P026",50
"75120",-8257.260717389,"OLAM_P026",100
"75121",-9519.750157389,"OLAM_P026",25
"75122",-17605.277897389,"OLAM_P026",50
"75123",-3063.684947389,"OLAM_P026",100
"75124",-8110.44796738902,"OLAM_P026",25
"75125",-18459.967837389,"OLAM_P026",50
"75126",-16281.586247389,"OLAM_P026",100
"75127",2359.34816261099,"OLAM_P026",25
"75128",-16174.174257389,"OLAM_P026",50
"75129",-15706.697377389,"OLAM_P026",100
"75130",-593.721607389016,"OLAM_P026",25
"75131",-17605.934517389,"OLAM_P026",50
"75132",-2616.55427738902,"OLAM_P026",100
"75133",-11636.436877389,"OLAM_P026",25
"75134",-7317.45512738902,"OLAM_P026",50
"75135",-26835.822427389,"OLAM_P026",100
"75136",8645.69296261098,"OLAM_P026",25
"75137",-18667.032977389,"OLAM_P026",50
"75138",-18371.757277389,"OLAM_P026",100
"75139",-2042.10603738902,"OLAM_P026",25
"75140",-4810.039227389,"OLAM_P026",50
"75141",-22905.203157389,"OLAM_P026",100
"75142",-10396.813357389,"OLAM_P026",25
"75143",-14950.249717389,"OLAM_P026",50
"75144",-22117.485437389,"OLAM_P026",100
"75145",229.537022610981,"OLAM_P026",25
"75146",-11207.695287389,"OLAM_P026",50
"75147",-12480.214477389,"OLAM_P026",100
"75148",15151.259462611,"OLAM_P026",25
"75149",-2806.702357389,"OLAM_P026",50
"75150",-23166.279937389,"OLAM_P026",100
"75151",2878.58281261098,"OLAM_P026",25
"75152",-4289.969197389,"OLAM_P026",50
"75153",-12740.056127389,"OLAM_P026",100
"75154",-3746.25590738902,"OLAM_P026",25
"75155",-15492.605077389,"OLAM_P026",50
"75156",-13622.773427389,"OLAM_P026",100
"75157",1699.21860261098,"OLAM_P026",25
"75158",-11277.737517389,"OLAM_P026",50
"75159",-12069.063147389,"OLAM_P026",100
"75160",-2961.30962738901,"OLAM_P026",25
"75161",-8124.27440738902,"OLAM_P026",50
"75162",-17198.455617389,"OLAM_P026",100
"75163",1740.12126261098,"OLAM_P026",25
"75164",432.655212610989,"OLAM_P026",50
"75165",-17958.749247389,"OLAM_P026",100
"75166",-15265.934847389,"OLAM_P026",25
"75167",-6260.06775738901,"OLAM_P026",50
"75168",-14475.276187389,"OLAM_P026",100
"75169",-1040.76577738902,"OLAM_P026",25
"75170",-6338.69197738901,"OLAM_P026",50
"75171",-23336.960677389,"OLAM_P026",100
"75172",-6538.31668738901,"OLAM_P026",25
"75173",5181.73426261099,"OLAM_P026",50
"75174",-4707.67440738901,"OLAM_P026",100
"75175",-11848.879097389,"OLAM_P026",25
"75176",-16518.983817389,"OLAM_P026",50
"75177",-17034.360667389,"OLAM_P026",100
"75178",-6552.51393738901,"OLAM_P026",25
"75179",-12061.639207389,"OLAM_P026",50
"75180",1401.821432611,"OLAM_P026",100
"75181",-3613.76397738903,"OLAM_P026",25
"75182",-7229.49922738902,"OLAM_P026",50
"75183",-17306.362477389,"OLAM_P026",100
"75184",-659.146817389003,"OLAM_P026",25
"75185",-1884.15521738902,"OLAM_P026",50
"75186",-21621.605617389,"OLAM_P026",100
"75187",-14718.549937389,"OLAM_P026",25
"75188",-20409.558637389,"OLAM_P026",50
"75189",-21902.122397389,"OLAM_P026",100
"75190",-5569.104417389,"OLAM_P026",25
"75191",-16453.445937389,"OLAM_P026",50
"75192",-12843.848257389,"OLAM_P026",100
"75193",-5762.03035738901,"OLAM_P026",25
"75194",621.567862611002,"OLAM_P026",50
"75195",-2792.12478738901,"OLAM_P026",100
"75196",-3942.08996738901,"OLAM_P026",25
"75197",-7155.56821738902,"OLAM_P026",50
"75198",-10563.125857389,"OLAM_P026",100
"75199",2221.821462611,"OLAM_P026",25
"75200",-6318.38891738901,"OLAM_P026",50
"75201",-15223.503497389,"OLAM_P026",100
"75202",-268.875067389017,"OLAM_P026",25
"75203",-3246.910657389,"OLAM_P026",50
"75204",-25843.233117389,"OLAM_P026",100
"75205",4448.696122611,"OLAM_P026",25
"75206",-9507.25499738901,"OLAM_P026",50
"75207",-22050.048757389,"OLAM_P026",100
"75208",322.470252610976,"OLAM_P026",25
"75209",-4519.91466738901,"OLAM_P026",50
"75210",-14670.574507389,"OLAM_P026",100
"75211",548.389602610987,"OLAM_P026",25
"75212",-9847.04116738902,"OLAM_P026",50
"75213",-26439.172517389,"OLAM_P026",100
"75214",-2863.75416738901,"OLAM_P026",25
"75215",-22352.609107389,"OLAM_P026",50
"75216",-24366.530617389,"OLAM_P026",100
"75217",-3590.45995738902,"OLAM_P026",25
"75218",-11611.410357389,"OLAM_P026",50
"75219",854.299702610995,"OLAM_P026",100
"75220",-74.0442073890008,"OLAM_P026",25
"75221",-4948.39078738901,"OLAM_P026",50
"75222",-5953.42671738903,"OLAM_P026",100
"75223",-2334.432237389,"OLAM_P026",25
"75224",-9643.41802738901,"OLAM_P026",50
"75225",-17491.594997389,"OLAM_P026",100
"75226",-10878.544397389,"OLAM_P026",25
"75227",-6147.81324738901,"OLAM_P026",50
"75228",-2766.030837389,"OLAM_P026",100
"75229",514.680662610976,"OLAM_P026",25
"75230",3679.67927261099,"OLAM_P026",50
"75231",-23824.236447389,"OLAM_P026",100
"75232",5651.43076261098,"OLAM_P026",25
"75233",-5609.30943738902,"OLAM_P026",50
"75234",-19589.846597389,"OLAM_P026",100
"75235",-2500.92133738901,"OLAM_P026",25
"75236",6531.08471261099,"OLAM_P026",50
"75237",-19651.432677389,"OLAM_P026",100
"75238",55.5554126109928,"OLAM_P026",25
"75239",-10608.767847389,"OLAM_P026",50
"75240",-23800.571337389,"OLAM_P026",100
"75241",-3768.79981738902,"OLAM_P026",25
"75242",-11192.440787389,"OLAM_P026",50
"75243",-20445.561597389,"OLAM_P026",100
"75244",13004.499292611,"OLAM_P026",25
"75245",-20701.147327389,"OLAM_P026",50
"75246",-15277.365507389,"OLAM_P026",100
"75247",-3920.18804738901,"OLAM_P026",25
"75248",-7759.01061738902,"OLAM_P026",50
"75249",-23697.325247389,"OLAM_P026",100
"75250",22.0679326109821,"OLAM_P026",25
"75251",16646.894852611,"OLAM_P026",50
"75252",-21577.252267389,"OLAM_P026",100
"75253",1822.46604261099,"OLAM_P026",25
"75254",452.622832610999,"OLAM_P026",50
"75255",-22619.442977389,"OLAM_P026",100
"75256",8477.97256261099,"OLAM_P026",25
"75257",-5868.082517389,"OLAM_P026",50
"75258",-21841.831897389,"OLAM_P026",100
"75259",2173.549362611,"OLAM_P026",25
"75260",-19067.343557389,"OLAM_P026",50
"75261",-18858.144687389,"OLAM_P026",100
"75262",-2875.09237738902,"OLAM_P026",25
"75263",8987.19657261099,"OLAM_P026",50
"75264",4807.99873261098,"OLAM_P026",100
"75265",-769.707487389009,"OLAM_P026",25
"75266",-2898.09188738902,"OLAM_P026",50
"75267",-20355.503547389,"OLAM_P026",100
"75268",2841.930872611,"OLAM_P026",25
"75269",-8040.14455738902,"OLAM_P026",50
"75270",-7303.107437389,"OLAM_P026",100
"75271",-4757.13893738901,"OLAM_P026",25
"75272",-2567.628577389,"OLAM_P026",50
"75273",-16811.106887389,"OLAM_P026",100
"75274",-5270.69625738901,"OLAM_P026",25
"75275",-6423.145147389,"OLAM_P026",50
"75276",-16833.394357389,"OLAM_P026",100
"75277",588.142262610985,"OLAM_P026",25
"75278",-15205.245977389,"OLAM_P026",50
"75279",-10540.865137389,"OLAM_P026",100
"75280",-7145.98956738901,"OLAM_P026",25
"75281",19176.392542611,"OLAM_P026",50
"75282",-6844.58083738902,"OLAM_P026",100
"75283",-6485.468887389,"OLAM_P026",25
"75284",-10626.303287389,"OLAM_P026",50
"75285",-18749.444657389,"OLAM_P026",100
"75286",-5498.39403738902,"OLAM_P026",25
"75287",4433.84600261098,"OLAM_P026",50
"75288",-5083.51390738902,"OLAM_P026",100
"75289",-13648.123657389,"OLAM_P026",25
"75290",10537.778272611,"OLAM_P026",50
"75291",-18724.613597389,"OLAM_P026",100
"75292",9588.69610261099,"OLAM_P026",25
"75293",-14514.509317389,"OLAM_P026",50
"75294",-21302.217857389,"OLAM_P026",100
"75295",-5467.03897738902,"OLAM_P026",25
"75296",-3253.43419738903,"OLAM_P026",50
"75297",-18993.262967389,"OLAM_P026",100
"75298",2512.45254261099,"OLAM_P026",25
"75299",1207.246162611,"OLAM_P026",50
"75300",-20955.344537389,"OLAM_P026",100
"75301",-1138.62249082903,"OLAM_P027",25
"75302",-763.670000828977,"OLAM_P027",50
"75303",905.948209171009,"OLAM_P027",100
"75304",-49.3184808290098,"OLAM_P027",25
"75305",2248.30703917099,"OLAM_P027",50
"75306",4360.84184917097,"OLAM_P027",100
"75307",-1515.57366082899,"OLAM_P027",25
"75308",3606.31957917102,"OLAM_P027",50
"75309",27840.005389171,"OLAM_P027",100
"75310",-1069.75106082903,"OLAM_P027",25
"75311",2073.545039171,"OLAM_P027",50
"75312",17653.286289171,"OLAM_P027",100
"75313",-863.431210829003,"OLAM_P027",25
"75314",6201.29284917098,"OLAM_P027",50
"75315",-551.232480829,"OLAM_P027",100
"75316",-1149.93253082898,"OLAM_P027",25
"75317",1719.724199171,"OLAM_P027",50
"75318",-2925.26625082898,"OLAM_P027",100
"75319",9045.385249171,"OLAM_P027",25
"75320",11713.084339171,"OLAM_P027",50
"75321",13246.080819171,"OLAM_P027",100
"75322",1740.562139171,"OLAM_P027",25
"75323",2716.196839171,"OLAM_P027",50
"75324",-1307.74063082901,"OLAM_P027",100
"75325",374.242339171004,"OLAM_P027",25
"75326",5208.16958917101,"OLAM_P027",50
"75327",14979.847639171,"OLAM_P027",100
"75328",8824.64272917097,"OLAM_P027",25
"75329",-847.703940829029,"OLAM_P027",50
"75330",18842.726599171,"OLAM_P027",100
"75331",4200.16173917102,"OLAM_P027",25
"75332",11501.072309171,"OLAM_P027",50
"75333",-4625.88008082903,"OLAM_P027",100
"75334",2162.25327917101,"OLAM_P027",25
"75335",1616.35955917102,"OLAM_P027",50
"75336",22143.169479171,"OLAM_P027",100
"75337",-238.546660828986,"OLAM_P027",25
"75338",6330.31827917101,"OLAM_P027",50
"75339",6509.559739171,"OLAM_P027",100
"75340",-128.774160829023,"OLAM_P027",25
"75341",9675.15720917098,"OLAM_P027",50
"75342",14588.364489171,"OLAM_P027",100
"75343",-727.038390828995,"OLAM_P027",25
"75344",910.312799171021,"OLAM_P027",50
"75345",4869.06322917098,"OLAM_P027",100
"75346",-263.674660829012,"OLAM_P027",25
"75347",12913.816889171,"OLAM_P027",50
"75348",3064.56503917102,"OLAM_P027",100
"75349",7742.46493917098,"OLAM_P027",25
"75350",11098.892739171,"OLAM_P027",50
"75351",14841.170839171,"OLAM_P027",100
"75352",-462.806690828991,"OLAM_P027",25
"75353",-2688.61594082898,"OLAM_P027",50
"75354",8376.98964917101,"OLAM_P027",100
"75355",12348.678839171,"OLAM_P027",25
"75356",-3293.62792082899,"OLAM_P027",50
"75357",7674.30290917098,"OLAM_P027",100
"75358",-1566.99706082902,"OLAM_P027",25
"75359",305.881229171006,"OLAM_P027",50
"75360",6026.076839171,"OLAM_P027",100
"75361",3031.33323917101,"OLAM_P027",25
"75362",11250.200549171,"OLAM_P027",50
"75363",7068.70065917098,"OLAM_P027",100
"75364",2840.99506917101,"OLAM_P027",25
"75365",68.7156791709713,"OLAM_P027",50
"75366",20972.897159171,"OLAM_P027",100
"75367",3830.51453917101,"OLAM_P027",25
"75368",-111.405660828983,"OLAM_P027",50
"75369",948.637009171012,"OLAM_P027",100
"75370",37.7404391709715,"OLAM_P027",25
"75371",-748.899740829016,"OLAM_P027",50
"75372",876.290499171009,"OLAM_P027",100
"75373",8600.506259171,"OLAM_P027",25
"75374",8528.966669171,"OLAM_P027",50
"75375",-737.34198082902,"OLAM_P027",100
"75376",-1437.23628082901,"OLAM_P027",25
"75377",6892.63785917097,"OLAM_P027",50
"75378",11058.471699171,"OLAM_P027",100
"75379",-2029.42142082902,"OLAM_P027",25
"75380",16100.934809171,"OLAM_P027",50
"75381",2706.25803917099,"OLAM_P027",100
"75382",122.611059170973,"OLAM_P027",25
"75383",2003.41308917099,"OLAM_P027",50
"75384",-1475.41288082901,"OLAM_P027",100
"75385",-1290.88385082898,"OLAM_P027",25
"75386",-943.843380829028,"OLAM_P027",50
"75387",11554.819339171,"OLAM_P027",100
"75388",-1547.17059082899,"OLAM_P027",25
"75389",1467.66611917102,"OLAM_P027",50
"75390",14067.206239171,"OLAM_P027",100
"75391",10592.412729171,"OLAM_P027",25
"75392",4507.96096917102,"OLAM_P027",50
"75393",11679.104859171,"OLAM_P027",100
"75394",131.637559171009,"OLAM_P027",25
"75395",4169.27662917098,"OLAM_P027",50
"75396",1488.78220917098,"OLAM_P027",100
"75397",-730.484420828987,"OLAM_P027",25
"75398",-2547.44811082899,"OLAM_P027",50
"75399",11222.054289171,"OLAM_P027",100
"75400",52.3814591710106,"OLAM_P027",25
"75401",-157.967700829031,"OLAM_P027",50
"75402",-833.237060829008,"OLAM_P027",100
"75403",-1939.01070082898,"OLAM_P027",25
"75404",-1561.811630829,"OLAM_P027",50
"75405",1195.729649171,"OLAM_P027",100
"75406",-363.172890828981,"OLAM_P027",25
"75407",-1934.26288082899,"OLAM_P027",50
"75408",21066.252669171,"OLAM_P027",100
"75409",-1476.71536082902,"OLAM_P027",25
"75410",5401.35981917102,"OLAM_P027",50
"75411",2780.82337917102,"OLAM_P027",100
"75412",834.262439170969,"OLAM_P027",25
"75413",4834.41034917097,"OLAM_P027",50
"75414",-2557.32986082899,"OLAM_P027",100
"75415",-1771.61826082901,"OLAM_P027",25
"75416",2059.14343917102,"OLAM_P027",50
"75417",2023.67946917098,"OLAM_P027",100
"75418",-410.315160828992,"OLAM_P027",25
"75419",-1976.23612082901,"OLAM_P027",50
"75420",15846.938109171,"OLAM_P027",100
"75421",10764.676239171,"OLAM_P027",25
"75422",9152.42148917099,"OLAM_P027",50
"75423",6452.77379917097,"OLAM_P027",100
"75424",2410.64043917099,"OLAM_P027",25
"75425",-2281.86256082903,"OLAM_P027",50
"75426",22880.864469171,"OLAM_P027",100
"75427",-1024.58225082903,"OLAM_P027",25
"75428",620.381579170993,"OLAM_P027",50
"75429",6111.55636917101,"OLAM_P027",100
"75430",-347.017060828977,"OLAM_P027",25
"75431",-2582.47496082901,"OLAM_P027",50
"75432",6077.67051917099,"OLAM_P027",100
"75433",61.2645391710103,"OLAM_P027",25
"75434",3350.52474917099,"OLAM_P027",50
"75435",-1401.37712082901,"OLAM_P027",100
"75436",-483.27492082899,"OLAM_P027",25
"75437",11821.129299171,"OLAM_P027",50
"75438",-1812.527750829,"OLAM_P027",100
"75439",-443.626320829033,"OLAM_P027",25
"75440",-2289.58261082903,"OLAM_P027",50
"75441",-2749.21694082901,"OLAM_P027",100
"75442",11772.101439171,"OLAM_P027",25
"75443",9558.70065917098,"OLAM_P027",50
"75444",16364.592319171,"OLAM_P027",100
"75445",580.11490917101,"OLAM_P027",25
"75446",1539.74841917097,"OLAM_P027",50
"75447",2008.20184917102,"OLAM_P027",100
"75448",5926.16283917101,"OLAM_P027",25
"75449",238.986589170992,"OLAM_P027",50
"75450",5288.82625917101,"OLAM_P027",100
"75451",12461.475639171,"OLAM_P027",25
"75452",1058.43401917099,"OLAM_P027",50
"75453",8649.47213917098,"OLAM_P027",100
"75454",10663.486089171,"OLAM_P027",25
"75455",-1329.00718082901,"OLAM_P027",50
"75456",15551.297299171,"OLAM_P027",100
"75457",-233.332460828999,"OLAM_P027",25
"75458",2082.10854917101,"OLAM_P027",50
"75459",7784.90848917101,"OLAM_P027",100
"75460",-338.694590829022,"OLAM_P027",25
"75461",6375.12243917101,"OLAM_P027",50
"75462",725.826659170969,"OLAM_P027",100
"75463",12899.455539171,"OLAM_P027",25
"75464",-2133.53331082902,"OLAM_P027",50
"75465",-1994.54717082903,"OLAM_P027",100
"75466",6082.78303917102,"OLAM_P027",25
"75467",-2375.60291082901,"OLAM_P027",50
"75468",-1634.66587082902,"OLAM_P027",100
"75469",-798.653760829009,"OLAM_P027",25
"75470",2023.979359171,"OLAM_P027",50
"75471",820.330809171021,"OLAM_P027",100
"75472",-45.0496008290211,"OLAM_P027",25
"75473",12594.095949171,"OLAM_P027",50
"75474",8173.895699171,"OLAM_P027",100
"75475",-1161.80339082901,"OLAM_P027",25
"75476",3416.93792917102,"OLAM_P027",50
"75477",3719.39285917097,"OLAM_P027",100
"75478",-50.4525208289851,"OLAM_P027",25
"75479",-1258.16529082903,"OLAM_P027",50
"75480",17044.835379171,"OLAM_P027",100
"75481",500.541549170972,"OLAM_P027",25
"75482",11535.156679171,"OLAM_P027",50
"75483",16281.631369171,"OLAM_P027",100
"75484",977.300239171018,"OLAM_P027",25
"75485",9005.15884917101,"OLAM_P027",50
"75486",18447.013549171,"OLAM_P027",100
"75487",-804.560670829029,"OLAM_P027",25
"75488",9557.571029171,"OLAM_P027",50
"75489",693.038859170978,"OLAM_P027",100
"75490",-1609.40464082902,"OLAM_P027",25
"75491",2934.91047917097,"OLAM_P027",50
"75492",3156.976469171,"OLAM_P027",100
"75493",-1021.37953082903,"OLAM_P027",25
"75494",10255.302239171,"OLAM_P027",50
"75495",6895.80672917102,"OLAM_P027",100
"75496",3308.69163917098,"OLAM_P027",25
"75497",8725.334659171,"OLAM_P027",50
"75498",12177.342639171,"OLAM_P027",100
"75499",8079.83013917098,"OLAM_P027",25
"75500",2770.87070917099,"OLAM_P027",50
"75501",5857.36452917097,"OLAM_P027",100
"75502",348.478119170992,"OLAM_P027",25
"75503",-2531.839340829,"OLAM_P027",50
"75504",3778.70812917099,"OLAM_P027",100
"75505",2276.68003917101,"OLAM_P027",25
"75506",1606.03884917102,"OLAM_P027",50
"75507",7843.54687917099,"OLAM_P027",100
"75508",-2040.46556082903,"OLAM_P027",25
"75509",4385.45842917101,"OLAM_P027",50
"75510",18295.503429171,"OLAM_P027",100
"75511",955.287139170978,"OLAM_P027",25
"75512",10344.444049171,"OLAM_P027",50
"75513",4242.01625917101,"OLAM_P027",100
"75514",-1002.096190829,"OLAM_P027",25
"75515",-238.229880828992,"OLAM_P027",50
"75516",10491.276789171,"OLAM_P027",100
"75517",460.478039171023,"OLAM_P027",25
"75518",11573.983239171,"OLAM_P027",50
"75519",3281.87991917098,"OLAM_P027",100
"75520",-1179.98986082902,"OLAM_P027",25
"75521",2525.86260917102,"OLAM_P027",50
"75522",9707.80192917102,"OLAM_P027",100
"75523",-483.416190829012,"OLAM_P027",25
"75524",3637.39008917101,"OLAM_P027",50
"75525",8646.89009917097,"OLAM_P027",100
"75526",15546.370339171,"OLAM_P027",25
"75527",4280.32019917102,"OLAM_P027",50
"75528",6625.400699171,"OLAM_P027",100
"75529",2727.96503917099,"OLAM_P027",25
"75530",-1222.56641082902,"OLAM_P027",50
"75531",-123.725210828998,"OLAM_P027",100
"75532",-790.300180829014,"OLAM_P027",25
"75533",-1562.15941082902,"OLAM_P027",50
"75534",1865.31156917097,"OLAM_P027",100
"75535",-867.870130828989,"OLAM_P027",25
"75536",1655.09953917097,"OLAM_P027",50
"75537",5042.96418917098,"OLAM_P027",100
"75538",2978.136839171,"OLAM_P027",25
"75539",6520.21256917098,"OLAM_P027",50
"75540",-11.2067708289833,"OLAM_P027",100
"75541",4197.02603917097,"OLAM_P027",25
"75542",-2236.898920829,"OLAM_P027",50
"75543",15143.392819171,"OLAM_P027",100
"75544",-569.211760829028,"OLAM_P027",25
"75545",2412.18673917098,"OLAM_P027",50
"75546",1924.45376917097,"OLAM_P027",100
"75547",456.986109171005,"OLAM_P027",25
"75548",-1563.14270082902,"OLAM_P027",50
"75549",361.186369171017,"OLAM_P027",100
"75550",-1606.32644082903,"OLAM_P027",25
"75551",11757.165279171,"OLAM_P027",50
"75552",-2412.26564082899,"OLAM_P027",100
"75553",-395.064820829022,"OLAM_P027",25
"75554",-2092.474690829,"OLAM_P027",50
"75555",12172.064339171,"OLAM_P027",100
"75556",-120.278620828991,"OLAM_P027",25
"75557",7036.49054917099,"OLAM_P027",50
"75558",18600.292129171,"OLAM_P027",100
"75559",6718.12563917099,"OLAM_P027",25
"75560",4200.16281917098,"OLAM_P027",50
"75561",10331.953339171,"OLAM_P027",100
"75562",-214.223160828988,"OLAM_P027",25
"75563",13303.960339171,"OLAM_P027",50
"75564",1128.80993917101,"OLAM_P027",100
"75565",4671.80676917097,"OLAM_P027",25
"75566",9857.22739917098,"OLAM_P027",50
"75567",13659.256079171,"OLAM_P027",100
"75568",3884.76153917098,"OLAM_P027",25
"75569",-350.694250828994,"OLAM_P027",50
"75570",7393.18459917099,"OLAM_P027",100
"75571",-1768.11291082902,"OLAM_P027",25
"75572",-1153.05190082901,"OLAM_P027",50
"75573",8243.69033917098,"OLAM_P027",100
"75574",-193.793590829009,"OLAM_P027",25
"75575",4827.562949171,"OLAM_P027",50
"75576",3642.59739917098,"OLAM_P027",100
"75577",2551.19296917098,"OLAM_P027",25
"75578",1528.68686917098,"OLAM_P027",50
"75579",3193.69017917098,"OLAM_P027",100
"75580",-822.568150829,"OLAM_P027",25
"75581",4472.87014917098,"OLAM_P027",50
"75582",9386.931329171,"OLAM_P027",100
"75583",10109.899609171,"OLAM_P027",25
"75584",5712.69471917098,"OLAM_P027",50
"75585",11136.819659171,"OLAM_P027",100
"75586",-680.755560829013,"OLAM_P027",25
"75587",-1913.49214082898,"OLAM_P027",50
"75588",17200.829429171,"OLAM_P027",100
"75589",5553.80813917099,"OLAM_P027",25
"75590",-1192.83569082903,"OLAM_P027",50
"75591",1693.97358917102,"OLAM_P027",100
"75592",1884.764239171,"OLAM_P027",25
"75593",-584.620660829009,"OLAM_P027",50
"75594",-2994.10517082899,"OLAM_P027",100
"75595",5241.45413917099,"OLAM_P027",25
"75596",785.620389171003,"OLAM_P027",50
"75597",-293.796200829034,"OLAM_P027",100
"75598",11427.862969171,"OLAM_P027",25
"75599",-1848.02440082899,"OLAM_P027",50
"75600",19317.607949171,"OLAM_P027",100
"75601",-2301.66560410999,"OLAM_P028",25
"75602",-14534.11106411,"OLAM_P028",50
"75603",-23631.64730411,"OLAM_P028",100
"75604",101.56160589002,"OLAM_P028",25
"75605",-22183.44132411,"OLAM_P028",50
"75606",-12794.50572411,"OLAM_P028",100
"75607",-3195.37322410999,"OLAM_P028",25
"75608",-23266.27269411,"OLAM_P028",50
"75609",-22303.95601411,"OLAM_P028",100
"75610",-7204.68723411,"OLAM_P028",25
"75611",-22320.83272411,"OLAM_P028",50
"75612",-12453.49075411,"OLAM_P028",100
"75613",-17274.87624411,"OLAM_P028",25
"75614",-6191.36060410998,"OLAM_P028",50
"75615",-25336.83296411,"OLAM_P028",100
"75616",-4096.46509411,"OLAM_P028",25
"75617",-11880.93940411,"OLAM_P028",50
"75618",-26030.99491411,"OLAM_P028",100
"75619",-2214.79316410999,"OLAM_P028",25
"75620",-20458.51210411,"OLAM_P028",50
"75621",-24562.92078411,"OLAM_P028",100
"75622",-17361.66381411,"OLAM_P028",25
"75623",-12175.18751411,"OLAM_P028",50
"75624",-25185.26673411,"OLAM_P028",100
"75625",-2405.05613411,"OLAM_P028",25
"75626",-17403.51915411,"OLAM_P028",50
"75627",-13169.33556411,"OLAM_P028",100
"75628",1467.61005589002,"OLAM_P028",25
"75629",-19186.19677411,"OLAM_P028",50
"75630",-23219.90402411,"OLAM_P028",100
"75631",7073.68521589,"OLAM_P028",25
"75632",-10340.92387411,"OLAM_P028",50
"75633",-24069.62702411,"OLAM_P028",100
"75634",893.414615890011,"OLAM_P028",25
"75635",4770.75950589002,"OLAM_P028",50
"75636",-25701.73569411,"OLAM_P028",100
"75637",-11138.31269411,"OLAM_P028",25
"75638",-22689.82029411,"OLAM_P028",50
"75639",-20911.11198411,"OLAM_P028",100
"75640",-6700.97035410999,"OLAM_P028",25
"75641",-1692.54230410999,"OLAM_P028",50
"75642",-24163.10365411,"OLAM_P028",100
"75643",-16819.49836411,"OLAM_P028",25
"75644",-3334.60912410999,"OLAM_P028",50
"75645",-24609.47560411,"OLAM_P028",100
"75646",-115.94084410998,"OLAM_P028",25
"75647",-7764.27423410999,"OLAM_P028",50
"75648",-9097.99144410998,"OLAM_P028",100
"75649",-5139.82117410999,"OLAM_P028",25
"75650",-12219.18727411,"OLAM_P028",50
"75651",-26442.32382411,"OLAM_P028",100
"75652",-5105.92805410999,"OLAM_P028",25
"75653",-25576.74588411,"OLAM_P028",50
"75654",-26726.11538411,"OLAM_P028",100
"75655",-6366.30691410998,"OLAM_P028",25
"75656",-15434.73236411,"OLAM_P028",50
"75657",-24576.51853411,"OLAM_P028",100
"75658",12476.00566589,"OLAM_P028",25
"75659",-17953.07808411,"OLAM_P028",50
"75660",-23077.62072411,"OLAM_P028",100
"75661",-2091.58587410999,"OLAM_P028",25
"75662",-3464.38603410999,"OLAM_P028",50
"75663",-12246.66518411,"OLAM_P028",100
"75664",449.603705890011,"OLAM_P028",25
"75665",-11394.19011411,"OLAM_P028",50
"75666",-25476.62288411,"OLAM_P028",100
"75667",-7619.60754411,"OLAM_P028",25
"75668",-13537.77453411,"OLAM_P028",50
"75669",-12951.33272411,"OLAM_P028",100
"75670",-3232.48508411,"OLAM_P028",25
"75671",-19793.65566411,"OLAM_P028",50
"75672",-17835.99114411,"OLAM_P028",100
"75673",-4766.44811411,"OLAM_P028",25
"75674",-17378.44451411,"OLAM_P028",50
"75675",-23783.19022411,"OLAM_P028",100
"75676",-11511.66983411,"OLAM_P028",25
"75677",1032.26852589002,"OLAM_P028",50
"75678",-3620.25675410999,"OLAM_P028",100
"75679",-3414.97298410999,"OLAM_P028",25
"75680",-10882.60774411,"OLAM_P028",50
"75681",-5667.44347411,"OLAM_P028",100
"75682",-14426.54517411,"OLAM_P028",25
"75683",505.091035890015,"OLAM_P028",50
"75684",-16963.50748411,"OLAM_P028",100
"75685",6179.84251589002,"OLAM_P028",25
"75686",98.9104758900066,"OLAM_P028",50
"75687",-25322.70846411,"OLAM_P028",100
"75688",7637.06076589,"OLAM_P028",25
"75689",-5585.60686410998,"OLAM_P028",50
"75690",-18056.32676411,"OLAM_P028",100
"75691",-7474.97994410999,"OLAM_P028",25
"75692",-5219.94907410999,"OLAM_P028",50
"75693",-16981.73912411,"OLAM_P028",100
"75694",-2761.27704410999,"OLAM_P028",25
"75695",3998.39724589002,"OLAM_P028",50
"75696",-792.968164110003,"OLAM_P028",100
"75697",-15983.33921411,"OLAM_P028",25
"75698",-3971.28770410999,"OLAM_P028",50
"75699",-24521.14998411,"OLAM_P028",100
"75700",-293.77956410998,"OLAM_P028",25
"75701",-9130.45127410999,"OLAM_P028",50
"75702",-26154.52756411,"OLAM_P028",100
"75703",601.417945890018,"OLAM_P028",25
"75704",-15594.63723411,"OLAM_P028",50
"75705",-26135.73103411,"OLAM_P028",100
"75706",11959.25019589,"OLAM_P028",25
"75707",-15426.73189411,"OLAM_P028",50
"75708",-21454.55668411,"OLAM_P028",100
"75709",-9229.86227411,"OLAM_P028",25
"75710",-20682.02746411,"OLAM_P028",50
"75711",-23277.11195411,"OLAM_P028",100
"75712",565.989815890003,"OLAM_P028",25
"75713",-17219.87019411,"OLAM_P028",50
"75714",-21627.14124411,"OLAM_P028",100
"75715",655.18759589002,"OLAM_P028",25
"75716",-10335.72202411,"OLAM_P028",50
"75717",-25154.23929411,"OLAM_P028",100
"75718",-5948.24830410999,"OLAM_P028",25
"75719",-5594.98072410999,"OLAM_P028",50
"75720",-18095.15369411,"OLAM_P028",100
"75721",1014.98468589,"OLAM_P028",25
"75722",-21658.82779411,"OLAM_P028",50
"75723",-24325.83028411,"OLAM_P028",100
"75724",294.600195890001,"OLAM_P028",25
"75725",-15575.06439411,"OLAM_P028",50
"75726",-24354.31243411,"OLAM_P028",100
"75727",3001.86847589002,"OLAM_P028",25
"75728",-22196.13977411,"OLAM_P028",50
"75729",-20175.63868411,"OLAM_P028",100
"75730",-15383.58835411,"OLAM_P028",25
"75731",-12499.85909411,"OLAM_P028",50
"75732",-21945.18580411,"OLAM_P028",100
"75733",488.200945890014,"OLAM_P028",25
"75734",-9993.05534410999,"OLAM_P028",50
"75735",-20502.53393411,"OLAM_P028",100
"75736",-5223.82324411,"OLAM_P028",25
"75737",-18398.79701411,"OLAM_P028",50
"75738",-12346.20461411,"OLAM_P028",100
"75739",-17845.09201411,"OLAM_P028",25
"75740",-4695.87086410999,"OLAM_P028",50
"75741",-22455.46172411,"OLAM_P028",100
"75742",-2388.29195411,"OLAM_P028",25
"75743",-7247.75176410998,"OLAM_P028",50
"75744",-12719.00079411,"OLAM_P028",100
"75745",4702.34191589002,"OLAM_P028",25
"75746",-11603.09272411,"OLAM_P028",50
"75747",-25340.09769411,"OLAM_P028",100
"75748",-18569.90861411,"OLAM_P028",25
"75749",-4554.49166410998,"OLAM_P028",50
"75750",-25502.73598411,"OLAM_P028",100
"75751",-2289.47551411,"OLAM_P028",25
"75752",-7979.54724410998,"OLAM_P028",50
"75753",-21933.77169411,"OLAM_P028",100
"75754",-231.854224109993,"OLAM_P028",25
"75755",5370.17818589002,"OLAM_P028",50
"75756",-26600.51149411,"OLAM_P028",100
"75757",-1163.92279411,"OLAM_P028",25
"75758",-12613.18464411,"OLAM_P028",50
"75759",-9542.59995410999,"OLAM_P028",100
"75760",-109.500414109993,"OLAM_P028",25
"75761",-18068.12783411,"OLAM_P028",50
"75762",-25779.88004411,"OLAM_P028",100
"75763",-10935.22108411,"OLAM_P028",25
"75764",-4980.77349410999,"OLAM_P028",50
"75765",-25505.92534411,"OLAM_P028",100
"75766",-5008.74169410999,"OLAM_P028",25
"75767",-12889.21516411,"OLAM_P028",50
"75768",-24972.37466411,"OLAM_P028",100
"75769",-13180.48946411,"OLAM_P028",25
"75770",-4914.90902410999,"OLAM_P028",50
"75771",-1367.99785411,"OLAM_P028",100
"75772",-5266.96762411,"OLAM_P028",25
"75773",-5819.29694410998,"OLAM_P028",50
"75774",-22307.84651411,"OLAM_P028",100
"75775",8795.35964589001,"OLAM_P028",25
"75776",-11624.81355411,"OLAM_P028",50
"75777",-23364.50021411,"OLAM_P028",100
"75778",-7967.67958411,"OLAM_P028",25
"75779",-12200.02044411,"OLAM_P028",50
"75780",-23121.75845411,"OLAM_P028",100
"75781",-5253.23429410999,"OLAM_P028",25
"75782",-13209.26447411,"OLAM_P028",50
"75783",-23529.81047411,"OLAM_P028",100
"75784",-12181.22409411,"OLAM_P028",25
"75785",-17129.40879411,"OLAM_P028",50
"75786",-25361.08786411,"OLAM_P028",100
"75787",-7543.71844411,"OLAM_P028",25
"75788",-22065.88588411,"OLAM_P028",50
"75789",-25117.65543411,"OLAM_P028",100
"75790",366.545965890022,"OLAM_P028",25
"75791",740.996875890007,"OLAM_P028",50
"75792",-21876.05429411,"OLAM_P028",100
"75793",-8145.71732411,"OLAM_P028",25
"75794",-11183.48495411,"OLAM_P028",50
"75795",-22387.39149411,"OLAM_P028",100
"75796",-1530.27873411,"OLAM_P028",25
"75797",-10938.08793411,"OLAM_P028",50
"75798",-23094.70392411,"OLAM_P028",100
"75799",-16386.35116411,"OLAM_P028",25
"75800",-4496.14367410999,"OLAM_P028",50
"75801",-11242.31953411,"OLAM_P028",100
"75802",-7033.83039410999,"OLAM_P028",25
"75803",-15105.15615411,"OLAM_P028",50
"75804",-23988.89519411,"OLAM_P028",100
"75805",791.357045890007,"OLAM_P028",25
"75806",-725.888684109988,"OLAM_P028",50
"75807",-9859.24660410998,"OLAM_P028",100
"75808",-16713.16822411,"OLAM_P028",25
"75809",-12274.17438411,"OLAM_P028",50
"75810",-24225.45833411,"OLAM_P028",100
"75811",-3404.92040410999,"OLAM_P028",25
"75812",-20503.77537411,"OLAM_P028",50
"75813",-26335.99206411,"OLAM_P028",100
"75814",-8791.55815411,"OLAM_P028",25
"75815",-13340.99566411,"OLAM_P028",50
"75816",-23949.34731411,"OLAM_P028",100
"75817",-4784.80329411,"OLAM_P028",25
"75818",-14030.68040411,"OLAM_P028",50
"75819",-16804.63626411,"OLAM_P028",100
"75820",-9392.73609410999,"OLAM_P028",25
"75821",-13002.87018411,"OLAM_P028",50
"75822",-16104.33546411,"OLAM_P028",100
"75823",-628.49235411,"OLAM_P028",25
"75824",-18732.24435411,"OLAM_P028",50
"75825",-23757.92700411,"OLAM_P028",100
"75826",-4586.13739410999,"OLAM_P028",25
"75827",-18648.15051411,"OLAM_P028",50
"75828",-25008.75421411,"OLAM_P028",100
"75829",-3450.81190410999,"OLAM_P028",25
"75830",-2932.82287410999,"OLAM_P028",50
"75831",-21220.64874411,"OLAM_P028",100
"75832",8822.44768589002,"OLAM_P028",25
"75833",-13064.29566411,"OLAM_P028",50
"75834",-25353.15979411,"OLAM_P028",100
"75835",-252.483024109999,"OLAM_P028",25
"75836",-6989.82560411,"OLAM_P028",50
"75837",-23750.60187411,"OLAM_P028",100
"75838",-5541.79949410999,"OLAM_P028",25
"75839",-17512.81460411,"OLAM_P028",50
"75840",-24192.40001411,"OLAM_P028",100
"75841",-4474.14951410999,"OLAM_P028",25
"75842",-18355.10477411,"OLAM_P028",50
"75843",-12783.22409411,"OLAM_P028",100
"75844",-5434.51512411,"OLAM_P028",25
"75845",-14106.87582411,"OLAM_P028",50
"75846",-25343.02331411,"OLAM_P028",100
"75847",-15526.52631411,"OLAM_P028",25
"75848",-10201.95633411,"OLAM_P028",50
"75849",-14006.79688411,"OLAM_P028",100
"75850",-15237.19501411,"OLAM_P028",25
"75851",-5458.69303410999,"OLAM_P028",50
"75852",-14755.89188411,"OLAM_P028",100
"75853",-9172.11698410999,"OLAM_P028",25
"75854",-9209.28863410999,"OLAM_P028",50
"75855",-9910.42142410998,"OLAM_P028",100
"75856",1290.20275589,"OLAM_P028",25
"75857",-21986.39406411,"OLAM_P028",50
"75858",-25580.37369411,"OLAM_P028",100
"75859",-8944.00598410999,"OLAM_P028",25
"75860",-5370.51826411,"OLAM_P028",50
"75861",-16806.59676411,"OLAM_P028",100
"75862",-7239.49286410998,"OLAM_P028",25
"75863",-5784.81695410999,"OLAM_P028",50
"75864",-26497.03838411,"OLAM_P028",100
"75865",-12256.95961411,"OLAM_P028",25
"75866",-5532.79404410999,"OLAM_P028",50
"75867",-23542.82294411,"OLAM_P028",100
"75868",-1688.43761410998,"OLAM_P028",25
"75869",-9223.02742410998,"OLAM_P028",50
"75870",-23285.56080411,"OLAM_P028",100
"75871",966.882855889999,"OLAM_P028",25
"75872",-17544.69624411,"OLAM_P028",50
"75873",-16322.54794411,"OLAM_P028",100
"75874",-3782.54818411,"OLAM_P028",25
"75875",-20861.32526411,"OLAM_P028",50
"75876",-15888.19274411,"OLAM_P028",100
"75877",846.128825890017,"OLAM_P028",25
"75878",-5358.11291411,"OLAM_P028",50
"75879",-24024.72846411,"OLAM_P028",100
"75880",-8628.09319410998,"OLAM_P028",25
"75881",-6649.64396410999,"OLAM_P028",50
"75882",-20446.14461411,"OLAM_P028",100
"75883",-16784.96979411,"OLAM_P028",25
"75884",-13978.60740411,"OLAM_P028",50
"75885",-25456.99189411,"OLAM_P028",100
"75886",-4297.34411410999,"OLAM_P028",25
"75887",-20262.04184411,"OLAM_P028",50
"75888",-795.653234109981,"OLAM_P028",100
"75889",-5439.15095410999,"OLAM_P028",25
"75890",-4572.38208411,"OLAM_P028",50
"75891",-24305.83383411,"OLAM_P028",100
"75892",1802.97727589001,"OLAM_P028",25
"75893",-12529.92521411,"OLAM_P028",50
"75894",-27067.82452411,"OLAM_P028",100
"75895",-170.815904110001,"OLAM_P028",25
"75896",-12935.06052411,"OLAM_P028",50
"75897",-22890.47064411,"OLAM_P028",100
"75898",-1390.24717411,"OLAM_P028",25
"75899",-7319.95819410999,"OLAM_P028",50
"75900",-24485.19786411,"OLAM_P028",100
"75901",-651.287223140011,"OLAM_P029",25
"75902",-338.405443140015,"OLAM_P029",50
"75903",1162.43977685999,"OLAM_P029",100
"75904",-827.615253140015,"OLAM_P029",25
"75905",1769.41212686,"OLAM_P029",50
"75906",-1242.51216314001,"OLAM_P029",100
"75907",1801.52520685999,"OLAM_P029",25
"75908",-2168.11621314001,"OLAM_P029",50
"75909",-813.085453140011,"OLAM_P029",100
"75910",163.310476859988,"OLAM_P029",25
"75911",648.469426859985,"OLAM_P029",50
"75912",731.348076859998,"OLAM_P029",100
"75913",-1210.72671314001,"OLAM_P029",25
"75914",-2678.38928314,"OLAM_P029",50
"75915",19129.58272686,"OLAM_P029",100
"75916",-67.2947931400122,"OLAM_P029",25
"75917",-1375.35385314001,"OLAM_P029",50
"75918",-1922.84561314,"OLAM_P029",100
"75919",-382.221973140011,"OLAM_P029",25
"75920",-2075.23529314001,"OLAM_P029",50
"75921",-2364.73001314001,"OLAM_P029",100
"75922",-613.343183140008,"OLAM_P029",25
"75923",1692.29800685999,"OLAM_P029",50
"75924",-1796.60772314001,"OLAM_P029",100
"75925",2459.99613685999,"OLAM_P029",25
"75926",1379.32847686,"OLAM_P029",50
"75927",-494.389153140015,"OLAM_P029",100
"75928",3740.70025685999,"OLAM_P029",25
"75929",1207.71193686,"OLAM_P029",50
"75930",-2810.36030314001,"OLAM_P029",100
"75931",144.765796859996,"OLAM_P029",25
"75932",1765.52531685999,"OLAM_P029",50
"75933",-2011.00798314001,"OLAM_P029",100
"75934",-1258.97995314001,"OLAM_P029",25
"75935",-243.950493140001,"OLAM_P029",50
"75936",1749.83405686,"OLAM_P029",100
"75937",-88.6037031400047,"OLAM_P029",25
"75938",-1788.97826314,"OLAM_P029",50
"75939",727.21131685999,"OLAM_P029",100
"75940",-1023.06367314,"OLAM_P029",25
"75941",-538.622863140001,"OLAM_P029",50
"75942",-56.5700631400105,"OLAM_P029",100
"75943",-805.381193140012,"OLAM_P029",25
"75944",19616.82857686,"OLAM_P029",50
"75945",-2671.34624314001,"OLAM_P029",100
"75946",-2171.93067314001,"OLAM_P029",25
"75947",-2066.95575314001,"OLAM_P029",50
"75948",-2135.08617314001,"OLAM_P029",100
"75949",-2107.91280314,"OLAM_P029",25
"75950",94.0033568599902,"OLAM_P029",50
"75951",-1005.83126314,"OLAM_P029",100
"75952",-736.891303140001,"OLAM_P029",25
"75953",-1037.08402314001,"OLAM_P029",50
"75954",-510.118083140012,"OLAM_P029",100
"75955",73.7903268599912,"OLAM_P029",25
"75956",2.57809685998654,"OLAM_P029",50
"75957",-1297.81387314001,"OLAM_P029",100
"75958",-176.331513140001,"OLAM_P029",25
"75959",229.966896859987,"OLAM_P029",50
"75960",-1709.17099314001,"OLAM_P029",100
"75961",178.870236859992,"OLAM_P029",25
"75962",-2136.62029314,"OLAM_P029",50
"75963",-3331.00688314001,"OLAM_P029",100
"75964",17204.54737686,"OLAM_P029",25
"75965",-769.753183140012,"OLAM_P029",50
"75966",-1901.73500314001,"OLAM_P029",100
"75967",-980.079663140001,"OLAM_P029",25
"75968",-2076.22572314001,"OLAM_P029",50
"75969",1868.33922685999,"OLAM_P029",100
"75970",-1091.48325314,"OLAM_P029",25
"75971",-2525.43929314001,"OLAM_P029",50
"75972",-1578.67603314001,"OLAM_P029",100
"75973",-1731.20834314001,"OLAM_P029",25
"75974",-666.162813140007,"OLAM_P029",50
"75975",1378.54899685999,"OLAM_P029",100
"75976",-608.362933140001,"OLAM_P029",25
"75977",-1136.52989314,"OLAM_P029",50
"75978",-2692.97549314001,"OLAM_P029",100
"75979",-241.578973140015,"OLAM_P029",25
"75980",-2041.42331314001,"OLAM_P029",50
"75981",-1181.17143314001,"OLAM_P029",100
"75982",-735.737713140014,"OLAM_P029",25
"75983",-2314.73514314,"OLAM_P029",50
"75984",18252.83674686,"OLAM_P029",100
"75985",20564.99026686,"OLAM_P029",25
"75986",-1867.30560314,"OLAM_P029",50
"75987",-2386.45541314001,"OLAM_P029",100
"75988",-1516.63989314,"OLAM_P029",25
"75989",-885.961463140004,"OLAM_P029",50
"75990",-743.190383140012,"OLAM_P029",100
"75991",-1052.57031314001,"OLAM_P029",25
"75992",-1394.43629314001,"OLAM_P029",50
"75993",-1032.33674314001,"OLAM_P029",100
"75994",973.731236859996,"OLAM_P029",25
"75995",-630.570053140007,"OLAM_P029",50
"75996",-891.276843140004,"OLAM_P029",100
"75997",-565.810853140007,"OLAM_P029",25
"75998",-1911.13522314001,"OLAM_P029",50
"75999",-258.711643140006,"OLAM_P029",100
"76000",-2212.82392314001,"OLAM_P029",25
"76001",-1249.28161314,"OLAM_P029",50
"76002",18634.39077686,"OLAM_P029",100
"76003",-1213.17130314001,"OLAM_P029",25
"76004",-54.6068131400098,"OLAM_P029",50
"76005",-1412.40987314,"OLAM_P029",100
"76006",-1633.24869314001,"OLAM_P029",25
"76007",3188.25358686,"OLAM_P029",50
"76008",-2020.54448314001,"OLAM_P029",100
"76009",-480.962183140015,"OLAM_P029",25
"76010",-963.478113140009,"OLAM_P029",50
"76011",-2881.80594314,"OLAM_P029",100
"76012",-854.563083140005,"OLAM_P029",25
"76013",-1511.68868314,"OLAM_P029",50
"76014",-3669.48222314,"OLAM_P029",100
"76015",-1450.54663314001,"OLAM_P029",25
"76016",178.475176859996,"OLAM_P029",50
"76017",-1963.19013314001,"OLAM_P029",100
"76018",175.654596859997,"OLAM_P029",25
"76019",952.066996859998,"OLAM_P029",50
"76020",-883.910523140003,"OLAM_P029",100
"76021",82.2364568599878,"OLAM_P029",25
"76022",-1713.48008314001,"OLAM_P029",50
"76023",16774.68706686,"OLAM_P029",100
"76024",-1380.44160314,"OLAM_P029",25
"76025",-1999.70696314001,"OLAM_P029",50
"76026",-2371.44198314,"OLAM_P029",100
"76027",-11.1738131400052,"OLAM_P029",25
"76028",-1639.05793314001,"OLAM_P029",50
"76029",-1448.42286314,"OLAM_P029",100
"76030",-1678.10418314001,"OLAM_P029",25
"76031",-2073.28943314,"OLAM_P029",50
"76032",313.787206859997,"OLAM_P029",100
"76033",1390.05035686,"OLAM_P029",25
"76034",-1124.61435314,"OLAM_P029",50
"76035",505.809956859986,"OLAM_P029",100
"76036",-1497.41164314,"OLAM_P029",25
"76037",-631.367163140007,"OLAM_P029",50
"76038",-1874.97666314001,"OLAM_P029",100
"76039",-982.981333140007,"OLAM_P029",25
"76040",-2384.21172314,"OLAM_P029",50
"76041",-962.035403140006,"OLAM_P029",100
"76042",-679.910003140001,"OLAM_P029",25
"76043",-1478.16286314001,"OLAM_P029",50
"76044",16735.15045686,"OLAM_P029",100
"76045",-801.648203140008,"OLAM_P029",25
"76046",-1900.36183314001,"OLAM_P029",50
"76047",496.403276859986,"OLAM_P029",100
"76048",-762.447573140002,"OLAM_P029",25
"76049",2193.30379686,"OLAM_P029",50
"76050",-1740.59450314,"OLAM_P029",100
"76051",16422.50653686,"OLAM_P029",25
"76052",-2272.89047314001,"OLAM_P029",50
"76053",3080.53008685999,"OLAM_P029",100
"76054",-2454.39868314001,"OLAM_P029",25
"76055",319.362656859987,"OLAM_P029",50
"76056",2129.89949685999,"OLAM_P029",100
"76057",-1555.11800314001,"OLAM_P029",25
"76058",-68.0879431400099,"OLAM_P029",50
"76059",-828.648943140011,"OLAM_P029",100
"76060",-120.232503140011,"OLAM_P029",25
"76061",-1245.17460314001,"OLAM_P029",50
"76062",-2254.74314314,"OLAM_P029",100
"76063",-507.340423140005,"OLAM_P029",25
"76064",-1462.90481314,"OLAM_P029",50
"76065",-2971.70201314001,"OLAM_P029",100
"76066",748.487856859996,"OLAM_P029",25
"76067",-919.618813140012,"OLAM_P029",50
"76068",-1668.69503314001,"OLAM_P029",100
"76069",-1354.81547314001,"OLAM_P029",25
"76070",1863.43656685999,"OLAM_P029",50
"76071",-1660.80427314001,"OLAM_P029",100
"76072",-1272.64104314001,"OLAM_P029",25
"76073",15624.26518686,"OLAM_P029",50
"76074",-363.067613140011,"OLAM_P029",100
"76075",33782.39385686,"OLAM_P029",25
"76076",-436.999633140003,"OLAM_P029",50
"76077",-2325.30607314,"OLAM_P029",100
"76078",500.348946859987,"OLAM_P029",25
"76079",-278.023973140007,"OLAM_P029",50
"76080",-878.560743140013,"OLAM_P029",100
"76081",-459.594523140011,"OLAM_P029",25
"76082",-1048.95112314001,"OLAM_P029",50
"76083",-907.087063140003,"OLAM_P029",100
"76084",-95.4120631400147,"OLAM_P029",25
"76085",-1617.55793314001,"OLAM_P029",50
"76086",-2151.88081314001,"OLAM_P029",100
"76087",-634.669583140014,"OLAM_P029",25
"76088",-946.913463140008,"OLAM_P029",50
"76089",-3156.61312314001,"OLAM_P029",100
"76090",-977.752673140014,"OLAM_P029",25
"76091",-2261.75013314001,"OLAM_P029",50
"76092",-2047.02933314,"OLAM_P029",100
"76093",-1285.87283314001,"OLAM_P029",25
"76094",-1671.05670314001,"OLAM_P029",50
"76095",-2074.72323314,"OLAM_P029",100
"76096",883.919786859988,"OLAM_P029",25
"76097",-1219.96013314,"OLAM_P029",50
"76098",-3850.74410314001,"OLAM_P029",100
"76099",654.926136859998,"OLAM_P029",25
"76100",2459.28667685999,"OLAM_P029",50
"76101",-3038.45304314001,"OLAM_P029",100
"76102",-1676.35908314001,"OLAM_P029",25
"76103",-2903.91451314001,"OLAM_P029",50
"76104",-1894.03009314001,"OLAM_P029",100
"76105",-768.800573140004,"OLAM_P029",25
"76106",-1963.86727314001,"OLAM_P029",50
"76107",-1796.43349314001,"OLAM_P029",100
"76108",-1263.41098314001,"OLAM_P029",25
"76109",-1960.56780314,"OLAM_P029",50
"76110",16088.94009686,"OLAM_P029",100
"76111",863.015936859985,"OLAM_P029",25
"76112",-1815.41995314001,"OLAM_P029",50
"76113",-3742.14445314,"OLAM_P029",100
"76114",-646.247703140005,"OLAM_P029",25
"76115",-379.746103140002,"OLAM_P029",50
"76116",-3203.95564314001,"OLAM_P029",100
"76117",-475.730533140013,"OLAM_P029",25
"76118",590.929896859991,"OLAM_P029",50
"76119",-2690.34738314,"OLAM_P029",100
"76120",-937.738883140002,"OLAM_P029",25
"76121",-1946.39072314001,"OLAM_P029",50
"76122",-2690.66330314001,"OLAM_P029",100
"76123",-562.03610314001,"OLAM_P029",25
"76124",-201.844213140008,"OLAM_P029",50
"76125",-2232.46050314001,"OLAM_P029",100
"76126",278.903156859989,"OLAM_P029",25
"76127",-133.911653140007,"OLAM_P029",50
"76128",-2785.35369314,"OLAM_P029",100
"76129",19774.55485686,"OLAM_P029",25
"76130",2410.25819686,"OLAM_P029",50
"76131",222.105636859997,"OLAM_P029",100
"76132",-1109.25689314,"OLAM_P029",25
"76133",-1634.31358314001,"OLAM_P029",50
"76134",-683.911063140011,"OLAM_P029",100
"76135",-549.169233140012,"OLAM_P029",25
"76136",19901.32994686,"OLAM_P029",50
"76137",2331.99204685999,"OLAM_P029",100
"76138",157.643696859988,"OLAM_P029",25
"76139",-368.060703140014,"OLAM_P029",50
"76140",-1590.41474314001,"OLAM_P029",100
"76141",-1930.57692314,"OLAM_P029",25
"76142",397.908796859992,"OLAM_P029",50
"76143",-3050.45848314001,"OLAM_P029",100
"76144",61.5785868599924,"OLAM_P029",25
"76145",-1762.70826314001,"OLAM_P029",50
"76146",-2002.51641314001,"OLAM_P029",100
"76147",2494.11509686,"OLAM_P029",25
"76148",96.6397968599922,"OLAM_P029",50
"76149",16021.08357686,"OLAM_P029",100
"76150",-458.995793140013,"OLAM_P029",25
"76151",1890.18859686,"OLAM_P029",50
"76152",-1209.84493314,"OLAM_P029",100
"76153",-135.856303140012,"OLAM_P029",25
"76154",-190.251663140007,"OLAM_P029",50
"76155",-2367.37947314001,"OLAM_P029",100
"76156",-571.081773140002,"OLAM_P029",25
"76157",-871.969633140005,"OLAM_P029",50
"76158",16142.80044686,"OLAM_P029",100
"76159",1125.63607686,"OLAM_P029",25
"76160",34.6956468599965,"OLAM_P029",50
"76161",-2553.00971314001,"OLAM_P029",100
"76162",-409.665623140012,"OLAM_P029",25
"76163",-745.430003140005,"OLAM_P029",50
"76164",-2033.45558314001,"OLAM_P029",100
"76165",-1016.78485314001,"OLAM_P029",25
"76166",15792.70094686,"OLAM_P029",50
"76167",-1296.93771314001,"OLAM_P029",100
"76168",265.795216859988,"OLAM_P029",25
"76169",-176.307323140005,"OLAM_P029",50
"76170",-2201.18659314001,"OLAM_P029",100
"76171",-63.5272431400081,"OLAM_P029",25
"76172",-980.780133140011,"OLAM_P029",50
"76173",-820.183023140009,"OLAM_P029",100
"76174",-1691.68213314001,"OLAM_P029",25
"76175",-1887.64655314,"OLAM_P029",50
"76176",-2393.15617314001,"OLAM_P029",100
"76177",-685.058013140006,"OLAM_P029",25
"76178",-2779.44746314001,"OLAM_P029",50
"76179",-2782.76531314001,"OLAM_P029",100
"76180",-2012.31004314001,"OLAM_P029",25
"76181",-859.43732314001,"OLAM_P029",50
"76182",-2567.36655314,"OLAM_P029",100
"76183",-1614.00461314,"OLAM_P029",25
"76184",-404.155153140004,"OLAM_P029",50
"76185",-2323.47503314001,"OLAM_P029",100
"76186",-172.850493140009,"OLAM_P029",25
"76187",-2778.79268314001,"OLAM_P029",50
"76188",-1831.40572314001,"OLAM_P029",100
"76189",-295.445943140003,"OLAM_P029",25
"76190",-3087.23114314,"OLAM_P029",50
"76191",-1905.30330314001,"OLAM_P029",100
"76192",-424.270663140007,"OLAM_P029",25
"76193",163.035736859994,"OLAM_P029",50
"76194",4084.70292685999,"OLAM_P029",100
"76195",-502.231703140002,"OLAM_P029",25
"76196",1564.54179685999,"OLAM_P029",50
"76197",-2394.63935314001,"OLAM_P029",100
"76198",-1769.18442314,"OLAM_P029",25
"76199",456.237286859992,"OLAM_P029",50
"76200",-2624.86427314,"OLAM_P029",100
"76201",-1620.49818455998,"OLAM_P030",25
"76202",-356.662414559978,"OLAM_P030",50
"76203",173.074855440005,"OLAM_P030",100
"76204",-847.918684559991,"OLAM_P030",25
"76205",449.984015440044,"OLAM_P030",50
"76206",-7265.27531455999,"OLAM_P030",100
"76207",-2319.40148455999,"OLAM_P030",25
"76208",18329.14316544,"OLAM_P030",50
"76209",-4187.09746456001,"OLAM_P030",100
"76210",3696.84980544,"OLAM_P030",25
"76211",8175.66601544002,"OLAM_P030",50
"76212",10155.17228544,"OLAM_P030",100
"76213",-1117.47033455997,"OLAM_P030",25
"76214",-1289.63396455999,"OLAM_P030",50
"76215",-8477.92701455997,"OLAM_P030",100
"76216",2819.96841544,"OLAM_P030",25
"76217",-3322.47003455996,"OLAM_P030",50
"76218",8839.21787544002,"OLAM_P030",100
"76219",5740.37852544,"OLAM_P030",25
"76220",783.779865440039,"OLAM_P030",50
"76221",-4631.07280455995,"OLAM_P030",100
"76222",-6147.10697456001,"OLAM_P030",25
"76223",-2013.75615455996,"OLAM_P030",50
"76224",4797.17590544,"OLAM_P030",100
"76225",9138.39691544004,"OLAM_P030",25
"76226",-1838.87463455996,"OLAM_P030",50
"76227",5609.46546544001,"OLAM_P030",100
"76228",7488.96209544002,"OLAM_P030",25
"76229",3979.11226544,"OLAM_P030",50
"76230",-5207.60594455997,"OLAM_P030",100
"76231",788.157745440025,"OLAM_P030",25
"76232",6665.66301543999,"OLAM_P030",50
"76233",-15.0669945600093,"OLAM_P030",100
"76234",11672.80281544,"OLAM_P030",25
"76235",5373.25333544001,"OLAM_P030",50
"76236",9270.36290544004,"OLAM_P030",100
"76237",-820.367044559971,"OLAM_P030",25
"76238",-3899.48007455998,"OLAM_P030",50
"76239",10120.93839544,"OLAM_P030",100
"76240",2678.53586544003,"OLAM_P030",25
"76241",3249.45183544001,"OLAM_P030",50
"76242",-6949.54003455996,"OLAM_P030",100
"76243",1353.61272544001,"OLAM_P030",25
"76244",-6497.18460455997,"OLAM_P030",50
"76245",-7342.38052455999,"OLAM_P030",100
"76246",3033.11096543999,"OLAM_P030",25
"76247",636.439715440036,"OLAM_P030",50
"76248",16077.77817544,"OLAM_P030",100
"76249",-1508.70543455996,"OLAM_P030",25
"76250",-2304.21303455997,"OLAM_P030",50
"76251",-5420.95464456,"OLAM_P030",100
"76252",-2587.84727455996,"OLAM_P030",25
"76253",-3457.60003455996,"OLAM_P030",50
"76254",-5003.46699455997,"OLAM_P030",100
"76255",-2230.16498455999,"OLAM_P030",25
"76256",-5189.92521456,"OLAM_P030",50
"76257",1332.58507544,"OLAM_P030",100
"76258",12146.72191544,"OLAM_P030",25
"76259",-5721.90438456001,"OLAM_P030",50
"76260",872.685905440012,"OLAM_P030",100
"76261",-358.974364559981,"OLAM_P030",25
"76262",-7313.08283455996,"OLAM_P030",50
"76263",4262.35509544,"OLAM_P030",100
"76264",-2356.16107455996,"OLAM_P030",25
"76265",7458.13426543999,"OLAM_P030",50
"76266",3233.56737544003,"OLAM_P030",100
"76267",1300.85151544004,"OLAM_P030",25
"76268",-5741.43624456,"OLAM_P030",50
"76269",-2918.74298455997,"OLAM_P030",100
"76270",1015.79053544003,"OLAM_P030",25
"76271",-2289.40797455999,"OLAM_P030",50
"76272",1418.55661544,"OLAM_P030",100
"76273",-1674.69361456,"OLAM_P030",25
"76274",-2102.63390456,"OLAM_P030",50
"76275",20130.31838544,"OLAM_P030",100
"76276",-2028.63423455996,"OLAM_P030",25
"76277",-6619.58248455997,"OLAM_P030",50
"76278",1481.96636543999,"OLAM_P030",100
"76279",5432.56666544004,"OLAM_P030",25
"76280",3032.33426544,"OLAM_P030",50
"76281",-11316.37667456,"OLAM_P030",100
"76282",13108.33471544,"OLAM_P030",25
"76283",4694.29262543999,"OLAM_P030",50
"76284",-5167.43639455998,"OLAM_P030",100
"76285",3054.84306544001,"OLAM_P030",25
"76286",2033.68516544002,"OLAM_P030",50
"76287",-2810.44167455996,"OLAM_P030",100
"76288",-294.799144560006,"OLAM_P030",25
"76289",1925.90947544004,"OLAM_P030",50
"76290",1535.75295544002,"OLAM_P030",100
"76291",-939.793834559969,"OLAM_P030",25
"76292",-4177.29240455996,"OLAM_P030",50
"76293",5360.12458544003,"OLAM_P030",100
"76294",379.210115440015,"OLAM_P030",25
"76295",-2864.13791455998,"OLAM_P030",50
"76296",2071.38741544,"OLAM_P030",100
"76297",-532.954774559999,"OLAM_P030",25
"76298",-3227.64667455998,"OLAM_P030",50
"76299",-2555.88477455999,"OLAM_P030",100
"76300",-1607.18398455996,"OLAM_P030",25
"76301",9976.69975544,"OLAM_P030",50
"76302",-11362.39816456,"OLAM_P030",100
"76303",793.378065439989,"OLAM_P030",25
"76304",-4248.88933455996,"OLAM_P030",50
"76305",-1855.70539456001,"OLAM_P030",100
"76306",2591.50296544004,"OLAM_P030",25
"76307",7447.32081544003,"OLAM_P030",50
"76308",8279.26962544001,"OLAM_P030",100
"76309",-3342.06063456001,"OLAM_P030",25
"76310",10637.85676544,"OLAM_P030",50
"76311",11134.66180544,"OLAM_P030",100
"76312",1260.72066544002,"OLAM_P030",25
"76313",2950.63822543999,"OLAM_P030",50
"76314",-686.294784559985,"OLAM_P030",100
"76315",930.631365440029,"OLAM_P030",25
"76316",-7925.29083456,"OLAM_P030",50
"76317",-5903.89208456001,"OLAM_P030",100
"76318",-1817.41162455996,"OLAM_P030",25
"76319",-5141.15056455997,"OLAM_P030",50
"76320",-3426.07954455999,"OLAM_P030",100
"76321",-5157.17647455999,"OLAM_P030",25
"76322",-4687.25343455997,"OLAM_P030",50
"76323",-11451.66789456,"OLAM_P030",100
"76324",-6036.42443456,"OLAM_P030",25
"76325",2997.62006544002,"OLAM_P030",50
"76326",5161.32236544002,"OLAM_P030",100
"76327",-933.339384560008,"OLAM_P030",25
"76328",1500.37181544001,"OLAM_P030",50
"76329",9070.78167544003,"OLAM_P030",100
"76330",6516.86056544003,"OLAM_P030",25
"76331",-3459.66245455999,"OLAM_P030",50
"76332",-6693.57867456001,"OLAM_P030",100
"76333",79.1588154400233,"OLAM_P030",25
"76334",-6497.39313455997,"OLAM_P030",50
"76335",9555.24461544002,"OLAM_P030",100
"76336",-267.506434559997,"OLAM_P030",25
"76337",-3977.19487455999,"OLAM_P030",50
"76338",1201.86376544001,"OLAM_P030",100
"76339",7577.36671544,"OLAM_P030",25
"76340",2498.36932544003,"OLAM_P030",50
"76341",3678.64177544002,"OLAM_P030",100
"76342",283.984535440046,"OLAM_P030",25
"76343",-3593.77042456,"OLAM_P030",50
"76344",-5911.07871455996,"OLAM_P030",100
"76345",-379.528504560003,"OLAM_P030",25
"76346",27569.16656544,"OLAM_P030",50
"76347",-5958.83617455995,"OLAM_P030",100
"76348",-2760.98001455999,"OLAM_P030",25
"76349",27.9499654400279,"OLAM_P030",50
"76350",-5866.14167455997,"OLAM_P030",100
"76351",2829.35053544003,"OLAM_P030",25
"76352",-4553.91501455999,"OLAM_P030",50
"76353",-630.852464559954,"OLAM_P030",100
"76354",-1177.84813455999,"OLAM_P030",25
"76355",-5228.96721455996,"OLAM_P030",50
"76356",866.60196544003,"OLAM_P030",100
"76357",5398.45906543999,"OLAM_P030",25
"76358",-7317.96049455996,"OLAM_P030",50
"76359",-294.926244559989,"OLAM_P030",100
"76360",6366.20846544002,"OLAM_P030",25
"76361",6316.64121544,"OLAM_P030",50
"76362",6978.98760544002,"OLAM_P030",100
"76363",-1810.82172456,"OLAM_P030",25
"76364",-1659.28558455996,"OLAM_P030",50
"76365",-4267.07259455998,"OLAM_P030",100
"76366",427.77841544,"OLAM_P030",25
"76367",3002.32002544001,"OLAM_P030",50
"76368",-1253.25042455998,"OLAM_P030",100
"76369",712.862565440009,"OLAM_P030",25
"76370",9324.46516543999,"OLAM_P030",50
"76371",-5691.62610455998,"OLAM_P030",100
"76372",568.116475440038,"OLAM_P030",25
"76373",-8419.66143455997,"OLAM_P030",50
"76374",-4352.22450456,"OLAM_P030",100
"76375",2462.51436544,"OLAM_P030",25
"76376",-1054.59657455998,"OLAM_P030",50
"76377",5800.23231544002,"OLAM_P030",100
"76378",896.70041544002,"OLAM_P030",25
"76379",6616.47096544004,"OLAM_P030",50
"76380",-2327.05398455996,"OLAM_P030",100
"76381",-3446.50693455996,"OLAM_P030",25
"76382",6113.41931544,"OLAM_P030",50
"76383",6333.35506544,"OLAM_P030",100
"76384",-849.293234559998,"OLAM_P030",25
"76385",1714.71271544002,"OLAM_P030",50
"76386",-6009.33652456,"OLAM_P030",100
"76387",5383.78976544004,"OLAM_P030",25
"76388",4508.66415544,"OLAM_P030",50
"76389",-1284.31703455996,"OLAM_P030",100
"76390",500.179615440022,"OLAM_P030",25
"76391",-910.272534560005,"OLAM_P030",50
"76392",5989.21388544003,"OLAM_P030",100
"76393",7226.75286544004,"OLAM_P030",25
"76394",-2294.74882455997,"OLAM_P030",50
"76395",-11011.61058456,"OLAM_P030",100
"76396",6904.29271544004,"OLAM_P030",25
"76397",10934.08586544,"OLAM_P030",50
"76398",-7345.41525456001,"OLAM_P030",100
"76399",-7363.79006455996,"OLAM_P030",25
"76400",-2115.99274456,"OLAM_P030",50
"76401",5942.79878544004,"OLAM_P030",100
"76402",8787.52821543999,"OLAM_P030",25
"76403",-605.628984559968,"OLAM_P030",50
"76404",-5415.69431455998,"OLAM_P030",100
"76405",521.699695440009,"OLAM_P030",25
"76406",-2428.80276455998,"OLAM_P030",50
"76407",-3851.58201456,"OLAM_P030",100
"76408",4137.52257544,"OLAM_P030",25
"76409",-2674.06210455997,"OLAM_P030",50
"76410",3008.82456544001,"OLAM_P030",100
"76411",3241.98803544004,"OLAM_P030",25
"76412",20575.38091544,"OLAM_P030",50
"76413",-4034.73264455999,"OLAM_P030",100
"76414",-6388.64504455996,"OLAM_P030",25
"76415",-6096.17703456001,"OLAM_P030",50
"76416",366.838575439993,"OLAM_P030",100
"76417",-4279.53411456,"OLAM_P030",25
"76418",1319.31371544005,"OLAM_P030",50
"76419",-2769.03273455997,"OLAM_P030",100
"76420",-1775.01653456001,"OLAM_P030",25
"76421",6295.22721544001,"OLAM_P030",50
"76422",-7575.34166455996,"OLAM_P030",100
"76423",1262.66361544002,"OLAM_P030",25
"76424",1713.87726544001,"OLAM_P030",50
"76425",17005.53878544,"OLAM_P030",100
"76426",1860.82866544003,"OLAM_P030",25
"76427",-1489.66126456001,"OLAM_P030",50
"76428",2736.66776544001,"OLAM_P030",100
"76429",1316.28391544003,"OLAM_P030",25
"76430",-2936.73833456001,"OLAM_P030",50
"76431",-7464.73288455995,"OLAM_P030",100
"76432",-1599.82073455997,"OLAM_P030",25
"76433",11146.49298544,"OLAM_P030",50
"76434",4832.39674544003,"OLAM_P030",100
"76435",-4917.81878455996,"OLAM_P030",25
"76436",-1215.41349455999,"OLAM_P030",50
"76437",-2250.54127455998,"OLAM_P030",100
"76438",-816.103734559962,"OLAM_P030",25
"76439",-9008.15821456001,"OLAM_P030",50
"76440",-2430.90790455998,"OLAM_P030",100
"76441",-7174.49333455996,"OLAM_P030",25
"76442",-2728.77953455999,"OLAM_P030",50
"76443",-2859.51597456,"OLAM_P030",100
"76444",-4642.57267456001,"OLAM_P030",25
"76445",-5233.35208455997,"OLAM_P030",50
"76446",-7477.16189455998,"OLAM_P030",100
"76447",-2139.72828455997,"OLAM_P030",25
"76448",-2916.22114455997,"OLAM_P030",50
"76449",-4826.40996456001,"OLAM_P030",100
"76450",-3339.28728455998,"OLAM_P030",25
"76451",6323.12986544002,"OLAM_P030",50
"76452",1343.28481544001,"OLAM_P030",100
"76453",-3393.57403456001,"OLAM_P030",25
"76454",1523.47067544004,"OLAM_P030",50
"76455",-3446.39094456,"OLAM_P030",100
"76456",9193.91201544,"OLAM_P030",25
"76457",5490.95175544004,"OLAM_P030",50
"76458",9492.96473544004,"OLAM_P030",100
"76459",-1320.60458455997,"OLAM_P030",25
"76460",2914.82976544002,"OLAM_P030",50
"76461",3205.97589544003,"OLAM_P030",100
"76462",4982.81236544001,"OLAM_P030",25
"76463",2503.34988544002,"OLAM_P030",50
"76464",-4764.13201455999,"OLAM_P030",100
"76465",-2474.30872455996,"OLAM_P030",25
"76466",-4397.72709455999,"OLAM_P030",50
"76467",9914.05670544005,"OLAM_P030",100
"76468",2990.49326543999,"OLAM_P030",25
"76469",-1922.69013455999,"OLAM_P030",50
"76470",-10559.31128456,"OLAM_P030",100
"76471",3451.04526544001,"OLAM_P030",25
"76472",-5507.32490456,"OLAM_P030",50
"76473",70.302545440034,"OLAM_P030",100
"76474",-8827.50388455996,"OLAM_P030",25
"76475",578.201925439993,"OLAM_P030",50
"76476",1327.53138544003,"OLAM_P030",100
"76477",-755.67868456,"OLAM_P030",25
"76478",-7662.20739455998,"OLAM_P030",50
"76479",-7670.11949456,"OLAM_P030",100
"76480",3043.59836544003,"OLAM_P030",25
"76481",3503.61711544002,"OLAM_P030",50
"76482",13007.93674544,"OLAM_P030",100
"76483",-443.560224559973,"OLAM_P030",25
"76484",-6343.94934455998,"OLAM_P030",50
"76485",14.7466854400118,"OLAM_P030",100
"76486",-888.461884560005,"OLAM_P030",25
"76487",13171.23110544,"OLAM_P030",50
"76488",-2496.26411455998,"OLAM_P030",100
"76489",2713.09272544004,"OLAM_P030",25
"76490",-3847.56679456,"OLAM_P030",50
"76491",-43.0277745599742,"OLAM_P030",100
"76492",-534.502884559974,"OLAM_P030",25
"76493",-6922.66218455997,"OLAM_P030",50
"76494",-7068.39965455997,"OLAM_P030",100
"76495",-2078.11505456001,"OLAM_P030",25
"76496",-7938.69027456001,"OLAM_P030",50
"76497",-10383.19371456,"OLAM_P030",100
"76498",-710.522834559961,"OLAM_P030",25
"76499",-10874.90317456,"OLAM_P030",50
"76500",-6908.80955455999,"OLAM_P030",100
"76501",11199.688909465,"OLAM_P031",25
"76502",-341.580510535015,"OLAM_P031",50
"76503",-202.259930535016,"OLAM_P031",100
"76504",-414.484960535017,"OLAM_P031",25
"76505",-169.285810535017,"OLAM_P031",50
"76506",682.400309465011,"OLAM_P031",100
"76507",70.3409094649833,"OLAM_P031",25
"76508",393.371339464997,"OLAM_P031",50
"76509",2.42710946500301,"OLAM_P031",100
"76510",452.898109464993,"OLAM_P031",25
"76511",-320.164140534995,"OLAM_P031",50
"76512",-772.153850535018,"OLAM_P031",100
"76513",688.842509465001,"OLAM_P031",25
"76514",-308.940820535005,"OLAM_P031",50
"76515",-425.055480534997,"OLAM_P031",100
"76516",-313.15239053499,"OLAM_P031",25
"76517",322.495879464987,"OLAM_P031",50
"76518",10935.951679465,"OLAM_P031",100
"76519",-471.831790535012,"OLAM_P031",25
"76520",1188.74877946501,"OLAM_P031",50
"76521",-377.710920534999,"OLAM_P031",100
"76522",484.827609464992,"OLAM_P031",25
"76523",525.367579465004,"OLAM_P031",50
"76524",-646.701990535017,"OLAM_P031",100
"76525",103.911709464999,"OLAM_P031",25
"76526",58.3431794650096,"OLAM_P031",50
"76527",-495.305730535008,"OLAM_P031",100
"76528",-433.419480534998,"OLAM_P031",25
"76529",94.1324094650045,"OLAM_P031",50
"76530",1455.736279465,"OLAM_P031",100
"76531",-356.510590535006,"OLAM_P031",25
"76532",-674.052460534993,"OLAM_P031",50
"76533",-857.421820535004,"OLAM_P031",100
"76534",37.1843994649826,"OLAM_P031",25
"76535",-128.066290535004,"OLAM_P031",50
"76536",-349.290640535008,"OLAM_P031",100
"76537",-240.292090534989,"OLAM_P031",25
"76538",404.491179464996,"OLAM_P031",50
"76539",485.26206946501,"OLAM_P031",100
"76540",-422.450460535008,"OLAM_P031",25
"76541",-253.799420535011,"OLAM_P031",50
"76542",9702.11016946498,"OLAM_P031",100
"76543",49.1314294649928,"OLAM_P031",25
"76544",-67.5167505349964,"OLAM_P031",50
"76545",395.876629464998,"OLAM_P031",100
"76546",471.089609465009,"OLAM_P031",25
"76547",195.013279464998,"OLAM_P031",50
"76548",616.951549464982,"OLAM_P031",100
"76549",-172.818390535016,"OLAM_P031",25
"76550",8307.76117946499,"OLAM_P031",50
"76551",10103.427909465,"OLAM_P031",100
"76552",258.916009465,"OLAM_P031",25
"76553",203.999579464988,"OLAM_P031",50
"76554",-287.92642053499,"OLAM_P031",100
"76555",-411.466380535014,"OLAM_P031",25
"76556",452.322879465006,"OLAM_P031",50
"76557",500.239779464988,"OLAM_P031",100
"76558",-307.45429053501,"OLAM_P031",25
"76559",-504.557450535009,"OLAM_P031",50
"76560",-609.896420534991,"OLAM_P031",100
"76561",754.257879465003,"OLAM_P031",25
"76562",-536.147140535002,"OLAM_P031",50
"76563",-451.466720535012,"OLAM_P031",100
"76564",-57.8974905349896,"OLAM_P031",25
"76565",2197.625479465,"OLAM_P031",50
"76566",-349.034300535015,"OLAM_P031",100
"76567",-420.639660535002,"OLAM_P031",25
"76568",-179.20019053499,"OLAM_P031",50
"76569",1260.424379465,"OLAM_P031",100
"76570",-405.589920535014,"OLAM_P031",25
"76571",341.003159465006,"OLAM_P031",50
"76572",21.2748494650004,"OLAM_P031",100
"76573",-20.0112905350106,"OLAM_P031",25
"76574",-399.328050534998,"OLAM_P031",50
"76575",10498.055679465,"OLAM_P031",100
"76576",-440.697260535002,"OLAM_P031",25
"76577",-364.521800535003,"OLAM_P031",50
"76578",-217.102120535012,"OLAM_P031",100
"76579",-471.761560535,"OLAM_P031",25
"76580",-606.108200535004,"OLAM_P031",50
"76581",158.517459464987,"OLAM_P031",100
"76582",-419.186710534996,"OLAM_P031",25
"76583",-812.114000535017,"OLAM_P031",50
"76584",148.047879464983,"OLAM_P031",100
"76585",-391.430290535005,"OLAM_P031",25
"76586",224.140079464996,"OLAM_P031",50
"76587",-663.240300534992,"OLAM_P031",100
"76588",11222.432479465,"OLAM_P031",25
"76589",-160.759910535009,"OLAM_P031",50
"76590",2704.48867946499,"OLAM_P031",100
"76591",-323.551490534999,"OLAM_P031",25
"76592",-65.7078905350063,"OLAM_P031",50
"76593",56.7776694649947,"OLAM_P031",100
"76594",-199.38941053499,"OLAM_P031",25
"76595",-221.299610535003,"OLAM_P031",50
"76596",-797.607980535016,"OLAM_P031",100
"76597",-352.788090535003,"OLAM_P031",25
"76598",-720.457990535011,"OLAM_P031",50
"76599",-103.629200535011,"OLAM_P031",100
"76600",-195.268690535013,"OLAM_P031",25
"76601",-768.885260534997,"OLAM_P031",50
"76602",-843.243450534996,"OLAM_P031",100
"76603",-226.809920535015,"OLAM_P031",25
"76604",-222.660160535015,"OLAM_P031",50
"76605",-695.756900534994,"OLAM_P031",100
"76606",-220.112590534991,"OLAM_P031",25
"76607",-132.008460534998,"OLAM_P031",50
"76608",-577.67629053499,"OLAM_P031",100
"76609",8500.62947946499,"OLAM_P031",25
"76610",72.8004094650096,"OLAM_P031",50
"76611",-533.487100535014,"OLAM_P031",100
"76612",-247.620390535012,"OLAM_P031",25
"76613",-185.257390535,"OLAM_P031",50
"76614",370.497159464983,"OLAM_P031",100
"76615",-416.952400534996,"OLAM_P031",25
"76616",310.642139464995,"OLAM_P031",50
"76617",-709.940370535012,"OLAM_P031",100
"76618",775.674909464986,"OLAM_P031",25
"76619",-644.591690535017,"OLAM_P031",50
"76620",-531.132700535003,"OLAM_P031",100
"76621",-317.035990534991,"OLAM_P031",25
"76622",-384.205500534998,"OLAM_P031",50
"76623",-284.80122053501,"OLAM_P031",100
"76624",174.637979464984,"OLAM_P031",25
"76625",11293.444979465,"OLAM_P031",50
"76626",137.818599464983,"OLAM_P031",100
"76627",-287.39669053501,"OLAM_P031",25
"76628",-276.60558053499,"OLAM_P031",50
"76629",-627.167210535001,"OLAM_P031",100
"76630",-193.790920535015,"OLAM_P031",25
"76631",-269.745290535007,"OLAM_P031",50
"76632",-958.719970534992,"OLAM_P031",100
"76633",-340.965190535004,"OLAM_P031",25
"76634",-135.566520535009,"OLAM_P031",50
"76635",-292.652130535018,"OLAM_P031",100
"76636",-398.286000535008,"OLAM_P031",25
"76637",-704.564570535003,"OLAM_P031",50
"76638",-501.387720535015,"OLAM_P031",100
"76639",84.5893794650037,"OLAM_P031",25
"76640",-56.6478905350086,"OLAM_P031",50
"76641",7547.87257946501,"OLAM_P031",100
"76642",53.6171894650033,"OLAM_P031",25
"76643",-204.777050534991,"OLAM_P031",50
"76644",-601.217640535004,"OLAM_P031",100
"76645",1920.208909465,"OLAM_P031",25
"76646",-372.351590534992,"OLAM_P031",50
"76647",-238.672820534994,"OLAM_P031",100
"76648",-429.301750535,"OLAM_P031",25
"76649",426.433179465006,"OLAM_P031",50
"76650",-50.1883605350158,"OLAM_P031",100
"76651",1092.068479465,"OLAM_P031",25
"76652",-627.299690535001,"OLAM_P031",50
"76653",2402.074679465,"OLAM_P031",100
"76654",-170.310890535009,"OLAM_P031",25
"76655",-790.900060535001,"OLAM_P031",50
"76656",7768.31067946501,"OLAM_P031",100
"76657",-377.828090535011,"OLAM_P031",25
"76658",134.644309464988,"OLAM_P031",50
"76659",-150.732520535006,"OLAM_P031",100
"76660",132.27590946501,"OLAM_P031",25
"76661",748.417999464989,"OLAM_P031",50
"76662",-165.49302053501,"OLAM_P031",100
"76663",-229.314190534991,"OLAM_P031",25
"76664",-738.785170535004,"OLAM_P031",50
"76665",-805.622030535014,"OLAM_P031",100
"76666",50.9075094650034,"OLAM_P031",25
"76667",-133.160960534995,"OLAM_P031",50
"76668",-5.97372053499566,"OLAM_P031",100
"76669",-217.478160535014,"OLAM_P031",25
"76670",-116.432690535003,"OLAM_P031",50
"76671",3059.891299465,"OLAM_P031",100
"76672",-182.092090535007,"OLAM_P031",25
"76673",-114.801360534999,"OLAM_P031",50
"76674",986.483779464994,"OLAM_P031",100
"76675",-211.913890535012,"OLAM_P031",25
"76676",275.496109464992,"OLAM_P031",50
"76677",1193.18193946499,"OLAM_P031",100
"76678",-415.116680534993,"OLAM_P031",25
"76679",-429.323100534995,"OLAM_P031",50
"76680",-721.199760535004,"OLAM_P031",100
"76681",-206.477900535014,"OLAM_P031",25
"76682",-6.13809053500881,"OLAM_P031",50
"76683",-581.462320535007,"OLAM_P031",100
"76684",-217.042420534999,"OLAM_P031",25
"76685",-625.140520535002,"OLAM_P031",50
"76686",-471.656120535015,"OLAM_P031",100
"76687",-226.330390535004,"OLAM_P031",25
"76688",159.533679465007,"OLAM_P031",50
"76689",-645.041610535001,"OLAM_P031",100
"76690",-407.841570535005,"OLAM_P031",25
"76691",-119.213090534991,"OLAM_P031",50
"76692",209.961479464982,"OLAM_P031",100
"76693",-422.450460535008,"OLAM_P031",25
"76694",396.799579465005,"OLAM_P031",50
"76695",-40.8522405349941,"OLAM_P031",100
"76696",11199.688909465,"OLAM_P031",25
"76697",830.203779464995,"OLAM_P031",50
"76698",-734.964720535005,"OLAM_P031",100
"76699",-287.39669053501,"OLAM_P031",25
"76700",7315.28080946501,"OLAM_P031",50
"76701",275.283579465002,"OLAM_P031",100
"76702",-339.78089053501,"OLAM_P031",25
"76703",45.7671094649995,"OLAM_P031",50
"76704",-413.721810535004,"OLAM_P031",100
"76705",775.674909464986,"OLAM_P031",25
"76706",-570.989310534991,"OLAM_P031",50
"76707",-627.584900535003,"OLAM_P031",100
"76708",-441.253820534999,"OLAM_P031",25
"76709",241.496479464986,"OLAM_P031",50
"76710",-338.113340534997,"OLAM_P031",100
"76711",-418.343600535009,"OLAM_P031",25
"76712",14.2833494649967,"OLAM_P031",50
"76713",589.604659464996,"OLAM_P031",100
"76714",1240.758479465,"OLAM_P031",25
"76715",10962.095989465,"OLAM_P031",50
"76716",-619.690900535003,"OLAM_P031",100
"76717",293.708409465005,"OLAM_P031",25
"76718",-482.545690535015,"OLAM_P031",50
"76719",-205.394920535007,"OLAM_P031",100
"76720",269.814879465004,"OLAM_P031",25
"76721",-475.856990535016,"OLAM_P031",50
"76722",-308.691420535004,"OLAM_P031",100
"76723",-66.5684905349917,"OLAM_P031",25
"76724",-187.713030535,"OLAM_P031",50
"76725",1170.81207946499,"OLAM_P031",100
"76726",73.1028794650047,"OLAM_P031",25
"76727",255.590079465008,"OLAM_P031",50
"76728",11453.331039465,"OLAM_P031",100
"76729",155.187979465001,"OLAM_P031",25
"76730",-180.549750534992,"OLAM_P031",50
"76731",379.268609464983,"OLAM_P031",100
"76732",-352.788090535003,"OLAM_P031",25
"76733",-510.335360535013,"OLAM_P031",50
"76734",950.991269464983,"OLAM_P031",100
"76735",-4.93213053501677,"OLAM_P031",25
"76736",370.231749464991,"OLAM_P031",50
"76737",-205.517820534995,"OLAM_P031",100
"76738",-287.39669053501,"OLAM_P031",25
"76739",116.586709464988,"OLAM_P031",50
"76740",416.198079464986,"OLAM_P031",100
"76741",-471.831790535012,"OLAM_P031",25
"76742",10.3898094650067,"OLAM_P031",50
"76743",-879.553310535004,"OLAM_P031",100
"76744",201.320309464994,"OLAM_P031",25
"76745",-288.31049053499,"OLAM_P031",50
"76746",-523.572860535001,"OLAM_P031",100
"76747",-159.095390535018,"OLAM_P031",25
"76748",-91.17311053499,"OLAM_P031",50
"76749",87.6050794649927,"OLAM_P031",100
"76750",54.6223994650063,"OLAM_P031",25
"76751",-757.397390535014,"OLAM_P031",50
"76752",-975.025240535004,"OLAM_P031",100
"76753",3.27155946500716,"OLAM_P031",25
"76754",-701.008250535,"OLAM_P031",50
"76755",-276.039720535016,"OLAM_P031",100
"76756",245.918109464983,"OLAM_P031",25
"76757",1581.377019465,"OLAM_P031",50
"76758",46.5325894650014,"OLAM_P031",100
"76759",-414.592410534999,"OLAM_P031",25
"76760",-835.716070535011,"OLAM_P031",50
"76761",-429.753580535005,"OLAM_P031",100
"76762",-421.631960535015,"OLAM_P031",25
"76763",-81.8635105350113,"OLAM_P031",50
"76764",-300.199300534994,"OLAM_P031",100
"76765",-285.43059053499,"OLAM_P031",25
"76766",-123.067990534997,"OLAM_P031",50
"76767",240.644379464997,"OLAM_P031",100
"76768",-439.352390535001,"OLAM_P031",25
"76769",-489.921790535009,"OLAM_P031",50
"76770",-230.870820534998,"OLAM_P031",100
"76771",65.432479465002,"OLAM_P031",25
"76772",-31.2648205349979,"OLAM_P031",50
"76773",-86.0681205349974,"OLAM_P031",100
"76774",17.7039994649822,"OLAM_P031",25
"76775",7.25302946500597,"OLAM_P031",50
"76776",22.5282694649941,"OLAM_P031",100
"76777",-360.311590535013,"OLAM_P031",25
"76778",74.809289464989,"OLAM_P031",50
"76779",14263.076779465,"OLAM_P031",100
"76780",-424.266520534991,"OLAM_P031",25
"76781",-484.065540534997,"OLAM_P031",50
"76782",-706.772530535003,"OLAM_P031",100
"76783",141.532079464989,"OLAM_P031",25
"76784",-109.332450535003,"OLAM_P031",50
"76785",496.832079465006,"OLAM_P031",100
"76786",-287.352890534996,"OLAM_P031",25
"76787",1291.48909946499,"OLAM_P031",50
"76788",-27.0630205350171,"OLAM_P031",100
"76789",-424.266520534991,"OLAM_P031",25
"76790",1306.71300946499,"OLAM_P031",50
"76791",-100.35399053499,"OLAM_P031",100
"76792",4.48960946500301,"OLAM_P031",25
"76793",-446.013690535008,"OLAM_P031",50
"76794",-793.031760534999,"OLAM_P031",100
"76795",256.018309464998,"OLAM_P031",25
"76796",1761.74567946501,"OLAM_P031",50
"76797",1439.33521946499,"OLAM_P031",100
"76798",-439.984940535011,"OLAM_P031",25
"76799",-474.782390534994,"OLAM_P031",50
"76800",1202.24827946498,"OLAM_P031",100
"76801",-81368.856578691,"OLAM_P032",25
"76802",-16217.870868691,"OLAM_P032",50
"76803",13193.823781309,"OLAM_P032",100
"76804",-78109.546588691,"OLAM_P032",25
"76805",-67299.902798691,"OLAM_P032",50
"76806",-46943.566058691,"OLAM_P032",100
"76807",-6725.597138691,"OLAM_P032",25
"76808",-71074.602808691,"OLAM_P032",50
"76809",-73595.314868691,"OLAM_P032",100
"76810",13458.1649013089,"OLAM_P032",25
"76811",-36558.203228691,"OLAM_P032",50
"76812",-74134.339788691,"OLAM_P032",100
"76813",36332.256381309,"OLAM_P032",25
"76814",-79847.505158691,"OLAM_P032",50
"76815",-73613.251568691,"OLAM_P032",100
"76816",-75763.333828691,"OLAM_P032",25
"76817",-86455.413938691,"OLAM_P032",50
"76818",-76603.228128691,"OLAM_P032",100
"76819",31806.248811309,"OLAM_P032",25
"76820",-4300.89393869101,"OLAM_P032",50
"76821",-46100.924118691,"OLAM_P032",100
"76822",-93393.117018691,"OLAM_P032",25
"76823",-64098.325958691,"OLAM_P032",50
"76824",-65262.027448691,"OLAM_P032",100
"76825",2203.73877130903,"OLAM_P032",25
"76826",-6663.51381869102,"OLAM_P032",50
"76827",-11808.413708691,"OLAM_P032",100
"76828",31529.135211309,"OLAM_P032",25
"76829",-84766.673268691,"OLAM_P032",50
"76830",-63775.998618691,"OLAM_P032",100
"76831",-790.589118691045,"OLAM_P032",25
"76832",-73097.054068691,"OLAM_P032",50
"76833",-67484.640798691,"OLAM_P032",100
"76834",7277.00685130898,"OLAM_P032",25
"76835",-81957.288158691,"OLAM_P032",50
"76836",-53812.351988691,"OLAM_P032",100
"76837",2787.09221130901,"OLAM_P032",25
"76838",-859.605348690995,"OLAM_P032",50
"76839",-42614.9481286911,"OLAM_P032",100
"76840",30506.762201309,"OLAM_P032",25
"76841",42411.735651309,"OLAM_P032",50
"76842",388.070051308954,"OLAM_P032",100
"76843",-98957.892138691,"OLAM_P032",25
"76844",-99170.139088691,"OLAM_P032",50
"76845",-44455.499148691,"OLAM_P032",100
"76846",16839.292141309,"OLAM_P032",25
"76847",-90367.401868691,"OLAM_P032",50
"76848",-4854.61345869105,"OLAM_P032",100
"76849",-2732.56876869104,"OLAM_P032",25
"76850",-43864.436628691,"OLAM_P032",50
"76851",-45449.2209386911,"OLAM_P032",100
"76852",10789.4303113089,"OLAM_P032",25
"76853",-82302.693128691,"OLAM_P032",50
"76854",-56302.424268691,"OLAM_P032",100
"76855",6988.58288130898,"OLAM_P032",25
"76856",6980.27307130897,"OLAM_P032",50
"76857",-13286.721078691,"OLAM_P032",100
"76858",13431.936291309,"OLAM_P032",25
"76859",-9028.22251869098,"OLAM_P032",50
"76860",-38857.273818691,"OLAM_P032",100
"76861",8820.81246130902,"OLAM_P032",25
"76862",-77105.616288691,"OLAM_P032",50
"76863",-67371.453788691,"OLAM_P032",100
"76864",-89038.897788691,"OLAM_P032",25
"76865",-2368.51105869096,"OLAM_P032",50
"76866",-66234.456908691,"OLAM_P032",100
"76867",8759.09131130902,"OLAM_P032",25
"76868",8695.19774130895,"OLAM_P032",50
"76869",-46873.182308691,"OLAM_P032",100
"76870",7065.641241309,"OLAM_P032",25
"76871",15622.259911309,"OLAM_P032",50
"76872",-60513.230828691,"OLAM_P032",100
"76873",-72093.480598691,"OLAM_P032",25
"76874",16005.595681309,"OLAM_P032",50
"76875",-50206.320458691,"OLAM_P032",100
"76876",15258.673531309,"OLAM_P032",25
"76877",-50165.165868691,"OLAM_P032",50
"76878",-59854.073968691,"OLAM_P032",100
"76879",-89001.714928691,"OLAM_P032",25
"76880",3887.53805130895,"OLAM_P032",50
"76881",9111.32193130895,"OLAM_P032",100
"76882",-88342.747988691,"OLAM_P032",25
"76883",31786.163161309,"OLAM_P032",50
"76884",-33677.109788691,"OLAM_P032",100
"76885",9077.67756130896,"OLAM_P032",25
"76886",-36414.185878691,"OLAM_P032",50
"76887",-53397.429088691,"OLAM_P032",100
"76888",745.167671308969,"OLAM_P032",25
"76889",17212.594261309,"OLAM_P032",50
"76890",-61173.752268691,"OLAM_P032",100
"76891",43830.374041309,"OLAM_P032",25
"76892",9000.54041130899,"OLAM_P032",50
"76893",-12700.8565486911,"OLAM_P032",100
"76894",-5988.52181869105,"OLAM_P032",25
"76895",-17695.5676086911,"OLAM_P032",50
"76896",-49995.708738691,"OLAM_P032",100
"76897",948.083211309044,"OLAM_P032",25
"76898",28794.7304113091,"OLAM_P032",50
"76899",-24409.721058691,"OLAM_P032",100
"76900",-2759.17150869104,"OLAM_P032",25
"76901",22942.583211309,"OLAM_P032",50
"76902",-31056.134908691,"OLAM_P032",100
"76903",17167.5261413089,"OLAM_P032",25
"76904",15157.991011309,"OLAM_P032",50
"76905",-57515.832038691,"OLAM_P032",100
"76906",1572.50449130905,"OLAM_P032",25
"76907",43620.265611309,"OLAM_P032",50
"76908",-64368.542708691,"OLAM_P032",100
"76909",15484.558301309,"OLAM_P032",25
"76910",29964.538771309,"OLAM_P032",50
"76911",-75905.733188691,"OLAM_P032",100
"76912",9140.85004130902,"OLAM_P032",25
"76913",-77677.691408691,"OLAM_P032",50
"76914",-52442.217258691,"OLAM_P032",100
"76915",4854.85030130902,"OLAM_P032",25
"76916",22923.352571309,"OLAM_P032",50
"76917",-59189.193418691,"OLAM_P032",100
"76918",-8749.80379869102,"OLAM_P032",25
"76919",-90980.640728691,"OLAM_P032",50
"76920",-66262.737748691,"OLAM_P032",100
"76921",-2237.43299869099,"OLAM_P032",25
"76922",-30818.821658691,"OLAM_P032",50
"76923",-55263.952128691,"OLAM_P032",100
"76924",-706.887248691055,"OLAM_P032",25
"76925",-89171.615858691,"OLAM_P032",50
"76926",-30736.733898691,"OLAM_P032",100
"76927",-66126.922448691,"OLAM_P032",25
"76928",25065.675641309,"OLAM_P032",50
"76929",-40347.072818691,"OLAM_P032",100
"76930",-5640.16891869099,"OLAM_P032",25
"76931",23902.406011309,"OLAM_P032",50
"76932",-13848.797378691,"OLAM_P032",100
"76933",-1627.79054869106,"OLAM_P032",25
"76934",-87558.937438691,"OLAM_P032",50
"76935",44684.633831309,"OLAM_P032",100
"76936",-60418.424078691,"OLAM_P032",25
"76937",72449.9782113089,"OLAM_P032",50
"76938",-21765.984538691,"OLAM_P032",100
"76939",-7842.86761869106,"OLAM_P032",25
"76940",12733.016271309,"OLAM_P032",50
"76941",9642.59851130901,"OLAM_P032",100
"76942",-4095.17075869103,"OLAM_P032",25
"76943",-304.109158691019,"OLAM_P032",50
"76944",-59628.156808691,"OLAM_P032",100
"76945",-292.188238690956,"OLAM_P032",25
"76946",73200.732931309,"OLAM_P032",50
"76947",-47793.009108691,"OLAM_P032",100
"76948",36947.1829713089,"OLAM_P032",25
"76949",16056.129411309,"OLAM_P032",50
"76950",-1664.39337869105,"OLAM_P032",100
"76951",-46575.158678691,"OLAM_P032",25
"76952",12305.805991309,"OLAM_P032",50
"76953",22189.570331309,"OLAM_P032",100
"76954",5212.39089130901,"OLAM_P032",25
"76955",-4216.87784869096,"OLAM_P032",50
"76956",-20560.800078691,"OLAM_P032",100
"76957",-93445.792418691,"OLAM_P032",25
"76958",43540.094891309,"OLAM_P032",50
"76959",1221.81237130903,"OLAM_P032",100
"76960",14168.060591309,"OLAM_P032",25
"76961",8392.15313130897,"OLAM_P032",50
"76962",-48696.116968691,"OLAM_P032",100
"76963",-79837.832478691,"OLAM_P032",25
"76964",43734.312021309,"OLAM_P032",50
"76965",-32161.766398691,"OLAM_P032",100
"76966",22378.9260613089,"OLAM_P032",25
"76967",-89817.132028691,"OLAM_P032",50
"76968",-47350.359398691,"OLAM_P032",100
"76969",-80267.338498691,"OLAM_P032",25
"76970",-96595.499308691,"OLAM_P032",50
"76971",-78368.108308691,"OLAM_P032",100
"76972",-7011.57824869105,"OLAM_P032",25
"76973",-66169.028768691,"OLAM_P032",50
"76974",-60174.676058691,"OLAM_P032",100
"76975",9702.29736130894,"OLAM_P032",25
"76976",-81854.192458691,"OLAM_P032",50
"76977",-46026.476928691,"OLAM_P032",100
"76978",37808.386501309,"OLAM_P032",25
"76979",-43962.286548691,"OLAM_P032",50
"76980",-54084.388928691,"OLAM_P032",100
"76981",22632.369971309,"OLAM_P032",25
"76982",-58155.203068691,"OLAM_P032",50
"76983",-53655.392688691,"OLAM_P032",100
"76984",1243.754881309,"OLAM_P032",25
"76985",3140.93345130899,"OLAM_P032",50
"76986",-85840.319458691,"OLAM_P032",100
"76987",22477.197331309,"OLAM_P032",25
"76988",-62484.847228691,"OLAM_P032",50
"76989",-40871.889158691,"OLAM_P032",100
"76990",-6614.01866869105,"OLAM_P032",25
"76991",10491.624961309,"OLAM_P032",50
"76992",-95408.701728691,"OLAM_P032",100
"76993",-2164.17312869104,"OLAM_P032",25
"76994",-78223.414648691,"OLAM_P032",50
"76995",13297.3153413089,"OLAM_P032",100
"76996",-63624.487198691,"OLAM_P032",25
"76997",24130.112311309,"OLAM_P032",50
"76998",-93504.842308691,"OLAM_P032",100
"76999",5570.27439130901,"OLAM_P032",25
"77000",19404.495311309,"OLAM_P032",50
"77001",-68771.861168691,"OLAM_P032",100
"77002",2223.60072130896,"OLAM_P032",25
"77003",3770.35712130903,"OLAM_P032",50
"77004",-59196.870468691,"OLAM_P032",100
"77005",8903.650231309,"OLAM_P032",25
"77006",-13313.086388691,"OLAM_P032",50
"77007",-77618.935728691,"OLAM_P032",100
"77008",-92038.752128691,"OLAM_P032",25
"77009",-14836.055098691,"OLAM_P032",50
"77010",-18560.640228691,"OLAM_P032",100
"77011",-62964.014418691,"OLAM_P032",25
"77012",-80268.834948691,"OLAM_P032",50
"77013",-17102.474518691,"OLAM_P032",100
"77014",-3369.17530869099,"OLAM_P032",25
"77015",11416.720511309,"OLAM_P032",50
"77016",-32660.335918691,"OLAM_P032",100
"77017",21718.554911309,"OLAM_P032",25
"77018",-49041.712078691,"OLAM_P032",50
"77019",-49957.661918691,"OLAM_P032",100
"77020",-73348.813518691,"OLAM_P032",25
"77021",6937.78201130894,"OLAM_P032",50
"77022",-44224.660358691,"OLAM_P032",100
"77023",22631.570911309,"OLAM_P032",25
"77024",-67229.903258691,"OLAM_P032",50
"77025",-61772.792058691,"OLAM_P032",100
"77026",-1605.68863869098,"OLAM_P032",25
"77027",10186.558561309,"OLAM_P032",50
"77028",-64997.721208691,"OLAM_P032",100
"77029",9125.14261130895,"OLAM_P032",25
"77030",-59059.592938691,"OLAM_P032",50
"77031",-47583.263008691,"OLAM_P032",100
"77032",10871.023811309,"OLAM_P032",25
"77033",-59469.859908691,"OLAM_P032",50
"77034",-70340.456238691,"OLAM_P032",100
"77035",8271.649191309,"OLAM_P032",25
"77036",-78133.567108691,"OLAM_P032",50
"77037",-24190.385318691,"OLAM_P032",100
"77038",-6095.15408869099,"OLAM_P032",25
"77039",-58779.273178691,"OLAM_P032",50
"77040",-7832.59052869095,"OLAM_P032",100
"77041",-5283.43890869105,"OLAM_P032",25
"77042",-83172.878478691,"OLAM_P032",50
"77043",-52387.825088691,"OLAM_P032",100
"77044",-66667.141918691,"OLAM_P032",25
"77045",7985.66447130905,"OLAM_P032",50
"77046",26618.731341309,"OLAM_P032",100
"77047",-86002.055138691,"OLAM_P032",25
"77048",4333.27782130905,"OLAM_P032",50
"77049",-22619.109348691,"OLAM_P032",100
"77050",18385.216681309,"OLAM_P032",25
"77051",15086.109301309,"OLAM_P032",50
"77052",-37932.877248691,"OLAM_P032",100
"77053",-46581.769508691,"OLAM_P032",25
"77054",22358.279981309,"OLAM_P032",50
"77055",-50811.239138691,"OLAM_P032",100
"77056",-3803.61711869098,"OLAM_P032",25
"77057",29886.814741309,"OLAM_P032",50
"77058",-20804.209728691,"OLAM_P032",100
"77059",1241.60133130895,"OLAM_P032",25
"77060",-667.837498691049,"OLAM_P032",50
"77061",-65537.230188691,"OLAM_P032",100
"77062",-92985.685208691,"OLAM_P032",25
"77063",-70946.855608691,"OLAM_P032",50
"77064",-35647.2302186911,"OLAM_P032",100
"77065",16961.912811309,"OLAM_P032",25
"77066",-75116.456708691,"OLAM_P032",50
"77067",-76613.093418691,"OLAM_P032",100
"77068",-6515.42913869105,"OLAM_P032",25
"77069",-54899.391428691,"OLAM_P032",50
"77070",-14091.192248691,"OLAM_P032",100
"77071",5091.12815130898,"OLAM_P032",25
"77072",-73967.580868691,"OLAM_P032",50
"77073",-66565.386808691,"OLAM_P032",100
"77074",71818.450421309,"OLAM_P032",25
"77075",-692.203388690948,"OLAM_P032",50
"77076",8353.24510130903,"OLAM_P032",100
"77077",19536.7536813089,"OLAM_P032",25
"77078",-79200.250738691,"OLAM_P032",50
"77079",-49052.618618691,"OLAM_P032",100
"77080",11996.360881309,"OLAM_P032",25
"77081",-66944.218088691,"OLAM_P032",50
"77082",-44822.489608691,"OLAM_P032",100
"77083",-67164.145008691,"OLAM_P032",25
"77084",70347.498571309,"OLAM_P032",50
"77085",-66437.033008691,"OLAM_P032",100
"77086",20138.517921309,"OLAM_P032",25
"77087",-4365.81379869103,"OLAM_P032",50
"77088",-2961.80587869103,"OLAM_P032",100
"77089",9857.25605130894,"OLAM_P032",25
"77090",-72473.252748691,"OLAM_P032",50
"77091",-50253.550688691,"OLAM_P032",100
"77092",2377.12736130902,"OLAM_P032",25
"77093",-92989.019318691,"OLAM_P032",50
"77094",-6960.50341869099,"OLAM_P032",100
"77095",-6489.98533869104,"OLAM_P032",25
"77096",10948.0754013089,"OLAM_P032",50
"77097",-61789.989148691,"OLAM_P032",100
"77098",-47250.731958691,"OLAM_P032",25
"77099",13520.812381309,"OLAM_P032",50
"77100",-63392.478528691,"OLAM_P032",100
"77101",-7659.15950027201,"OLAM_P033",25
"77102",-23042.132140272,"OLAM_P033",50
"77103",-37083.196200272,"OLAM_P033",100
"77104",-1935.70439027203,"OLAM_P033",25
"77105",-4773.14063027198,"OLAM_P033",50
"77106",-30247.116150272,"OLAM_P033",100
"77107",-15219.917550272,"OLAM_P033",25
"77108",-6683.14394027201,"OLAM_P033",50
"77109",-37744.332050272,"OLAM_P033",100
"77110",-6463.27851027201,"OLAM_P033",25
"77111",7718.20906972798,"OLAM_P033",50
"77112",-35816.614650272,"OLAM_P033",100
"77113",-6458.97211027201,"OLAM_P033",25
"77114",-7953.73458027202,"OLAM_P033",50
"77115",-38709.863800272,"OLAM_P033",100
"77116",-6164.579910272,"OLAM_P033",25
"77117",-13590.647340272,"OLAM_P033",50
"77118",-32551.079620272,"OLAM_P033",100
"77119",512.518619727984,"OLAM_P033",25
"77120",-23888.721370272,"OLAM_P033",50
"77121",-30699.290940272,"OLAM_P033",100
"77122",-20762.199240272,"OLAM_P033",25
"77123",-20032.266210272,"OLAM_P033",50
"77124",-38119.049360272,"OLAM_P033",100
"77125",-602.062750271987,"OLAM_P033",25
"77126",-20229.658150272,"OLAM_P033",50
"77127",-24040.768300272,"OLAM_P033",100
"77128",-19750.000270272,"OLAM_P033",25
"77129",-11247.302060272,"OLAM_P033",50
"77130",-41539.858950272,"OLAM_P033",100
"77131",-19529.152870272,"OLAM_P033",25
"77132",-18345.391270272,"OLAM_P033",50
"77133",-30096.516610272,"OLAM_P033",100
"77134",-5157.68538027199,"OLAM_P033",25
"77135",-13982.824700272,"OLAM_P033",50
"77136",-24038.124850272,"OLAM_P033",100
"77137",-5645.28760027199,"OLAM_P033",25
"77138",-16621.743240272,"OLAM_P033",50
"77139",-29259.103770272,"OLAM_P033",100
"77140",-15212.660350272,"OLAM_P033",25
"77141",-29610.732990272,"OLAM_P033",50
"77142",-22850.333680272,"OLAM_P033",100
"77143",-5446.60412027204,"OLAM_P033",25
"77144",-6901.79527027201,"OLAM_P033",50
"77145",-29923.592120272,"OLAM_P033",100
"77146",-837.334070271987,"OLAM_P033",25
"77147",-6910.87679027201,"OLAM_P033",50
"77148",-33181.547050272,"OLAM_P033",100
"77149",3287.57009972801,"OLAM_P033",25
"77150",-21218.569610272,"OLAM_P033",50
"77151",-28921.221180272,"OLAM_P033",100
"77152",-10108.958090272,"OLAM_P033",25
"77153",-16919.143930272,"OLAM_P033",50
"77154",-38584.358570272,"OLAM_P033",100
"77155",-16937.020130272,"OLAM_P033",25
"77156",-27524.601820272,"OLAM_P033",50
"77157",-37548.213190272,"OLAM_P033",100
"77158",-18389.902780272,"OLAM_P033",25
"77159",-25815.794600272,"OLAM_P033",50
"77160",-32112.370850272,"OLAM_P033",100
"77161",-3888.337320272,"OLAM_P033",25
"77162",-24788.567750272,"OLAM_P033",50
"77163",-28557.359270272,"OLAM_P033",100
"77164",-694.837830272038,"OLAM_P033",25
"77165",-4581.18249027204,"OLAM_P033",50
"77166",-35978.482700272,"OLAM_P033",100
"77167",-5917.79917027202,"OLAM_P033",25
"77168",-8686.17222027201,"OLAM_P033",50
"77169",-25076.681280272,"OLAM_P033",100
"77170",-5696.70654027199,"OLAM_P033",25
"77171",-4059.38728027203,"OLAM_P033",50
"77172",-32900.130350272,"OLAM_P033",100
"77173",-7530.25332027202,"OLAM_P033",25
"77174",-24638.570330272,"OLAM_P033",50
"77175",-19835.194670272,"OLAM_P033",100
"77176",-5970.76774027201,"OLAM_P033",25
"77177",-26553.660130272,"OLAM_P033",50
"77178",-32810.396000272,"OLAM_P033",100
"77179",-6414.160890272,"OLAM_P033",25
"77180",-2795.25424027198,"OLAM_P033",50
"77181",-28503.293790272,"OLAM_P033",100
"77182",-18094.561130272,"OLAM_P033",25
"77183",-9972.098160272,"OLAM_P033",50
"77184",-38935.634170272,"OLAM_P033",100
"77185",-8003.97387027202,"OLAM_P033",25
"77186",-1715.170460272,"OLAM_P033",50
"77187",-37236.373960272,"OLAM_P033",100
"77188",2322.58769972797,"OLAM_P033",25
"77189",-10282.529850272,"OLAM_P033",50
"77190",-38383.704190272,"OLAM_P033",100
"77191",1910.04722972796,"OLAM_P033",25
"77192",-22694.425890272,"OLAM_P033",50
"77193",-33643.363230272,"OLAM_P033",100
"77194",-4351.250680272,"OLAM_P033",25
"77195",-20260.145970272,"OLAM_P033",50
"77196",-23300.699470272,"OLAM_P033",100
"77197",-5125.01944027201,"OLAM_P033",25
"77198",-4777.33698027203,"OLAM_P033",50
"77199",-25710.706290272,"OLAM_P033",100
"77200",-954.497780272039,"OLAM_P033",25
"77201",-10379.679420272,"OLAM_P033",50
"77202",-30682.692170272,"OLAM_P033",100
"77203",-7050.221800272,"OLAM_P033",25
"77204",-10172.060860272,"OLAM_P033",50
"77205",-36648.310070272,"OLAM_P033",100
"77206",-3733.51001027203,"OLAM_P033",25
"77207",-32451.333680272,"OLAM_P033",50
"77208",-29889.102020272,"OLAM_P033",100
"77209",-4616.31748027203,"OLAM_P033",25
"77210",-20718.075860272,"OLAM_P033",50
"77211",-22336.614320272,"OLAM_P033",100
"77212",-19278.585310272,"OLAM_P033",25
"77213",-13600.494820272,"OLAM_P033",50
"77214",-16287.137940272,"OLAM_P033",100
"77215",-6069.17873027202,"OLAM_P033",25
"77216",-1230.858870272,"OLAM_P033",50
"77217",-29965.051150272,"OLAM_P033",100
"77218",-15459.532080272,"OLAM_P033",25
"77219",-4748.64377027203,"OLAM_P033",50
"77220",-29783.552930272,"OLAM_P033",100
"77221",-3869.12404027203,"OLAM_P033",25
"77222",-9435.10179027202,"OLAM_P033",50
"77223",-28605.756080272,"OLAM_P033",100
"77224",-2845.96406027203,"OLAM_P033",25
"77225",-11384.447320272,"OLAM_P033",50
"77226",-27416.524240272,"OLAM_P033",100
"77227",-2332.55819027202,"OLAM_P033",25
"77228",-2.01757027202984,"OLAM_P033",50
"77229",-27677.997210272,"OLAM_P033",100
"77230",-4021.65364027204,"OLAM_P033",25
"77231",-12822.216860272,"OLAM_P033",50
"77232",-39476.473070272,"OLAM_P033",100
"77233",-13472.872510272,"OLAM_P033",25
"77234",-30267.539540272,"OLAM_P033",50
"77235",-30007.801900272,"OLAM_P033",100
"77236",-242.919750272005,"OLAM_P033",25
"77237",-20868.577970272,"OLAM_P033",50
"77238",-8073.736110272,"OLAM_P033",100
"77239",-7978.404560272,"OLAM_P033",25
"77240",-9685.98948027202,"OLAM_P033",50
"77241",-28421.124500272,"OLAM_P033",100
"77242",-11262.618760272,"OLAM_P033",25
"77243",-25057.734810272,"OLAM_P033",50
"77244",-30185.489690272,"OLAM_P033",100
"77245",480.892959727964,"OLAM_P033",25
"77246",-5641.68742027204,"OLAM_P033",50
"77247",-12819.243830272,"OLAM_P033",100
"77248",-296.596080271993,"OLAM_P033",25
"77249",-13095.012540272,"OLAM_P033",50
"77250",-29371.907850272,"OLAM_P033",100
"77251",2755.913779728,"OLAM_P033",25
"77252",-23967.776160272,"OLAM_P033",50
"77253",-30536.519970272,"OLAM_P033",100
"77254",-1551.051950272,"OLAM_P033",25
"77255",-1882.88297027204,"OLAM_P033",50
"77256",-32272.535820272,"OLAM_P033",100
"77257",-2899.42594027199,"OLAM_P033",25
"77258",-13874.285120272,"OLAM_P033",50
"77259",-28849.581500272,"OLAM_P033",100
"77260",-5616.61251027201,"OLAM_P033",25
"77261",-23849.192740272,"OLAM_P033",50
"77262",-20798.959610272,"OLAM_P033",100
"77263",-8866.21658027201,"OLAM_P033",25
"77264",-24615.108370272,"OLAM_P033",50
"77265",-35867.097660272,"OLAM_P033",100
"77266",-10627.846160272,"OLAM_P033",25
"77267",2966.20947972802,"OLAM_P033",50
"77268",-37507.049100272,"OLAM_P033",100
"77269",-5935.26084027201,"OLAM_P033",25
"77270",-26103.449320272,"OLAM_P033",50
"77271",-34375.058990272,"OLAM_P033",100
"77272",-2687.558540272,"OLAM_P033",25
"77273",-28263.841480272,"OLAM_P033",50
"77274",-34215.999620272,"OLAM_P033",100
"77275",-1005.657060272,"OLAM_P033",25
"77276",-17139.020880272,"OLAM_P033",50
"77277",-33316.789020272,"OLAM_P033",100
"77278",-3679.71842027199,"OLAM_P033",25
"77279",-6569.810080272,"OLAM_P033",50
"77280",-28960.505480272,"OLAM_P033",100
"77281",-5434.06676027202,"OLAM_P033",25
"77282",-6267.87716027201,"OLAM_P033",50
"77283",-29405.219820272,"OLAM_P033",100
"77284",-9085.417120272,"OLAM_P033",25
"77285",-15660.664290272,"OLAM_P033",50
"77286",-28413.002860272,"OLAM_P033",100
"77287",-4556.51828027202,"OLAM_P033",25
"77288",-29280.860180272,"OLAM_P033",50
"77289",-25496.617300272,"OLAM_P033",100
"77290",-1523.65280027199,"OLAM_P033",25
"77291",-30794.119730272,"OLAM_P033",50
"77292",-31869.000950272,"OLAM_P033",100
"77293",-2139.061200272,"OLAM_P033",25
"77294",-10701.807520272,"OLAM_P033",50
"77295",-26646.101930272,"OLAM_P033",100
"77296",-4257.33284027199,"OLAM_P033",25
"77297",-24089.857890272,"OLAM_P033",50
"77298",-11629.789050272,"OLAM_P033",100
"77299",-223.353540271986,"OLAM_P033",25
"77300",-24980.479670272,"OLAM_P033",50
"77301",-34519.694300272,"OLAM_P033",100
"77302",-1793.58802027203,"OLAM_P033",25
"77303",-6129.586480272,"OLAM_P033",50
"77304",-35695.945820272,"OLAM_P033",100
"77305",-5952.39053027201,"OLAM_P033",25
"77306",-25876.844690272,"OLAM_P033",50
"77307",-30782.013520272,"OLAM_P033",100
"77308",4809.72552972799,"OLAM_P033",25
"77309",-27123.738620272,"OLAM_P033",50
"77310",-33757.190390272,"OLAM_P033",100
"77311",-5959.94534027201,"OLAM_P033",25
"77312",-20130.641860272,"OLAM_P033",50
"77313",-23910.950090272,"OLAM_P033",100
"77314",7778.67256972799,"OLAM_P033",25
"77315",-6792.282820272,"OLAM_P033",50
"77316",-33831.807250272,"OLAM_P033",100
"77317",-10971.197950272,"OLAM_P033",25
"77318",-5343.22454027203,"OLAM_P033",50
"77319",-31537.809650272,"OLAM_P033",100
"77320",-9195.59514027202,"OLAM_P033",25
"77321",-30938.086240272,"OLAM_P033",50
"77322",-32696.724510272,"OLAM_P033",100
"77323",797.565929727978,"OLAM_P033",25
"77324",-5367.96483027202,"OLAM_P033",50
"77325",-18103.406720272,"OLAM_P033",100
"77326",-17834.200280272,"OLAM_P033",25
"77327",-26035.290260272,"OLAM_P033",50
"77328",-35784.839610272,"OLAM_P033",100
"77329",-10335.252490272,"OLAM_P033",25
"77330",-18444.299890272,"OLAM_P033",50
"77331",-33959.976860272,"OLAM_P033",100
"77332",-9142.50112027201,"OLAM_P033",25
"77333",-22241.734130272,"OLAM_P033",50
"77334",-11387.854940272,"OLAM_P033",100
"77335",-3026.77774027199,"OLAM_P033",25
"77336",-18348.566590272,"OLAM_P033",50
"77337",-24872.253230272,"OLAM_P033",100
"77338",4386.93731972796,"OLAM_P033",25
"77339",-25497.194690272,"OLAM_P033",50
"77340",-31808.311560272,"OLAM_P033",100
"77341",4001.30716972798,"OLAM_P033",25
"77342",-13903.530550272,"OLAM_P033",50
"77343",-30296.618840272,"OLAM_P033",100
"77344",-220.143260271987,"OLAM_P033",25
"77345",-25864.518760272,"OLAM_P033",50
"77346",-38866.342920272,"OLAM_P033",100
"77347",-1349.99248027202,"OLAM_P033",25
"77348",-15674.785850272,"OLAM_P033",50
"77349",-32311.448720272,"OLAM_P033",100
"77350",-19638.682890272,"OLAM_P033",25
"77351",-11994.551260272,"OLAM_P033",50
"77352",-38869.539830272,"OLAM_P033",100
"77353",-5951.875110272,"OLAM_P033",25
"77354",-9897.25077027202,"OLAM_P033",50
"77355",-30306.289260272,"OLAM_P033",100
"77356",-8037.68713027201,"OLAM_P033",25
"77357",-7993.122500272,"OLAM_P033",50
"77358",-13728.743350272,"OLAM_P033",100
"77359",3092.91506972798,"OLAM_P033",25
"77360",12979.290409728,"OLAM_P033",50
"77361",-29128.249300272,"OLAM_P033",100
"77362",-5920.66680027201,"OLAM_P033",25
"77363",-4571.57341027202,"OLAM_P033",50
"77364",-33667.090880272,"OLAM_P033",100
"77365",-2610.612960272,"OLAM_P033",25
"77366",-19212.275750272,"OLAM_P033",50
"77367",-37750.884480272,"OLAM_P033",100
"77368",-4694.70326027198,"OLAM_P033",25
"77369",-17675.188740272,"OLAM_P033",50
"77370",-29993.391770272,"OLAM_P033",100
"77371",-700.316340272024,"OLAM_P033",25
"77372",-2646.51500027202,"OLAM_P033",50
"77373",-36702.574550272,"OLAM_P033",100
"77374",4997.467389728,"OLAM_P033",25
"77375",-10870.345270272,"OLAM_P033",50
"77376",-39231.416870272,"OLAM_P033",100
"77377",-16552.329050272,"OLAM_P033",25
"77378",-30482.246110272,"OLAM_P033",50
"77379",-15692.517210272,"OLAM_P033",100
"77380",-8360.30235027202,"OLAM_P033",25
"77381",-25823.795250272,"OLAM_P033",50
"77382",-34268.974540272,"OLAM_P033",100
"77383",-7104.07506027201,"OLAM_P033",25
"77384",-7533.88416027202,"OLAM_P033",50
"77385",-24471.961290272,"OLAM_P033",100
"77386",-5921.39886027202,"OLAM_P033",25
"77387",-1415.08020027203,"OLAM_P033",50
"77388",-30478.624020272,"OLAM_P033",100
"77389",1683.54798972799,"OLAM_P033",25
"77390",-10926.118180272,"OLAM_P033",50
"77391",-24785.473590272,"OLAM_P033",100
"77392",-19279.181180272,"OLAM_P033",25
"77393",-12943.399440272,"OLAM_P033",50
"77394",-32530.431440272,"OLAM_P033",100
"77395",-6219.08684027201,"OLAM_P033",25
"77396",-13488.014080272,"OLAM_P033",50
"77397",-30692.685000272,"OLAM_P033",100
"77398",-5962.417200272,"OLAM_P033",25
"77399",-9283.635140272,"OLAM_P033",50
"77400",-25785.518440272,"OLAM_P033",100
"77401",769.746855485995,"OLAM_P035",25
"77402",-9006.069414514,"OLAM_P035",50
"77403",-14517.268964514,"OLAM_P035",100
"77404",-6679.695194514,"OLAM_P035",25
"77405",-4590.379894514,"OLAM_P035",50
"77406",-12415.651374514,"OLAM_P035",100
"77407",685.243735486001,"OLAM_P035",25
"77408",-11106.276564514,"OLAM_P035",50
"77409",-10268.302014514,"OLAM_P035",100
"77410",-443.503644513999,"OLAM_P035",25
"77411",-529.142854514008,"OLAM_P035",50
"77412",-10025.672954514,"OLAM_P035",100
"77413",-12446.996704514,"OLAM_P035",25
"77414",-12172.079394514,"OLAM_P035",50
"77415",-14246.835964514,"OLAM_P035",100
"77416",-1062.17023451401,"OLAM_P035",25
"77417",-13923.078974514,"OLAM_P035",50
"77418",-15245.556184514,"OLAM_P035",100
"77419",-295.621494514009,"OLAM_P035",25
"77420",-12057.991254514,"OLAM_P035",50
"77421",-13373.456834514,"OLAM_P035",100
"77422",1072.744385486,"OLAM_P035",25
"77423",-6699.78148451401,"OLAM_P035",50
"77424",-7701.782014514,"OLAM_P035",100
"77425",-3641.00324451401,"OLAM_P035",25
"77426",714.400895485989,"OLAM_P035",50
"77427",-13958.367854514,"OLAM_P035",100
"77428",-4104.687094514,"OLAM_P035",25
"77429",-10769.558164514,"OLAM_P035",50
"77430",-14125.595394514,"OLAM_P035",100
"77431",-6462.19589451401,"OLAM_P035",25
"77432",-1587.102084514,"OLAM_P035",50
"77433",-14535.361724514,"OLAM_P035",100
"77434",-11388.953314514,"OLAM_P035",25
"77435",-11489.743434514,"OLAM_P035",50
"77436",-14254.851644514,"OLAM_P035",100
"77437",72.4984254860028,"OLAM_P035",25
"77438",-4524.49739451401,"OLAM_P035",50
"77439",-5256.868034514,"OLAM_P035",100
"77440",2455.117965486,"OLAM_P035",25
"77441",-1012.813954514,"OLAM_P035",50
"77442",-12162.649184514,"OLAM_P035",100
"77443",-11924.117654514,"OLAM_P035",25
"77444",-11286.423994514,"OLAM_P035",50
"77445",-14265.440924514,"OLAM_P035",100
"77446",-664.770214514007,"OLAM_P035",25
"77447",-14763.930274514,"OLAM_P035",50
"77448",-14642.259904514,"OLAM_P035",100
"77449",4255.502715486,"OLAM_P035",25
"77450",-6066.991404514,"OLAM_P035",50
"77451",-13893.028134514,"OLAM_P035",100
"77452",-2154.36298451401,"OLAM_P035",25
"77453",245.232555486,"OLAM_P035",50
"77454",-14953.593784514,"OLAM_P035",100
"77455",-9925.956074514,"OLAM_P035",25
"77456",811.163875486003,"OLAM_P035",50
"77457",-10895.493714514,"OLAM_P035",100
"77458",-4746.815404514,"OLAM_P035",25
"77459",-12915.980864514,"OLAM_P035",50
"77460",-15746.475774514,"OLAM_P035",100
"77461",-7280.113424514,"OLAM_P035",25
"77462",149.40575548599,"OLAM_P035",50
"77463",-9381.44722451401,"OLAM_P035",100
"77464",-1630.042844514,"OLAM_P035",25
"77465",-8892.77288451401,"OLAM_P035",50
"77466",-12875.468304514,"OLAM_P035",100
"77467",-2262.72173451401,"OLAM_P035",25
"77468",-10198.947014514,"OLAM_P035",50
"77469",-15899.562754514,"OLAM_P035",100
"77470",-7838.85322451401,"OLAM_P035",25
"77471",-3760.961004514,"OLAM_P035",50
"77472",-14779.494634514,"OLAM_P035",100
"77473",-919.919964514003,"OLAM_P035",25
"77474",-5351.728154514,"OLAM_P035",50
"77475",-16049.346704514,"OLAM_P035",100
"77476",-11049.290324514,"OLAM_P035",25
"77477",-10371.280704514,"OLAM_P035",50
"77478",-13682.039654514,"OLAM_P035",100
"77479",-261.052924514006,"OLAM_P035",25
"77480",-15371.224414514,"OLAM_P035",50
"77481",-9207.232244514,"OLAM_P035",100
"77482",-2897.479834514,"OLAM_P035",25
"77483",-6463.461054514,"OLAM_P035",50
"77484",-15950.947374514,"OLAM_P035",100
"77485",-2502.836814514,"OLAM_P035",25
"77486",-6899.123734514,"OLAM_P035",50
"77487",-13995.253574514,"OLAM_P035",100
"77488",-272.197034514,"OLAM_P035",25
"77489",-12735.458704514,"OLAM_P035",50
"77490",-13396.448304514,"OLAM_P035",100
"77491",-12196.444884514,"OLAM_P035",25
"77492",-10651.867244514,"OLAM_P035",50
"77493",-15154.747264514,"OLAM_P035",100
"77494",-5139.021884514,"OLAM_P035",25
"77495",-11254.204494514,"OLAM_P035",50
"77496",-11441.736264514,"OLAM_P035",100
"77497",-1710.11353451401,"OLAM_P035",25
"77498",-67.9526245140005,"OLAM_P035",50
"77499",-15744.638334514,"OLAM_P035",100
"77500",-1359.26807451401,"OLAM_P035",25
"77501",-11395.495084514,"OLAM_P035",50
"77502",-10976.071714514,"OLAM_P035",100
"77503",-11230.782464514,"OLAM_P035",25
"77504",-13059.252534514,"OLAM_P035",50
"77505",-14329.512054514,"OLAM_P035",100
"77506",-11152.226784514,"OLAM_P035",25
"77507",-4037.53088451401,"OLAM_P035",50
"77508",-12008.892574514,"OLAM_P035",100
"77509",-9202.93807451401,"OLAM_P035",25
"77510",-9691.080674514,"OLAM_P035",50
"77511",-8232.160424514,"OLAM_P035",100
"77512",-1323.507724514,"OLAM_P035",25
"77513",-11706.570924514,"OLAM_P035",50
"77514",-15250.623084514,"OLAM_P035",100
"77515",-4362.374944514,"OLAM_P035",25
"77516",-285.321844514008,"OLAM_P035",50
"77517",-13835.578994514,"OLAM_P035",100
"77518",-2711.29703451401,"OLAM_P035",25
"77519",-9248.67233451401,"OLAM_P035",50
"77520",-13331.716394514,"OLAM_P035",100
"77521",-1208.23466451401,"OLAM_P035",25
"77522",-7546.727214514,"OLAM_P035",50
"77523",-12001.054524514,"OLAM_P035",100
"77524",-126.324764514007,"OLAM_P035",25
"77525",-8423.83576451401,"OLAM_P035",50
"77526",-14344.141244514,"OLAM_P035",100
"77527",-323.180614514,"OLAM_P035",25
"77528",-14392.795524514,"OLAM_P035",50
"77529",-15894.398594514,"OLAM_P035",100
"77530",-4189.531584514,"OLAM_P035",25
"77531",-13373.499684514,"OLAM_P035",50
"77532",-13766.610424514,"OLAM_P035",100
"77533",-2732.772694514,"OLAM_P035",25
"77534",-12758.213454514,"OLAM_P035",50
"77535",-12979.688194514,"OLAM_P035",100
"77536",1433.77427548599,"OLAM_P035",25
"77537",-12099.259854514,"OLAM_P035",50
"77538",-9985.76171451401,"OLAM_P035",100
"77539",-9870.368194514,"OLAM_P035",25
"77540",-13166.639614514,"OLAM_P035",50
"77541",-13952.313604514,"OLAM_P035",100
"77542",-2225.13658451401,"OLAM_P035",25
"77543",-13095.326394514,"OLAM_P035",50
"77544",-15127.733224514,"OLAM_P035",100
"77545",-2206.998154514,"OLAM_P035",25
"77546",-1024.381434514,"OLAM_P035",50
"77547",-11975.310404514,"OLAM_P035",100
"77548",-10491.364174514,"OLAM_P035",25
"77549",-13097.310944514,"OLAM_P035",50
"77550",-11978.640044514,"OLAM_P035",100
"77551",-3948.343604514,"OLAM_P035",25
"77552",1141.148555486,"OLAM_P035",50
"77553",-14485.427514514,"OLAM_P035",100
"77554",-4810.522684514,"OLAM_P035",25
"77555",176.013135485991,"OLAM_P035",50
"77556",-13532.524514514,"OLAM_P035",100
"77557",-4023.98436451401,"OLAM_P035",25
"77558",-2681.402364514,"OLAM_P035",50
"77559",-10946.319914514,"OLAM_P035",100
"77560",-7119.39548451401,"OLAM_P035",25
"77561",-6036.55065451401,"OLAM_P035",50
"77562",-10117.842204514,"OLAM_P035",100
"77563",-2044.90528451401,"OLAM_P035",25
"77564",-2443.85046451401,"OLAM_P035",50
"77565",-13815.010314514,"OLAM_P035",100
"77566",-5435.411144514,"OLAM_P035",25
"77567",-14380.676994514,"OLAM_P035",50
"77568",-14156.434254514,"OLAM_P035",100
"77569",-9558.741564514,"OLAM_P035",25
"77570",-12199.648894514,"OLAM_P035",50
"77571",-10743.884214514,"OLAM_P035",100
"77572",-8819.581974514,"OLAM_P035",25
"77573",-6825.59483451401,"OLAM_P035",50
"77574",-16897.103564514,"OLAM_P035",100
"77575",-236.280094514004,"OLAM_P035",25
"77576",-1598.74941451401,"OLAM_P035",50
"77577",-11211.030194514,"OLAM_P035",100
"77578",-716.200974514009,"OLAM_P035",25
"77579",-12222.570464514,"OLAM_P035",50
"77580",-15610.201704514,"OLAM_P035",100
"77581",-9188.01308451401,"OLAM_P035",25
"77582",-14546.100824514,"OLAM_P035",50
"77583",-13233.779644514,"OLAM_P035",100
"77584",-2643.93368451401,"OLAM_P035",25
"77585",-7143.567424514,"OLAM_P035",50
"77586",-13311.566514514,"OLAM_P035",100
"77587",-2130.674084514,"OLAM_P035",25
"77588",981.664685486001,"OLAM_P035",50
"77589",-12436.233074514,"OLAM_P035",100
"77590",374.569935485997,"OLAM_P035",25
"77591",-1311.047204514,"OLAM_P035",50
"77592",-14344.744464514,"OLAM_P035",100
"77593",-10496.596504514,"OLAM_P035",25
"77594",-5922.586394514,"OLAM_P035",50
"77595",-15869.301224514,"OLAM_P035",100
"77596",111.335325485998,"OLAM_P035",25
"77597",1110.532835486,"OLAM_P035",50
"77598",-11288.402134514,"OLAM_P035",100
"77599",699.167015485989,"OLAM_P035",25
"77600",-1813.359564514,"OLAM_P035",50
"77601",-14872.338974514,"OLAM_P035",100
"77602",-2036.85193451401,"OLAM_P035",25
"77603",-11410.882324514,"OLAM_P035",50
"77604",-13085.682624514,"OLAM_P035",100
"77605",823.830785486003,"OLAM_P035",25
"77606",-14211.058994514,"OLAM_P035",50
"77607",-15590.415074514,"OLAM_P035",100
"77608",60.5902154859941,"OLAM_P035",25
"77609",-2499.454384514,"OLAM_P035",50
"77610",-14989.848384514,"OLAM_P035",100
"77611",-1706.540474514,"OLAM_P035",25
"77612",-7696.339394514,"OLAM_P035",50
"77613",-12998.120904514,"OLAM_P035",100
"77614",-10907.698474514,"OLAM_P035",25
"77615",-5210.91877451401,"OLAM_P035",50
"77616",-11893.864614514,"OLAM_P035",100
"77617",847.924505485993,"OLAM_P035",25
"77618",-10275.164904514,"OLAM_P035",50
"77619",-13270.135754514,"OLAM_P035",100
"77620",-5819.254034514,"OLAM_P035",25
"77621",-11144.145254514,"OLAM_P035",50
"77622",-12050.133274514,"OLAM_P035",100
"77623",-10909.433584514,"OLAM_P035",25
"77624",-5036.608824514,"OLAM_P035",50
"77625",-13943.617004514,"OLAM_P035",100
"77626",-11728.206774514,"OLAM_P035",25
"77627",-9678.90158451401,"OLAM_P035",50
"77628",-13992.973294514,"OLAM_P035",100
"77629",-406.944024513999,"OLAM_P035",25
"77630",-1614.129244514,"OLAM_P035",50
"77631",-11582.079864514,"OLAM_P035",100
"77632",-13587.536604514,"OLAM_P035",25
"77633",-9832.131704514,"OLAM_P035",50
"77634",-12874.141764514,"OLAM_P035",100
"77635",-9929.361624514,"OLAM_P035",25
"77636",-7241.195584514,"OLAM_P035",50
"77637",-13639.134054514,"OLAM_P035",100
"77638",-272.456944514008,"OLAM_P035",25
"77639",-9666.33766451401,"OLAM_P035",50
"77640",-14647.214544514,"OLAM_P035",100
"77641",-254.207464514009,"OLAM_P035",25
"77642",-12834.883434514,"OLAM_P035",50
"77643",-13500.028084514,"OLAM_P035",100
"77644",-5674.258204514,"OLAM_P035",25
"77645",-4725.89535451401,"OLAM_P035",50
"77646",-13332.088154514,"OLAM_P035",100
"77647",-2122.904344514,"OLAM_P035",25
"77648",-7967.27911451401,"OLAM_P035",50
"77649",-14969.411914514,"OLAM_P035",100
"77650",-82.1620845139987,"OLAM_P035",25
"77651",-3006.51012451401,"OLAM_P035",50
"77652",-12581.172324514,"OLAM_P035",100
"77653",-1876.523544514,"OLAM_P035",25
"77654",-8397.525264514,"OLAM_P035",50
"77655",-12453.033144514,"OLAM_P035",100
"77656",-7413.420544514,"OLAM_P035",25
"77657",-11250.570644514,"OLAM_P035",50
"77658",-12697.417094514,"OLAM_P035",100
"77659",-7881.33379451401,"OLAM_P035",25
"77660",-1513.51467451401,"OLAM_P035",50
"77661",-10978.986544514,"OLAM_P035",100
"77662",-11394.938564514,"OLAM_P035",25
"77663",-270.99516451401,"OLAM_P035",50
"77664",-14104.222004514,"OLAM_P035",100
"77665",815.108615485995,"OLAM_P035",25
"77666",-9711.68382451401,"OLAM_P035",50
"77667",-12824.621164514,"OLAM_P035",100
"77668",-1253.973724514,"OLAM_P035",25
"77669",-6958.448854514,"OLAM_P035",50
"77670",-14148.729414514,"OLAM_P035",100
"77671",-370.570304514011,"OLAM_P035",25
"77672",-11120.342454514,"OLAM_P035",50
"77673",-16592.141924514,"OLAM_P035",100
"77674",-9729.13662451401,"OLAM_P035",25
"77675",-1767.113734514,"OLAM_P035",50
"77676",-12997.407734514,"OLAM_P035",100
"77677",-1634.109164514,"OLAM_P035",25
"77678",-1961.247234514,"OLAM_P035",50
"77679",-13635.460454514,"OLAM_P035",100
"77680",323.432385485998,"OLAM_P035",25
"77681",-1278.54059451401,"OLAM_P035",50
"77682",-11177.297954514,"OLAM_P035",100
"77683",-1658.852514514,"OLAM_P035",25
"77684",-6773.99094451401,"OLAM_P035",50
"77685",-13438.785274514,"OLAM_P035",100
"77686",-11566.806034514,"OLAM_P035",25
"77687",-12375.239704514,"OLAM_P035",50
"77688",-15785.629424514,"OLAM_P035",100
"77689",-8781.481764514,"OLAM_P035",25
"77690",-10004.405024514,"OLAM_P035",50
"77691",-13605.264434514,"OLAM_P035",100
"77692",-1264.182084514,"OLAM_P035",25
"77693",-3888.493384514,"OLAM_P035",50
"77694",-14600.461234514,"OLAM_P035",100
"77695",-11374.148994514,"OLAM_P035",25
"77696",-13582.565384514,"OLAM_P035",50
"77697",-10351.235254514,"OLAM_P035",100
"77698",-10681.685304514,"OLAM_P035",25
"77699",699.920775485996,"OLAM_P035",50
"77700",-12856.321724514,"OLAM_P035",100
"77701",-2876.87264562302,"OLAM_P036",25
"77702",98.8208343769948,"OLAM_P036",50
"77703",-4671.20391562302,"OLAM_P036",100
"77704",-853.836285623023,"OLAM_P036",25
"77705",844.333694376983,"OLAM_P036",50
"77706",133.812184376991,"OLAM_P036",100
"77707",1102.52450437698,"OLAM_P036",25
"77708",1468.29957437699,"OLAM_P036",50
"77709",3623.193144377,"OLAM_P036",100
"77710",-3322.12919562301,"OLAM_P036",25
"77711",-446.444815623021,"OLAM_P036",50
"77712",4786.02877437699,"OLAM_P036",100
"77713",-783.53009562302,"OLAM_P036",25
"77714",-4457.42315562302,"OLAM_P036",50
"77715",-164.065415623016,"OLAM_P036",100
"77716",-429.287635623012,"OLAM_P036",25
"77717",-2495.269585623,"OLAM_P036",50
"77718",11028.286484377,"OLAM_P036",100
"77719",661.885884376999,"OLAM_P036",25
"77720",7162.75620437699,"OLAM_P036",50
"77721",-1855.56731562302,"OLAM_P036",100
"77722",1661.151004377,"OLAM_P036",25
"77723",409.712854376994,"OLAM_P036",50
"77724",-3902.98021562301,"OLAM_P036",100
"77725",-2533.78439562302,"OLAM_P036",25
"77726",-2929.04411562302,"OLAM_P036",50
"77727",-916.946775623015,"OLAM_P036",100
"77728",359.557594376995,"OLAM_P036",25
"77729",49562.963494377,"OLAM_P036",50
"77730",-3036.809305623,"OLAM_P036",100
"77731",-786.382885623025,"OLAM_P036",25
"77732",-2164.47710562302,"OLAM_P036",50
"77733",-3529.43661562301,"OLAM_P036",100
"77734",-1198.83241562301,"OLAM_P036",25
"77735",-4736.925725623,"OLAM_P036",50
"77736",1964.41983437698,"OLAM_P036",100
"77737",-3400.43522562302,"OLAM_P036",25
"77738",-2253.207915623,"OLAM_P036",50
"77739",2723.128094377,"OLAM_P036",100
"77740",-2208.20782562302,"OLAM_P036",25
"77741",5581.763984377,"OLAM_P036",50
"77742",-537.228455623001,"OLAM_P036",100
"77743",-160.866625623021,"OLAM_P036",25
"77744",-1873.079735623,"OLAM_P036",50
"77745",1695.94769437698,"OLAM_P036",100
"77746",2688.430894377,"OLAM_P036",25
"77747",-2656.64597562302,"OLAM_P036",50
"77748",4940.86367437697,"OLAM_P036",100
"77749",-8.30130562299746,"OLAM_P036",25
"77750",-5121.42560562302,"OLAM_P036",50
"77751",-1133.84092562302,"OLAM_P036",100
"77752",46413.244084377,"OLAM_P036",25
"77753",3467.73637437698,"OLAM_P036",50
"77754",3480.85508437699,"OLAM_P036",100
"77755",8913.62346437699,"OLAM_P036",25
"77756",-3534.74713562301,"OLAM_P036",50
"77757",-2545.03882562302,"OLAM_P036",100
"77758",2491.99077437699,"OLAM_P036",25
"77759",-3948.77287562302,"OLAM_P036",50
"77760",2472.44544437699,"OLAM_P036",100
"77761",17.7289043769997,"OLAM_P036",25
"77762",4476.72391437698,"OLAM_P036",50
"77763",-3788.363695623,"OLAM_P036",100
"77764",-1468.77642562301,"OLAM_P036",25
"77765",-2406.90127562301,"OLAM_P036",50
"77766",-5484.791945623,"OLAM_P036",100
"77767",-224.719595622999,"OLAM_P036",25
"77768",-2348.07709562301,"OLAM_P036",50
"77769",-3135.454765623,"OLAM_P036",100
"77770",-2837.60065562301,"OLAM_P036",25
"77771",3485.70024437699,"OLAM_P036",50
"77772",-3484.69721562302,"OLAM_P036",100
"77773",-2101.54792562302,"OLAM_P036",25
"77774",5018.254214377,"OLAM_P036",50
"77775",7038.77108437699,"OLAM_P036",100
"77776",-2444.49382562301,"OLAM_P036",25
"77777",-2626.76591562302,"OLAM_P036",50
"77778",1596.83827437699,"OLAM_P036",100
"77779",1981.83460437699,"OLAM_P036",25
"77780",-2777.49381562302,"OLAM_P036",50
"77781",-5888.13708562302,"OLAM_P036",100
"77782",1197.63876437698,"OLAM_P036",25
"77783",5955.972704377,"OLAM_P036",50
"77784",-2935.62454562302,"OLAM_P036",100
"77785",-1085.33219562302,"OLAM_P036",25
"77786",-2229.19194562302,"OLAM_P036",50
"77787",-3426.661185623,"OLAM_P036",100
"77788",-2817.014395623,"OLAM_P036",25
"77789",6223.56435437698,"OLAM_P036",50
"77790",-556.88907562301,"OLAM_P036",100
"77791",2040.22169437699,"OLAM_P036",25
"77792",8.77737437697942,"OLAM_P036",50
"77793",-1445.723375623,"OLAM_P036",100
"77794",909.989324376977,"OLAM_P036",25
"77795",-493.088365623,"OLAM_P036",50
"77796",24.662354376982,"OLAM_P036",100
"77797",-6113.96219562303,"OLAM_P036",25
"77798",-2680.877695623,"OLAM_P036",50
"77799",-125.042645623005,"OLAM_P036",100
"77800",1714.92027437699,"OLAM_P036",25
"77801",4346.469494377,"OLAM_P036",50
"77802",2009.53276437699,"OLAM_P036",100
"77803",406.884054376977,"OLAM_P036",25
"77804",812.202854376985,"OLAM_P036",50
"77805",3130.64408437698,"OLAM_P036",100
"77806",-1519.85068562301,"OLAM_P036",25
"77807",-2561.23253562301,"OLAM_P036",50
"77808",2268.75338437699,"OLAM_P036",100
"77809",-2484.46442562301,"OLAM_P036",25
"77810",-2345.36769562302,"OLAM_P036",50
"77811",1468.87201437698,"OLAM_P036",100
"77812",-1456.755795623,"OLAM_P036",25
"77813",9827.85008437699,"OLAM_P036",50
"77814",8558.31633437698,"OLAM_P036",100
"77815",-2919.86350562301,"OLAM_P036",25
"77816",-2463.54162562301,"OLAM_P036",50
"77817",-3439.18291562301,"OLAM_P036",100
"77818",-2344.473005623,"OLAM_P036",25
"77819",449.130974376982,"OLAM_P036",50
"77820",-220.592915623012,"OLAM_P036",100
"77821",-2571.80598562301,"OLAM_P036",25
"77822",-2353.33256562302,"OLAM_P036",50
"77823",-1050.228015623,"OLAM_P036",100
"77824",-3006.907585623,"OLAM_P036",25
"77825",1188.00620437699,"OLAM_P036",50
"77826",-4063.07485562301,"OLAM_P036",100
"77827",-2905.824705623,"OLAM_P036",25
"77828",4014.16621437698,"OLAM_P036",50
"77829",-4157.84478562302,"OLAM_P036",100
"77830",46.265104377002,"OLAM_P036",25
"77831",-1891.75779562301,"OLAM_P036",50
"77832",43518.656384377,"OLAM_P036",100
"77833",568.671474376984,"OLAM_P036",25
"77834",-2328.786525623,"OLAM_P036",50
"77835",-1020.63408562302,"OLAM_P036",100
"77836",-303.089045622997,"OLAM_P036",25
"77837",-166.553595623001,"OLAM_P036",50
"77838",-3783.64696562302,"OLAM_P036",100
"77839",-2690.16039562301,"OLAM_P036",25
"77840",2737.196664377,"OLAM_P036",50
"77841",-5249.42991562301,"OLAM_P036",100
"77842",432.633714376978,"OLAM_P036",25
"77843",2564.90300437697,"OLAM_P036",50
"77844",-1687.37401562301,"OLAM_P036",100
"77845",-356.491975623008,"OLAM_P036",25
"77846",-1995.67936562301,"OLAM_P036",50
"77847",-203.244825622998,"OLAM_P036",100
"77848",5039.647974377,"OLAM_P036",25
"77849",-2775.35321562301,"OLAM_P036",50
"77850",6033.898424377,"OLAM_P036",100
"77851",-2584.61235562302,"OLAM_P036",25
"77852",-350.13278562302,"OLAM_P036",50
"77853",2685.10024437698,"OLAM_P036",100
"77854",1033.022714377,"OLAM_P036",25
"77855",3537.890474377,"OLAM_P036",50
"77856",771.829204376991,"OLAM_P036",100
"77857",1349.02492437698,"OLAM_P036",25
"77858",1982.41910437698,"OLAM_P036",50
"77859",4188.56838437699,"OLAM_P036",100
"77860",-1924.59859562301,"OLAM_P036",25
"77861",-2249.94929562302,"OLAM_P036",50
"77862",2568.93391437698,"OLAM_P036",100
"77863",-2532.454555623,"OLAM_P036",25
"77864",-588.385215623013,"OLAM_P036",50
"77865",5952.730674377,"OLAM_P036",100
"77866",2213.66618437698,"OLAM_P036",25
"77867",-1995.09142562302,"OLAM_P036",50
"77868",5595.47870437699,"OLAM_P036",100
"77869",13162.135434377,"OLAM_P036",25
"77870",1665.082404377,"OLAM_P036",50
"77871",-1224.768615623,"OLAM_P036",100
"77872",308.970004376984,"OLAM_P036",25
"77873",552.593324376998,"OLAM_P036",50
"77874",43318.622884377,"OLAM_P036",100
"77875",2388.05010437698,"OLAM_P036",25
"77876",716.504044376983,"OLAM_P036",50
"77877",-2961.503945623,"OLAM_P036",100
"77878",-932.493345623021,"OLAM_P036",25
"77879",2337.17511437699,"OLAM_P036",50
"77880",6932.44868437698,"OLAM_P036",100
"77881",992.010264376993,"OLAM_P036",25
"77882",-3341.96266562302,"OLAM_P036",50
"77883",1453.955424377,"OLAM_P036",100
"77884",4458.98754437699,"OLAM_P036",25
"77885",42363.592724377,"OLAM_P036",50
"77886",-2438.951715623,"OLAM_P036",100
"77887",-4820.282925623,"OLAM_P036",25
"77888",-1610.116855623,"OLAM_P036",50
"77889",-4262.90249562301,"OLAM_P036",100
"77890",45973.003974377,"OLAM_P036",25
"77891",5854.721584377,"OLAM_P036",50
"77892",-114.959645623021,"OLAM_P036",100
"77893",-2342.51750562302,"OLAM_P036",25
"77894",-2773.15746562302,"OLAM_P036",50
"77895",1442.40365437698,"OLAM_P036",100
"77896",3088.17840437699,"OLAM_P036",25
"77897",-498.158085622999,"OLAM_P036",50
"77898",-2886.365575623,"OLAM_P036",100
"77899",8.79507437697612,"OLAM_P036",25
"77900",2608.01921437698,"OLAM_P036",50
"77901",-3450.50783562302,"OLAM_P036",100
"77902",926.318534377002,"OLAM_P036",25
"77903",-2286.97852562301,"OLAM_P036",50
"77904",-2602.62751562303,"OLAM_P036",100
"77905",1412.050914377,"OLAM_P036",25
"77906",-3278.41357562301,"OLAM_P036",50
"77907",5637.83741437699,"OLAM_P036",100
"77908",91.3136543769797,"OLAM_P036",25
"77909",-2469.96478562301,"OLAM_P036",50
"77910",42579.419784377,"OLAM_P036",100
"77911",-2643.00173562302,"OLAM_P036",25
"77912",844.98082437698,"OLAM_P036",50
"77913",945.045684376993,"OLAM_P036",100
"77914",-796.633385623019,"OLAM_P036",25
"77915",4906.73490437699,"OLAM_P036",50
"77916",3324.14888437698,"OLAM_P036",100
"77917",-3203.53044562301,"OLAM_P036",25
"77918",-188.089525623014,"OLAM_P036",50
"77919",-3092.47471562302,"OLAM_P036",100
"77920",919.629004376999,"OLAM_P036",25
"77921",7960.50620437699,"OLAM_P036",50
"77922",-2458.30671562301,"OLAM_P036",100
"77923",-3211.15817562302,"OLAM_P036",25
"77924",-4955.536235623,"OLAM_P036",50
"77925",-2685.638565623,"OLAM_P036",100
"77926",3664.089104377,"OLAM_P036",25
"77927",-3650.504285623,"OLAM_P036",50
"77928",-5050.61185562302,"OLAM_P036",100
"77929",-3037.36566562302,"OLAM_P036",25
"77930",2142.09727437698,"OLAM_P036",50
"77931",-5167.83384562301,"OLAM_P036",100
"77932",-5278.50969562301,"OLAM_P036",25
"77933",2757.555814377,"OLAM_P036",50
"77934",468.689784376998,"OLAM_P036",100
"77935",737.906524377002,"OLAM_P036",25
"77936",898.643234376999,"OLAM_P036",50
"77937",-4918.29534562302,"OLAM_P036",100
"77938",864.934134376992,"OLAM_P036",25
"77939",-934.65569562302,"OLAM_P036",50
"77940",-5246.24741562302,"OLAM_P036",100
"77941",-657.537595622998,"OLAM_P036",25
"77942",-114.279985622998,"OLAM_P036",50
"77943",-3973.741275623,"OLAM_P036",100
"77944",-2588.16002562302,"OLAM_P036",25
"77945",880.750724376994,"OLAM_P036",50
"77946",-2413.596655623,"OLAM_P036",100
"77947",521.048734376993,"OLAM_P036",25
"77948",4804.962794377,"OLAM_P036",50
"77949",2209.81567437699,"OLAM_P036",100
"77950",-2423.287095623,"OLAM_P036",25
"77951",-1181.07823562302,"OLAM_P036",50
"77952",386.902004376985,"OLAM_P036",100
"77953",-2133.73677562302,"OLAM_P036",25
"77954",9592.99542437698,"OLAM_P036",50
"77955",-4695.91940562302,"OLAM_P036",100
"77956",67.5025043769856,"OLAM_P036",25
"77957",3112.69881437698,"OLAM_P036",50
"77958",-1574.35722562301,"OLAM_P036",100
"77959",190.237114377,"OLAM_P036",25
"77960",5534.750354377,"OLAM_P036",50
"77961",2502.771124377,"OLAM_P036",100
"77962",-271.577295623021,"OLAM_P036",25
"77963",-2951.75541562302,"OLAM_P036",50
"77964",-3964.96191562302,"OLAM_P036",100
"77965",-5914.596285623,"OLAM_P036",25
"77966",920.309514376975,"OLAM_P036",50
"77967",3266.84539437699,"OLAM_P036",100
"77968",4701.75930437699,"OLAM_P036",25
"77969",-158.647175623017,"OLAM_P036",50
"77970",139.398044376983,"OLAM_P036",100
"77971",8935.494514377,"OLAM_P036",25
"77972",-2536.48672562302,"OLAM_P036",50
"77973",-2397.52532562302,"OLAM_P036",100
"77974",378.153964376979,"OLAM_P036",25
"77975",982.984304376994,"OLAM_P036",50
"77976",-3701.50495562301,"OLAM_P036",100
"77977",211.275614376995,"OLAM_P036",25
"77978",793.40740437698,"OLAM_P036",50
"77979",-5203.84809562302,"OLAM_P036",100
"77980",-2986.178935623,"OLAM_P036",25
"77981",-2877.379075623,"OLAM_P036",50
"77982",-3920.90457562302,"OLAM_P036",100
"77983",-148.967285623017,"OLAM_P036",25
"77984",10706.306184377,"OLAM_P036",50
"77985",788.058294376999,"OLAM_P036",100
"77986",1778.51590437698,"OLAM_P036",25
"77987",129.783924376999,"OLAM_P036",50
"77988",4243.82042437699,"OLAM_P036",100
"77989",2238.619514377,"OLAM_P036",25
"77990",-804.621235623024,"OLAM_P036",50
"77991",-3461.436965623,"OLAM_P036",100
"77992",44786.304504377,"OLAM_P036",25
"77993",-597.020225623011,"OLAM_P036",50
"77994",3241.76478437698,"OLAM_P036",100
"77995",-2961.736795623,"OLAM_P036",25
"77996",-4090.784045623,"OLAM_P036",50
"77997",1369.44393437699,"OLAM_P036",100
"77998",1262.41840437698,"OLAM_P036",25
"77999",-456.583165623015,"OLAM_P036",50
"78000",310.406034376996,"OLAM_P036",100
